0 0.265529 0.305995 0.255443 0.305537 0.244000 0.304644 0.239648 0.306093 0.235596 0.309875 0.233669 0.313468 0.231448 0.317611 0.230227 0.321204 0.228708 0.325519 0.226378 0.331833 0.225169 0.339037 0.224560 0.344435 0.224560 0.349111 0.226784 0.359741 0.231135 0.371069 0.242076 0.378106 0.242279 0.375745 0.239339 0.352704 0.242781 0.347306 0.249573 0.341375 0.257260 0.341181 0.261313 0.341907 0.265867 0.343713 0.274180 0.344796 0.274789 0.353426 0.269922 0.359741 0.264458 0.355764 0.255146 0.370537 0.245818 0.387097 0.240151 0.387986 0.239242 0.392685 0.236206 0.407991 0.235190 0.417870 0.234578 0.427056 0.234484 0.433898 0.234578 0.439130 0.236096 0.444000 0.238333 0.451542 0.244409 0.460194 0.248557 0.467764 0.251185 0.467208 0.253315 0.464870 0.252500 0.461088 0.255646 0.454074 0.266682 0.431199 0.266180 0.403486 0.278638 0.385481 0.283195 0.376106 0.292005 0.380611 0.296453 0.381528 0.300505 0.418597 0.297063 0.425440 0.290990 0.435176 0.289878 0.439130 0.289674 0.442361 0.290380 0.446505 0.296154 0.466125 0.304966 0.486296 0.311135 0.494755 0.316206 0.496565 0.319445 0.493671 0.322888 0.487741 0.328555 0.470991 0.330792 0.459639 0.332203 0.444000 0.332310 0.433537 0.332203 0.428333 0.330982 0.425079 0.318536 0.413921 0.317724 0.412306 0.312760 0.376106 0.316096 0.372153 0.319336 0.368199 0.322388 0.365671 0.340716 0.377912 0.345271 0.381528 0.348919 0.401870 0.360971 0.415366 0.367044 0.422741 0.367247 0.429588 0.370786 0.431394 0.373008 0.426694 0.375448 0.412111 0.379096 0.397361 0.377781 0.383671 0.372818 0.369454 0.365120 0.352704 0.362883 0.350366 0.358734 0.351810 0.336255 0.334338 0.332406 0.340097 0.327742 0.335616 0.323703 0.334171 0.322076 0.334894 0.321872 0.330218 0.323594 0.327519 0.327349 0.324986 0.333315 0.320310 0.338073 0.315634 0.342534 0.313273 0.348714 0.315079 0.350531 0.326796 0.350029 0.330023 0.351956 0.342819 0.353271 0.341181 0.360049 0.330940 0.363695 0.324093 0.364008 0.320481 0.363599 0.305537 0.357120 0.290426 0.350844 0.280880 0.345474 0.277991 0.342737 0.277991 0.340310 0.278713 0.323815 0.287509 0.311635 0.313269 0.311635 0.302440 0.310375 0.294227 0.308273 0.290120 0.287276 0.259134 0.281674 0.258926 0.278531 0.264852 0.276401 0.274231 0.274180 0.278181 0.271237 0.280690 0.270628 0.281412 0.272456 0.284667 0.277013 0.290426 0.278232 0.293653 0.280659 0.298690 0.282990 0.305176 0.284917 0.312019 0.284401 0.315444 0.284807 0.319227 0.288156 0.322648 0.289674 0.325519 0.270734 0.315273
1 0.478229 0.376481 0.477453 0.370338 0.476828 0.360338 0.476125 0.351773 0.475604 0.344134 0.475969 0.343301 0.476646 0.343347 0.476935 0.348389 0.477154 0.350593 0.477721 0.355792 0.478013 0.363750 0.478599 0.369829 0.479354 0.380616
5 0.473987 0.318250 0.472216 0.327741 0.473779 0.330176 0.476357 0.332213 0.478596 0.334343 0.482112 0.337259 0.483701 0.338417 0.485242 0.336444 0.488003 0.334778 0.488622 0.334528 0.490185 0.324111 0.481070 0.320407
1 0.484427 0.344398 0.488583 0.346866 0.491596 0.348685 0.493344 0.349704 0.494701 0.349704 0.495393 0.348472 0.496719 0.347935 0.499422 0.347569 0.501630 0.349060 0.503409 0.349222 0.504042 0.348685 0.504091 0.347444 0.503396 0.340315 0.503326 0.334426 0.503589 0.329454 0.505906 0.330282 0.505844 0.338491 0.505552 0.347815 0.504951 0.351111 0.500602 0.350926 0.498104 0.349597 0.496456 0.349551 0.494370 0.351954 0.492500 0.351417 0.487172 0.347634 0.483391 0.345810 0.483109 0.344495
1 0.476935 0.348389 0.482143 0.340565 0.485242 0.336444 0.488003 0.334778 0.491891 0.333315 0.497120 0.331699 0.501164 0.330523 0.501792 0.331949 0.497852 0.333931 0.492344 0.335606 0.489237 0.336704 0.486555 0.337213 0.485070 0.338972 0.483534 0.341333 0.479862 0.345917 0.477154 0.350593
14 0.460573 0.525741 0.460125 0.527093 0.461135 0.529514 0.464479 0.529407 0.465052 0.532352 0.465172 0.533157 0.464539 0.533801 0.464388 0.536801 0.465503 0.541301 0.466799 0.542477 0.467010 0.543602 0.474831 0.547009 0.475232 0.547264 0.477552 0.540458 0.480417 0.536060 0.483490 0.533375 0.487005 0.532681 0.490026 0.532500 0.501982 0.518778 0.501807 0.517986 0.500878 0.513972 0.500596 0.509231 0.500797 0.506727 0.501604 0.504935 0.501281 0.495255 0.496219 0.485509 0.497591 0.482500 0.499284 0.480634 0.500010 0.480991 0.502721 0.487991 0.501997 0.468486 0.500052 0.466505 0.497229 0.464931 0.495815 0.464644 0.494565 0.465074 0.492318 0.468657 0.490885 0.470972 0.475672 0.498088 0.467599 0.512625 0.464456 0.518616 0.464195 0.519264 0.463440 0.521995 0.463284 0.524542 0.463258 0.525560 0.461852 0.525931 0.460992 0.525931
8 0.499740 0.582315 0.506560 0.575454 0.513852 0.568972 0.516977 0.567259 0.518383 0.568185 0.518695 0.569157 0.518513 0.570269 0.512289 0.574898 0.505961 0.580083 0.503242 0.581287
6 0.468411 0.579537 0.454060 0.596282 0.446875 0.581435 0.450992 0.576389 0.452906 0.580838 0.453539 0.580463 0.454081 0.579444 0.454201 0.578907 0.452422 0.574593 0.456362 0.570565 0.460208 0.573296
6 0.474182 0.550986 0.458323 0.569088 0.465448 0.574435 0.469760 0.577574 0.474341 0.572481 0.473599 0.571157 0.473052 0.562361 0.473625 0.553981
6 0.500078 0.541681 0.508305 0.532681 0.513065 0.526949 0.511164 0.525731 0.505880 0.524657 0.502451 0.522648 0.502492 0.519986 0.501982 0.518778 0.490026 0.532500 0.495104 0.534167 0.497240 0.535463 0.499297 0.539120
8 0.501281 0.495255 0.496219 0.485509 0.497591 0.482500 0.499284 0.480634 0.500010 0.480991 0.502721 0.487991 0.505518 0.492611 0.509505 0.500088 0.514771 0.511944 0.521328 0.523273 0.532656 0.548968 0.528411 0.551481 0.517740 0.527884 0.506081 0.503861
1 0.439995 0.535051 0.446349 0.521343 0.450023 0.512727 0.454906 0.501477 0.455844 0.497208 0.458891 0.486097 0.459490 0.486653 0.458240 0.492162 0.456729 0.497440 0.457771 0.495449 0.458240 0.496329 0.453734 0.507856 0.449992 0.516898 0.447352 0.523148 0.441930 0.535343
1 0.421943 0.546856 0.425979 0.548384 0.432620 0.551995 0.443635 0.558801 0.456286 0.567542 0.465448 0.574435 0.473469 0.580343 0.488323 0.591968 0.492299 0.597056 0.494922 0.603375 0.497888 0.616963 0.495898 0.615597 0.492935 0.603639 0.490948 0.598556 0.486766 0.593472 0.476589 0.585588 0.460208 0.573296 0.440354 0.559125 0.433549 0.555060 0.425529 0.550384 0.421622 0.549273 0.419565 0.548440 0.420854 0.547528
6 0.560589 0.604356 0.572039 0.621657 0.581682 0.636032 0.582854 0.637088 0.583398 0.639333 0.586201 0.643722 0.586573 0.642963 0.587094 0.642037 0.591120 0.635157 0.584115 0.623861 0.583331 0.625069 0.577549 0.622296 0.572628 0.612755 0.564792 0.596167 0.564346 0.594088 0.560958 0.589787 0.560669 0.595500
8 0.523065 0.629403 0.503464 0.592921 0.501247 0.588699 0.501849 0.586301 0.502815 0.584907 0.504500 0.584639 0.524956 0.621995
1 0.523568 0.635310 0.527279 0.620370 0.529930 0.612435 0.531638 0.608532 0.533659 0.604750 0.537669 0.600042 0.541328 0.594833 0.541992 0.595579 0.542096 0.596199 0.538609 0.601157 0.534216 0.606856 0.532648 0.610579 0.528570 0.620801 0.524557 0.636417 0.523633 0.640435 0.522922 0.645968 0.522573 0.649745 0.522573 0.653032 0.522607 0.656750 0.523234 0.661769 0.524943 0.667968 0.523977 0.667671 0.522432 0.662574 0.521771 0.658546 0.521633 0.652412 0.521966 0.648500 0.522760 0.640509 0.523112 0.637481
8 0.492016 0.612815 0.511260 0.626324 0.523568 0.635310 0.523112 0.637481 0.521125 0.636676 0.518443 0.636056 0.516315 0.635190 0.510529 0.630602 0.508646 0.629301 0.507565 0.628620 0.508052 0.626014 0.507529 0.625394 0.506518 0.627875 0.492609 0.617898
8 0.524557 0.636417 0.529779 0.640852 0.534224 0.644468 0.560815 0.666319 0.560336 0.671241 0.544945 0.657815 0.523633 0.640435
8 0.529779 0.640852 0.530768 0.638537 0.542487 0.647472 0.554388 0.656407 0.560786 0.661273 0.560815 0.666319 0.534224 0.644468
8 0.602365 0.706000 0.614760 0.716694 0.614859 0.715829 0.615521 0.712611 0.595990 0.695204 0.595630 0.695722 0.594745 0.696884 0.599818 0.701019 0.601224 0.702731 0.602161 0.704907
8 0.598464 0.692009 0.603073 0.695898 0.601099 0.696056 0.600193 0.697051 0.600193 0.697917 0.605104 0.697843 0.616563 0.708398 0.616187 0.709810 0.615521 0.712611 0.595990 0.695204 0.596797 0.694065
6 0.620875 0.710181 0.616865 0.707218 0.616187 0.709810 0.614859 0.715829 0.614755 0.717171 0.629128 0.729764 0.630638 0.727759 0.629521 0.717718 0.624492 0.713329 0.624583 0.714019 0.624818 0.717444 0.624688 0.719389 0.624297 0.719204 0.623568 0.719722 0.623177 0.718366
2 0.558359 0.805769 0.566536 0.822778 0.570742 0.831264 0.573182 0.836407 0.574469 0.835185 0.576422 0.832824 0.576576 0.832694 0.580010 0.829472 0.584651 0.826213 0.585880 0.825597 0.586977 0.827542 0.585417 0.828704 0.580469 0.832639 0.577865 0.835046 0.576917 0.836111 0.574833 0.838060 0.574997 0.838880 0.573747 0.840273 0.572755 0.841153 0.571872 0.841153 0.570701 0.840366 0.565023 0.828097 0.559188 0.809958
6 0.563151 0.784306 0.563359 0.804259 0.565156 0.810833 0.567370 0.820602 0.566536 0.822778 0.564115 0.814861 0.561484 0.804815 0.561667 0.784537 0.563221 0.782130
6 0.571242 0.808856 0.576576 0.832694 0.580010 0.829472 0.584651 0.826213 0.583326 0.820796 0.573172 0.801620
6 0.585417 0.828704 0.593372 0.862032 0.582211 0.855028 0.579286 0.842634 0.580891 0.834949 0.580469 0.832639
2 0.622320 0.764801 0.633076 0.773921 0.640888 0.780449 0.642268 0.785264 0.641357 0.790495 0.639185 0.792875 0.630669 0.794958 0.627336 0.796347 0.620122 0.801949 0.608260 0.811639 0.592031 0.823565 0.589896 0.820139 0.581216 0.803287 0.581667 0.801199 0.588659 0.814912 0.591521 0.820912 0.607698 0.807898 0.593466 0.772366 0.593927 0.772190 0.594852 0.771940 0.601240 0.787685 0.608865 0.807079 0.618234 0.798722 0.623263 0.794699 0.614565 0.774144 0.615229 0.774273 0.615211 0.772870 0.615445 0.770468 0.623766 0.789949 0.625198 0.793144 0.627437 0.791986 0.633505 0.790412 0.637880 0.789255 0.638714 0.786477 0.631422 0.779347 0.631747 0.779120 0.632346 0.778338 0.632112 0.777315 0.631357 0.777412 0.630862 0.777875 0.630523 0.778426 0.617255 0.766708 0.618492 0.766389
8 0.578930 0.729995 0.592044 0.752648 0.598518 0.763903 0.599589 0.765338 0.601281 0.764731 0.601698 0.764083 0.602109 0.762421 0.602370 0.760944 0.602266 0.759556 0.601849 0.758764 0.591578 0.741199 0.584021 0.728093 0.582901 0.726657 0.582620 0.725491
2 0.695164 0.726116 0.695268 0.735977 0.694409 0.737505 0.687378 0.729356 0.680997 0.721301 0.677961 0.717120 0.673091 0.707491 0.672570 0.706056 0.672719 0.705583 0.672961 0.704944 0.675487 0.710222 0.678341 0.716065 0.678732 0.708796 0.679773 0.706806 0.679747 0.709907 0.681831 0.713796 0.684617 0.720000 0.686544 0.723750 0.691023 0.727778 0.693602 0.729861 0.693706 0.724306
2 0.671544 0.668477 0.675729 0.681190 0.679096 0.692231 0.680971 0.698523 0.682831 0.701463 0.680177 0.692389 0.680906 0.671606 0.681482 0.657417 0.680518 0.657231 0.679242 0.689315 0.676247 0.679546 0.672185 0.667509
8 0.644596 0.567426 0.645427 0.570319 0.647979 0.581319 0.648732 0.585125 0.649062 0.586301 0.649122 0.587588 0.649122 0.587912 0.650771 0.593231 0.653904 0.604106 0.656779 0.615324 0.658977 0.622556 0.661365 0.624306 0.660659 0.620759 0.658526 0.614352 0.654896 0.599648 0.649245 0.578472 0.648182 0.573454 0.646404 0.566884
8 0.654568 0.574426 0.663344 0.590861 0.668628 0.599917 0.669198 0.601204 0.674672 0.610468 0.675245 0.609032 0.676391 0.611255 0.678448 0.616162 0.679359 0.612181 0.670367 0.597074 0.669740 0.596269 0.666648 0.591718 0.659878 0.578986 0.657318 0.574287 0.652286 0.568556
8 0.579380 0.425370 0.590604 0.436204 0.609818 0.454167 0.620492 0.464588 0.620987 0.465514 0.621169 0.467181 0.621169 0.468292 0.621039 0.468986 0.620518 0.470097 0.619919 0.470699 0.618904 0.471162 0.614164 0.465884 0.601820 0.454032 0.587109 0.439537
1 0.555008 0.378745 0.559453 0.380509 0.562031 0.382315 0.564766 0.385787 0.566849 0.390370 0.568620 0.396620 0.571563 0.407778 0.573021 0.414028 0.569948 0.408380 0.566901 0.396620 0.565365 0.390972 0.563932 0.388009 0.562109 0.385509 0.559401 0.383102 0.556276 0.381157 0.555026 0.380491
5 0.508604 0.331245 0.510193 0.336227 0.514859 0.344106 0.520039 0.351907 0.526992 0.358130 0.538802 0.359208 0.540063 0.359042 0.540016 0.367009 0.543141 0.365264 0.556677 0.356551 0.556536 0.349583 0.524893 0.337056
8 0.448607 0.198171 0.448057 0.163343 0.448057 0.160046 0.446969 0.158037 0.443216 0.153375 0.435755 0.145417 0.427365 0.137097 0.422646 0.132079 0.423289 0.130213 0.423935 0.129208 0.430753 0.136023 0.440070 0.145704 0.446242 0.152657 0.449469 0.157250 0.450154 0.159616 0.450865 0.202111 0.450865 0.212722 0.448727 0.206847
14 0.332349 0.178528 0.331516 0.175704 0.331151 0.173435 0.331307 0.170611 0.331828 0.170426 0.331151 0.164500 0.331385 0.159315 0.331982 0.156907 0.332557 0.156213 0.348844 0.144718 0.365253 0.133565 0.374057 0.127546 0.375542 0.128764 0.376794 0.131310 0.377445 0.129921 0.379161 0.130889 0.382495 0.135333 0.383406 0.139644 0.383354 0.141032 0.383044 0.141727 0.380750 0.144778 0.381401 0.149176 0.380049 0.149269 0.377339 0.151537 0.375932 0.154074 0.375185 0.157704 0.375185 0.160866 0.375273 0.164236 0.356865 0.177778 0.347854 0.183940 0.338120 0.181083 0.333448 0.179412
14 0.309435 0.255704 0.311810 0.261944 0.316185 0.271157 0.318831 0.275958 0.317534 0.277782 0.315914 0.281241 0.314349 0.286806 0.312674 0.292278 0.310083 0.292375 0.308841 0.283736 0.308302 0.273560 0.305331 0.274134 0.305115 0.271736 0.301984 0.269241 0.302146 0.267319 0.300310 0.265306 0.300201 0.255801 0.306195 0.256662 0.306951 0.254745
6 0.541010 0.546356 0.550331 0.563690 0.551919 0.566005 0.561589 0.582542 0.562266 0.583699 0.565497 0.588667 0.567747 0.591787 0.569497 0.594782 0.579297 0.609667 0.590523 0.626014 0.594370 0.630870 0.607521 0.650102 0.612680 0.669412 0.619940 0.696806 0.616594 0.695370 0.609448 0.667597 0.605646 0.653014 0.598380 0.642227 0.597052 0.640282 0.594630 0.636949 0.593458 0.634866 0.567818 0.598125 0.547201 0.563106 0.538125 0.547690 0.538815 0.547435
5 0.336586 0.326551 0.343120 0.336444 0.344089 0.337380 0.346065 0.338597 0.347880 0.342685 0.348122 0.344264 0.349951 0.345139 0.364370 0.341778 0.372594 0.338685 0.371734 0.337343 0.368297 0.332343 0.365042 0.328778 0.360784 0.332704 0.360255 0.330528 0.355000 0.339097 0.352216 0.342611 0.351208 0.341324 0.350401 0.328056 0.349432 0.317301 0.349029 0.315148 0.343302 0.313139 0.342333 0.313139 0.340802 0.314000 0.339755 0.315829
5 0.396432 0.326106 0.403693 0.332204 0.403891 0.333856 0.404695 0.335222 0.405544 0.336519 0.405021 0.339884 0.403286 0.343542 0.399505 0.339838 0.396193 0.336986 0.393195 0.344486 0.398451 0.349986 0.398047 0.351921 0.396635 0.353356 0.395062 0.354287 0.393932 0.359380 0.392802 0.360741 0.388609 0.364472 0.384279 0.353481 0.378443 0.341866 0.382594 0.340454 0.389852 0.333500
5 0.369737 0.324528 0.368112 0.325847 0.370453 0.328000 0.373760 0.330579 0.380013 0.335745 0.382891 0.334384 0.390234 0.329106 0.395094 0.324477 0.392518 0.321903 0.390286 0.323454 0.383357 0.324579 0.374589 0.324685
5 0.355529 0.349417 0.358776 0.351935 0.362177 0.349824 0.363690 0.350398 0.369359 0.361727 0.375568 0.377565 0.381240 0.373917 0.382534 0.370176 0.384424 0.369213 0.385724 0.367671 0.381523 0.357713 0.377604 0.348588 0.374896 0.343028 0.372026 0.344255 0.357742 0.349639
5 0.339901 0.274866 0.344815 0.268051 0.356211 0.272273 0.357237 0.278611 0.357992 0.283699 0.357992 0.288208 0.357776 0.291667 0.356479 0.288977 0.353401 0.284657 0.350755 0.280435 0.345573 0.277935 0.341521 0.277935
5 0.377474 0.296944 0.380130 0.302454 0.381984 0.305250 0.365302 0.306903 0.368370 0.297856 0.375128 0.297056
1 0.410693 0.552120 0.419547 0.546102 0.427568 0.540639 0.434776 0.535838 0.436651 0.535005 0.439281 0.534866 0.445688 0.536162 0.466078 0.543245 0.474831 0.547009 0.483659 0.551963 0.493771 0.554606 0.501505 0.556505 0.505359 0.559005 0.507885 0.560208 0.510089 0.560032 0.514255 0.558782 0.523734 0.554014 0.533188 0.548829 0.545026 0.542106 0.558693 0.536722 0.560438 0.533162 0.563458 0.529731 0.568719 0.524597 0.572677 0.521125 0.573641 0.521819 0.573771 0.522833 0.562964 0.533162 0.561792 0.534361 0.560750 0.536171 0.563172 0.535380 0.565802 0.534593 0.567781 0.534454 0.568406 0.530616 0.570021 0.527375 0.571115 0.526120 0.572677 0.525796 0.574031 0.525986 0.575698 0.527417 0.577234 0.529731 0.578094 0.533296 0.581922 0.525380 0.582339 0.525148 0.582964 0.525426 0.583172 0.526449 0.582573 0.528574 0.580802 0.532005 0.579839 0.533667 0.583823 0.533667 0.584328 0.525019 0.586508 0.496042 0.588255 0.497167 0.587021 0.512861 0.595909 0.520630 0.599438 0.523764 0.613117 0.524838 0.610164 0.518463 0.610706 0.517176 0.611609 0.516801 0.615677 0.525481 0.621500 0.526991 0.623055 0.528944 0.624096 0.529639 0.625268 0.529593 0.625945 0.528481 0.627091 0.528620 0.628289 0.532185 0.630292 0.537046 0.631620 0.540472 0.631935 0.542324 0.631984 0.544454 0.631854 0.545611 0.630969 0.547370 0.629826 0.548296 0.629016 0.548528 0.627872 0.548065 0.628133 0.547185 0.629016 0.546861 0.629901 0.546259 0.630737 0.544639 0.630737 0.542833 0.630372 0.541352 0.629070 0.538343 0.628029 0.535796 0.627193 0.536907 0.623677 0.531352 0.618078 0.530889 0.622924 0.541120 0.623651 0.543296 0.625294 0.548065 0.625445 0.551130 0.624896 0.553722 0.623492 0.558954 0.624479 0.559880 0.628255 0.554787 0.629661 0.555065 0.631354 0.557056 0.632578 0.556917 0.638648 0.563301 0.638768 0.555213 0.639854 0.556282 0.639732 0.563838 0.645427 0.570319 0.647979 0.581319 0.644453 0.585500 0.644755 0.587750 0.644242 0.588819 0.643638 0.589625 0.644724 0.592463 0.645326 0.592838 0.645779 0.588981 0.646714 0.587588 0.648008 0.586194 0.648732 0.585125 0.649062 0.586301 0.649122 0.587588 0.649122 0.587912 0.647828 0.588926 0.646924 0.590532 0.646802 0.591819 0.646651 0.593907 0.647344 0.595657 0.648320 0.597333 0.649435 0.598324 0.649643 0.599069 0.650828 0.599810 0.651526 0.600926 0.652503 0.603593 0.653464 0.610824 0.653977 0.619074 0.653977 0.621755 0.655724 0.621537 0.655573 0.615648 0.656177 0.615273 0.656779 0.615324 0.656898 0.621699 0.658977 0.622556 0.661365 0.624306 0.663656 0.627787 0.664167 0.628806 0.667964 0.625412 0.668294 0.600185 0.668628 0.599917 0.669198 0.601204 0.669320 0.613255 0.668927 0.624718 0.671367 0.623167 0.672016 0.622880 0.672797 0.625657 0.668656 0.628065 0.668552 0.634454 0.668214 0.635750 0.667094 0.638389 0.667635 0.641352 0.667966 0.645796 0.667906 0.649815 0.667667 0.652384 0.667305 0.656722 0.668599 0.654472 0.669956 0.651634 0.672305 0.642847 0.675951 0.627583 0.677911 0.618583 0.681000 0.605134 0.681070 0.604204 0.680930 0.602718 0.680023 0.600296 0.679536 0.598685 0.678839 0.597880 0.675073 0.597755 0.672042 0.597199 0.670367 0.597074 0.669740 0.596269 0.669914 0.594907 0.670995 0.594657 0.679536 0.595648 0.680547 0.596829 0.682081 0.599741 0.682779 0.602468 0.683021 0.604944 0.682255 0.607116 0.679258 0.620194 0.675318 0.636556 0.670979 0.654204 0.670013 0.656356 0.668802 0.657718 0.667083 0.659926 0.666768 0.663704 0.666385 0.666495 0.666245 0.667361 0.668094 0.670894 0.674786 0.659926 0.675414 0.660792 0.675589 0.661472 0.668859 0.673250 0.670393 0.673991 0.672062 0.676352 0.673078 0.678713 0.674172 0.681630 0.675135 0.687139 0.675318 0.689685 0.677799 0.693375 0.682831 0.701463 0.685995 0.706819 0.689669 0.714588 0.692669 0.720481 0.694336 0.723213 0.696654 0.726639 0.699544 0.729324 0.699570 0.730481 0.698763 0.730852 0.696185 0.727426 0.693216 0.723769 0.691471 0.720620 0.688581 0.715111 0.685013 0.707889 0.681966 0.702704 0.676810 0.694926 0.675430 0.692148 0.675430 0.696778 0.674909 0.699602 0.672719 0.705583 0.669464 0.717301 0.666167 0.728528 0.662495 0.740889 0.659698 0.748690 0.657831 0.754046 0.656505 0.757204 0.656042 0.778139 0.655828 0.790264 0.654214 0.791884 0.654839 0.765773 0.654737 0.759306 0.653617 0.762037 0.651977 0.763241 0.650414 0.763426 0.645310 0.762546 0.640544 0.760833 0.642862 0.765324 0.643669 0.767917 0.643591 0.769074 0.643122 0.769213 0.642471 0.768750 0.639841 0.763056 0.638148 0.765556 0.641982 0.778329 0.644664 0.787810 0.644693 0.788773 0.644122 0.789366 0.643549 0.789366 0.636891 0.767190 0.634117 0.757361 0.630992 0.755046 0.629898 0.757505 0.628440 0.759819 0.626643 0.762315 0.623440 0.764352 0.618492 0.766389 0.615940 0.766898 0.615940 0.767639 0.617815 0.769630 0.621070 0.774583 0.622841 0.776486 0.625862 0.777593 0.629560 0.778704 0.630263 0.778801 0.630523 0.778426 0.630862 0.777875 0.631357 0.777412 0.632112 0.777315 0.632346 0.778338 0.631747 0.779120 0.630654 0.779815 0.628362 0.779815 0.623310 0.778472 0.620810 0.776111 0.617060 0.771250 0.615576 0.768847 0.615445 0.770468 0.615211 0.772870 0.615229 0.774273 0.614057 0.773995 0.614370 0.770292 0.614734 0.766866 0.611323 0.767421 0.606271 0.767792 0.600698 0.766727 0.599630 0.768995 0.598510 0.770616 0.596349 0.771588 0.593927 0.772190 0.592703 0.772468 0.591974 0.772190 0.591609 0.771079 0.591870 0.770384 0.593016 0.770153 0.594187 0.769968 0.595854 0.769181 0.597703 0.768208 0.599005 0.766449 0.592182 0.764782 0.587607 0.763398 0.583492 0.761500 0.582906 0.760769 0.578115 0.779796 0.577594 0.777620 0.581865 0.760074 0.579625 0.756880 0.581240 0.755167 0.582776 0.757157 0.583401 0.755074 0.584156 0.755861 0.583531 0.757944 0.585276 0.759241 0.587724 0.760537 0.591057 0.761648 0.593974 0.762204 0.598518 0.763903 0.599589 0.765338 0.601281 0.764731 0.601698 0.764083 0.605891 0.765009 0.610578 0.764963 0.614635 0.765060 0.614089 0.761819 0.613672 0.759093 0.612474 0.755389 0.611589 0.751917 0.611328 0.747699 0.609505 0.747931 0.607422 0.747519 0.605964 0.747005 0.605573 0.750153 0.604141 0.755389 0.603177 0.758949 0.602630 0.760431 0.602109 0.762421 0.602370 0.760944 0.602266 0.759556 0.601849 0.758764 0.602891 0.754463 0.604557 0.748579 0.604922 0.746542 0.601984 0.744019 0.598781 0.740315 0.595734 0.735130 0.592823 0.728046 0.591990 0.725639 0.587719 0.727028 0.585792 0.727722 0.584021 0.728093 0.582901 0.726657 0.583526 0.726565 0.587953 0.724944 0.591573 0.723880 0.589938 0.718778 0.588766 0.721926 0.588167 0.722528 0.586370 0.720722 0.584000 0.723870 0.582620 0.725491 0.577646 0.731708 0.574091 0.736231 0.570745 0.737722 0.568828 0.737722 0.567466 0.736852 0.565620 0.735366 0.564052 0.732824 0.562273 0.730968 0.561505 0.729852 0.561854 0.728426 0.562901 0.728796 0.566281 0.732204 0.567815 0.732144 0.572138 0.728426 0.568234 0.725634 0.564714 0.721977 0.561784 0.719250 0.560112 0.716463 0.562411 0.715532 0.565758 0.719870 0.567187 0.715907 0.568409 0.715782 0.568688 0.717639 0.567503 0.721421 0.568932 0.723032 0.570430 0.718384 0.571547 0.717394 0.572557 0.719005 0.571302 0.723157 0.570919 0.725014 0.573359 0.726690 0.576393 0.729106 0.579180 0.726935 0.581622 0.723343 0.584549 0.719005 0.582982 0.717454 0.581099 0.723343 0.580018 0.722227 0.582180 0.715162 0.578326 0.712102 0.577422 0.716227 0.576245 0.714620 0.577120 0.711134 0.575313 0.709421 0.576576 0.707708 0.578023 0.708782 0.578656 0.706852 0.579971 0.707218 0.579060 0.709532 0.582966 0.712542 0.584034 0.709718 0.585674 0.710181 0.584268 0.713838 0.588852 0.716384 0.587289 0.711338 0.602862 0.720921 0.603279 0.718838 0.602940 0.717819 0.603305 0.710597 0.602768 0.708806 0.620841 0.724778 0.628547 0.730671 0.630638 0.727759 0.629521 0.717718 0.627117 0.707801 0.622865 0.704519 0.623542 0.706843 0.624167 0.711102 0.624583 0.714019 0.624818 0.717444 0.624688 0.719389 0.624297 0.719204 0.624063 0.716750 0.623151 0.709898 0.622240 0.705963 0.621016 0.701611 0.620234 0.699620 0.618724 0.698509 0.616354 0.697352 0.612362 0.697296 0.609815 0.697296 0.607305 0.697792 0.600193 0.697917 0.600193 0.697051 0.601099 0.696056 0.608734 0.695500 0.608852 0.690611 0.608581 0.686861 0.605930 0.689060 0.604154 0.690505 0.603609 0.690935 0.602857 0.690773 0.602646 0.689542 0.604786 0.687667 0.607948 0.685417 0.608370 0.685148 0.606682 0.678880 0.605268 0.679366 0.602727 0.682782 0.602026 0.685019 0.601466 0.687097 0.600312 0.689259 0.598711 0.691824 0.596797 0.694065 0.595630 0.695722 0.594745 0.696884 0.592411 0.695560 0.595539 0.691991 0.598523 0.688588 0.600391 0.683940 0.602073 0.680708 0.602771 0.679875 0.599971 0.676560 0.598945 0.681620 0.597872 0.685435 0.597591 0.686181 0.596797 0.686097 0.596146 0.684606 0.594326 0.675727 0.594932 0.673819 0.595865 0.677556 0.596937 0.674981 0.597964 0.673736 0.597357 0.672324 0.597872 0.671167 0.598432 0.670917 0.595911 0.668759 0.593552 0.666398 0.593656 0.668713 0.593422 0.669824 0.592823 0.669685 0.592641 0.668852 0.592432 0.665241 0.591443 0.665426 0.586833 0.666398 0.587094 0.667139 0.588344 0.669685 0.589281 0.672463 0.589698 0.673389 0.589479 0.675787 0.588604 0.681398 0.587484 0.676398 0.586911 0.674500 0.586182 0.674083 0.585375 0.673343 0.584672 0.672231 0.584047 0.670750 0.583448 0.669315 0.582094 0.669176 0.579724 0.661769 0.581807 0.658148 0.583995 0.653056 0.585115 0.648519 0.581339 0.647963 0.577719 0.646204 0.573839 0.644167 0.573266 0.641944 0.576052 0.643194 0.579698 0.644861 0.582510 0.645787 0.585505 0.646157 0.586573 0.642963 0.587094 0.642037 0.588135 0.642731 0.588240 0.643241 0.587458 0.644861 0.586990 0.646157 0.592677 0.646394 0.590698 0.642875 0.590594 0.640792 0.593432 0.643986 0.593458 0.634866 0.594630 0.636949 0.594500 0.644912 0.597052 0.640282 0.598380 0.642227 0.605646 0.653014 0.609448 0.667597 0.616594 0.695370 0.619940 0.696806 0.612680 0.669412 0.607521 0.650102 0.594370 0.630870 0.596388 0.628727 0.588695 0.597218 0.583531 0.600736 0.583531 0.596435 0.579617 0.588690 0.577076 0.586324 0.575786 0.586755 0.573971 0.589046 0.569497 0.594782 0.567747 0.591787 0.565497 0.588667 0.566281 0.586310 0.567276 0.584755 0.569414 0.583898 0.570685 0.578745 0.570164 0.577681 0.571492 0.571940 0.568497 0.574116 0.568003 0.572310 0.566857 0.564056 0.563755 0.563894 0.563281 0.565782 0.562760 0.568606 0.562005 0.573514 0.562005 0.575319 0.562526 0.576106 0.562656 0.577634 0.562266 0.583699 0.561589 0.582542 0.561615 0.577125 0.561120 0.575505 0.561120 0.573884 0.561589 0.569532 0.562422 0.563745 0.557544 0.563921 0.556346 0.564755 0.554940 0.564523 0.554419 0.564199 0.553091 0.565588 0.551919 0.566005 0.550331 0.563690 0.550294 0.562347 0.552638 0.555819 0.555883 0.545097 0.557810 0.539171 0.551687 0.541856 0.547747 0.543639 0.542487 0.545722 0.538815 0.547435 0.534867 0.550000 0.530128 0.552778 0.521951 0.557130 0.517023 0.559486 0.512570 0.561380 0.508013 0.562458 0.504018 0.560736 0.500911 0.558801 0.497685 0.557722 0.493328 0.556431 0.487802 0.555431 0.483203 0.553634 0.474977 0.549380 0.465578 0.545366 0.444893 0.538352 0.439107 0.537023 0.436307 0.537523 0.434766 0.538764 0.428005 0.543028 0.420854 0.547528 0.416297 0.550769 0.413354 0.552806 0.411661 0.553870 0.411271 0.553731
2 0.593174 0.825653 0.605651 0.848509 0.612185 0.840653 0.610779 0.826394 0.606508 0.821301 0.603826 0.822412 0.600102 0.823338
10 0.610419 0.809801 0.614612 0.817903 0.616070 0.820125 0.617451 0.819755 0.621904 0.829292 0.618362 0.832579 0.614065 0.824523 0.614638 0.823551 0.612112 0.818829 0.611794 0.817319 0.610102 0.814866 0.599060 0.818245 0.608260 0.811639
2 0.599060 0.818245 0.610102 0.814866 0.611794 0.817319 0.612758 0.821903 0.614945 0.837644 0.612185 0.840653 0.610779 0.826394 0.609737 0.821532 0.606508 0.821301 0.603826 0.822412 0.600102 0.823338 0.593174 0.825653 0.592031 0.823565
5 0.493909 0.232912 0.493424 0.235852 0.498828 0.237713 0.515891 0.241514 0.513794 0.236495
5 0.491810 0.253556 0.491971 0.243231 0.492818 0.239213 0.520490 0.247171 0.519602 0.253486 0.516740 0.252912 0.513914 0.255787 0.513148 0.257435 0.512422 0.259722
1 0.360255 0.330528 0.372188 0.319486 0.380073 0.312190 0.383419 0.309500 0.385635 0.308829 0.388065 0.309597 0.389956 0.312671 0.391792 0.314782 0.402482 0.318718 0.420745 0.325843 0.440198 0.333204 0.441667 0.333750 0.448437 0.336898 0.456003 0.340611 0.454753 0.341972 0.446807 0.338176 0.439505 0.335162 0.420445 0.327894 0.410193 0.324097 0.391219 0.317134 0.389685 0.315769 0.388714 0.313699 0.387221 0.311546 0.385607 0.310759 0.383594 0.311824 0.380203 0.314838 0.370445 0.323806 0.360784 0.332704
11 0.396018 0.292306 0.404768 0.289519 0.424362 0.296648 0.433078 0.300056 0.438219 0.301796 0.438018 0.305167 0.436969 0.306602 0.433500 0.306528 0.429138 0.302287 0.428859 0.303838 0.428370 0.305259 0.428089 0.305889 0.427385 0.305843 0.426370 0.305843 0.426104 0.306440 0.407732 0.307681 0.400133 0.298444
1 0.402951 0.446014 0.403706 0.465139 0.403945 0.469477 0.404339 0.472370 0.404880 0.475745 0.405539 0.478889 0.405982 0.478657 0.406372 0.478051 0.405331 0.473148 0.404549 0.465319 0.404263 0.458097 0.403716 0.445417
8 0.399609 0.487324 0.397060 0.472713 0.395794 0.463394 0.393898 0.451931 0.393083 0.448713 0.393234 0.439343 0.392240 0.435861 0.392180 0.430875 0.392422 0.417486 0.393055 0.409931 0.393747 0.407255 0.392992 0.405273 0.391156 0.403185 0.389919 0.401468 0.389620 0.400343 0.390583 0.396917 0.392060 0.395361 0.395042 0.399861 0.397182 0.404361 0.398477 0.409773 0.398508 0.416681 0.398297 0.435269 0.397904 0.439125 0.397482 0.441806 0.397633 0.446144 0.398568 0.453213 0.401701 0.471588 0.403570 0.482356 0.400404 0.485500
1 0.420617 0.543722 0.426719 0.537338 0.431146 0.532255 0.433167 0.530273 0.433935 0.530023 0.435469 0.530208 0.438607 0.531884 0.441221 0.532380 0.440698 0.533495 0.438224 0.533185 0.436479 0.531884 0.434982 0.531264 0.433690 0.531324 0.431844 0.533185 0.427380 0.538144 0.423826 0.541736 0.421000 0.544588
2 0.581036 0.790704 0.595680 0.805949 0.602060 0.812458 0.599375 0.814565 0.582154 0.796528 0.581664 0.793801
10 0.579409 0.784120 0.595482 0.796704 0.605557 0.802713 0.596701 0.780403 0.585128 0.773458 0.580937 0.768704 0.578115 0.779796
10 0.608865 0.807079 0.601240 0.787685 0.598781 0.781634 0.604013 0.784611 0.604779 0.782625 0.610810 0.785477 0.610602 0.787833 0.616180 0.790810 0.622560 0.793162 0.623263 0.794699 0.618234 0.798722
10 0.627953 0.796032 0.631125 0.796898 0.637365 0.796282 0.640328 0.796032 0.642245 0.796713 0.644477 0.799505 0.646987 0.800681 0.635312 0.812500 0.627987 0.811157 0.622617 0.808986 0.614076 0.806880 0.620122 0.801949
13 0.519552 0.715981 0.526862 0.705764 0.535047 0.695542 0.538607 0.691546 0.540607 0.689657 0.548021 0.692037 0.553789 0.694431 0.547854 0.697764 0.551927 0.705046 0.557789 0.722977 0.561505 0.729852 0.565130 0.736384 0.567099 0.739449 0.570659 0.739741 0.577034 0.744741 0.582138 0.748435 0.586122 0.752282 0.592747 0.758236 0.592990 0.759477 0.592539 0.760343 0.591057 0.761648 0.589961 0.761144 0.584156 0.755861 0.583401 0.755074 0.582706 0.754458 0.581240 0.755167 0.579625 0.756880 0.577583 0.757921 0.575802 0.759602 0.573396 0.762819 0.568841 0.771986 0.567224 0.775995 0.555339 0.794366 0.553529 0.789491 0.548487 0.771639 0.544857 0.759231 0.530328 0.734796 0.523599 0.723912
2 0.511849 0.465481 0.515602 0.469856 0.516591 0.471102 0.520112 0.476139 0.523036 0.472940 0.525862 0.469648 0.528771 0.474421 0.534177 0.484463 0.533630 0.484630 0.529169 0.484736 0.524591 0.483560 0.520914 0.482486 0.511906 0.480347 0.508284 0.473449
10 0.469146 0.412662 0.459628 0.432185 0.458896 0.432380 0.454469 0.423384 0.453529 0.423509 0.450982 0.419171 0.451227 0.418241 0.447219 0.410806 0.447497 0.408199 0.448471 0.405727 0.461828 0.382310 0.464990 0.385690 0.467068 0.388310 0.468305 0.388310 0.471018 0.393028 0.470688 0.394259 0.473549 0.401759 0.474484 0.404009 0.472081 0.408093 0.470060 0.409431 0.468401 0.410824 0.471831 0.404704 0.469117 0.399296 0.457760 0.419597 0.458211 0.420509 0.458122 0.421741 0.457370 0.422866 0.458521 0.425769 0.459062 0.427005 0.459471 0.427940 0.461023 0.424218 0.464758 0.418000 0.467109 0.414625 0.468104 0.413287
2 0.466898 0.460509 0.468677 0.461046 0.470333 0.461259 0.472411 0.462815 0.475125 0.465329 0.476813 0.467204 0.480729 0.466134 0.481331 0.465329 0.481242 0.462065 0.480427 0.459708 0.478378 0.456009 0.475786 0.454884 0.474432 0.455366 0.471841 0.452421 0.470529 0.451301 0.466781 0.456093
10 0.466031 0.471856 0.465346 0.475306 0.463732 0.480255 0.463466 0.483394 0.462396 0.483028 0.464380 0.488611 0.465495 0.490861 0.467302 0.492093 0.469714 0.492093 0.472997 0.490324 0.476958 0.487699 0.481526 0.482681 0.487036 0.474583 0.478156 0.472963 0.472167 0.472222 0.466568 0.471620
2 0.483102 0.434819 0.485339 0.431852 0.488906 0.433981 0.492292 0.433981 0.493411 0.433750 0.493516 0.430417 0.493411 0.427731 0.493724 0.426204 0.494966 0.428106 0.495198 0.425833 0.493734 0.423597 0.493589 0.422236 0.494406 0.418097 0.496750 0.418144 0.499341 0.414824 0.503107 0.419824 0.505911 0.434676 0.502891 0.431296 0.501901 0.431481 0.501250 0.432639 0.500729 0.433750 0.500521 0.435741 0.500599 0.436944 0.506432 0.443241 0.503385 0.448148 0.497242 0.457708 0.493336 0.451639 0.491818 0.452051
2 0.484560 0.398750 0.492263 0.418829 0.493589 0.422236 0.494406 0.418097 0.496750 0.418144 0.499341 0.414824 0.496589 0.413866 0.496859 0.407333 0.495130 0.403398 0.494245 0.400120 0.489010 0.387523 0.488057 0.387273 0.486112 0.383144 0.484438 0.377190 0.478013 0.363750 0.478167 0.365708 0.480016 0.372838 0.482828 0.383579 0.482880 0.384551 0.482464 0.384921 0.481917 0.384782 0.478844 0.373208 0.479354 0.380616
2 0.492393 0.357606 0.493174 0.355384 0.496456 0.349551 0.498617 0.350662 0.501794 0.356171 0.502966 0.356773 0.503802 0.358894 0.503596 0.362088 0.503771 0.363704 0.504852 0.365190 0.505969 0.366491 0.506560 0.365870 0.508828 0.369722 0.507188 0.375046 0.506641 0.375324 0.506094 0.372778 0.503750 0.375231 0.499586 0.367398 0.497891 0.364463 0.494622 0.360949 0.493693 0.360083
10 0.501966 0.539676 0.505898 0.539861 0.506810 0.538796 0.510169 0.538333 0.513607 0.541806 0.514674 0.545046 0.515924 0.550602 0.515768 0.554907 0.515898 0.556944 0.515763 0.557977 0.514255 0.558782 0.510089 0.560032 0.507885 0.560208 0.505359 0.559005 0.502656 0.557269 0.502656 0.553056 0.502526 0.549213 0.501432 0.545694 0.500078 0.541681
10 0.686078 0.658532 0.685964 0.669620 0.692539 0.694287 0.692539 0.695935 0.694677 0.707412 0.695042 0.709130 0.695727 0.709491 0.696411 0.710995 0.696492 0.712574 0.699544 0.729324 0.703552 0.753306 0.706174 0.749574 0.708070 0.749287 0.710086 0.750292 0.709482 0.738315 0.703187 0.693931 0.698521 0.659125
5 0.448841 0.413824 0.446263 0.410537 0.444961 0.408176 0.443919 0.404657 0.442924 0.398102 0.443185 0.393616 0.443862 0.389120 0.445479 0.385556 0.449409 0.381347 0.451544 0.380000 0.456440 0.379167 0.460086 0.379495 0.463211 0.380324 0.464435 0.381204 0.467924 0.385556 0.470326 0.389329 0.471784 0.391037 0.472773 0.392194 0.473372 0.394741 0.473581 0.398634 0.473549 0.401759 0.470688 0.394259 0.471018 0.393028 0.468305 0.388310 0.467068 0.388310 0.464990 0.385690 0.461828 0.382310 0.448471 0.405727 0.447497 0.408199 0.447219 0.410806
2 0.448240 0.561903 0.460792 0.550514 0.462831 0.548704 0.464247 0.546773 0.465578 0.545366 0.474484 0.549120 0.474182 0.550986 0.458323 0.569088 0.456286 0.567542
2 0.434109 0.555306 0.440354 0.559125 0.445404 0.562894 0.450992 0.576389 0.446875 0.581435 0.446435 0.580106 0.439203 0.565856
2 0.429229 0.559162 0.429440 0.557556 0.434109 0.555306 0.439203 0.565856 0.446435 0.580106 0.446875 0.581435 0.454060 0.596282 0.458826 0.606269 0.462174 0.613208 0.467438 0.622630 0.466596 0.625532 0.448885 0.594144 0.432690 0.565778
2 0.465813 0.592167 0.465130 0.594306 0.464661 0.597269 0.470547 0.600093 0.478411 0.604028 0.478669 0.603278 0.479060 0.602907 0.481508 0.604574 0.485531 0.605130 0.485362 0.607722 0.489008 0.610269 0.486667 0.599056 0.486641 0.597435 0.478466 0.595917 0.467320 0.593347
4 0.398654 0.184634 0.399245 0.180787 0.401732 0.176861 0.404161 0.175417 0.405242 0.175227 0.407023 0.177435 0.408914 0.183866 0.411453 0.189241 0.412315 0.191546 0.413073 0.193949 0.417177 0.201435 0.425654 0.216602 0.424953 0.217755 0.422846 0.217755 0.417284 0.217523 0.406214 0.198611 0.404323 0.194963 0.404052 0.193042 0.403513 0.191796 0.401354 0.190352
4 0.443607 0.353815 0.443229 0.354537 0.442995 0.356852 0.443536 0.376472 0.445776 0.380542 0.447456 0.381287 0.449409 0.381347 0.451544 0.380000 0.456440 0.379167 0.458703 0.379046 0.461831 0.376556 0.464070 0.373074 0.465331 0.370083 0.460333 0.366440 0.447539 0.357102
5 0.674672 0.610468 0.673143 0.613611 0.672341 0.617704 0.671750 0.621051 0.671367 0.623167 0.672016 0.622880 0.672797 0.625657 0.669867 0.627495 0.668552 0.634454 0.668214 0.635750 0.667094 0.638389 0.667635 0.641352 0.667966 0.645796 0.667906 0.649815 0.667667 0.652384 0.669240 0.653032 0.669956 0.651634 0.672305 0.642847 0.675951 0.627583 0.677911 0.618583 0.678448 0.616162 0.676391 0.611255 0.675245 0.609032
5 0.679721 0.618176 0.685659 0.627713 0.687482 0.625630 0.689279 0.624426 0.690174 0.623606 0.691591 0.623606 0.693609 0.623662 0.698521 0.659125 0.686078 0.658532 0.674146 0.655750 0.670979 0.654204 0.675318 0.636556 0.679258 0.620194
8 0.592031 0.823565 0.605651 0.848509 0.600630 0.853282 0.585708 0.825144 0.568940 0.793782 0.563221 0.782130 0.567224 0.775995 0.580026 0.800972 0.579643 0.804755 0.580898 0.805310 0.581216 0.803287 0.589896 0.820139
1 0.572732 0.764125 0.575102 0.773708 0.577008 0.780870 0.577518 0.782745 0.579086 0.788847 0.580635 0.796588 0.580635 0.797838 0.580378 0.799144 0.580026 0.800972 0.579643 0.804755 0.580898 0.805310 0.581216 0.803287 0.581667 0.801199 0.582227 0.798370 0.582154 0.796528 0.581664 0.793801 0.581036 0.790704 0.579409 0.784120 0.578115 0.779796 0.577594 0.777620 0.575690 0.769481 0.573971 0.762028 0.573396 0.762819
6 0.512703 0.507653 0.518875 0.500060 0.522810 0.495843 0.526859 0.495167 0.529992 0.495167 0.532599 0.496819 0.534240 0.500245 0.534318 0.502144 0.521870 0.516773 0.520760 0.513796 0.518417 0.510745 0.516203 0.510787 0.514771 0.511944
4 0.530193 0.506755 0.536518 0.517949 0.538086 0.521162 0.539594 0.519556 0.541521 0.519394 0.546313 0.520037 0.549023 0.522449 0.552789 0.527912 0.553341 0.529389 0.552589 0.532764 0.551474 0.534532 0.551836 0.539356 0.545026 0.542106 0.540195 0.544796 0.537357 0.540167 0.536917 0.532986 0.536344 0.526088 0.535354 0.523634 0.533974 0.522106 0.533297 0.521875 0.532880 0.522616 0.532932 0.523866 0.534573 0.525255 0.535484 0.528403 0.535823 0.535579 0.536292 0.543403 0.532544 0.541847 0.526693 0.528935 0.523992 0.522412 0.522661 0.519829 0.522401 0.518056 0.521870 0.516773
4 0.463357 0.440477 0.463987 0.427352 0.470888 0.415407 0.477516 0.415139 0.478000 0.416801 0.477789 0.417870 0.482940 0.418352 0.483456 0.419380 0.483247 0.421833 0.482750 0.422481 0.483404 0.430259 0.476930 0.439481 0.469482 0.448968 0.466536 0.450264 0.466615 0.438088 0.464586 0.438273 0.464552 0.440528
4 0.483102 0.434819 0.491818 0.452051 0.493336 0.451639 0.497242 0.457708 0.487844 0.473495 0.487190 0.472569 0.485576 0.472426 0.483964 0.460856 0.481956 0.452426 0.480315 0.449329 0.477849 0.447810 0.475062 0.447394 0.472630 0.447824
4 0.505844 0.338491 0.509341 0.344491 0.513341 0.346491 0.518089 0.355819 0.533029 0.381991 0.559419 0.427866 0.561589 0.432218 0.563969 0.434139 0.566716 0.439282 0.568161 0.441083 0.570909 0.441338 0.572789 0.443657 0.575320 0.441861 0.578576 0.443014 0.581107 0.445579 0.582263 0.449824 0.582044 0.455222 0.581031 0.461130 0.579008 0.466139 0.585156 0.477454 0.587734 0.483287 0.589721 0.462676 0.591815 0.462676 0.589792 0.485944 0.590904 0.486977 0.591747 0.486977 0.594328 0.486833 0.596182 0.486833 0.599776 0.488412 0.601224 0.488843 0.601875 0.490065 0.615906 0.500394 0.610708 0.493144 0.616513 0.485898 0.618531 0.487912 0.619745 0.480315 0.619661 0.479093 0.621237 0.477370 0.621398 0.474435 0.620349 0.472782 0.614164 0.465884 0.611583 0.464273 0.608971 0.463708 0.606354 0.464574 0.604023 0.465884 0.602107 0.467306 0.601057 0.466630 0.600219 0.462407 0.599701 0.460241 0.598445 0.459500 0.597500 0.459310 0.596615 0.456065 0.594596 0.452380 0.593297 0.451889 0.588328 0.441713 0.567617 0.404116 0.555026 0.380491 0.555008 0.378745 0.554615 0.377634 0.553521 0.377634 0.552823 0.377722 0.551909 0.375968 0.552190 0.374481 0.552167 0.372861 0.551284 0.372069 0.550060 0.372491 0.548362 0.361907 0.543141 0.365264 0.540016 0.367009 0.540063 0.359042 0.538802 0.359208 0.526992 0.358130 0.520039 0.351907 0.514859 0.344106 0.510193 0.336227 0.508604 0.331245 0.505906 0.330282
4 0.548229 0.463472 0.548646 0.455787 0.549687 0.443241 0.552391 0.448213 0.554398 0.452690 0.557107 0.458417 0.557060 0.459829 0.557385 0.463810 0.558505 0.467296 0.558039 0.469287 0.557573 0.472769 0.557432 0.476838 0.550836 0.464273 0.548677 0.463602
4 0.543229 0.497829 0.551294 0.511167 0.554443 0.517046 0.553997 0.519986 0.553312 0.524292 0.552789 0.527912 0.553341 0.529389 0.552589 0.532764 0.551474 0.534532 0.551836 0.539356 0.558693 0.536722 0.560438 0.533162 0.563458 0.529731 0.568719 0.524597 0.572677 0.521125 0.573641 0.521819 0.573771 0.522833 0.562964 0.533162 0.561792 0.534361 0.560750 0.536171 0.563172 0.535380 0.565802 0.534593 0.567781 0.534454 0.568406 0.530616 0.570021 0.527375 0.571115 0.526120 0.572677 0.525796 0.574031 0.525986 0.575698 0.527417 0.576693 0.528810 0.581604 0.518458 0.583872 0.509782 0.585755 0.503898 0.585125 0.501912 0.581781 0.496458 0.580422 0.496639 0.579620 0.496639 0.578294 0.494847 0.574805 0.494185 0.570917 0.494028 0.564982 0.497347 0.562331 0.498685 0.556107 0.498949 0.545167 0.497954
4 0.469896 0.318315 0.472812 0.324269 0.472216 0.327741 0.473779 0.330176 0.476357 0.332213 0.478596 0.334343 0.482112 0.337259 0.483701 0.338417 0.482143 0.340565 0.481156 0.342116 0.478354 0.342278 0.476646 0.343347 0.475969 0.343301 0.475604 0.344134 0.474135 0.345278 0.468547 0.346398 0.464669 0.334569 0.460451 0.320315 0.458664 0.316394 0.459906 0.315917
4 0.557432 0.476838 0.557573 0.472769 0.558039 0.469287 0.558505 0.467296 0.557385 0.463810 0.557060 0.459829 0.557107 0.458417 0.554398 0.452690 0.552391 0.448213 0.537117 0.419986 0.528281 0.403856 0.511750 0.374750 0.506560 0.365870 0.505969 0.366491 0.504852 0.365190 0.503771 0.363704 0.503596 0.362088 0.503802 0.358894 0.500602 0.350926 0.504951 0.351111 0.505552 0.347815 0.505844 0.338491 0.509341 0.344491 0.513341 0.346491 0.518089 0.355819 0.533029 0.381991 0.559419 0.427866 0.561589 0.432218 0.563969 0.434139 0.566716 0.439282 0.568161 0.441083 0.570909 0.441338 0.572789 0.443657 0.575320 0.441861 0.578576 0.443014 0.581107 0.445579 0.582263 0.449824 0.582044 0.455222 0.581031 0.461130 0.579008 0.466139 0.577516 0.470009 0.574307 0.475278 0.572432 0.478139 0.571625 0.478741 0.568635 0.482051 0.564898 0.484537 0.560417 0.482713 0.558927 0.479644
4 0.587440 0.506898 0.588164 0.511880 0.589732 0.514560 0.594370 0.518199 0.596841 0.518630 0.601180 0.516167 0.605263 0.512440 0.607005 0.513000 0.608958 0.511389 0.609622 0.510769 0.610253 0.509537 0.609768 0.507384 0.607630 0.505741 0.602346 0.501505 0.599159 0.500074 0.596620 0.499144 0.592583 0.498708 0.588255 0.497167
4 0.499586 0.367398 0.503750 0.375231 0.506094 0.372778 0.506641 0.375324 0.507188 0.375046 0.508828 0.369722 0.511750 0.374750 0.528281 0.403856 0.537117 0.419986 0.543630 0.431995 0.540453 0.431440 0.535687 0.430375 0.531990 0.428477 0.530500 0.425708 0.515510 0.397648 0.514672 0.391449 0.515581 0.386060 0.514414 0.384898 0.510497 0.384843 0.509445 0.383079 0.508841 0.381579 0.506313 0.380505 0.504742 0.379440 0.503539 0.378199 0.500875 0.373352
4 0.533474 0.431255 0.534594 0.432181 0.536547 0.432458 0.539906 0.433153 0.544906 0.434310 0.548672 0.441389 0.548542 0.442870 0.547812 0.449676 0.547003 0.460912 0.535609 0.439023 0.535523 0.435014
4 0.492344 0.335606 0.499398 0.347528 0.501630 0.349060 0.503409 0.349222 0.504042 0.348685 0.504089 0.347454 0.503396 0.340315 0.503326 0.334426 0.501792 0.331949 0.497852 0.333931
4 0.478013 0.363750 0.484438 0.377190 0.486112 0.383144 0.488057 0.387273 0.491187 0.388134 0.495130 0.403398 0.496859 0.407333 0.496589 0.413866 0.499341 0.414824 0.503107 0.419824 0.503107 0.417676 0.503992 0.417454 0.504396 0.418894 0.505807 0.424991 0.506331 0.421046 0.507016 0.420324 0.507503 0.421542 0.507302 0.425634 0.512044 0.434176 0.515208 0.429514 0.515661 0.429301 0.516320 0.430421 0.516380 0.431384 0.513724 0.435833 0.521849 0.453551 0.539018 0.486458 0.542505 0.486829 0.546438 0.486088 0.554409 0.486968 0.559503 0.486815 0.564268 0.486815 0.566521 0.485778 0.569281 0.482718 0.571625 0.478741 0.568635 0.482051 0.564898 0.484537 0.560417 0.482713 0.558927 0.479644 0.550836 0.464273 0.548677 0.463602 0.546927 0.463102 0.547003 0.460912 0.535609 0.439023 0.535523 0.435014 0.530500 0.425708 0.515510 0.397648 0.514672 0.391449 0.515581 0.386060 0.514414 0.384898 0.510497 0.384843 0.509445 0.383079 0.508841 0.381579 0.506313 0.380505 0.504742 0.379440 0.503539 0.378199 0.500875 0.373352 0.499586 0.367398 0.497891 0.364463 0.494622 0.360949 0.493693 0.360083 0.487172 0.347634 0.483380 0.345782 0.483109 0.344495 0.480969 0.344551 0.479862 0.345917 0.477188 0.350556 0.477721 0.355792
1 0.494966 0.428106 0.490130 0.420741 0.487312 0.414500 0.485294 0.408019 0.476927 0.378662 0.474354 0.370394 0.464352 0.339171 0.458776 0.321741 0.459091 0.320875 0.459964 0.320380 0.460451 0.320315 0.464669 0.334569 0.473628 0.362218 0.478229 0.376481 0.479354 0.380616 0.487995 0.410880 0.490039 0.417218 0.493734 0.423597 0.495198 0.425833
1 0.483404 0.430259 0.490469 0.421296 0.491589 0.423009 0.485339 0.431852 0.483102 0.434819 0.472630 0.447824 0.469482 0.448968 0.476930 0.439481
4 0.376818 0.407472 0.381633 0.417801 0.382284 0.419046 0.383641 0.420199 0.384732 0.421968 0.385620 0.422755 0.386138 0.424144 0.388383 0.423588 0.390982 0.423954 0.392313 0.424185 0.392180 0.430875 0.392240 0.435861 0.393234 0.439343 0.393083 0.448713 0.393898 0.451931 0.395049 0.459287 0.395049 0.459287 0.396536 0.468981 0.393542 0.468935 0.387255 0.466505 0.383068 0.464556 0.380409 0.463829 0.380198 0.464708 0.380328 0.465542 0.384388 0.466505 0.389151 0.468569 0.392016 0.469773 0.393786 0.470329 0.396703 0.470329 0.397060 0.472713 0.397042 0.473755 0.393630 0.478060 0.391417 0.480421 0.389750 0.481162 0.386807 0.480051 0.370411 0.447792 0.371312 0.444968 0.372461 0.441037 0.372943 0.439528 0.370000 0.433431 0.373510 0.423532 0.375242 0.414069
4 0.398432 0.428315 0.400802 0.433176 0.403432 0.438130 0.404557 0.439306 0.404813 0.441741 0.404865 0.444148 0.404161 0.444981 0.402391 0.446648 0.402516 0.452037 0.402154 0.454542 0.401581 0.456417 0.400677 0.458722 0.399956 0.461292 0.398568 0.453213 0.397633 0.446144 0.397482 0.441806 0.397904 0.439125 0.398297 0.435269
4 0.410193 0.324097 0.413760 0.341181 0.415896 0.352014 0.419633 0.371463 0.419180 0.372949 0.418901 0.374255 0.418490 0.377778 0.418724 0.380787 0.418776 0.382546 0.418151 0.384676 0.417240 0.386435 0.416589 0.389259 0.416172 0.393241 0.416276 0.397315 0.418073 0.404630 0.420365 0.407731 0.421951 0.409977 0.425055 0.411852 0.429422 0.411852 0.433549 0.410352 0.435810 0.408796 0.437469 0.406977 0.436143 0.402968 0.434151 0.396435 0.434680 0.394847 0.435487 0.394917 0.438591 0.405176 0.438893 0.405852 0.440424 0.402986 0.442240 0.399329 0.442924 0.398102 0.443185 0.393616 0.443862 0.389120 0.444156 0.388176 0.443711 0.382750 0.441734 0.377875 0.440612 0.376079 0.438008 0.373764 0.434753 0.371912 0.433576 0.371644 0.431893 0.365759 0.431023 0.364148 0.428094 0.348963 0.427328 0.344005 0.425237 0.342944 0.422615 0.340324 0.420716 0.336519 0.420266 0.333949 0.420266 0.331644 0.420445 0.327894
4 0.427328 0.344005 0.431518 0.343912 0.436156 0.341616 0.437932 0.338889 0.439505 0.335162 0.420445 0.327894 0.420266 0.331644 0.420266 0.333949 0.420716 0.336519 0.422615 0.340324 0.425237 0.342944
4 0.439505 0.335162 0.442651 0.344412 0.442693 0.346778 0.442854 0.349287 0.442854 0.350148 0.444156 0.350144 0.449677 0.354032 0.454313 0.357644 0.462870 0.364088 0.466693 0.367144 0.468146 0.363704 0.468245 0.361264 0.467984 0.360338 0.468628 0.359398 0.468628 0.355384 0.468266 0.351514 0.466370 0.345704 0.464555 0.343194 0.462901 0.341616 0.460320 0.341185 0.456003 0.340611 0.454753 0.341972 0.446807 0.338176
4 0.420745 0.325843 0.421708 0.321907 0.423167 0.317972 0.423792 0.315935 0.424000 0.314222 0.424391 0.312880 0.425198 0.312185 0.425120 0.310009 0.425615 0.307370 0.426370 0.305843 0.427385 0.305843 0.428089 0.305889 0.429078 0.307324 0.429260 0.309130 0.430250 0.309546 0.432594 0.314176 0.440068 0.321213 0.440953 0.323667 0.441396 0.325611 0.441448 0.327509 0.440875 0.330704 0.440198 0.333204
4 0.440068 0.321213 0.453854 0.334398 0.456003 0.340611 0.448437 0.336898 0.441667 0.333750 0.440198 0.333204 0.440875 0.330704 0.441448 0.327509 0.441396 0.325611 0.440953 0.323667
4 0.375273 0.164236 0.378052 0.167722 0.384510 0.175731 0.388677 0.182676 0.396818 0.200819 0.399031 0.205231 0.400328 0.210898 0.402487 0.214736 0.409182 0.216370 0.417284 0.217523 0.406214 0.198611 0.404323 0.194963 0.404052 0.193042 0.403513 0.191796 0.401354 0.190352 0.387367 0.162514 0.384237 0.153722 0.382401 0.149782 0.381401 0.149176 0.380049 0.149269 0.377339 0.151537 0.375932 0.154074 0.375185 0.157704 0.375185 0.160866
4 0.440534 0.201819 0.428872 0.181194 0.416456 0.158796 0.415005 0.155644 0.412990 0.153565 0.411417 0.151556 0.410771 0.150194 0.411010 0.147829 0.412867 0.142741 0.415490 0.140083 0.418029 0.140227 0.419240 0.141588 0.419562 0.144245 0.423758 0.152778 0.435091 0.174213 0.448607 0.198171 0.448727 0.206847 0.446909 0.203546 0.446266 0.201037 0.445539 0.199458 0.444893 0.198667 0.442716 0.198667 0.441547 0.200176
4 0.440534 0.201819 0.439547 0.204218 0.439628 0.206657 0.439951 0.208162 0.441201 0.209815 0.444104 0.215333 0.453891 0.218745 0.450865 0.212722 0.448727 0.206847 0.446909 0.203546 0.446266 0.201037 0.445539 0.199458 0.444893 0.198667 0.442716 0.198667 0.441547 0.200176
4 0.361789 0.189088 0.360977 0.192315 0.361547 0.199773 0.361547 0.199773 0.376833 0.207014 0.389167 0.211296 0.388089 0.196977 0.383484 0.191241 0.377716 0.189375 0.366547 0.188801
4 0.383354 0.141032 0.384737 0.143764 0.392359 0.166421 0.398779 0.183829 0.398654 0.184634 0.387367 0.162514 0.384237 0.153722 0.382401 0.149782 0.381401 0.149176 0.380750 0.144778 0.383044 0.141727
2 0.374896 0.343028 0.377604 0.348588 0.381523 0.357713 0.385724 0.367671 0.387357 0.375801 0.388359 0.372824 0.390026 0.369444 0.390344 0.368750 0.384279 0.353481 0.378443 0.341866
2 0.349951 0.345139 0.364370 0.341778 0.375708 0.337458 0.382891 0.334384 0.390234 0.329106 0.395852 0.323824 0.399328 0.320134 0.401898 0.321426 0.403326 0.322176 0.406753 0.329269 0.412846 0.337157 0.413760 0.341181 0.414180 0.343181 0.406635 0.334356 0.407034 0.341028 0.406430 0.345981 0.406193 0.346769 0.403286 0.343542 0.405021 0.339884 0.405544 0.336519 0.404695 0.335222 0.403891 0.333856 0.403693 0.332204 0.403531 0.329699 0.402396 0.327838 0.399734 0.325542 0.396872 0.325611 0.389852 0.333500 0.382594 0.340454 0.372026 0.344255 0.357742 0.349639 0.355529 0.349417
2 0.369737 0.324528 0.374589 0.324685 0.383357 0.324579 0.390286 0.323454 0.392518 0.321903 0.399328 0.320134 0.391219 0.317134 0.389685 0.315769 0.384953 0.315903 0.380203 0.314838
2 0.363273 0.307120 0.387466 0.304819 0.392271 0.304435 0.395888 0.299440 0.397563 0.300977 0.405393 0.309231 0.406716 0.310838 0.408844 0.312514 0.414073 0.313380 0.424391 0.312880 0.424000 0.314222 0.423792 0.315935 0.423167 0.317972 0.422159 0.320431 0.420823 0.314949 0.415378 0.315667 0.409086 0.316773 0.398372 0.315375 0.391792 0.314782 0.389956 0.312671 0.388065 0.309597 0.385635 0.308829 0.383419 0.309500 0.380073 0.312190 0.378555 0.313648 0.363922 0.316051
2 0.395143 0.294625 0.398737 0.300741 0.401055 0.303843 0.406716 0.310838 0.408844 0.312514 0.414073 0.313380 0.424391 0.312880 0.425198 0.312185 0.425120 0.310009 0.425615 0.307370 0.408674 0.308954 0.407732 0.307681 0.400133 0.298444 0.396018 0.292306 0.395779 0.294509
2 0.364216 0.289833 0.383461 0.287889 0.391742 0.287102 0.393878 0.287282 0.395779 0.288116 0.396221 0.289597 0.396018 0.292306 0.395779 0.294509 0.391247 0.295569 0.375128 0.297056 0.364372 0.298347
2 0.445479 0.313056 0.450302 0.313519 0.454974 0.325787 0.458253 0.330005 0.458146 0.331926 0.457971 0.333162 0.456299 0.336574 0.453854 0.334398 0.440068 0.321213 0.432594 0.314176 0.430250 0.309546 0.429260 0.309130 0.429078 0.307324 0.428089 0.305889 0.428370 0.305259 0.428859 0.303838 0.429138 0.302287 0.433500 0.306528 0.439672 0.312194 0.441003 0.312694
2 0.411229 0.526319 0.399609 0.487324 0.400404 0.485500 0.407544 0.478278 0.416411 0.470894 0.421917 0.465338 0.426771 0.462597 0.430599 0.460028 0.432000 0.460111 0.433305 0.461190 0.435547 0.466250 0.437367 0.474296 0.441716 0.488264 0.444833 0.497361 0.447914 0.509894 0.448753 0.512296 0.447680 0.513958 0.442872 0.516444 0.437740 0.520514 0.430411 0.527565 0.425979 0.531713 0.417438 0.537356
2 0.505518 0.492611 0.506271 0.487148 0.507656 0.487523 0.508411 0.488861 0.508742 0.488810 0.508380 0.486986 0.511906 0.480347 0.520914 0.482486 0.524591 0.483560 0.529169 0.484736 0.533630 0.484630 0.535708 0.484310 0.537185 0.485273 0.539018 0.486458 0.542505 0.486829 0.546438 0.486088 0.554409 0.486968 0.559503 0.486815 0.564268 0.486815 0.566521 0.485778 0.569281 0.482718 0.571625 0.478741 0.572432 0.478139 0.573185 0.478597 0.573943 0.480125 0.579932 0.482120 0.586164 0.485102 0.587596 0.485569 0.589792 0.485944 0.590904 0.486977 0.591747 0.486977 0.594328 0.486833 0.596182 0.486833 0.599776 0.488412 0.601224 0.488843 0.601875 0.490065 0.615906 0.500394 0.618620 0.502981 0.621617 0.508375 0.624023 0.513829 0.628589 0.525667 0.630513 0.531014 0.632201 0.536477 0.633466 0.542907 0.633500 0.544171 0.633898 0.546917 0.634128 0.549977 0.634773 0.550861 0.634424 0.553398 0.635750 0.554208 0.635992 0.555569 0.635922 0.557120 0.636378 0.558171 0.638117 0.560157 0.638016 0.561398 0.637875 0.562509 0.632578 0.556917 0.631354 0.557056 0.629661 0.555065 0.628255 0.554787 0.626370 0.557556 0.624896 0.553722 0.625445 0.551130 0.625294 0.548065 0.623651 0.543296 0.622924 0.541120 0.619435 0.531028 0.623677 0.531352 0.627193 0.536907 0.628029 0.535796 0.629070 0.538343 0.630372 0.541352 0.630737 0.542833 0.630737 0.544639 0.629901 0.546259 0.629016 0.546861 0.628133 0.547185 0.627872 0.548065 0.629016 0.548528 0.629826 0.548296 0.630969 0.547370 0.631854 0.545611 0.631984 0.544454 0.631935 0.542324 0.631620 0.540472 0.630292 0.537046 0.628289 0.532185 0.627091 0.528620 0.625945 0.528481 0.625268 0.529593 0.624096 0.529639 0.623055 0.528944 0.621500 0.526991 0.615677 0.525481 0.611609 0.516801 0.610706 0.517176 0.610164 0.518463 0.609526 0.514130 0.611018 0.513199 0.613479 0.512764 0.613802 0.511616 0.613563 0.510329 0.612836 0.510898 0.610253 0.509537 0.609768 0.507384 0.602346 0.501505 0.599159 0.500074 0.596620 0.499144 0.592583 0.498708 0.588255 0.497167 0.586508 0.496042 0.584424 0.495565 0.583096 0.494681 0.582576 0.495514 0.580417 0.495241 0.574805 0.494185 0.570917 0.494028 0.564982 0.497347 0.562331 0.498685 0.556107 0.498949 0.545167 0.497954 0.538633 0.497472 0.529992 0.495167 0.526859 0.495167 0.522810 0.495843 0.516146 0.495292 0.513068 0.497787 0.511284 0.499417 0.509505 0.500088
2 0.518878 0.558750 0.524404 0.564125 0.527034 0.568241 0.527630 0.569292 0.526703 0.571009 0.523753 0.570875 0.519508 0.571292 0.515549 0.573606 0.514198 0.573449 0.518513 0.570269 0.518695 0.569157 0.518383 0.568185 0.516977 0.567259 0.513852 0.568972 0.512263 0.570296 0.512060 0.568500 0.512091 0.566958 0.514435 0.564690 0.515451 0.561634 0.515633 0.560106 0.517023 0.559486
10 0.390635 0.402542 0.387323 0.404773 0.387602 0.405454 0.389344 0.406940 0.385302 0.408736 0.384568 0.409421 0.385789 0.416361 0.387672 0.423676 0.388383 0.423588 0.390982 0.423954 0.392313 0.424185 0.392422 0.417486 0.393055 0.409931 0.393747 0.407255 0.392992 0.405273 0.391156 0.403185
2 0.454297 0.506329 0.456070 0.514046 0.466151 0.502264 0.473992 0.494134 0.476794 0.490602 0.480349 0.486968 0.480573 0.489236 0.476372 0.496787 0.458961 0.516162 0.457841 0.517551 0.456487 0.519032 0.452573 0.510657 0.453734 0.507856
2 0.517362 0.683315 0.515878 0.693500 0.515409 0.696972 0.518766 0.701972 0.517245 0.706375 0.515130 0.707870 0.500104 0.681426 0.511823 0.681907
2 0.398432 0.428315 0.400234 0.427130 0.401615 0.426435 0.402555 0.427292 0.402372 0.430301 0.402737 0.432935 0.403336 0.435208 0.405237 0.436917 0.407190 0.438306 0.410260 0.441944 0.410130 0.444769 0.412682 0.447870 0.413984 0.450648 0.417474 0.457778 0.414323 0.460833 0.416641 0.466111 0.416411 0.470894 0.407544 0.478278 0.404271 0.481528 0.404635 0.478009 0.404880 0.475745 0.405539 0.478889 0.405982 0.478657 0.406372 0.478051 0.405331 0.473148 0.405391 0.466574 0.408047 0.470509 0.409818 0.468333 0.410260 0.457963 0.408984 0.455139 0.407083 0.452130 0.405339 0.451852 0.405156 0.453657 0.403776 0.448565 0.403716 0.445417 0.404161 0.444981 0.404865 0.444148 0.404813 0.441741 0.404557 0.439306 0.403432 0.438130 0.400802 0.433176
2 0.536164 0.608245 0.537492 0.624727 0.539112 0.632028 0.541872 0.643000 0.543263 0.648097 0.550164 0.653236 0.549018 0.645968 0.549695 0.640458 0.549539 0.638699 0.543089 0.622991 0.543479 0.613963 0.542141 0.610653 0.537073 0.606745
2 0.310083 0.292375 0.311578 0.297884 0.311526 0.304222 0.310930 0.311903 0.310984 0.313727 0.312281 0.312287 0.315521 0.303264 0.318005 0.299134 0.317734 0.294236 0.320380 0.293662 0.322432 0.288764 0.327240 0.286847 0.322542 0.281565 0.318831 0.275958 0.317534 0.277782 0.315914 0.281241 0.314349 0.286806 0.312674 0.292278
2 0.393195 0.344486 0.396193 0.336986 0.399505 0.339838 0.403286 0.343542 0.406193 0.346769 0.411602 0.353102 0.417495 0.359671 0.418576 0.366426 0.416172 0.369630 0.401456 0.353597 0.404034 0.346625 0.403096 0.345625 0.400534 0.352065
2 0.411146 0.376713 0.413307 0.377083 0.416953 0.377639 0.418490 0.377778 0.418724 0.380787 0.418776 0.382546 0.418151 0.384676 0.417240 0.386435 0.416589 0.389259 0.416172 0.393241 0.416276 0.397315 0.418073 0.404630 0.420365 0.407731 0.420260 0.410278 0.417526 0.410833 0.414766 0.413148 0.415286 0.410833 0.415651 0.408611 0.414974 0.407639 0.414115 0.406991 0.412760 0.393981 0.411901 0.384398 0.411484 0.382546 0.410833 0.378148
2 0.421794 0.415801 0.421414 0.449884 0.422549 0.448444 0.423953 0.447676 0.426706 0.459676 0.426706 0.453241 0.438857 0.450745 0.439073 0.460634 0.436805 0.460921 0.434914 0.460921 0.433305 0.461190 0.435547 0.466250 0.435964 0.468074 0.438732 0.467759 0.438820 0.479116 0.441716 0.488264 0.441630 0.483380 0.442161 0.482148 0.442206 0.466245 0.440156 0.466782 0.440096 0.464370 0.440398 0.463407 0.442091 0.463130 0.442047 0.454491 0.441995 0.431898 0.442026 0.419116 0.439042 0.411616 0.433549 0.412125 0.424250 0.415458
2 0.389919 0.401468 0.381146 0.398935 0.382604 0.393657 0.381146 0.389722 0.382448 0.379583 0.383073 0.379306 0.383932 0.377639 0.386901 0.377546 0.388359 0.372824 0.390026 0.369444 0.391771 0.366759 0.398724 0.367963 0.399401 0.367222 0.401849 0.368472 0.402839 0.369630 0.406042 0.370741 0.409115 0.371528 0.411146 0.372778 0.411146 0.376713 0.410833 0.378148 0.411484 0.382546 0.411901 0.384398 0.412760 0.393981 0.414115 0.406991 0.414974 0.407639 0.415651 0.408611 0.415286 0.410833 0.414766 0.413148 0.415156 0.419722 0.415234 0.424769 0.415234 0.425926 0.415156 0.430972 0.416120 0.431620 0.416432 0.433565 0.416380 0.436157 0.415234 0.438380 0.414453 0.438935 0.414505 0.440231 0.415417 0.440648 0.416615 0.440648 0.418672 0.443981 0.421901 0.450648 0.424010 0.455556 0.426771 0.462597 0.423438 0.464398 0.419479 0.456528 0.417474 0.457778 0.413984 0.450648 0.412682 0.447870 0.410130 0.444769 0.410312 0.438657 0.410758 0.436597 0.410680 0.435991 0.408932 0.426389 0.408206 0.425528 0.407737 0.417889 0.407318 0.410926 0.406589 0.408102 0.405026 0.404769 0.403229 0.403009 0.401771 0.402315 0.395885 0.401713 0.395042 0.399861 0.392060 0.395361 0.390583 0.396917 0.389620 0.400343
2 0.447680 0.513958 0.437589 0.531477 0.435469 0.530208 0.433935 0.530023 0.433167 0.530273 0.431146 0.532255 0.426719 0.537338 0.420617 0.543722 0.417438 0.537356 0.425979 0.531713 0.430411 0.527565 0.437740 0.520514 0.442872 0.516444
10 0.478625 0.607222 0.477318 0.614630 0.475672 0.622542 0.475039 0.627787 0.474016 0.633787 0.474469 0.635875 0.474708 0.636681 0.486385 0.658852 0.483070 0.629708 0.483242 0.621963 0.482242 0.618884 0.481328 0.610505 0.481378 0.608926
2 0.456560 0.593440 0.459734 0.606083 0.458826 0.606269 0.462174 0.613208 0.467438 0.622630 0.469609 0.615278 0.465833 0.602116 0.464661 0.597269 0.462349 0.586560
10 0.513151 0.582917 0.516953 0.582917 0.521667 0.586991 0.521198 0.585000 0.520547 0.583426 0.520495 0.582269 0.521016 0.581296 0.522318 0.581204 0.525104 0.582454 0.528516 0.585741 0.531667 0.589444 0.535193 0.588019 0.534977 0.598287 0.527529 0.592894 0.525901 0.597708 0.529513 0.600718 0.526414 0.599833 0.521284 0.598676 0.511049 0.596551 0.507135 0.589491 0.509245 0.587917 0.510807 0.586389
1 0.399245 0.180787 0.394174 0.153801 0.390758 0.133532 0.388979 0.120704 0.388352 0.116551 0.389398 0.116306 0.393617 0.144440 0.399891 0.179644
14 0.417177 0.201435 0.419065 0.193093 0.420391 0.187639 0.423042 0.183796 0.424958 0.182185 0.428375 0.182185 0.429456 0.182185 0.440534 0.201819 0.439547 0.204218 0.439628 0.206657 0.439951 0.208162 0.441201 0.209815 0.441133 0.214912 0.439008 0.213606 0.437159 0.214412 0.435451 0.214602 0.432245 0.213856 0.431755 0.214167 0.429839 0.213856 0.428096 0.214167 0.426526 0.214912 0.425654 0.216602
2 0.511049 0.596551 0.521284 0.598676 0.526414 0.599833 0.529513 0.600718 0.533917 0.604296 0.533659 0.604750 0.531638 0.608532 0.529930 0.612435 0.529464 0.613894 0.527352 0.617319 0.526729 0.618727 0.522693 0.617847
2 0.503698 0.614954 0.511927 0.616343 0.516146 0.616620 0.506271 0.598204 0.505724 0.600148 0.504578 0.603343 0.504031 0.606537
10 0.498641 0.617509 0.498693 0.606954 0.499526 0.603944 0.498979 0.600009 0.498979 0.597463 0.499396 0.595657 0.501297 0.594778 0.502859 0.594685 0.505203 0.596213 0.506271 0.598204 0.505724 0.600148 0.504578 0.603343 0.504031 0.606537 0.503698 0.614954 0.503328 0.620750
2 0.492982 0.584528 0.503242 0.581287 0.510951 0.578000 0.512086 0.577125 0.515549 0.573606 0.519508 0.571292 0.523753 0.570875 0.529115 0.571111 0.532292 0.570833 0.535286 0.571250 0.535104 0.573519 0.535104 0.575509 0.533932 0.577963 0.533229 0.579074 0.526823 0.578889 0.521458 0.578981 0.517969 0.580046 0.514531 0.581898 0.513151 0.582917 0.510807 0.586389 0.509245 0.587917 0.507135 0.589491 0.504500 0.584639 0.502815 0.584907 0.501849 0.586301 0.501247 0.588699 0.502784 0.591708 0.495857 0.594625 0.491482 0.596014 0.489141 0.593009 0.489505 0.588102
2 0.468622 0.580685 0.470081 0.582259 0.472190 0.582259 0.476589 0.585588 0.482643 0.590227 0.479935 0.592819 0.480560 0.594671 0.481029 0.595782 0.481784 0.595829 0.485508 0.592542 0.486766 0.593472 0.487578 0.594375 0.486641 0.597435 0.478466 0.595917 0.467320 0.593347 0.465813 0.592167 0.467771 0.582315
2 0.495729 0.635648 0.498828 0.625370 0.499818 0.626065 0.501615 0.628241 0.501875 0.629259 0.502214 0.632593 0.503307 0.629491 0.504062 0.628565 0.505391 0.628194 0.506518 0.627875 0.507529 0.625394 0.508052 0.626014 0.507565 0.628620 0.503802 0.640972 0.503620 0.642130 0.505313 0.643843 0.506745 0.646296 0.507135 0.648241 0.507552 0.651944 0.508490 0.656991 0.509531 0.660324 0.509974 0.662083 0.509922 0.665370 0.507987 0.665009 0.498159 0.664338 0.499057 0.651847
2 0.486385 0.658852 0.483070 0.629708 0.483242 0.621963 0.482242 0.618884 0.481328 0.610505 0.481378 0.608926 0.481508 0.604574 0.485531 0.605130 0.485362 0.607722 0.485362 0.609991 0.485622 0.612028 0.487367 0.612583 0.488148 0.612491 0.489008 0.610269 0.489687 0.608171 0.490927 0.604676 0.491495 0.604444 0.492016 0.612815 0.492609 0.617898 0.494797 0.635185 0.495729 0.635648 0.499057 0.651847 0.498159 0.664338 0.500104 0.681426
17 0.474484 0.549120 0.473625 0.553981 0.473052 0.562361 0.473599 0.571157 0.475031 0.573611 0.476854 0.575046 0.480031 0.576019 0.480214 0.576759 0.479328 0.578009 0.478599 0.578380 0.477167 0.577593 0.476880 0.579028 0.478078 0.581019 0.479302 0.581852 0.481766 0.581884 0.482161 0.582731 0.483542 0.585000 0.485000 0.584722 0.486458 0.582454 0.488091 0.583222 0.488664 0.584079 0.495776 0.577491 0.498940 0.572722 0.500867 0.566671 0.501953 0.560940 0.502133 0.559597 0.500911 0.558801 0.497685 0.557722 0.493328 0.556431 0.487802 0.555431 0.483203 0.553634 0.474977 0.549380
17 0.475232 0.547264 0.477552 0.540458 0.480417 0.536060 0.483490 0.533375 0.487005 0.532681 0.490026 0.532500 0.495104 0.534167 0.497240 0.535463 0.499297 0.539120 0.501432 0.545694 0.502526 0.549213 0.502656 0.553056 0.502656 0.557269 0.501505 0.556505 0.493771 0.554606 0.483659 0.551963
2 0.441495 0.537551 0.440583 0.539449 0.439948 0.542130 0.441667 0.547824 0.446120 0.560509 0.448240 0.561903 0.460792 0.550514 0.462831 0.548704 0.464247 0.546773 0.465578 0.545366 0.444893 0.538352
2 0.461135 0.529514 0.464479 0.529407 0.465052 0.532352 0.465172 0.533157 0.464539 0.533801 0.464388 0.536801 0.465503 0.541301 0.466799 0.542477 0.467010 0.543602 0.466078 0.543245 0.445688 0.536162 0.442604 0.535514 0.444292 0.534708 0.448750 0.532727 0.456284 0.530426 0.459214 0.537972 0.462648 0.540981 0.463354 0.539917 0.463820 0.536676 0.461948 0.531306
2 0.452573 0.510657 0.460125 0.527093 0.461948 0.531306 0.463820 0.536676 0.463354 0.539917 0.462648 0.540981 0.459214 0.537972 0.450594 0.515333
2 0.501281 0.495255 0.501604 0.504935 0.500797 0.506727 0.500596 0.509231 0.500878 0.513972 0.501807 0.517986 0.502492 0.519986 0.502451 0.522648 0.505880 0.524657 0.511164 0.525731 0.514714 0.528028 0.517740 0.527884 0.506081 0.503861
2 0.502721 0.487991 0.501997 0.468486 0.505313 0.456005 0.507091 0.450921 0.508930 0.450120 0.509953 0.450065 0.510586 0.451671 0.510526 0.455421 0.510284 0.458634 0.508628 0.463509 0.507513 0.471116 0.507513 0.475028 0.506518 0.484028 0.506271 0.487148 0.505518 0.492611
2 0.537073 0.606745 0.542141 0.610653 0.544823 0.612884 0.553294 0.619454 0.558211 0.623417 0.562266 0.625648 0.564138 0.627944 0.564172 0.629556 0.566253 0.630546 0.562609 0.621199 0.562279 0.620380 0.551393 0.611921 0.539836 0.603185 0.538828 0.604444
2 0.533427 0.550856 0.536813 0.559329 0.538432 0.558644 0.538919 0.558644 0.544156 0.570065 0.551448 0.587824 0.551987 0.591185 0.552742 0.598097 0.559930 0.613972 0.562609 0.621199 0.568122 0.635241 0.570594 0.643167 0.574844 0.655338 0.578492 0.666208 0.582320 0.677847 0.583424 0.677079 0.584352 0.676088 0.582094 0.669176 0.579724 0.661769 0.573839 0.644167 0.573266 0.641944 0.568292 0.628444 0.561396 0.610000 0.560549 0.607931 0.559615 0.605620 0.551302 0.585005 0.546503 0.572815 0.535815 0.549356 0.534867 0.550000
10 0.537138 0.600787 0.534977 0.598287 0.535193 0.588019 0.537948 0.584944 0.541943 0.582546 0.534060 0.563921 0.535193 0.559889 0.538432 0.558644 0.538919 0.558644 0.544156 0.570065 0.551448 0.587824 0.551987 0.591185 0.552742 0.598097 0.553120 0.607505 0.553229 0.609426 0.551393 0.611921 0.539836 0.603185 0.541797 0.600000 0.542995 0.598796 0.543099 0.598148 0.542839 0.597269 0.542096 0.596199 0.541992 0.595579 0.541328 0.594833 0.537669 0.600042
2 0.542096 0.596199 0.542839 0.597269 0.543099 0.598148 0.542995 0.598796 0.541797 0.600000 0.538828 0.604444 0.535469 0.609259 0.532526 0.616204 0.529010 0.624583 0.527760 0.627176 0.526068 0.630463 0.528570 0.620801 0.532648 0.610579 0.534216 0.606856 0.538609 0.601157
10 0.498159 0.664338 0.507987 0.665009 0.515029 0.666412 0.516076 0.663685 0.516318 0.656495 0.516841 0.649491 0.518443 0.636056 0.521125 0.636676 0.523112 0.637481 0.522760 0.640509 0.521966 0.648500 0.521164 0.658912 0.520513 0.667130 0.523977 0.667671 0.536253 0.671185 0.532062 0.677060 0.530703 0.683259 0.530831 0.686611 0.511823 0.681907 0.500104 0.681426
2 0.515130 0.707870 0.517245 0.706375 0.519198 0.700921 0.524951 0.694227 0.528018 0.691005 0.530982 0.690694 0.530703 0.683259 0.532062 0.677060 0.536253 0.671185 0.536615 0.665667 0.538966 0.661653 0.542458 0.658870 0.544422 0.657426 0.544945 0.657815 0.546115 0.659185 0.543797 0.660898 0.542729 0.671968 0.542286 0.673491 0.541224 0.673148 0.538542 0.688889 0.537333 0.693000 0.535047 0.695542 0.526862 0.705764 0.519552 0.715981
2 0.564547 0.592796 0.564346 0.594088 0.564792 0.596167 0.572628 0.612755 0.577549 0.622296 0.583331 0.625069 0.584115 0.623861 0.581169 0.617329 0.567818 0.598125
2 0.602365 0.706000 0.602768 0.708806 0.620841 0.724778 0.628547 0.730671 0.629128 0.729764 0.614755 0.717171 0.614760 0.716694
2 0.551927 0.705046 0.556432 0.701968 0.560307 0.700144 0.561799 0.700972 0.562081 0.698653 0.567161 0.700833 0.578656 0.706852 0.576576 0.707708 0.566000 0.713171 0.562411 0.715532 0.560112 0.716463 0.556247 0.718398
10 0.589698 0.673389 0.590078 0.669954 0.590547 0.667778 0.590990 0.666991 0.592552 0.667176 0.592641 0.668852 0.592823 0.669685 0.593422 0.669824 0.593656 0.668713 0.593594 0.667454 0.595911 0.668759 0.595938 0.669722 0.595391 0.673009 0.594932 0.673819 0.594326 0.675727 0.593776 0.680139 0.592005 0.687824 0.590339 0.694722 0.592411 0.695560 0.594745 0.696884 0.599818 0.701019 0.601224 0.702731 0.602161 0.704907 0.602768 0.708806 0.603305 0.710597 0.602940 0.717819 0.603279 0.718838 0.602862 0.720921 0.587289 0.711338 0.585674 0.710181 0.584034 0.709718 0.579971 0.707218 0.578656 0.706852 0.567161 0.700833 0.548021 0.692037 0.538542 0.688889 0.541224 0.673148 0.548047 0.675278 0.556380 0.678519 0.566771 0.682917 0.575755 0.687269 0.586224 0.692315 0.588604 0.681398 0.589479 0.675787
2 0.651919 0.588565 0.654471 0.595463 0.655773 0.600185 0.657518 0.608981 0.658526 0.614352 0.659549 0.613889 0.662076 0.610880 0.664523 0.607778 0.662570 0.597130 0.660930 0.592083 0.659818 0.591389 0.656901 0.588611 0.652995 0.583565 0.649245 0.578472
2 0.618531 0.487912 0.624477 0.497032 0.635911 0.519222 0.638875 0.525231 0.639781 0.530069 0.639852 0.535148 0.640130 0.537255 0.644974 0.549713 0.648740 0.559569 0.654284 0.573639 0.659862 0.588514 0.657318 0.585722 0.652820 0.580144 0.649508 0.575931 0.648182 0.573454 0.646404 0.566884 0.644034 0.567625 0.639956 0.554736 0.638211 0.545190 0.634063 0.535458 0.628589 0.525667 0.624023 0.513829 0.621617 0.508375 0.618620 0.502981 0.615906 0.500394 0.610708 0.493144 0.616513 0.485898
2 0.576302 0.605093 0.579297 0.609667 0.590523 0.626014 0.594370 0.630870 0.596388 0.628727 0.588695 0.597218 0.583531 0.600736 0.577813 0.603843
2 0.569497 0.594782 0.573971 0.589046 0.575786 0.586755 0.577076 0.586324 0.579617 0.588690 0.583531 0.596435 0.583531 0.600736 0.577813 0.603843 0.576302 0.605093
2 0.562424 0.581468 0.565497 0.588667 0.566281 0.586310 0.567276 0.584755 0.569414 0.583898 0.570685 0.578745 0.570164 0.577681 0.568497 0.574116 0.568003 0.572310 0.566857 0.564056 0.563755 0.563894 0.563281 0.565782 0.562760 0.568606 0.562005 0.573514 0.562005 0.575319 0.562526 0.576106 0.562656 0.577634
10 0.644477 0.799505 0.644768 0.793602 0.646721 0.787278 0.647536 0.784097 0.648583 0.777528 0.653185 0.779440 0.653047 0.786884 0.651497 0.795213 0.646987 0.800681
10 0.663130 0.780361 0.660630 0.746370 0.662495 0.740889 0.666167 0.728528 0.669464 0.717301 0.673440 0.720269 0.677250 0.725713 0.675000 0.729486 0.686122 0.749704 0.677875 0.760588 0.669940 0.751259 0.669003 0.772472
6 0.550099 0.581500 0.553042 0.577838 0.560221 0.588954 0.559797 0.600162 0.559698 0.602935 0.556714 0.598347 0.551302 0.585005
1 0.554867 0.642384 0.555232 0.654051 0.554607 0.655347 0.552549 0.651782 0.549763 0.645394 0.549581 0.637523 0.549424 0.635162 0.547966 0.630347 0.547836 0.627708 0.547888 0.625394 0.542141 0.610653 0.544823 0.612884 0.548867 0.623046 0.549495 0.621310 0.551099 0.620690 0.552424 0.621000 0.554794 0.623606 0.557688 0.627759 0.558943 0.628995 0.559396 0.628005 0.559221 0.626394 0.557375 0.624347 0.553294 0.619454 0.558211 0.623417 0.562266 0.625648 0.564138 0.627944 0.564172 0.629556 0.563057 0.630236 0.563648 0.632778 0.564521 0.634019 0.564661 0.635194 0.564729 0.638787 0.565253 0.638977 0.564729 0.648208 0.564312 0.651245 0.564589 0.652620 0.567133 0.656528 0.573396 0.666255 0.577195 0.672120 0.579461 0.675963 0.580352 0.679171 0.581354 0.683148 0.582008 0.686935 0.582672 0.690472 0.581578 0.689977 0.580292 0.684046 0.575638 0.672843 0.566273 0.658366 0.561010 0.650000 0.560732 0.650000 0.561880 0.652296 0.562997 0.655144 0.563568 0.657037 0.563310 0.659361 0.562091 0.657190 0.562227 0.662380 0.562227 0.664880 0.562201 0.667380 0.561979 0.672222 0.559964 0.680060 0.558638 0.679500 0.559615 0.675847 0.560336 0.671241 0.560815 0.666319 0.560786 0.661273 0.560487 0.657190 0.559302 0.652231 0.557969 0.649282
1 0.510526 0.455421 0.514693 0.456569 0.518565 0.458000 0.521641 0.459954 0.523810 0.462593 0.528852 0.471556 0.535708 0.484310 0.534177 0.484463 0.528771 0.474421 0.524698 0.467537 0.521026 0.462162 0.519130 0.461014 0.515742 0.459005 0.514331 0.458361 0.510339 0.457787
1 0.458359 0.468551 0.465911 0.469361 0.467344 0.469491 0.476953 0.471009 0.484010 0.472222 0.485576 0.472426 0.487190 0.472569 0.487844 0.473495 0.487036 0.474583 0.478156 0.472963 0.472167 0.472222 0.466568 0.471620 0.463781 0.471389 0.460552 0.470833 0.458859 0.470417 0.458534 0.469435
1 0.452604 0.443847 0.452474 0.441481 0.452396 0.439630 0.452031 0.438194 0.451536 0.436481 0.451536 0.434491 0.452266 0.433889 0.453854 0.434028 0.454036 0.435787 0.453880 0.438333 0.453776 0.439676 0.453724 0.443426 0.454219 0.445602 0.455521 0.448657 0.457240 0.451296 0.459062 0.451944 0.461120 0.453102 0.463151 0.452176 0.466536 0.450264 0.469482 0.448968 0.472630 0.447824 0.475062 0.447394 0.477849 0.447810 0.480315 0.449329 0.481956 0.452426 0.483964 0.460856 0.485576 0.472426 0.484010 0.472222 0.482630 0.461528 0.481120 0.454537 0.479401 0.451065 0.478203 0.450000 0.476484 0.449630 0.473411 0.450000 0.470529 0.451301 0.467396 0.452588 0.462526 0.455509 0.461328 0.455694 0.459427 0.455000 0.457109 0.453704 0.454896 0.451250 0.453984 0.449685
1 0.434151 0.396435 0.436143 0.402968 0.438852 0.410843 0.442469 0.420380 0.444997 0.427116 0.451083 0.444204 0.453703 0.454384 0.455133 0.460944 0.455703 0.463889 0.459245 0.478384 0.461867 0.486634 0.463706 0.490704 0.465586 0.493551 0.466820 0.494352 0.468599 0.494352 0.472695 0.493014 0.476794 0.490602 0.480349 0.486968 0.485911 0.479917 0.490885 0.470972 0.492318 0.468657 0.494565 0.465074 0.498854 0.458611 0.513724 0.435833 0.516380 0.431384 0.516320 0.430421 0.515661 0.429301 0.515208 0.429514 0.512044 0.434176 0.508214 0.440574 0.506979 0.442181 0.506432 0.443241 0.503385 0.448148 0.497242 0.457708 0.487844 0.473495 0.481526 0.482681 0.476958 0.487699 0.472997 0.490324 0.469714 0.492093 0.467302 0.492093 0.465495 0.490861 0.464380 0.488611 0.460945 0.478917 0.458534 0.469435 0.457122 0.463569 0.456490 0.460676 0.453984 0.449685 0.452604 0.443847 0.450133 0.436454 0.442396 0.415690 0.438591 0.405176 0.435487 0.394917 0.434680 0.394847
8 0.441734 0.377875 0.440641 0.355931 0.440328 0.355005 0.440120 0.353755 0.441734 0.350560 0.442464 0.350144 0.444156 0.350144 0.449677 0.354032 0.454313 0.357644 0.462870 0.364088 0.467990 0.368157 0.471154 0.375713 0.476276 0.389023 0.480706 0.403130 0.481880 0.407792 0.481490 0.409505 0.481036 0.410468 0.479591 0.409292 0.478688 0.406454 0.478714 0.405713 0.479391 0.405481 0.479547 0.403583 0.478505 0.401500 0.477542 0.401454 0.473557 0.389463 0.466661 0.371023 0.460333 0.366440 0.447539 0.357102 0.443607 0.353815 0.443229 0.354537 0.442995 0.356852 0.443711 0.382750
