0 0.339031 0.217597 0.336297 0.221741 0.336297 0.221741 0.333362 0.230023 0.333362 0.230023 0.331437 0.240824 0.331841 0.250366 0.332956 0.257028 0.333057 0.257208 0.335589 0.265306 0.339133 0.275208 0.342070 0.278449 0.355641 0.283130 0.360797 0.284403 0.371365 0.295449 0.373289 0.295606 0.373289 0.295606 0.374953 0.296384 0.374953 0.296384 0.379068 0.295606 0.379068 0.295606 0.387523 0.291593 0.389904 0.282282 0.389878 0.264935 0.384305 0.247741 0.409190 0.210380 0.409190 0.210199 0.410508 0.204440 0.410607 0.204259 0.410708 0.200838 0.407266 0.187338 0.406151 0.186074 0.404633 0.184634 0.399164 0.175815 0.399063 0.175454 0.396430 0.173116 0.396128 0.172935 0.390557 0.170231 0.389240 0.169875 0.389138 0.169875 0.379104 0.155486 0.379104 0.155486 0.376055 0.152769 0.375357 0.152574 0.371953 0.152356 0.371844 0.152356 0.368917 0.153185 0.368208 0.153616 0.364815 0.154856 0.361057 0.155273 0.361057 0.155273 0.357432 0.157773 0.357201 0.158190 0.352034 0.167153 0.352156 0.167352 0.351690 0.172144 0.350982 0.176514 0.349818 0.180889 0.348286 0.184222 0.348177 0.184222 0.345948 0.186722 0.345828 0.186722 0.343487 0.185681 0.343367 0.185681 0.342313 0.185481 0.337047 0.204440 0.338333 0.207556 0.341492 0.210685
5 0.603078 0.481083 0.608828 0.484310 0.605878 0.499912 0.605878 0.499778 0.597497 0.498106 0.592172 0.491662 0.597417 0.484333 0.597417 0.484333 0.597784 0.483102
5 0.627294 0.525958 0.628456 0.558648 0.623503 0.550718 0.627276 0.543833 0.627372 0.542458 0.620888 0.533167 0.615583 0.525894 0.615779 0.525273 0.616492 0.523676 0.619474 0.521171 0.619237 0.516787 0.619237 0.516787 0.618849 0.514736 0.614521 0.515463 0.614294 0.512519 0.615867 0.504421 0.626068 0.510833 0.626745 0.515810
6 0.478490 0.361389 0.481776 0.362833 0.491409 0.364773 0.473984 0.370694 0.471589 0.369306 0.476268 0.360958
6 0.602362 0.437329 0.602362 0.437329 0.602362 0.442903 0.602362 0.442903 0.603414 0.448037 0.582393 0.431306 0.582393 0.431306 0.597089 0.428162 0.597089 0.428162
6 0.371365 0.295449 0.379599 0.314782 0.387844 0.330769 0.392760 0.322917 0.379068 0.295606 0.379068 0.295606 0.374953 0.296384 0.374953 0.296384 0.373289 0.295606
6 0.351021 0.297949 0.377951 0.311130 0.371365 0.295449 0.353971 0.288403
6 0.471961 0.330843 0.471961 0.330843 0.521536 0.350741 0.553156 0.375185 0.469250 0.344579 0.469250 0.344579
6 0.585034 0.480745 0.592172 0.491662 0.597417 0.484333 0.597417 0.484333 0.597784 0.483102 0.597508 0.481852 0.595589 0.478259 0.589961 0.471787 0.587609 0.477759
6 0.515359 0.346310 0.513771 0.347639 0.501365 0.342676 0.491911 0.335819 0.493576 0.333787 0.487854 0.329403 0.474388 0.316736 0.475648 0.309218 0.495768 0.326134 0.495391 0.333250
6 0.534167 0.482440 0.538906 0.498241 0.557878 0.526815 0.558190 0.523468 0.564779 0.518727 0.538854 0.482778
6 0.575411 0.402991 0.574612 0.406759 0.562047 0.407171 0.560396 0.408264 0.537901 0.408472 0.528253 0.396769 0.532383 0.396352 0.534003 0.397074 0.574703 0.396009 0.574612 0.401194
6 0.540844 0.464468 0.545354 0.470542 0.557052 0.473343 0.536094 0.453472 0.532344 0.453102
6 0.457021 0.209148 0.456641 0.210500 0.456641 0.210500 0.457021 0.211324 0.457021 0.211324 0.453982 0.218079 0.453982 0.218079 0.453940 0.218755 0.460677 0.226574 0.466076 0.233583 0.466076 0.233583 0.472870 0.242125 0.472870 0.242125 0.477440 0.245662 0.477440 0.245662 0.478729 0.247954 0.478729 0.247954 0.482128 0.250245 0.482128 0.250245 0.484120 0.250870 0.484354 0.251079 0.486812 0.253995 0.486812 0.253995 0.493375 0.260037 0.493492 0.260037 0.500992 0.266079 0.500992 0.266079
6 0.428237 0.287546 0.428237 0.287389 0.445568 0.308708 0.445479 0.308708 0.447581 0.299060 0.447581 0.299060 0.430776 0.278833 0.430776 0.278833
6 0.309005 0.324088 0.309005 0.324088 0.304956 0.328588 0.316828 0.349810 0.316828 0.349810 0.318659 0.343231 0.317982 0.339616
6 0.516109 0.392120 0.516109 0.392120 0.516818 0.397343 0.516818 0.397343 0.513880 0.404005 0.513880 0.404005 0.495552 0.393384 0.495552 0.393384 0.495102 0.389843 0.458000 0.372634 0.455143 0.364208 0.455143 0.364208 0.462992 0.369000 0.464281 0.366083
6 0.458000 0.372634 0.450906 0.368907 0.449943 0.369995 0.449680 0.372176 0.495102 0.389843
6 0.473984 0.370694 0.491409 0.364773 0.491409 0.364773 0.496875 0.372870 0.486549 0.376477 0.486549 0.376477
6 0.510570 0.370843 0.510367 0.376245 0.510367 0.376245 0.516443 0.382185 0.516443 0.382185 0.521708 0.382366 0.521708 0.382366 0.526672 0.383625 0.526672 0.383625 0.529102 0.378222 0.529102 0.378222 0.529203 0.377866 0.529203 0.377685
4 0.430096 0.349282 0.430096 0.349282 0.470740 0.429079 0.470740 0.429079 0.472096 0.432213 0.471284 0.436069 0.471284 0.436069 0.464089 0.445787 0.450406 0.449806 0.450406 0.449806 0.450812 0.453662 0.450812 0.453662 0.389484 0.406398 0.392826 0.401718 0.397578 0.395046 0.397578 0.395046 0.401719 0.389028 0.406182 0.382708 0.419276 0.364500 0.423930 0.357523
5 0.644320 0.380944 0.656661 0.361907 0.667570 0.370940 0.668659 0.378361 0.668659 0.378361 0.673922 0.411917 0.673922 0.411917 0.652487 0.401593 0.652487 0.401593 0.653049 0.396431 0.653049 0.396431 0.655773 0.392560 0.655953 0.392236 0.655573 0.390301 0.655573 0.390301
5 0.683268 0.504130 0.686534 0.510259 0.686534 0.510259 0.691435 0.522199 0.691435 0.522199 0.697424 0.534458 0.697424 0.534458 0.702688 0.545431 0.702688 0.545431 0.708857 0.558014 0.708857 0.558014 0.716299 0.571241 0.724466 0.580921 0.729729 0.589310 0.734448 0.596407 0.734448 0.596407 0.738984 0.598991 0.738984 0.598991 0.740057 0.598991 0.740057 0.598991 0.754776 0.567694 0.754776 0.567694 0.714846 0.532199 0.714846 0.532199
6 0.586549 0.533352 0.586081 0.539389 0.586081 0.539389 0.583620 0.544181 0.583620 0.544181 0.573661 0.532519 0.573661 0.532519 0.570966 0.528560 0.570966 0.528560 0.572841 0.525852 0.576229 0.530523 0.577318 0.529028 0.578437 0.527639
6 0.584932 0.530144 0.584698 0.529727 0.580128 0.522435 0.580128 0.522435 0.580779 0.520204 0.565776 0.496903 0.570656 0.500273 0.585297 0.514495 0.587862 0.520352 0.589151 0.525352 0.589151 0.525352 0.587042 0.529935
5 0.626682 0.576690 0.626682 0.576690 0.628000 0.578852 0.628000 0.579032 0.628404 0.581912 0.628404 0.582454 0.628810 0.588394 0.645719 0.601861 0.641924 0.595352 0.640161 0.591014 0.640161 0.591014 0.638331 0.590120 0.636055 0.584986 0.628440 0.573940
5 0.721354 0.582056 0.721354 0.582056 0.716336 0.588745 0.716336 0.588745 0.712099 0.591815 0.712099 0.591815 0.702375 0.601019 0.702375 0.601019 0.699237 0.598787 0.699237 0.598787 0.694531 0.599903 0.694531 0.599903 0.692807 0.613009 0.692807 0.613009 0.692023 0.617190 0.688885 0.621653 0.688885 0.621653 0.687245 0.624588 0.687245 0.624588 0.680060 0.612296 0.680060 0.612296 0.674581 0.604190 0.674581 0.604190 0.679599 0.598889 0.647490 0.520009 0.637076 0.495356 0.637076 0.495356 0.636544 0.478028 0.636544 0.478028 0.643992 0.476060 0.643992 0.476060 0.650094 0.475810 0.654440 0.478708 0.683268 0.504130 0.686534 0.510259 0.691435 0.522199 0.697424 0.534458 0.697424 0.534458 0.702688 0.545431 0.702688 0.545431 0.708857 0.558014 0.708857 0.558014 0.716299 0.571241 0.720052 0.578264
5 0.771617 0.582856 0.757461 0.607380 0.757461 0.607056 0.746570 0.624801 0.741128 0.632222 0.741128 0.632222 0.736771 0.642222 0.731508 0.628449 0.727297 0.622931 0.727297 0.622931 0.719294 0.619542 0.719021 0.619315 0.714956 0.617606 0.711307 0.617866 0.711164 0.618088 0.708732 0.617380 0.706154 0.613769 0.703977 0.613991 0.703977 0.613991 0.699784 0.617866 0.699784 0.617866 0.696789 0.622931 0.695573 0.624606 0.694901 0.628931 0.694901 0.629671 0.694357 0.638352 0.689427 0.638278 0.692667 0.633745 0.687245 0.624588 0.688885 0.621653 0.688885 0.621653 0.692023 0.617190 0.692807 0.613009 0.692807 0.613009 0.694531 0.599903 0.694531 0.599903 0.699237 0.598787 0.699237 0.598787 0.702375 0.601019 0.702375 0.601019 0.712099 0.591815 0.712099 0.591815 0.716336 0.588745 0.716336 0.588745 0.721354 0.582056 0.721354 0.582056 0.720052 0.578264 0.716299 0.571241 0.724466 0.580921 0.729729 0.589310 0.734448 0.596407 0.734448 0.596407 0.738984 0.598991 0.738984 0.598991 0.740057 0.598991 0.740057 0.598991 0.754776 0.567694 0.754776 0.567694 0.754776 0.567694 0.763487 0.575208
5 0.757854 0.616523 0.753148 0.636319 0.753148 0.636319 0.751424 0.648310 0.751424 0.648310 0.750326 0.655005 0.750484 0.655005 0.754091 0.654727 0.752365 0.661699 0.747818 0.661977 0.747818 0.661977 0.745779 0.666157 0.745620 0.666440 0.744365 0.668667 0.744208 0.668667 0.741542 0.658074 0.741542 0.658074 0.736771 0.642222 0.736771 0.642222 0.741128 0.632222 0.746570 0.624801 0.746570 0.624801 0.757461 0.607056
5 0.744208 0.671458 0.744523 0.678431 0.744523 0.678431 0.742641 0.680657 0.742641 0.680657 0.741385 0.685958 0.741385 0.685958 0.737935 0.702130 0.737935 0.701852 0.736208 0.711333 0.734484 0.720259 0.734484 0.720537 0.733073 0.725556 0.731818 0.733644 0.731818 0.733644 0.730406 0.740616 0.730406 0.740616 0.722091 0.741731 0.722091 0.741731 0.720836 0.740616 0.720836 0.740616 0.696839 0.690699 0.696839 0.690699 0.683034 0.663926 0.683034 0.663926 0.669674 0.636037 0.681430 0.630181 0.689427 0.638278 0.694357 0.638352 0.694901 0.629671 0.694901 0.628931 0.695573 0.624606 0.696789 0.622931 0.699784 0.617866 0.699784 0.617866 0.703977 0.613991 0.703977 0.613991 0.706154 0.613769 0.708732 0.617380 0.711164 0.618088 0.711307 0.617866 0.714956 0.617606 0.719021 0.619315 0.719294 0.619542 0.727297 0.622931 0.727297 0.622931 0.731508 0.628449 0.736771 0.642222 0.741385 0.657792 0.742484 0.661139 0.744208 0.668667
6 0.431768 0.326750 0.431016 0.332176 0.427786 0.352315 0.424828 0.356181 0.428654 0.334009 0.430432 0.325153 0.431794 0.318296 0.433490 0.318634
6 0.537297 0.520588 0.547279 0.528005 0.547279 0.528005 0.525768 0.452306 0.525768 0.452306 0.524609 0.451898 0.522318 0.466944
6 0.545742 0.488745 0.544586 0.491056 0.564779 0.518727 0.566505 0.520958 0.569641 0.519005 0.547044 0.487329
5 0.524937 0.489167 0.527917 0.487542 0.537297 0.520588 0.534034 0.517051 0.522271 0.503111 0.522271 0.503111 0.522742 0.495579
5 0.551719 0.530963 0.547279 0.528005 0.538906 0.498241 0.557878 0.526815 0.555682 0.533505
6 0.467070 0.222259 0.486328 0.211056 0.490177 0.218056 0.489216 0.223037 0.473724 0.230815
6 0.494641 0.243731 0.490354 0.250889 0.490354 0.252134 0.500992 0.266079 0.502560 0.266991 0.499914 0.251931
6 0.356339 0.318870 0.353714 0.324759 0.353276 0.327204 0.380456 0.346639 0.383448 0.339662 0.384268 0.337532
6 0.357833 0.337222 0.377073 0.344657 0.353276 0.327204 0.353714 0.324759 0.356339 0.318870 0.346458 0.313431 0.341440 0.330681
6 0.564549 0.535630 0.572245 0.546486 0.591148 0.560759 0.592151 0.560315 0.590440 0.557014 0.590440 0.557014 0.584581 0.548472 0.584581 0.548472 0.579776 0.541806 0.573661 0.532519 0.570966 0.528560
6 0.481776 0.362833 0.466896 0.356583 0.469250 0.344579 0.553156 0.375185 0.573521 0.391787 0.574445 0.393995 0.550443 0.385769 0.529203 0.377685 0.510570 0.370843 0.508424 0.368569 0.507578 0.368569 0.506146 0.369917 0.491409 0.364773
6 0.413354 0.281509 0.411320 0.285125 0.411320 0.285125 0.412271 0.293801 0.412271 0.293801 0.421349 0.303898 0.424745 0.306444 0.425549 0.305301 0.427651 0.305921 0.427740 0.307338 0.435180 0.308500 0.418870 0.288028
6 0.389734 0.299370 0.381422 0.294546 0.379068 0.295606 0.389122 0.315708 0.395424 0.319134 0.397437 0.315398
6 0.395521 0.294259 0.401990 0.308861 0.400076 0.311106 0.397437 0.315398 0.389734 0.299370 0.387523 0.291593 0.389904 0.282282
6 0.388802 0.334028 0.397979 0.353630 0.404195 0.352227 0.403932 0.345694 0.394654 0.325310 0.390542 0.331065
6 0.414680 0.336889 0.423930 0.357523 0.419276 0.364500 0.411927 0.346944 0.413945 0.342773 0.413945 0.342773 0.413232 0.338356
6 0.412133 0.303440 0.424745 0.306444 0.421424 0.316574 0.412497 0.315231
5 0.621250 0.486755 0.618674 0.495671 0.618674 0.495671 0.616911 0.492537 0.616911 0.492537 0.610810 0.496634 0.610810 0.496634 0.610268 0.489648 0.610268 0.489648 0.613672 0.466435 0.616625 0.467093 0.620573 0.484343 0.620573 0.484343
5 0.601266 0.503093 0.602000 0.499394 0.605878 0.499778 0.611430 0.465866 0.613698 0.466389 0.613698 0.466389 0.610268 0.489648 0.610268 0.489648 0.610810 0.496634 0.607315 0.510134 0.607706 0.511676 0.607339 0.512060
6 0.525391 0.408981 0.549852 0.437407 0.570323 0.461583 0.580961 0.474778 0.584357 0.464986 0.560312 0.435634 0.523464 0.390588 0.516443 0.382185 0.510367 0.376245 0.510130 0.384704 0.506263 0.386995 0.516109 0.392120 0.516818 0.397343
6 0.551727 0.425347 0.589573 0.418472 0.589924 0.420347 0.597089 0.428162 0.582393 0.431306 0.567839 0.433935 0.560312 0.435634
6 0.547865 0.420324 0.560279 0.419722 0.560396 0.408264 0.537901 0.408472
6 0.580391 0.410926 0.589573 0.418472 0.573990 0.421657 0.571130 0.417296 0.576552 0.408134
6 0.536747 0.441759 0.550799 0.438620 0.541599 0.427926 0.531396 0.430657 0.525948 0.431741
6 0.584917 0.449856 0.582906 0.449093 0.583130 0.451481 0.583018 0.456060 0.581786 0.460838 0.585370 0.461833 0.589310 0.461181 0.590294 0.460644 0.592260 0.463602 0.594010 0.460509 0.595286 0.462931 0.611430 0.465866 0.616625 0.467093 0.610182 0.454699 0.604161 0.453296 0.589174 0.450597
6 0.492219 0.409639 0.499385 0.408843 0.522339 0.428153 0.537456 0.442486 0.561979 0.463389 0.561979 0.465579 0.562091 0.467171 0.561979 0.468764 0.557052 0.473343 0.525698 0.443481 0.526482 0.439301 0.526146 0.437509 0.522339 0.438903 0.521443 0.441491 0.514948 0.435319 0.515620 0.433528 0.514836 0.428153 0.505992 0.420588 0.505521 0.419352 0.502857 0.417204 0.500953 0.418000 0.490987 0.411431
6 0.505365 0.435185 0.511974 0.439407 0.514948 0.435319 0.515620 0.433528 0.514836 0.428153 0.505755 0.420417
6 0.474479 0.414213 0.498044 0.429486 0.500294 0.419088 0.500953 0.418000 0.490987 0.411431 0.489513 0.415347 0.456911 0.401338 0.457273 0.403269
6 0.511018 0.441329 0.512810 0.451083 0.518909 0.451588 0.521443 0.441491 0.514948 0.435319 0.511974 0.439407
6 0.553906 0.456259 0.568013 0.458250 0.556031 0.444514 0.538117 0.441727 0.537456 0.442486
6 0.587385 0.500454 0.592648 0.507620 0.601047 0.517773 0.604182 0.512889 0.604865 0.516926 0.609836 0.515699 0.607339 0.512060 0.601266 0.503093 0.597497 0.498106 0.592172 0.491662 0.585034 0.480745 0.583802 0.482537 0.580339 0.476574 0.577370 0.485000
6 0.569245 0.487116 0.582122 0.499458 0.589289 0.503639 0.589513 0.502843 0.587385 0.500454 0.577370 0.485000 0.576484 0.485093 0.573503 0.479065 0.568349 0.473778 0.569693 0.482736
6 0.577419 0.506824 0.570656 0.500273 0.565776 0.496903 0.561518 0.492208 0.561854 0.486120 0.569245 0.487116 0.582122 0.499458 0.589289 0.503639 0.592648 0.507620 0.601047 0.517773 0.596766 0.524310 0.592984 0.515583 0.587862 0.520352 0.585297 0.514495
6 0.600732 0.535708 0.605956 0.547986 0.607708 0.552005 0.616833 0.577894 0.617641 0.580495 0.606555 0.572139 0.601516 0.557606 0.592891 0.537870 0.593367 0.533685 0.593367 0.533685 0.590909 0.531394 0.592781 0.526602 0.591844 0.525769 0.591844 0.525769 0.589872 0.529338 0.589151 0.525352 0.587862 0.520352 0.592984 0.515583 0.596766 0.524310 0.593484 0.528894 0.596063 0.534519 0.599813 0.531602
6 0.618276 0.544009 0.630383 0.560699 0.627453 0.565907 0.618760 0.555190 0.619263 0.552431 0.610826 0.542222 0.611797 0.538843
6 0.533828 0.418796 0.524414 0.418597 0.515440 0.418477 0.510437 0.409222 0.525391 0.408981
6 0.499385 0.408843 0.508857 0.408366 0.508633 0.407171 0.509641 0.406972 0.510437 0.409222 0.525391 0.408981 0.516818 0.397343 0.513880 0.404005 0.502362 0.397218 0.499341 0.398412 0.495422 0.398412 0.492219 0.409639
6 0.528320 0.461120 0.569641 0.519005 0.572841 0.525852 0.576229 0.530523 0.577318 0.529028 0.578437 0.527639 0.580128 0.522435 0.580779 0.520204 0.565776 0.496903 0.561518 0.492208 0.559628 0.489653 0.532266 0.453056 0.525768 0.452306
6 0.374695 0.325528 0.387104 0.331032 0.387844 0.330769 0.384268 0.337532 0.356339 0.318870 0.346458 0.313431 0.346708 0.312606
6 0.387706 0.336579 0.384349 0.342704 0.383102 0.346463 0.390766 0.349676 0.389617 0.346301 0.390531 0.345606 0.392911 0.352903 0.402310 0.356759 0.403177 0.356500 0.404346 0.354287 0.404195 0.352227 0.397979 0.353630 0.390888 0.338634
5 0.449167 0.289639 0.475648 0.309218 0.475648 0.309218 0.471961 0.330843 0.469250 0.344579 0.469250 0.344579 0.466273 0.359000 0.464281 0.366083 0.462992 0.369000 0.462992 0.369000 0.455143 0.364208 0.450807 0.358375 0.450807 0.358375 0.447760 0.353375 0.447760 0.353375 0.444128 0.341296 0.444128 0.341296 0.442372 0.335255 0.442255 0.335255 0.441435 0.329213 0.441435 0.329213 0.442760 0.320509 0.445479 0.308708 0.445070 0.310657 0.445070 0.310657 0.447581 0.299060
5 0.431016 0.332176 0.427786 0.352315 0.430096 0.349282 0.438852 0.366065 0.438852 0.366065 0.447586 0.364870 0.447586 0.364870 0.447667 0.367662 0.447667 0.367662 0.447586 0.368653 0.447586 0.368653 0.447430 0.370181 0.447318 0.371088 0.447318 0.371088 0.449680 0.372176 0.449943 0.369995 0.450906 0.368907 0.458000 0.372634 0.458000 0.372634 0.455143 0.364208 0.450807 0.358375 0.447760 0.353375 0.444128 0.341296 0.442255 0.335255 0.441435 0.329213 0.441435 0.329213 0.440867 0.324657 0.440867 0.324657 0.438740 0.325653 0.438740 0.325653
6 0.402122 0.320685 0.409271 0.323241 0.412685 0.324639 0.429167 0.330370 0.428654 0.334009 0.421159 0.339986 0.404549 0.332574 0.401018 0.331296 0.400497 0.328856 0.401151 0.326065
6 0.423880 0.316898 0.433490 0.318634 0.442760 0.320370 0.445070 0.310657 0.435180 0.308500 0.427740 0.307338
5 0.477117 0.467620 0.488518 0.466468 0.488518 0.466468 0.495391 0.481620 0.494607 0.487426 0.494607 0.487426 0.476339 0.474528 0.476339 0.474528
6 0.485643 0.459218 0.487370 0.455315 0.489880 0.455037 0.509799 0.498537 0.509167 0.498796 0.499661 0.491435 0.495234 0.481481 0.488518 0.466468
6 0.486708 0.440606 0.464089 0.445787 0.450406 0.449806 0.450812 0.453662 0.456221 0.458329 0.462898 0.456264 0.467641 0.457981 0.468997 0.455917 0.483901 0.452306 0.492997 0.449727 0.495805 0.438542
6 0.502177 0.459245 0.508177 0.466296 0.514008 0.467486 0.514299 0.465569 0.517479 0.455940 0.505049 0.451565 0.505000 0.455620
6 0.631055 0.501162 0.639503 0.523764 0.651797 0.550681 0.666768 0.587199 0.672331 0.601338 0.674581 0.604190 0.679599 0.598889 0.647490 0.520009 0.637076 0.495356 0.634695 0.491514 0.627422 0.473981 0.625854 0.472093
6 0.637401 0.518366 0.637969 0.540412 0.631055 0.501162
6 0.627482 0.530884 0.628456 0.558648 0.630326 0.560542 0.630906 0.558648 0.634487 0.550736 0.626745 0.515810 0.627294 0.525958
5 0.656568 0.608875 0.649831 0.604310 0.639948 0.551296 0.640703 0.548843 0.642568 0.543829 0.642568 0.543829 0.639404 0.536329 0.637969 0.540412 0.637401 0.518366 0.639503 0.523764 0.651797 0.550681 0.666768 0.587199 0.672331 0.601338 0.674581 0.604190 0.680060 0.612296 0.687245 0.624588 0.692667 0.633745 0.689427 0.638278 0.681430 0.630181 0.669674 0.636037
6 0.601146 0.417384 0.598682 0.424551 0.597089 0.428162 0.602362 0.437329 0.616872 0.464278 0.619484 0.464106 0.613576 0.452019 0.613352 0.448634 0.613576 0.446245 0.613464 0.439282 0.609096 0.429329 0.605177 0.420968 0.602490 0.418380
2 0.569568 0.462394 0.570779 0.466963 0.573503 0.479065 0.573503 0.479065 0.576484 0.485093 0.576484 0.485093 0.577706 0.484611 0.580961 0.474778 0.580961 0.474778 0.570247 0.461583 0.570323 0.461583
6 0.484083 0.452384 0.486615 0.457083 0.485643 0.459218 0.488518 0.466468 0.488518 0.466468 0.477117 0.467620 0.476422 0.462310 0.466094 0.461250 0.467760 0.457963 0.469010 0.455972
2 0.639948 0.551296 0.649831 0.604310 0.645719 0.601861 0.641924 0.595352 0.640161 0.591014 0.640156 0.590958 0.637656 0.576329 0.638260 0.574319 0.637818 0.571310 0.636771 0.569815 0.635365 0.560139 0.638583 0.553620
6 0.491805 0.439537 0.474112 0.425407 0.468737 0.424412 0.470740 0.429079 0.472096 0.432213 0.471284 0.436069 0.471284 0.436069 0.464089 0.445787 0.486708 0.440606
6 0.333094 0.287727 0.320914 0.283963 0.319552 0.282620 0.316073 0.282620 0.315013 0.284231 0.313349 0.287593 0.312820 0.296468 0.314031 0.298755 0.321443 0.324981 0.323182 0.324171 0.323487 0.319199 0.321443 0.301310 0.327948 0.303866 0.331198 0.304676 0.333073 0.298009 0.331062 0.296306 0.331062 0.296306
6 0.401602 0.389148 0.411667 0.375384 0.397148 0.373148 0.395214 0.377963 0.392503 0.383296
6 0.346708 0.312606 0.387104 0.331032 0.387844 0.330769 0.379599 0.314782 0.377951 0.311130 0.351172 0.297963
5 0.353432 0.290042 0.332284 0.361620 0.332284 0.361620 0.316828 0.349810 0.316828 0.349810 0.325234 0.323782 0.325234 0.323782 0.331198 0.304676 0.333073 0.298009 0.331062 0.296306 0.331062 0.296306 0.334047 0.283773 0.336487 0.277509 0.336487 0.277509 0.338656 0.278954 0.338656 0.278954 0.339133 0.275208 0.339133 0.275208 0.342070 0.278449 0.355641 0.283130
6 0.577953 0.395616 0.577953 0.395435 0.584333 0.401394 0.584333 0.401394 0.584232 0.402995 0.574612 0.401194 0.574612 0.401194 0.574703 0.396009 0.534003 0.397074 0.534003 0.397074 0.532383 0.396352 0.532383 0.396352 0.531065 0.391130 0.531065 0.391130 0.559797 0.392278 0.559797 0.392278 0.574445 0.393995
6 0.540544 0.384565 0.526672 0.383625 0.521708 0.382366 0.516443 0.382185 0.523464 0.390588 0.559797 0.392278 0.559797 0.392278 0.574445 0.393995 0.550443 0.385769 0.550443 0.385769
6 0.456911 0.401338 0.446448 0.380667 0.446901 0.378921 0.447318 0.371088 0.449680 0.372176 0.495102 0.389843 0.495552 0.393384 0.495422 0.398412 0.492219 0.409639 0.490987 0.411431 0.489513 0.415347
6 0.387159 0.379236 0.382242 0.376023 0.381469 0.367815 0.380466 0.362546 0.377656 0.359676 0.378021 0.358329 0.381464 0.351130 0.383102 0.346463 0.390766 0.349676 0.392036 0.353741 0.394260 0.363042 0.394260 0.363042 0.395305 0.369083 0.395305 0.369083 0.395568 0.371060 0.394539 0.373116 0.394539 0.373116 0.393690 0.373815 0.393495 0.373931 0.392906 0.374861 0.392841 0.374977 0.392318 0.377764 0.392318 0.377764 0.390487 0.380903
6 0.346805 0.359190 0.334661 0.353856 0.341440 0.330681 0.357833 0.337222 0.377073 0.344657 0.380456 0.346639 0.379083 0.349958 0.376370 0.355468 0.375833 0.356764 0.375742 0.357032 0.374844 0.357593 0.374568 0.358079 0.374568 0.358079 0.374115 0.358843 0.370372 0.361958 0.365003 0.366944 0.360865 0.365116
6 0.616911 0.492537 0.610810 0.496634 0.610810 0.496634 0.607315 0.510134 0.607315 0.510134 0.607706 0.511676 0.607706 0.511676 0.607706 0.511676 0.614294 0.512519 0.614294 0.512519 0.615867 0.504421 0.618203 0.494907
6 0.589174 0.450597 0.604161 0.453296 0.603414 0.448037 0.582393 0.431306 0.567839 0.433935
6 0.559812 0.423991 0.573990 0.421657 0.571130 0.417296 0.562047 0.407171 0.560396 0.408264 0.560279 0.419722 0.556224 0.420102
6 0.403854 0.291667 0.390016 0.279065 0.389904 0.282282 0.395521 0.294259 0.398242 0.300074 0.405333 0.302250 0.406690 0.300755
2 0.512216 0.478764 0.512943 0.481495 0.512943 0.481495 0.513667 0.483681 0.513956 0.486250 0.513956 0.486380 0.513667 0.488306 0.512365 0.500903 0.509799 0.498537 0.509836 0.498588 0.500849 0.479171
2 0.519484 0.485926 0.524937 0.489167 0.522742 0.495579 0.522271 0.503111 0.522271 0.503111 0.534034 0.517051 0.512365 0.500903 0.513667 0.488306 0.513667 0.488306 0.513956 0.486380 0.514411 0.484903 0.518333 0.493269
6 0.593367 0.533685 0.593367 0.533685 0.590909 0.531394 0.592781 0.526602 0.591844 0.525769 0.591844 0.525769 0.587042 0.536185 0.586081 0.539389 0.586081 0.539389 0.583620 0.544181 0.583620 0.544181 0.580948 0.540972 0.580948 0.540972 0.579776 0.541806 0.579776 0.541806 0.584581 0.548472 0.584581 0.548472 0.590440 0.557014 0.590440 0.557014 0.592664 0.548889 0.592891 0.537870
6 0.640703 0.548843 0.638583 0.553620 0.638583 0.553620 0.632258 0.566532 0.632258 0.566532 0.628440 0.573940 0.626682 0.576690 0.624641 0.581741 0.623565 0.580597 0.621359 0.578407 0.621359 0.578407 0.627453 0.565907 0.630266 0.560699 0.630326 0.560542 0.630906 0.558648 0.634487 0.550736 0.637969 0.540412 0.639404 0.536329 0.639404 0.536329 0.642568 0.543829 0.642568 0.543829
2 0.595583 0.547056 0.592669 0.552231 0.591888 0.551634 0.590440 0.557014 0.592151 0.560315 0.592781 0.561787 0.606555 0.572139 0.601516 0.557606
2 0.522099 0.438889 0.522255 0.438889 0.526018 0.437218 0.526018 0.437218 0.526490 0.439444 0.526490 0.439444 0.518333 0.493269 0.514411 0.484903 0.514411 0.484903 0.512216 0.478764 0.512068 0.472190 0.514299 0.465569 0.514299 0.465569 0.518909 0.451588
2 0.515193 0.256097 0.515268 0.256097 0.516781 0.259056 0.516781 0.259056 0.515799 0.259866 0.511865 0.261477 0.511865 0.261477 0.506495 0.266051 0.503318 0.267394 0.503318 0.267394 0.502560 0.266991 0.499914 0.251931 0.499839 0.247088 0.499914 0.247088 0.502266 0.245093
6 0.406034 0.278134 0.406034 0.278134 0.410729 0.296204 0.409089 0.303056 0.406846 0.302477 0.406846 0.302477 0.400068 0.277412 0.400068 0.277412 0.403052 0.279338 0.403052 0.279338
2 0.412073 0.289944 0.412073 0.289944 0.407958 0.307523 0.407958 0.307523 0.406995 0.312037 0.407083 0.312037 0.407169 0.314838 0.407169 0.314838 0.408221 0.316551 0.409271 0.323241 0.409271 0.323241 0.412685 0.324639 0.412685 0.324639 0.412333 0.306125 0.412333 0.306125
6 0.416224 0.284769 0.435180 0.308500 0.435180 0.308500 0.445070 0.310657 0.445479 0.308708 0.445479 0.308708 0.428237 0.287389 0.419055 0.277407 0.416219 0.277588
1 0.378862 0.362769 0.377211 0.361389 0.374115 0.358843 0.374568 0.358079 0.374568 0.358079 0.374844 0.357593 0.375346 0.357810 0.378547 0.360472 0.380466 0.362546 0.380466 0.362546 0.381469 0.367815 0.382547 0.379602 0.383635 0.392792 0.383635 0.392792 0.383383 0.393542 0.383383 0.393542 0.383000 0.393542 0.382961 0.393463 0.382536 0.393088 0.382497 0.392944 0.380596 0.369602 0.380596 0.369602 0.379753 0.363676 0.379753 0.363676
8 0.408271 0.352546 0.408271 0.352546 0.403823 0.360449 0.403823 0.360449 0.399576 0.368468 0.399576 0.368468 0.396568 0.374861 0.395326 0.377880 0.394018 0.380556 0.394018 0.380556 0.392055 0.384042 0.392055 0.384042 0.384930 0.396477 0.384930 0.396477 0.384216 0.396315 0.384216 0.396315 0.383359 0.395898 0.383164 0.395199 0.383164 0.395199 0.383383 0.393542 0.383359 0.394037 0.383635 0.392792 0.383635 0.392792 0.390487 0.380903 0.390487 0.380903 0.392318 0.377764 0.392318 0.377764 0.392841 0.374977 0.392906 0.374861 0.393495 0.373931 0.393690 0.373815 0.394539 0.373116 0.394539 0.373116 0.395568 0.371060 0.395716 0.371023 0.396482 0.369667 0.398333 0.365444 0.398333 0.365444 0.401927 0.358819 0.401927 0.358819 0.404346 0.354287 0.404346 0.354287 0.407159 0.348824 0.407159 0.348824 0.409896 0.343843 0.412646 0.338588 0.413232 0.338356 0.413945 0.342773 0.413945 0.342773 0.411927 0.346944
9 0.450547 0.379458 0.450547 0.379458 0.449409 0.384125 0.449409 0.384125 0.449846 0.386616 0.449846 0.386616 0.451773 0.388792 0.451859 0.388792 0.459562 0.392685 0.460786 0.391282 0.461138 0.390505 0.461750 0.388329 0.461839 0.387861 0.460786 0.383657 0.460701 0.383347 0.453786 0.378213 0.453698 0.378213
2 0.558190 0.523468 0.558190 0.523468 0.564779 0.518727 0.566505 0.520958 0.569641 0.519005 0.569641 0.519005 0.570966 0.528560 0.570966 0.528560 0.561641 0.538523 0.561641 0.538523 0.557406 0.536014 0.557406 0.536014 0.555682 0.533505 0.555682 0.533505 0.557878 0.526815
6 0.614964 0.563278 0.618208 0.556806 0.619263 0.552431 0.610826 0.542222 0.607708 0.552005
2 0.594010 0.460509 0.595286 0.462931 0.595437 0.466023 0.595437 0.466023 0.595893 0.468579 0.595893 0.468579 0.600052 0.469921 0.600203 0.471671 0.600203 0.471671 0.603836 0.469250 0.603836 0.469250 0.604591 0.471537 0.595589 0.478259 0.595589 0.478259 0.588620 0.466944 0.589310 0.461181 0.589310 0.461181 0.590294 0.460644 0.590294 0.460644 0.592260 0.463602
2 0.604182 0.512889 0.604865 0.516787 0.604865 0.516926 0.609836 0.515699 0.618849 0.514736 0.619237 0.516787 0.619237 0.516787 0.619474 0.521171 0.616492 0.523676 0.599813 0.531602 0.599813 0.531602 0.596063 0.534519 0.593484 0.528894 0.596766 0.524310
2 0.349117 0.360255 0.344359 0.370699 0.344359 0.370699 0.354891 0.379162 0.354891 0.379162 0.360865 0.365116
8 0.377656 0.359676 0.378021 0.358329 0.381464 0.351130 0.384349 0.342704 0.384349 0.342704 0.389594 0.332602 0.389594 0.332602 0.403245 0.311412 0.403245 0.311412 0.408047 0.303870 0.408047 0.303870 0.408219 0.302356 0.408219 0.302356 0.407083 0.300667 0.407083 0.300667 0.406690 0.300755 0.406690 0.300755 0.400076 0.311106 0.392604 0.323194 0.387844 0.330769 0.387844 0.330769 0.383448 0.339662 0.383448 0.339662 0.379083 0.349958 0.379083 0.349958 0.376370 0.355468 0.376370 0.355468 0.375833 0.356764 0.375742 0.357032 0.375346 0.357810
2 0.508424 0.368569 0.508424 0.368569 0.510570 0.370843 0.510367 0.376245 0.510130 0.384704 0.506263 0.386995 0.499323 0.383810 0.500677 0.378435 0.507578 0.368569
2 0.500294 0.419088 0.500294 0.419088 0.502177 0.417417 0.502812 0.417083 0.505628 0.419370 0.505703 0.419907 0.505000 0.455620 0.505000 0.455620 0.502177 0.459245 0.502177 0.459245 0.494805 0.464264 0.494805 0.464264 0.491354 0.457574 0.491354 0.457574
2 0.626745 0.515810 0.634487 0.550736 0.637969 0.540412 0.625854 0.472093 0.619484 0.464106 0.616872 0.464278 0.616625 0.467093 0.620573 0.484343 0.621250 0.486755 0.623745 0.498259 0.626068 0.510833
8 0.357266 0.377593 0.359622 0.375921 0.362813 0.372981 0.364234 0.374093 0.365318 0.374481 0.372331 0.368310 0.375990 0.363935 0.377211 0.361389 0.374065 0.358801 0.370372 0.361958 0.363167 0.368676 0.362164 0.370042 0.360096 0.371931 0.358503 0.373926 0.357083 0.375079
2 0.416461 0.368509 0.411667 0.375384 0.397148 0.373148 0.399576 0.368468 0.399576 0.368468 0.403823 0.360449 0.403823 0.360449 0.408271 0.352546 0.408271 0.352546 0.411927 0.346944 0.419276 0.364500
2 0.374070 0.369861 0.366039 0.387852 0.354891 0.379162 0.360865 0.365116 0.365003 0.366944 0.363167 0.368676 0.362164 0.370042 0.360096 0.371931 0.358503 0.373926 0.357083 0.375079 0.357266 0.377593 0.359622 0.375921 0.362813 0.372981 0.364234 0.374093 0.365318 0.374481 0.372331 0.368310
