0 0.489896 0.377903 0.468250 0.396588 0.467034 0.390468 0.467034 0.390468 0.466971 0.384611 0.468328 0.373046 0.469628 0.367764 0.472594 0.360204 0.477456 0.352463 0.480089 0.349546 0.490797 0.338213 0.491208 0.327380 0.496773 0.315069 0.497581 0.314593 0.498260 0.316051 0.501378 0.311694 0.505174 0.301824 0.507141 0.306139 0.515141 0.311926 0.515141 0.311926 0.539813 0.312889 0.541625 0.313495 0.542682 0.310940 0.545104 0.307579 0.549188 0.307310 0.549945 0.303676 0.549794 0.302065 0.550776 0.301125 0.557586 0.299509 0.561518 0.298301 0.565227 0.297356 0.568479 0.296685 0.572940 0.297759 0.577555 0.299509 0.580732 0.303139 0.583654 0.305417 0.585680 0.309921 0.588109 0.317843 0.590237 0.324861 0.590844 0.328282 0.592060 0.335486 0.591958 0.342505 0.590284 0.351245 0.588716 0.356819 0.585578 0.359329 0.582284 0.361005 0.580401 0.340648 0.576010 0.335907 0.572516 0.331866 0.570591 0.329884 0.567755 0.329704 0.563198 0.330426 0.557729 0.333306 0.555299 0.333847 0.553680 0.332764 0.552768 0.333486 0.551755 0.333847 0.550539 0.333847 0.549729 0.331866 0.548818 0.333306 0.548516 0.335468 0.548008 0.338528 0.549122 0.341769 0.551349 0.345907 0.552565 0.347528 0.556089 0.350130 0.558443 0.351801 0.562490 0.371574 0.563995 0.379130 0.566099 0.390139 0.565917 0.396269 0.564828 0.401755 0.562651 0.408208 0.558839 0.412727 0.557206 0.414338 0.555391 0.417889 0.552487 0.420792 0.549763 0.421116 0.546680 0.420792 0.544138 0.419176 0.542687 0.417241 0.541961 0.414981 0.541779 0.410144 0.542687 0.405625 0.543956 0.399171 0.545591 0.393366 0.546135 0.390139 0.546135 0.387880 0.545581 0.385542 0.529266 0.399764 0.530708 0.403690 0.536698 0.411755 0.537969 0.415306 0.538331 0.422403 0.537242 0.431440 0.535789 0.433699 0.534518 0.434986 0.533250 0.438861 0.531435 0.442088 0.528893 0.443056 0.527078 0.441440 0.521633 0.440148 0.518911 0.442088 0.517096 0.442407 0.515643 0.439829 0.514193 0.434343 0.513466 0.431116 0.508747 0.424338 0.507477 0.419500 0.506680 0.417222 0.505581 0.412204 0.512641 0.402722 0.511542 0.393796 0.512013 0.359500 0.511141 0.357306 0.510380 0.357551 0.510055 0.357306 0.507479 0.359718 0.504768 0.362125 0.501922 0.364778 0.491755 0.373694 0.491076 0.374898
5 0.361945 0.098875 0.357141 0.102208 0.357141 0.102208 0.355034 0.098250 0.355034 0.098250 0.350932 0.099708 0.346714 0.103042 0.346948 0.105329 0.344370 0.110537 0.337693 0.107204 0.335701 0.104912 0.334411 0.106787 0.334557 0.110185 0.344539 0.133958 0.352091 0.148708 0.355750 0.157630 0.365375 0.180282 0.366055 0.185343 0.382729 0.220773 0.385846 0.229690 0.389508 0.228727 0.392219 0.235718 0.393031 0.242463 0.393945 0.242769 0.395469 0.245454 0.402966 0.247620 0.408333 0.240958 0.409951 0.233042 0.410255 0.224750 0.412891 0.224042 0.415318 0.225125 0.414919 0.222065 0.389492 0.166968 0.373615 0.137097 0.373263 0.132722 0.372094 0.125847
5 0.447531 0.419968 0.454852 0.434440 0.462581 0.424069 0.462443 0.421931 0.464669 0.418597 0.462208 0.407139 0.460568 0.405245 0.459982 0.403579 0.468409 0.396352 0.468250 0.396588 0.467034 0.390468 0.459245 0.397630 0.445281 0.415222
5 0.563995 0.379130 0.583602 0.367139 0.583602 0.367139 0.603836 0.354870 0.627052 0.342319 0.625641 0.339810 0.627992 0.333676 0.628464 0.326981 0.624857 0.329213 0.622503 0.322241 0.621875 0.317500 0.621091 0.316944 0.610581 0.323917 0.601276 0.331194 0.601065 0.334046 0.601065 0.334046 0.602378 0.339630 0.594880 0.347380 0.594833 0.347338 0.590284 0.351245 0.588716 0.356819 0.585578 0.359329 0.582284 0.361005 0.575945 0.365023 0.569875 0.367708 0.564792 0.369852 0.562490 0.371574
5 0.565443 0.580324 0.574065 0.593431 0.574292 0.597634 0.625484 0.684870 0.624031 0.688412 0.631318 0.699204 0.644542 0.719005 0.649372 0.712282 0.651271 0.707431 0.658188 0.707792 0.662188 0.707431 0.666391 0.711139 0.672477 0.706287 0.675206 0.697699 0.671003 0.686125 0.615146 0.590199 0.577563 0.525616 0.577500 0.525588 0.572794 0.544546 0.569187 0.557097 0.568089 0.561278 0.566206 0.574384
5 0.594802 0.507375 0.588997 0.513231 0.578750 0.522546 0.577563 0.525616 0.615146 0.590199 0.671003 0.686125 0.675206 0.697699 0.678531 0.696944 0.687521 0.684843 0.696021 0.674495 0.696021 0.664986 0.695049 0.656787 0.683708 0.637519 0.610643 0.513569 0.602865 0.498259 0.599883 0.503528
5 0.552404 0.547616 0.554599 0.545106 0.557737 0.537296 0.560872 0.534787 0.564638 0.533671 0.566365 0.532556 0.568716 0.528931 0.566677 0.553472 0.566833 0.557097 0.564638 0.565741 0.562284 0.572713 0.554443 0.557935 0.555698 0.554588
5 0.581031 0.509773 0.592396 0.503106 0.592044 0.509769 0.588997 0.513231 0.578750 0.522546
5 0.459982 0.403579 0.468250 0.396588 0.489896 0.377903 0.512013 0.359500 0.511542 0.393796 0.512641 0.402722 0.505581 0.412204 0.506680 0.417222 0.498208 0.423356 0.496797 0.426981 0.485974 0.435907 0.486958 0.440111 0.481167 0.444324 0.470432 0.452426 0.469005 0.447319 0.467951 0.444407 0.466193 0.436491 0.465372 0.436907 0.463146 0.432949 0.462581 0.424069 0.462443 0.421931 0.464669 0.418597 0.462208 0.407139 0.460568 0.405245
5 0.529422 0.364069 0.529737 0.389167 0.529266 0.399764 0.545581 0.385542 0.541344 0.369648 0.538677 0.358495
5 0.589737 0.296949 0.590276 0.298134 0.589737 0.302009 0.591083 0.311884 0.594482 0.314051 0.596380 0.320319 0.595969 0.321528 0.594341 0.323444 0.596919 0.335255 0.601276 0.331194 0.601065 0.334046 0.602378 0.339630 0.594880 0.347380 0.594833 0.347338 0.590284 0.351245 0.591958 0.342505 0.592060 0.335486 0.590844 0.328282 0.590237 0.324861 0.588109 0.317843 0.585680 0.309921 0.583654 0.305417 0.580732 0.303139 0.582414 0.301759 0.586474 0.298866
5 0.551385 0.532269 0.561464 0.525185 0.563104 0.526644 0.565096 0.527685 0.566969 0.528102 0.568716 0.528931 0.566365 0.532556 0.564638 0.533671 0.560872 0.534787 0.557737 0.537296 0.556432 0.540370 0.551745 0.541250
5 0.580401 0.340648 0.582284 0.361005 0.575945 0.365023 0.569875 0.367708 0.564792 0.369852 0.562490 0.371574 0.558443 0.351801 0.556089 0.350130 0.552565 0.347528 0.551349 0.345907 0.549122 0.341769 0.548008 0.338528 0.548516 0.335468 0.548818 0.333306 0.549729 0.331866 0.550539 0.333847 0.551755 0.333847 0.552768 0.333486 0.553680 0.332764 0.555299 0.333847 0.557729 0.333306 0.563198 0.330426 0.567755 0.329704 0.570591 0.329884 0.572516 0.331866 0.576010 0.335907
5 0.491755 0.373694 0.491076 0.374898 0.489896 0.377903 0.512013 0.359500 0.511141 0.357306 0.510055 0.357306 0.507479 0.359718 0.504768 0.362125 0.501922 0.364778
5 0.627052 0.342319 0.629185 0.340537 0.632792 0.356153 0.633734 0.356708 0.634362 0.358102 0.630911 0.362009 0.625107 0.366468 0.601578 0.379574 0.589813 0.384037 0.579461 0.387940 0.568794 0.391009 0.565815 0.392125 0.566099 0.390139 0.563995 0.379130 0.583602 0.367139 0.603836 0.354870
5 0.485974 0.435907 0.486958 0.440111 0.490224 0.457347 0.496315 0.492940 0.499521 0.496153 0.520943 0.479042 0.527177 0.473741 0.525211 0.467694 0.520172 0.449361 0.522047 0.447903 0.524508 0.456444 0.528492 0.469986 0.529896 0.473333 0.531419 0.459778 0.532826 0.442282 0.531435 0.442088 0.528893 0.443056 0.527078 0.441440 0.521633 0.440148 0.518911 0.442088 0.517096 0.442407 0.515643 0.439829 0.514193 0.434343 0.513466 0.431116 0.508747 0.424338 0.507477 0.419500 0.506680 0.417222 0.498208 0.423356 0.496797 0.426981
5 0.529266 0.399764 0.545581 0.385542 0.546135 0.387880 0.546135 0.390139 0.545591 0.393366 0.543956 0.399171 0.542687 0.405625 0.541779 0.410144 0.538779 0.417014 0.537969 0.415306 0.536698 0.411755 0.530708 0.403690
5 0.560284 0.411606 0.563945 0.416907 0.567198 0.421486 0.569232 0.425824 0.571401 0.428958 0.571943 0.431130 0.572620 0.434259 0.574789 0.438116 0.591167 0.427704 0.594828 0.420718 0.595008 0.417699 0.597234 0.415204 0.618823 0.397338 0.618010 0.395894 0.611503 0.400954 0.606352 0.395412 0.617875 0.384324 0.615706 0.381912 0.626008 0.373718 0.625331 0.372032 0.622891 0.373236 0.620180 0.369620 0.601578 0.379574 0.589813 0.384037 0.579461 0.387940 0.568794 0.391009 0.565815 0.392125 0.565917 0.396269 0.564828 0.401755 0.562651 0.408208
5 0.564349 0.444861 0.554292 0.452046 0.548464 0.455662 0.547242 0.451083 0.551852 0.442889 0.557273 0.430116 0.560258 0.422884
5 0.557206 0.414338 0.557818 0.422162 0.553750 0.432528 0.546279 0.447009 0.543115 0.432634 0.541708 0.423681 0.541708 0.417014 0.541961 0.414981 0.542687 0.417241 0.544138 0.419176 0.546680 0.420792 0.549763 0.421116 0.552487 0.420792 0.555391 0.417889
5 0.548464 0.455662 0.550846 0.465130 0.551526 0.465361 0.560432 0.457653 0.568398 0.450361 0.564349 0.444861 0.554292 0.452046
5 0.496315 0.493148 0.496315 0.492940 0.490341 0.497731 0.490341 0.497731 0.481687 0.481560 0.488953 0.473782 0.492216 0.470569 0.491667 0.486380 0.492044 0.488972 0.495029 0.486898 0.495234 0.486713
5 0.551526 0.465361 0.556682 0.468278 0.560549 0.473903 0.564768 0.482648 0.568984 0.496815 0.571094 0.515352 0.575195 0.501190 0.578945 0.493065 0.581172 0.488898 0.582693 0.487648 0.585036 0.487856 0.585974 0.490565 0.584685 0.497440 0.581031 0.509773 0.592396 0.503106 0.592784 0.486231 0.588669 0.479315 0.571094 0.454736 0.569570 0.452236 0.568398 0.450569
5 0.574789 0.438116 0.591167 0.427704 0.594471 0.425579 0.594187 0.431449 0.593685 0.442537 0.591672 0.441602 0.591495 0.438958 0.590971 0.437403 0.590620 0.433824 0.589833 0.432579 0.583005 0.435847 0.577055 0.442227 0.576146 0.441491
5 0.595594 0.442074 0.616206 0.427866 0.621242 0.424324 0.620773 0.422241 0.614799 0.412870 0.596521 0.423699
5 0.549078 0.511019 0.549195 0.516227 0.549159 0.533519 0.545763 0.536227 0.537128 0.518727 0.530682 0.497481 0.529430 0.496440 0.529781 0.487481 0.530716 0.483731 0.531841 0.472444 0.534654 0.471403 0.537349 0.470569 0.542857 0.469111 0.544404 0.477630 0.548268 0.503458 0.547776 0.502833 0.538076 0.487005 0.536669 0.489505 0.541005 0.496792 0.546630 0.504500
5 0.549909 0.506583 0.551198 0.488671 0.552487 0.478046 0.553073 0.477005 0.550117 0.468727 0.544732 0.469319 0.544732 0.469319 0.546628 0.480130 0.546628 0.480130
5 0.554010 0.480338 0.552487 0.497625 0.551667 0.509083 0.552487 0.509917 0.562284 0.522060 0.569898 0.516644 0.569367 0.513074 0.568010 0.515241 0.566250 0.511866 0.561234 0.500542
5 0.551878 0.468069 0.556490 0.482222 0.563266 0.500782 0.567740 0.510662 0.569367 0.513074 0.568047 0.501398 0.564534 0.486398 0.560315 0.477028 0.557385 0.472444 0.553401 0.469111
5 0.528258 0.487690 0.520638 0.493907 0.512641 0.497532 0.495070 0.506176 0.501659 0.519005 0.513341 0.540222 0.515099 0.537727 0.517091 0.536894 0.522596 0.527102 0.525409 0.525852 0.526698 0.525019 0.531503 0.532935 0.534784 0.529602 0.537474 0.534398 0.541406 0.531898 0.533612 0.517477 0.529393 0.504773 0.527753 0.495398
5 0.499521 0.496153 0.502659 0.502444 0.512641 0.497532 0.520638 0.493907 0.528258 0.487690 0.528961 0.482898 0.529664 0.475611 0.527672 0.475611 0.527177 0.473741 0.520943 0.479042
5 0.624031 0.688412 0.622391 0.691306 0.618133 0.698537 0.609326 0.714551 0.603086 0.720731 0.621013 0.755731 0.631737 0.745204 0.646784 0.730690 0.649326 0.728852 0.644542 0.719005 0.631318 0.699204
5 0.572852 0.699389 0.582549 0.736769 0.594659 0.777514 0.612240 0.762000 0.621013 0.755731 0.603086 0.720731 0.597891 0.725199 0.592992 0.731009
5 0.535789 0.433699 0.538661 0.449301 0.539716 0.457634 0.541094 0.462083 0.532076 0.470153 0.532076 0.470153 0.532708 0.458736 0.534115 0.439574 0.534518 0.434986
5 0.593669 0.442528 0.593719 0.444366 0.595594 0.442074 0.596768 0.442250 0.596872 0.443361 0.595987 0.444148 0.594242 0.445259 0.593016 0.446653 0.592159 0.447667 0.592536 0.451819 0.590661 0.452861 0.592068 0.464111 0.592302 0.465361 0.593602 0.466861 0.593016 0.472153 0.592898 0.481856 0.592898 0.481856 0.588083 0.474319 0.578945 0.460569 0.571120 0.450269 0.569878 0.448606 0.573641 0.445495 0.581432 0.462218 0.582924 0.460292 0.576010 0.444384 0.577055 0.442227 0.583005 0.435847 0.589833 0.432579 0.590620 0.433824 0.590971 0.437403 0.591495 0.438958 0.591672 0.441602
5 0.562935 0.259426 0.573042 0.276704 0.575062 0.280111 0.572484 0.283727 0.571943 0.281556 0.567063 0.274806 0.557979 0.289028 0.550794 0.298426 0.545102 0.304694 0.545031 0.296926 0.543786 0.292019 0.542026 0.290245 0.540185 0.289046 0.535081 0.290245 0.534576 0.285338 0.533914 0.283981 0.531323 0.281310 0.528474 0.280569 0.527721 0.278338 0.529563 0.272394 0.528979 0.268389 0.528060 0.266292 0.526052 0.264056 0.524458 0.261546 0.524211 0.256181 0.526128 0.249338 0.526971 0.245171 0.527477 0.244435 0.529057 0.244296 0.529977 0.243995 0.540107 0.248440 0.540107 0.251875 0.541779 0.254981 0.542867 0.255880 0.544203 0.256343 0.545951 0.256481 0.546716 0.255741 0.547958 0.254546
5 0.501292 0.154310 0.507563 0.164866 0.506979 0.166648 0.504135 0.167986 0.499784 0.169625 0.499617 0.172005 0.502628 0.191931 0.503214 0.194310 0.502714 0.203380 0.500203 0.220329 0.497443 0.237431 0.496607 0.248435 0.497443 0.257505 0.499451 0.265532 0.501206 0.269995 0.502797 0.271931 0.504135 0.272523 0.505557 0.273116 0.509823 0.288583 0.510576 0.296167 0.510659 0.299884 0.511411 0.304046 0.512583 0.306574 0.514255 0.309995 0.515141 0.311926 0.515141 0.311926 0.507141 0.306139 0.505174 0.301824 0.459096 0.219171 0.461893 0.215676 0.462044 0.213389 0.463180 0.210431 0.464919 0.203435 0.466357 0.201690 0.465753 0.200208 0.466206 0.199671 0.466888 0.201148 0.467568 0.200477 0.467568 0.200477 0.467417 0.193620 0.467417 0.193620 0.467378 0.191884 0.468177 0.190463 0.468341 0.188444 0.471755 0.192662 0.475518 0.188773 0.472893 0.184259 0.472716 0.183171 0.473768 0.182236 0.474909 0.176153 0.477078 0.178319 0.478974 0.177111 0.482643 0.174694 0.486945 0.171657 0.487729 0.173333 0.490555 0.173051 0.495888 0.168032 0.499495 0.163852 0.500906 0.159667 0.500219 0.158815
5 0.503013 0.221921 0.501258 0.232032 0.500672 0.238574 0.500253 0.242741 0.500672 0.249579 0.501258 0.254190 0.502094 0.259542 0.502930 0.261477 0.504268 0.268611 0.507195 0.270250 0.508953 0.271736 0.510375 0.276644 0.512130 0.284227 0.512799 0.282440 0.512130 0.277384 0.511544 0.270250 0.512047 0.266829 0.514557 0.264153 0.516313 0.261324 0.513635 0.258204 0.513049 0.254338 0.513135 0.248093 0.512799 0.243333 0.512883 0.239912 0.510958 0.237833 0.510542 0.235750 0.510542 0.233074 0.509536 0.229653 0.507112 0.229653 0.506359 0.226384 0.506443 0.224449
1 0.572794 0.544546 0.569187 0.557097 0.568844 0.552264 0.575758 0.524144 0.576227 0.521644 0.577750 0.516644 0.579156 0.511644 0.581406 0.503273 0.582810 0.497023 0.583044 0.493481 0.582344 0.492648 0.579531 0.497440 0.574844 0.508685 0.573297 0.514769 0.571211 0.521602 0.570250 0.518935 0.575195 0.501190 0.578945 0.493065 0.581172 0.488898 0.582693 0.487648 0.585036 0.487856 0.585974 0.490565 0.584685 0.497440 0.581031 0.509773 0.578750 0.522546 0.577500 0.525588
1 0.600385 0.497856 0.602003 0.499148 0.602865 0.498259 0.602865 0.498259 0.604135 0.496028 0.601557 0.493898 0.594880 0.484731 0.588083 0.474319 0.578945 0.460569 0.571120 0.450269 0.569018 0.446847 0.566393 0.443269 0.564206 0.434713 0.562995 0.428477 0.561911 0.424380 0.560690 0.418838 0.560148 0.416667 0.558839 0.412727 0.560258 0.422884 0.564349 0.444861 0.564349 0.444861 0.568398 0.450361 0.569570 0.452236 0.571094 0.454736 0.588669 0.479315 0.592784 0.486231 0.594422 0.488731
1 0.546628 0.480130 0.549909 0.506583 0.548268 0.503458 0.544404 0.477630 0.542411 0.466171 0.539716 0.457634 0.538661 0.449301 0.535789 0.433699 0.537242 0.431440 0.537607 0.431593 0.542060 0.457843 0.544286 0.466380
1 0.536669 0.489505 0.541005 0.496792 0.546630 0.504500 0.549078 0.511019 0.551422 0.512685 0.557292 0.521375 0.561464 0.525185 0.563104 0.526644 0.565096 0.527685 0.566969 0.528102 0.568716 0.528931 0.569195 0.526019 0.566383 0.525602 0.564510 0.524560 0.562284 0.522060 0.562284 0.522060 0.552487 0.509917 0.547685 0.502625 0.538076 0.487005
1 0.533997 0.437491 0.534115 0.439574 0.532708 0.458736 0.532076 0.470153 0.532076 0.470153 0.531841 0.472444 0.530716 0.483731 0.529781 0.487481 0.529430 0.496440 0.527753 0.495398 0.528258 0.487690 0.528961 0.482898 0.529664 0.475611 0.531419 0.459778 0.532826 0.442282 0.533250 0.438861
1 0.560284 0.411606 0.563945 0.416907 0.567198 0.421486 0.569232 0.425824 0.571401 0.428958 0.571943 0.431130 0.572620 0.434259 0.574789 0.438116 0.576146 0.441491 0.576010 0.444384 0.582924 0.460292 0.581432 0.462218 0.572214 0.442699 0.571401 0.440528 0.568826 0.433778 0.567469 0.432333 0.565029 0.430648 0.562995 0.428477 0.561911 0.424380 0.560690 0.418838 0.560148 0.416667 0.558839 0.412727
1 0.558839 0.412727 0.560258 0.422884 0.557273 0.430116 0.551852 0.442889 0.547242 0.451083 0.546279 0.447009 0.553750 0.432528 0.557818 0.422162 0.557206 0.414338
5 0.312680 0.124491 0.313820 0.123861 0.315216 0.124944 0.317221 0.125093 0.317221 0.122778 0.319419 0.122778 0.322563 0.111403 0.323620 0.110315 0.326076 0.114991 0.331404 0.109861 0.329477 0.104097 0.328609 0.099907 0.329924 0.099111 0.332107 0.104556 0.334557 0.110185 0.344539 0.133958 0.352091 0.148708 0.355750 0.157630 0.365375 0.180282 0.366055 0.185343 0.382729 0.220773 0.385846 0.229690 0.389508 0.228727 0.392219 0.235718 0.393031 0.242463 0.385305 0.253069 0.376615 0.264639 0.375596 0.258894 0.375596 0.258894 0.374589 0.257977 0.370945 0.253477 0.368471 0.253204 0.366164 0.252245 0.361688 0.240917 0.361688 0.240917 0.347052 0.202838 0.328229 0.162931
5 0.371742 0.091894 0.365883 0.096894 0.365883 0.096894 0.361945 0.098875 0.372094 0.125847 0.373263 0.132722 0.373615 0.137097 0.389492 0.166968 0.414919 0.222065 0.415318 0.225125 0.412891 0.224042 0.410255 0.224750 0.409951 0.233042 0.409622 0.235583 0.410406 0.237458 0.416102 0.247412 0.418117 0.245079 0.422406 0.236667 0.426951 0.229667 0.431510 0.224856 0.436055 0.220190 0.436055 0.218625 0.428615 0.203838 0.430714 0.201505 0.431240 0.199171 0.419862 0.178176 0.415576 0.166968 0.406857 0.150616 0.391049 0.124995 0.391049 0.124995
5 0.381846 0.096940 0.377510 0.101519 0.391049 0.124995 0.391049 0.124995 0.406857 0.150616 0.415576 0.166968 0.419862 0.178176 0.431240 0.199171 0.430714 0.201505 0.428615 0.203838 0.436055 0.218625 0.436055 0.220190 0.436055 0.220190 0.436659 0.224245 0.437703 0.225472 0.441823 0.222051 0.441823 0.222051 0.445065 0.220509 0.450664 0.212097 0.451273 0.209444 0.453117 0.208843 0.454419 0.211639 0.458010 0.207588 0.457888 0.204648 0.457888 0.199083 0.455781 0.193889 0.452370 0.187079 0.440305 0.170931 0.419562 0.142491 0.397872 0.114051 0.389331 0.103208
5 0.416328 0.060171 0.416328 0.060171 0.461503 0.122634 0.483339 0.154926 0.486318 0.158273 0.487417 0.160782 0.486945 0.171657 0.487729 0.173333 0.490555 0.173051 0.495888 0.168032 0.499495 0.163852 0.500906 0.159667 0.494161 0.148792 0.494945 0.140148 0.457299 0.090231 0.440831 0.066528 0.426398 0.046449 0.417458 0.051472
5 0.400565 0.057319 0.405135 0.054403 0.409586 0.053361 0.411461 0.054403 0.413687 0.056278 0.416328 0.060171 0.461503 0.122634 0.483339 0.154926 0.486318 0.158273 0.487417 0.160782 0.486945 0.171657 0.482643 0.174694 0.478974 0.177111 0.477078 0.178319 0.474909 0.176153 0.461622 0.157343 0.432612 0.118787 0.403729 0.078315 0.400893 0.073273 0.400893 0.073273 0.401714 0.072565 0.403130 0.073648 0.403729 0.072565 0.403833 0.068421 0.403833 0.065005 0.403833 0.065005 0.401198 0.061398 0.400190 0.058880
5 0.466484 0.191653 0.466484 0.191653 0.460182 0.193361 0.455781 0.193889 0.452370 0.187079 0.440305 0.170931 0.419562 0.142491 0.397872 0.114051 0.389331 0.103208 0.381846 0.096940 0.386682 0.092829 0.388099 0.080755 0.388099 0.080755 0.386479 0.076088 0.394279 0.073569 0.398734 0.073194 0.400893 0.073273 0.400893 0.073273 0.403729 0.078315 0.432612 0.118787 0.461622 0.157343 0.474909 0.176153 0.473768 0.182236 0.472716 0.183171 0.472893 0.184259 0.475518 0.188773 0.471755 0.192662 0.468341 0.188444 0.468177 0.190463 0.467378 0.191884
5 0.467417 0.193620 0.467417 0.193620 0.467568 0.200477 0.467568 0.200477 0.466888 0.201148 0.466206 0.199671 0.465753 0.200208 0.466357 0.201690 0.464919 0.203435 0.463180 0.210431 0.462044 0.213389 0.461893 0.215676 0.459096 0.219171 0.454419 0.211639 0.458010 0.207588 0.457888 0.204648 0.457888 0.199083 0.455781 0.193889 0.460182 0.193361 0.466484 0.191653 0.466484 0.191653 0.467378 0.191884
5 0.422125 0.243019 0.421995 0.245727 0.427396 0.255102 0.464130 0.322296 0.480089 0.349546 0.490797 0.338213 0.491208 0.327380 0.496773 0.315069 0.497581 0.314593 0.498260 0.316051 0.501378 0.311694 0.505174 0.301824 0.459096 0.219171 0.454419 0.211639 0.453117 0.208843 0.451273 0.209444 0.450664 0.212097 0.445065 0.220509 0.441823 0.222051 0.441823 0.222051 0.437703 0.225472 0.431708 0.230708
5 0.423021 0.373139 0.389128 0.308551 0.370534 0.270954 0.370945 0.268056 0.373779 0.270056 0.373779 0.269870 0.376615 0.264639 0.385305 0.253069 0.393031 0.242463 0.393945 0.242769 0.395469 0.245454 0.397628 0.249310 0.397628 0.249310 0.400760 0.247356 0.421786 0.281097 0.468328 0.373046 0.468328 0.373046 0.466971 0.384611 0.467107 0.390639 0.459245 0.397630 0.445281 0.415222
5 0.477456 0.352463 0.472594 0.360204 0.469628 0.367764 0.468328 0.373046 0.468328 0.373046 0.421786 0.281097 0.400760 0.247356 0.402966 0.247620 0.408333 0.240958 0.409622 0.235583 0.410406 0.237458 0.416102 0.247412 0.418117 0.245079 0.425859 0.252815 0.427396 0.255102 0.464130 0.322296 0.480089 0.349546
5 0.579440 0.277884 0.579818 0.279500 0.577701 0.281380 0.577245 0.282190 0.579667 0.288644 0.580346 0.290662 0.584130 0.287838 0.584130 0.287838 0.585643 0.291602 0.585339 0.293218 0.585643 0.296310 0.586474 0.298866 0.582414 0.301759 0.580732 0.303139 0.577555 0.299509 0.572940 0.297759 0.568479 0.296685 0.565227 0.297356 0.561518 0.298301 0.557586 0.299509 0.550776 0.301125 0.549794 0.302065 0.549945 0.303676 0.549188 0.307310 0.545104 0.307579 0.542682 0.310940 0.541625 0.313495 0.539813 0.312889 0.545102 0.304694 0.550794 0.298426 0.557979 0.289028 0.567063 0.274806 0.571943 0.281556 0.572484 0.283727 0.575062 0.280111 0.576104 0.278639 0.577010 0.280519
5 0.466784 0.455463 0.470432 0.452426 0.470328 0.452426 0.469005 0.447319 0.467951 0.444407 0.466193 0.436491 0.465372 0.436907 0.463146 0.432949 0.462581 0.424069 0.454852 0.434440
5 0.619849 0.310634 0.601276 0.331194 0.596919 0.335255 0.594341 0.323444 0.595969 0.321528 0.596380 0.320319 0.594482 0.314051 0.591083 0.311884 0.589737 0.302009 0.590276 0.298134 0.589737 0.296949 0.586474 0.298866 0.585643 0.296310 0.585339 0.293218 0.585643 0.291602 0.590792 0.284389 0.600398 0.273764 0.602273 0.276681 0.605555 0.278764 0.608602 0.279389 0.609185 0.279806 0.611997 0.287514 0.611060 0.289389 0.613169 0.296259 0.617505 0.304176 0.619615 0.308759
5 0.481687 0.481560 0.481687 0.481560 0.488953 0.473782 0.492216 0.470569 0.490396 0.463486 0.490224 0.457347 0.486958 0.440111 0.481167 0.444324 0.481167 0.444324 0.470432 0.452426 0.470432 0.452426 0.466784 0.455463
5 0.513341 0.540222 0.515099 0.537727 0.517091 0.536894 0.522596 0.527102 0.525409 0.525852 0.526698 0.525019 0.531503 0.532935 0.534784 0.529602 0.537474 0.534398 0.574292 0.597634 0.574292 0.597634 0.625484 0.684870 0.624031 0.688412 0.622391 0.691306 0.618945 0.697764 0.609326 0.714551 0.597891 0.725199 0.592992 0.731009 0.572852 0.699389 0.542000 0.588718 0.542000 0.588718
5 0.625354 0.418532 0.625354 0.418532 0.638604 0.444023 0.644974 0.457509 0.644974 0.457509 0.653648 0.471477 0.677424 0.514421 0.696117 0.549398 0.698984 0.570306 0.649076 0.478995 0.621906 0.429278
5 0.595083 0.458579 0.595083 0.458579 0.599789 0.452162 0.597750 0.447981 0.599161 0.446028 0.601987 0.450208 0.606378 0.443519 0.609357 0.441009 0.611555 0.438778 0.610456 0.435431 0.611240 0.434315 0.612966 0.436546 0.615633 0.434315 0.613906 0.430690 0.615318 0.430134 0.617044 0.432366 0.620339 0.430134 0.621906 0.429278 0.649076 0.478995 0.698984 0.570306 0.704508 0.607264 0.696406 0.617870 0.688336 0.629292 0.683708 0.637519 0.610643 0.513569 0.602865 0.498259 0.604135 0.496028 0.601219 0.490273 0.601102 0.488606 0.599461 0.482356 0.595828 0.476111 0.593016 0.472153
5 0.709367 0.638375 0.709367 0.638375 0.696406 0.617870 0.696406 0.617870 0.688336 0.629292 0.683708 0.637519 0.695049 0.656787 0.696021 0.664986 0.696021 0.674495 0.711477 0.654625
5 0.705852 0.615671 0.705852 0.615671 0.709367 0.638375 0.696406 0.617870 0.704508 0.607264
5 0.317682 0.157546 0.319565 0.156301 0.325190 0.169426 0.328237 0.162968 0.347052 0.202838 0.361688 0.240917 0.361688 0.240917 0.366164 0.252245 0.368471 0.253204 0.370945 0.253477 0.374589 0.257977 0.375596 0.258894 0.375596 0.258894 0.376615 0.264639 0.373779 0.269870 0.373779 0.270056 0.370945 0.268056 0.370534 0.270954 0.349268 0.229435 0.327826 0.181944
5 0.658005 0.720468 0.663518 0.715019 0.666391 0.711139 0.662188 0.707431 0.658188 0.707792 0.651271 0.707431 0.649372 0.712282 0.644542 0.719005 0.649326 0.728852
1 0.544286 0.466380 0.549065 0.465361 0.551526 0.465361 0.556682 0.468278 0.560549 0.473903 0.564768 0.482648 0.568984 0.496815 0.571094 0.515352 0.570977 0.516602 0.569898 0.516644 0.568047 0.501398 0.564534 0.486398 0.560315 0.477028 0.557385 0.472444 0.553401 0.469111 0.551878 0.468069 0.544732 0.469319
1 0.538779 0.417014 0.538331 0.422403 0.538896 0.430968 0.540888 0.439093 0.548034 0.462213 0.549065 0.465361 0.550846 0.465130 0.546279 0.447009 0.543115 0.432634 0.541708 0.423681 0.541708 0.417014 0.541961 0.414981 0.541779 0.410144
1 0.549195 0.516227 0.549159 0.533519 0.548573 0.541014 0.551305 0.545181 0.551620 0.540181 0.551385 0.532269 0.551422 0.512685 0.549078 0.511019
1 0.527753 0.495398 0.529393 0.504773 0.533612 0.517477 0.541302 0.532037 0.548456 0.544972 0.549271 0.546852 0.554443 0.557935 0.555698 0.554588 0.552404 0.547616 0.548573 0.541014 0.545763 0.536227 0.537128 0.518727 0.534193 0.509352 0.530682 0.497481
1 0.550117 0.468727 0.553073 0.477005 0.554010 0.480338 0.561234 0.500542 0.566250 0.511866 0.568010 0.515241 0.569367 0.513074 0.567740 0.510662 0.563266 0.500782 0.556490 0.482222 0.551878 0.468069
1 0.570250 0.518935 0.569430 0.522685 0.569195 0.526019 0.569195 0.526019 0.568716 0.528931 0.566612 0.553352 0.566833 0.557097 0.564638 0.565741 0.562284 0.572713 0.561536 0.575759 0.563461 0.579338 0.565469 0.582426 0.565443 0.580324 0.566206 0.574384 0.568089 0.561278 0.569187 0.557097 0.568844 0.552264 0.568844 0.552264 0.569922 0.535144 0.570367 0.528519 0.571211 0.521602
