5 0.301068 0.232315 0.302823 0.230144 0.302211 0.227500 0.302560 0.224542 0.304049 0.224856 0.332669 0.262509 0.332328 0.263444 0.310526 0.246639
2 0.561633 0.325657 0.559961 0.327144 0.558622 0.329079 0.557953 0.331009 0.557534 0.332500 0.556865 0.333093 0.556365 0.334282 0.556112 0.335917 0.555026 0.338894 0.553771 0.341569 0.556365 0.344245 0.565732 0.342611 0.567823 0.342611 0.567823 0.343500 0.567823 0.343801 0.562469 0.344838 0.556698 0.345583 0.556615 0.346329 0.558203 0.347218 0.560128 0.347667 0.561299 0.349449 0.563474 0.350787 0.567404 0.350935 0.576354 0.347667 0.579701 0.347069 0.581875 0.344245 0.582461 0.343204 0.583464 0.343949 0.584133 0.345731 0.584969 0.346921 0.585805 0.347519 0.587313 0.345880 0.587812 0.343204 0.588901 0.342310 0.589570 0.342014 0.587646 0.332796 0.578109 0.334282 0.570667 0.329671 0.565229 0.326551
2 0.540177 0.352241 0.533698 0.356713 0.531953 0.358056 0.497513 0.323417 0.497432 0.323523 0.471385 0.296773 0.471385 0.295690 0.468247 0.292093 0.468651 0.291190 0.469766 0.290472 0.469766 0.289750 0.471203 0.283556 0.491154 0.303181 0.493135 0.306690
2 0.401406 0.245625 0.399167 0.258565 0.401070 0.260755 0.413482 0.268435 0.403086 0.245028
2 0.493133 0.304519 0.493135 0.306690 0.540177 0.352241 0.553055 0.345731 0.515232 0.318981
2 0.554411 0.346699 0.586813 0.368148 0.583151 0.383088 0.543836 0.356579 0.541260 0.353444
5 0.315339 0.255185 0.336607 0.291296 0.343872 0.279005
1 0.380104 0.107083 0.379148 0.109898 0.379456 0.112181 0.386424 0.127662 0.390875 0.141255 0.393823 0.150486 0.395589 0.149440 0.393102 0.141426 0.387875 0.125944 0.381563 0.111435
10 0.309883 0.183171 0.331555 0.187134 0.332669 0.184250 0.329732 0.182991 0.323151 0.182991 0.320617 0.180833 0.320010 0.178671 0.309052 0.176287
7 0.506987 0.178144 0.495453 0.153259 0.493214 0.148282 0.488398 0.133153 0.486034 0.135481 0.482607 0.153435 0.482372 0.158727 0.503750 0.183519
2 0.541260 0.353444 0.543836 0.356579 0.579164 0.392060 0.579164 0.392060 0.636474 0.451671 0.636979 0.453509 0.632828 0.459986 0.605688 0.432981 0.573688 0.400417 0.571190 0.397593 0.548281 0.375537 0.545732 0.371542 0.544083 0.371273 0.538232 0.364625 0.534586 0.360667 0.532966 0.359583 0.537229 0.355750
1 0.450641 0.198907 0.456401 0.219130 0.463177 0.239801 0.465018 0.247741 0.465677 0.250315 0.468279 0.253528 0.468922 0.258023 0.468922 0.259565 0.471026 0.268176 0.472039 0.268819 0.469797 0.257639 0.469292 0.253139 0.466471 0.248644 0.465406 0.242991 0.462943 0.236620 0.458490 0.221528 0.452013 0.199037
2 0.594602 0.314509 0.597753 0.333028 0.598016 0.335051 0.596479 0.337556 0.595948 0.340694 0.596216 0.345343 0.597578 0.349676 0.599065 0.350764 0.600904 0.354810 0.601253 0.356056 0.599680 0.360880 0.598802 0.364926 0.598716 0.369593 0.599503 0.374102 0.597990 0.376528 0.596115 0.371116 0.593990 0.364769 0.589570 0.342014 0.587646 0.332796 0.585057 0.321690 0.585841 0.320296 0.586953 0.319250 0.588456 0.317389 0.591365 0.314819 0.593115 0.311398 0.596266 0.307199 0.598979 0.304398 0.598979 0.305639 0.596003 0.310000 0.594776 0.312486
2 0.422260 0.273241 0.432083 0.280083 0.431779 0.276662 0.433602 0.275222 0.434211 0.276120 0.435932 0.275583 0.437953 0.284222 0.447771 0.290847 0.449492 0.291750 0.450385 0.292213 0.453680 0.294324 0.453578 0.295551 0.454487 0.296375 0.458948 0.300028 0.459620 0.300083 0.460339 0.300231 0.468940 0.305083 0.471596 0.306667 0.497513 0.323958 0.497513 0.323417 0.471385 0.296773 0.471385 0.295690 0.468247 0.292093 0.468651 0.291190 0.469766 0.290472 0.469766 0.289750 0.428839 0.260356 0.412268 0.250005
7 0.503750 0.183519 0.508667 0.174958 0.515721 0.163810 0.544273 0.231491 0.510010 0.191481 0.519417 0.190088 0.519977 0.187102 0.519865 0.183917 0.518857 0.181926 0.518297 0.181329
2 0.569581 0.264935 0.583688 0.246222 0.584247 0.246222 0.583799 0.249606 0.585990 0.253194 0.577917 0.265139 0.574060 0.270708
2 0.450885 0.218519 0.444609 0.229241 0.444107 0.232218 0.443940 0.236231 0.444107 0.240838 0.444776 0.244407 0.446115 0.247829 0.447703 0.250208 0.449544 0.251398 0.451885 0.250505 0.453057 0.253181 0.455315 0.254968 0.459161 0.254671
2 0.380914 0.191880 0.379234 0.194468 0.378115 0.197255 0.377443 0.206213 0.378339 0.248014 0.379906 0.253787 0.381474 0.256574 0.384497 0.258963 0.401070 0.262148 0.401070 0.260755 0.399167 0.258565 0.401406 0.245625 0.403086 0.245028
2 0.387745 0.192676 0.411708 0.196259 0.420664 0.197852 0.424471 0.199644 0.426935 0.202431 0.427271 0.202829 0.425927 0.210593 0.424135 0.211190 0.423576 0.212185 0.423799 0.214773 0.424919 0.214773 0.423911 0.228111 0.424023 0.234079 0.423240 0.235472 0.422904 0.238458 0.423240 0.239653 0.424023 0.240648 0.426263 0.250602 0.428055 0.255977 0.428727 0.258366 0.428839 0.260356 0.412268 0.250005
1 0.531953 0.358056 0.533698 0.356713 0.540177 0.352241 0.553055 0.345731 0.556365 0.344245 0.565732 0.342611 0.567823 0.342611 0.567823 0.343500 0.567823 0.343801 0.562469 0.344838 0.556698 0.345583 0.554411 0.346699 0.541260 0.353444 0.537229 0.355750 0.532966 0.359583 0.530029 0.361204 0.527984 0.364042 0.525708 0.366255 0.522698 0.369079 0.518682 0.374134 0.515253 0.379042 0.510885 0.385602 0.506971 0.392722 0.503961 0.398519 0.497854 0.412051 0.495052 0.419648 0.493776 0.423148 0.493013 0.424681 0.491172 0.430153 0.490625 0.432407 0.489089 0.436764 0.486758 0.445944 0.486073 0.451403 0.485484 0.454074 0.484141 0.462222 0.483247 0.466190 0.483023 0.472958 0.483555 0.478130 0.484346 0.485861 0.485635 0.496394 0.487760 0.511111 0.492469 0.532222 0.491240 0.530463 0.488359 0.518611 0.487000 0.511838 0.487102 0.510218 0.486495 0.507875 0.484516 0.496509 0.483047 0.483755 0.482370 0.474111 0.482539 0.466074 0.482990 0.462356 0.484685 0.451606 0.486453 0.445130 0.487057 0.442171 0.487966 0.438273 0.490083 0.431144 0.491195 0.426102 0.492708 0.423278 0.493312 0.421528 0.494448 0.418435 0.497354 0.410120 0.503542 0.396884 0.506721 0.390787 0.510068 0.384991 0.514010 0.378750 0.517422 0.373843 0.521276 0.368796 0.524203 0.365657 0.526573 0.363037
2 0.393102 0.141426 0.398135 0.140394 0.397865 0.135417 0.399297 0.135060 0.399779 0.141083 0.405490 0.137815 0.405102 0.134889 0.405000 0.132037 0.405807 0.129259 0.407891 0.130278 0.410885 0.132037 0.413620 0.132481 0.423685 0.126977 0.426297 0.124394 0.425135 0.120093 0.423490 0.115792 0.424070 0.114588 0.423104 0.110287 0.422620 0.109083 0.413716 0.103579 0.406651 0.099102 0.405005 0.097556 0.402490 0.099449 0.401008 0.100755 0.393169 0.104023 0.387750 0.106435 0.381563 0.111435 0.387875 0.125944
2 0.379456 0.112181 0.374617 0.120093 0.372391 0.123190 0.371714 0.124912 0.372971 0.129556 0.376070 0.132139 0.381005 0.135579 0.390779 0.143838 0.390875 0.141255 0.386424 0.127662
2 0.329539 0.197208 0.329729 0.200426 0.332180 0.215829 0.332336 0.222102 0.332443 0.225319 0.333318 0.225398 0.333404 0.224468 0.338336 0.223306 0.339690 0.222792 0.339401 0.221069 0.346174 0.220037 0.346755 0.221412 0.377693 0.214509 0.377443 0.206213 0.377820 0.201630 0.357789 0.200421 0.352948 0.199579 0.334979 0.199648 0.333984 0.199028 0.332083 0.198981 0.331859 0.196315
2 0.342682 0.194824 0.367604 0.183981 0.372466 0.182019 0.375810 0.179861 0.380914 0.191880 0.379234 0.194468 0.355898 0.194204
2 0.486216 0.251699 0.484984 0.267028 0.484536 0.270014 0.483641 0.275986 0.472667 0.269019 0.471211 0.263843 0.474122 0.254884 0.474234 0.250306 0.475242 0.248713 0.476362 0.247519 0.477818 0.246722 0.479721 0.246722 0.482073 0.246722 0.484872 0.247519
10 0.499013 0.226306 0.499057 0.228310 0.497826 0.244231 0.496370 0.253588 0.492789 0.252991 0.488232 0.248713 0.486216 0.245130 0.484089 0.243139 0.481849 0.242741 0.479497 0.242741 0.477896 0.240847 0.475320 0.225324 0.475693 0.218477 0.476729 0.217787 0.476339 0.214329 0.476339 0.211106 0.477375 0.209491 0.482687 0.217556 0.488776 0.223083
2 0.429227 0.214819 0.429812 0.242625 0.428307 0.243963 0.426885 0.244259 0.426299 0.242625 0.426299 0.237125 0.423240 0.239653 0.422904 0.238458 0.423240 0.235472 0.424023 0.234079 0.424794 0.233106 0.424961 0.225819 0.425547 0.218833 0.426216 0.214968
2 0.497188 0.248426 0.504406 0.258171 0.511789 0.267338 0.510383 0.273796 0.509797 0.269838 0.496323 0.258380 0.492807 0.254213 0.492789 0.252991 0.496370 0.253588
1 0.439570 0.191759 0.440352 0.195176 0.443073 0.211366 0.444122 0.218366 0.444107 0.232218 0.444609 0.229241 0.446047 0.227079 0.445609 0.217588 0.442810 0.199074 0.441901 0.192500
10 0.482766 0.326454 0.485911 0.353773 0.496380 0.352051 0.500711 0.352634 0.504039 0.352366 0.506839 0.352500 0.507753 0.353514 0.509060 0.353745 0.509815 0.355398 0.511406 0.355398 0.512208 0.355324 0.514932 0.353171 0.516219 0.351426 0.516823 0.349944 0.516747 0.349139 0.515690 0.348065 0.514404 0.346718 0.515310 0.341069 0.514479 0.340801 0.513268 0.346315 0.512057 0.346046 0.510924 0.344833 0.508352 0.341472 0.507443 0.341069 0.505628 0.340130 0.504495 0.339051 0.504570 0.333944 0.501846 0.333134 0.500333 0.333134 0.497432 0.323523 0.497005 0.323856 0.499500 0.333134 0.500937 0.338514 0.499349 0.337843 0.497987 0.336361 0.497760 0.333537 0.497383 0.331523 0.495794 0.331389 0.494659 0.330444 0.493451 0.327889 0.491331 0.326815 0.489742 0.326546 0.488836 0.329236 0.488685 0.330579 0.485432 0.328565
13 0.474893 0.278625 0.475391 0.281065 0.483792 0.289745 0.494388 0.300255 0.503667 0.309454 0.511628 0.316833 0.515232 0.318981 0.530648 0.330181 0.530576 0.330120 0.526669 0.323954 0.522945 0.317884 0.523203 0.319787 0.523839 0.322912 0.520409 0.320685 0.519357 0.319755 0.518396 0.316329 0.518482 0.315241 0.517695 0.313528 0.516646 0.312750 0.515437 0.311019 0.514021 0.311278 0.513385 0.311884 0.512948 0.312583 0.512753 0.313449 0.506305 0.307806 0.507818 0.298690 0.506208 0.297907 0.505427 0.300949 0.499125 0.296259 0.498688 0.295130 0.498102 0.294870 0.497516 0.295218 0.496831 0.296171 0.496586 0.297125 0.496341 0.297472 0.491753 0.293481 0.492190 0.293046 0.494682 0.292352 0.496049 0.291657 0.492339 0.289315 0.483984 0.284477
13 0.492076 0.281755 0.502013 0.281403 0.512995 0.291866 0.516201 0.294889 0.516721 0.296051 0.517148 0.296773
2 0.509797 0.269838 0.508940 0.273005 0.506833 0.273213 0.503435 0.274255 0.502380 0.276338 0.497927 0.271963 0.489961 0.265088 0.490805 0.261653 0.490581 0.257870 0.492807 0.254213 0.496323 0.258380
9 0.447630 0.260509 0.446599 0.267880 0.445724 0.269745 0.444760 0.270056 0.442398 0.264921 0.441609 0.261810 0.440122 0.261653 0.439422 0.262741 0.439336 0.263833 0.438984 0.267722 0.428570 0.260097 0.428570 0.257606 0.425857 0.249671 0.423930 0.240648 0.423055 0.239560 0.423055 0.239245 0.426380 0.236759 0.426469 0.241894 0.426906 0.244069 0.429445 0.242824 0.429445 0.240338 0.431458 0.240806 0.431982 0.242046 0.441086 0.236759 0.441260 0.238782 0.429883 0.245940 0.430232 0.252940 0.431021 0.252940 0.433120 0.247963 0.434609 0.245940 0.435659 0.245940 0.436445 0.247806 0.434870 0.252782
2 0.447154 0.273560 0.455794 0.279611 0.462828 0.284319 0.464492 0.279343 0.462818 0.270991 0.452279 0.264593 0.447630 0.260509 0.446599 0.267880
2 0.464768 0.247417 0.462451 0.247412 0.460500 0.247977 0.463552 0.263644 0.471026 0.268176 0.468922 0.259565 0.468922 0.258023 0.468279 0.253528 0.465677 0.250315 0.465018 0.247741
1 0.378937 0.300227 0.383023 0.306551 0.383026 0.309579 0.382401 0.314468 0.380565 0.333139 0.381378 0.333250 0.381815 0.333028 0.384076 0.314144 0.384763 0.307148 0.382576 0.302704 0.379466 0.296597
9 0.378807 0.282926 0.375859 0.302935 0.375797 0.303713 0.375859 0.302935 0.374297 0.299051 0.372487 0.298606 0.371536 0.296065 0.365677 0.296273 0.364552 0.304157 0.358331 0.304894 0.370359 0.280421 0.374578 0.270935 0.377641 0.273935 0.380630 0.276986 0.378706 0.280949
2 0.425289 0.274917 0.424378 0.277796 0.434505 0.302102 0.438049 0.304981 0.432083 0.280083
2 0.446797 0.293278 0.446951 0.294019 0.447885 0.311042 0.448411 0.326602 0.448701 0.335875 0.444060 0.323894 0.443964 0.321722 0.443151 0.308940 0.442747 0.297060 0.442849 0.294361 0.445279 0.294718 0.445279 0.294718
2 0.513078 0.355991 0.515253 0.358222 0.518096 0.360829 0.518607 0.359222 0.526573 0.363037 0.531953 0.358056 0.520622 0.346931 0.518091 0.347829 0.516747 0.349139 0.516823 0.349944 0.516219 0.351426 0.514932 0.353171 0.512208 0.355324
1 0.434484 0.150806 0.436432 0.167639 0.437591 0.179708 0.437841 0.182389 0.437841 0.182389 0.438370 0.187389 0.440964 0.187676 0.438747 0.169051
2 0.459115 0.179259 0.462695 0.174616 0.464049 0.173755 0.465792 0.174787 0.466760 0.175819 0.469372 0.183907 0.469565 0.186144 0.470250 0.194060 0.469661 0.196120 0.466094 0.198426 0.461430 0.186995 0.461513 0.184764 0.460927 0.182981 0.460091 0.180602
1 0.418323 0.183495 0.418203 0.187130 0.424125 0.188634 0.434078 0.190120 0.437674 0.190565 0.442341 0.192819 0.448924 0.196421 0.457836 0.204523 0.468570 0.215866 0.475456 0.223065 0.475557 0.223065 0.475693 0.218477 0.469344 0.211338 0.462839 0.205741 0.455909 0.197852 0.446792 0.191310 0.441836 0.188139 0.433911 0.186403 0.430146 0.185806
2 0.412422 0.377778 0.408193 0.380231 0.406005 0.377236 0.404495 0.373903 0.404620 0.372681 0.398185 0.357907 0.392760 0.346134 0.389451 0.337468 0.386763 0.327361 0.384076 0.314144 0.384763 0.307148 0.382576 0.302704 0.381266 0.292819 0.380891 0.287375 0.382148 0.280046 0.380630 0.276986 0.377641 0.273935 0.374578 0.270935 0.377214 0.265088 0.382951 0.277380 0.384263 0.287375 0.387201 0.308921 0.390573 0.320699 0.393323 0.332694 0.394448 0.337023 0.400383 0.349912 0.404820 0.361130 0.408555 0.371792 0.409805 0.375458
2 0.398219 0.345375 0.407253 0.352810 0.413526 0.360097 0.417122 0.359801 0.416536 0.352810 0.413276 0.349241 0.410516 0.347606 0.406836 0.345227 0.405747 0.339727 0.404242 0.338088 0.402904 0.336750 0.392951 0.331102 0.393323 0.332694 0.394448 0.337023
1 0.433091 0.317139 0.432839 0.318477 0.442552 0.358241 0.444383 0.357435 0.434846 0.321745
2 0.456021 0.368292 0.459271 0.384954 0.460458 0.391843 0.466440 0.385370 0.465216 0.373699 0.468367 0.373542 0.466518 0.366847
2 0.477005 0.407977 0.484258 0.435181 0.480917 0.452560 0.480331 0.455389 0.478068 0.456727 0.472987 0.410343
2 0.484258 0.435181 0.487859 0.415708 0.489701 0.416898 0.488419 0.424153 0.485182 0.440838 0.481086 0.460616 0.481419 0.461361 0.481669 0.462250 0.481586 0.463292 0.481336 0.463741 0.475099 0.472042 0.474643 0.472042 0.473661 0.470023 0.473964 0.469218 0.476576 0.464194 0.478852 0.461083 0.480331 0.455389 0.480917 0.452560
6 0.391612 0.325005 0.402904 0.336750 0.404242 0.338088 0.405747 0.339727 0.416198 0.350741 0.414531 0.341509 0.411995 0.340287 0.409284 0.336190 0.396630 0.322181 0.391193 0.318611
6 0.390859 0.312065 0.391193 0.318611 0.391612 0.325005 0.390573 0.320699 0.388099 0.312958 0.387201 0.308921 0.385911 0.284319 0.385760 0.271801 0.388852 0.273255 0.389221 0.279792 0.389628 0.291120 0.389919 0.297162 0.390604 0.304269
6 0.411859 0.312569 0.420674 0.359495 0.421638 0.358250 0.425651 0.353796
5 0.414974 0.379398 0.421987 0.374898 0.431352 0.390148 0.443281 0.408843 0.442818 0.409130 0.439930 0.410218 0.433016 0.411306 0.427414 0.411463
8 0.442552 0.358241 0.433133 0.331329 0.431609 0.332370 0.430555 0.333829 0.430320 0.334662 0.435594 0.353616 0.437969 0.361620
2 0.442818 0.409130 0.439930 0.410218 0.433016 0.411306 0.427414 0.411463 0.400013 0.414620 0.399302 0.416421 0.400924 0.423264 0.407505 0.440727 0.410646 0.448648 0.435659 0.432083 0.437654 0.431069 0.448156 0.424222 0.461643 0.416926 0.476570 0.408500 0.489635 0.400940 0.494557 0.398194 0.494510 0.396736 0.494258 0.395694 0.493841 0.393764 0.493841 0.393764 0.484977 0.374653 0.484570 0.372852 0.483154 0.370875 0.482242 0.368713 0.481938 0.366370 0.482242 0.363852 0.480216 0.362593 0.479000 0.363310 0.478393 0.364569 0.477685 0.366014 0.477685 0.367991 0.478271 0.372722 0.474643 0.376181 0.456935 0.395528 0.455448 0.397398 0.451719 0.401083
6 0.419187 0.364315 0.417034 0.364940 0.416547 0.366491 0.416385 0.368986 0.416122 0.370694 0.416648 0.373810 0.416737 0.374588 0.421846 0.374111 0.424000 0.373810 0.431615 0.372097 0.436521 0.371509 0.440461 0.371264 0.441857 0.370083 0.445383 0.370167 0.446870 0.369718 0.446870 0.369718 0.456393 0.367852 0.458102 0.367852 0.470339 0.366306 0.478393 0.364569 0.479000 0.363310 0.480216 0.362593 0.482242 0.363852 0.496729 0.361407 0.497182 0.358370 0.496380 0.352051 0.462565 0.357505 0.437969 0.361667
14 0.569799 0.675847 0.567227 0.681898 0.569154 0.691931 0.570385 0.706264 0.569826 0.719801 0.584474 0.695347 0.577513 0.685259
14 0.591281 0.700861 0.591885 0.704356 0.577664 0.732329 0.573958 0.737708 0.572747 0.734750 0.573656 0.731926 0.579482 0.719954 0.585607 0.709736
6 0.499870 0.459074 0.501583 0.463949 0.504411 0.470370 0.505307 0.472162 0.505419 0.473556 0.506299 0.474736 0.507549 0.474514 0.508201 0.474338 0.511076 0.480394 0.511831 0.483218 0.512740 0.484560 0.512672 0.486509 0.516169 0.491731 0.517857 0.491731 0.522169 0.503394 0.525685 0.510935 0.526495 0.502116 0.525060 0.499417 0.511062 0.471148 0.511398 0.469356 0.512070 0.467764 0.511622 0.465574 0.510503 0.464977 0.509159 0.464181 0.508039 0.463384 0.507479 0.461593 0.507591 0.461593
8 0.468940 0.305083 0.476438 0.342764 0.478542 0.341759 0.471049 0.306102
8 0.442552 0.358148 0.459214 0.350074 0.476438 0.342764 0.483464 0.339630 0.483937 0.343597 0.460385 0.354014 0.448083 0.359634 0.438047 0.361667
16 0.468956 0.201894 0.470250 0.194060 0.473229 0.187153 0.474784 0.184389 0.477117 0.182546 0.485279 0.179551 0.488648 0.179088 0.495904 0.182083 0.498104 0.183694 0.498883 0.186231
16 0.501732 0.194060 0.503286 0.204884 0.502898 0.211565 0.502122 0.216403 0.501214 0.219167 0.500695 0.224926 0.499013 0.226306 0.488776 0.223083 0.482687 0.217556 0.477375 0.209491 0.476339 0.211106 0.476339 0.214329 0.476729 0.217787 0.475693 0.218477 0.469344 0.211338
14 0.517073 0.220523 0.519534 0.221449 0.523549 0.224903 0.546870 0.257380 0.551534 0.265208 0.552831 0.267282 0.554643 0.269583 0.555552 0.271657 0.556070 0.275343 0.554516 0.284097 0.553607 0.288472 0.551924 0.291468 0.547000 0.288931 0.544279 0.289625 0.541948 0.290546 0.540263 0.291694 0.538060 0.294690 0.537542 0.295611 0.535341 0.295611 0.533138 0.295843 0.509169 0.261065 0.504635 0.253694 0.503729 0.248856 0.504635 0.243329 0.504247 0.240796 0.502044 0.233884 0.502693 0.229968 0.504247 0.228588 0.506320 0.224903 0.507227 0.221449 0.506448 0.219144 0.505802 0.216148 0.506966 0.214769 0.509169 0.215000 0.513964 0.222139
14 0.646299 0.565708 0.642909 0.566981 0.641169 0.567120 0.640034 0.567926 0.639128 0.568329 0.638294 0.568329 0.637917 0.568194 0.634346 0.573370 0.633969 0.575120 0.633969 0.578347 0.634422 0.582787 0.635026 0.586417 0.635406 0.586954 0.635708 0.587356
5 0.646677 0.488167 0.649021 0.488704 0.655677 0.509009 0.654922 0.511162 0.646451 0.511699 0.646297 0.513852 0.642969 0.524204 0.642445 0.524440 0.639466 0.525569 0.632682 0.517750 0.628747 0.511699 0.631018 0.504569 0.631773 0.499190 0.633818 0.498116 0.635633 0.498787 0.636539 0.498384 0.637638 0.497833 0.639479 0.496796 0.640901 0.495306 0.643242 0.493671 0.645083 0.492778
5 0.363112 0.132843 0.366896 0.121546 0.365458 0.120333 0.364852 0.118588 0.364625 0.116435 0.363945 0.115491 0.363339 0.114819 0.362885 0.113477 0.362734 0.112130 0.362734 0.110384 0.362055 0.108500 0.360995 0.107019 0.360237 0.105944 0.359859 0.105944 0.359406 0.106884 0.359482 0.109306 0.359482 0.111861 0.359180 0.114417 0.358422 0.116301 0.357742 0.118046 0.357214 0.119662
5 0.366896 0.121546 0.363112 0.132843 0.364557 0.136574 0.366242 0.136343 0.374458 0.139486 0.377182 0.134644 0.376070 0.132139 0.372971 0.129556 0.371714 0.124912 0.372391 0.123190 0.374617 0.120093 0.379456 0.112181 0.379148 0.109898 0.379714 0.108426 0.380130 0.107130 0.381536 0.111296 0.381344 0.106671 0.381073 0.104370 0.380977 0.099037 0.375216 0.106537 0.372341 0.110972
14 0.643740 0.535032 0.655401 0.553458 0.659547 0.547472 0.661880 0.545167 0.662268 0.538491 0.662268 0.535264 0.652161 0.526282 0.645943 0.524898 0.644388 0.524671 0.642445 0.524440 0.639466 0.525569
6 0.331859 0.196315 0.332083 0.198981 0.333984 0.199028 0.334979 0.199648 0.335099 0.197681 0.342682 0.194824 0.367604 0.183981 0.372466 0.182019 0.375810 0.179861 0.373682 0.175069 0.365378 0.180653 0.331961 0.194153
8 0.426297 0.124394 0.433247 0.145486 0.434484 0.150806 0.441188 0.179560 0.441354 0.177778 0.442273 0.175398 0.443362 0.174653 0.441604 0.167667 0.437964 0.154421 0.431195 0.130639 0.427956 0.120838 0.424193 0.109014 0.422620 0.109083 0.423104 0.110287 0.424070 0.114588 0.423490 0.115792 0.425135 0.120093
8 0.445172 0.194250 0.450885 0.218519 0.459161 0.254671 0.460839 0.262245 0.463552 0.263644 0.460500 0.247977 0.453474 0.217644 0.448323 0.195806
8 0.584862 0.374819 0.617156 0.411384 0.616893 0.413407 0.616281 0.416056 0.613831 0.418699 0.583151 0.383088
8 0.584862 0.388824 0.566656 0.371708 0.543836 0.356579 0.579164 0.392060 0.610977 0.425375 0.636474 0.451671 0.634198 0.442801 0.629823 0.435019
8 0.637875 0.442958 0.662906 0.467694 0.660281 0.476565 0.643125 0.458514
8 0.598646 0.497407 0.596719 0.509301 0.592469 0.548551 0.589870 0.547500 0.594310 0.512412 0.596536 0.496759
8 0.585544 0.510333 0.585495 0.541852 0.585148 0.543130 0.584451 0.543755 0.582698 0.542977 0.582612 0.541106 0.582604 0.539417 0.582729 0.533861 0.582448 0.516356 0.582641 0.509991 0.583135 0.508898 0.583932 0.507963 0.585062 0.508120 0.585326 0.508588
8 0.520729 0.423889 0.504380 0.449773 0.502750 0.451519 0.501966 0.452565 0.500914 0.453958 0.500651 0.451750 0.499867 0.450819 0.500268 0.450088 0.502393 0.447565 0.514513 0.429199 0.520437 0.420824 0.523284 0.416514 0.524036 0.415176 0.530398 0.404444 0.530333 0.408861
6 0.282844 0.200634 0.293469 0.208801 0.317664 0.227037 0.326794 0.232681 0.328010 0.239523 0.329125 0.240421 0.329125 0.241500 0.325883 0.241681 0.304049 0.224856 0.302560 0.224542 0.293581 0.219000
6 0.313630 0.195412 0.329328 0.188213 0.331555 0.187134 0.333885 0.187310 0.339049 0.184972 0.343807 0.182810 0.357987 0.177051 0.360010 0.177231 0.363151 0.175250 0.371456 0.168769 0.373682 0.175069 0.365378 0.180653 0.331961 0.194153 0.331859 0.196315 0.315049 0.203514
8 0.342682 0.194824 0.335099 0.197681 0.334979 0.199648 0.352948 0.199579 0.357789 0.200421 0.377820 0.201630 0.378115 0.197255 0.378138 0.197500 0.379234 0.194468 0.355898 0.194204 0.355898 0.194204
7 0.441224 0.138009 0.443432 0.143366 0.447708 0.147051 0.451594 0.149356 0.456000 0.150736 0.460534 0.152347 0.463643 0.153042 0.463773 0.155806 0.461828 0.157875 0.461570 0.161560 0.461570 0.165477 0.459237 0.165708 0.457813 0.165940 0.455482 0.166630 0.455352 0.170546 0.460146 0.171468 0.455573 0.176440 0.454234 0.175398 0.452060 0.174653 0.450138 0.173912 0.449049 0.172426 0.447628 0.171236 0.446039 0.169301 0.444534 0.167370 0.442443 0.166773 0.441604 0.167667 0.437964 0.154421 0.438651 0.153731 0.438833 0.147375 0.439609 0.140144
6 0.361664 0.145972 0.371456 0.168769 0.373682 0.175069 0.375810 0.179861 0.380914 0.191880 0.380914 0.191880 0.403086 0.245028 0.413482 0.268435 0.413917 0.270088 0.425187 0.296431 0.426503 0.300569 0.448013 0.355907 0.455393 0.351949 0.453990 0.347782 0.422260 0.273241 0.412268 0.250005 0.387745 0.192676 0.387745 0.192676 0.371812 0.153847 0.364589 0.136356 0.363182 0.132606 0.357206 0.119278 0.341505 0.083657 0.337755 0.085949 0.338107 0.092407
6 0.375935 0.164537 0.392104 0.151412 0.400297 0.146532 0.412773 0.136833 0.418013 0.139676 0.420263 0.141273 0.395753 0.159968 0.379187 0.172472
6 0.428810 0.123926 0.436904 0.117333 0.440763 0.115722 0.445302 0.135222 0.447708 0.147051 0.443432 0.143366 0.441979 0.141111 0.440245 0.133787 0.440245 0.133787 0.438643 0.126347 0.431534 0.132532
6 0.509797 0.269838 0.507604 0.278148 0.530797 0.307866 0.531323 0.303977 0.530534 0.301486 0.530534 0.298843 0.531148 0.296194 0.531935 0.295417 0.533138 0.295843 0.509169 0.261065 0.504635 0.253694 0.504016 0.251384 0.497539 0.246250 0.497188 0.248426 0.504406 0.258171 0.511789 0.267338 0.510383 0.273796
6 0.530029 0.361204 0.532966 0.359583 0.534586 0.360667 0.534687 0.364083 0.534586 0.369125 0.534112 0.391306 0.534708 0.398213 0.534708 0.398213 0.534708 0.401458 0.534917 0.409449 0.535000 0.413912 0.535052 0.433181 0.535286 0.441519 0.535052 0.443389 0.534586 0.448181 0.534112 0.451727 0.533878 0.455273 0.534000 0.458384 0.534466 0.463389 0.534133 0.466046 0.533938 0.469301 0.533792 0.471347 0.531891 0.493644 0.530768 0.510134 0.529948 0.520931 0.529240 0.527231 0.528552 0.530093 0.528328 0.532880 0.525529 0.542236 0.522932 0.554894 0.519831 0.573208 0.515432 0.566847 0.516542 0.557477 0.519352 0.545759 0.521161 0.536463 0.525081 0.532481 0.524633 0.525315 0.526964 0.495833 0.529091 0.467764 0.529156 0.464537 0.529078 0.449167 0.529776 0.443750 0.530333 0.408861 0.530398 0.404444 0.530029 0.374889 0.530435 0.369847
6 0.533878 0.455273 0.534596 0.455306 0.537534 0.449727 0.540773 0.441806 0.541781 0.439236 0.541693 0.436750 0.541693 0.435190 0.542482 0.433324 0.545128 0.430282 0.548370 0.421282 0.545432 0.414981 0.544620 0.416139 0.544536 0.418819 0.544286 0.421644 0.543281 0.422384 0.535052 0.443389 0.534586 0.448181 0.534112 0.451727
6 0.586813 0.368148 0.593070 0.377361 0.594477 0.381528 0.595997 0.385069 0.608654 0.402153 0.617156 0.411384 0.616893 0.413407 0.617323 0.415690 0.629823 0.435019 0.629823 0.435019 0.634198 0.442801 0.636979 0.453509 0.639396 0.461255 0.647677 0.485644 0.649021 0.488704 0.655677 0.509009 0.662786 0.533380 0.663724 0.533380 0.665010 0.528593 0.653177 0.488389 0.649974 0.479278 0.645349 0.464884 0.643125 0.458514 0.637875 0.442958 0.636656 0.439644 0.636539 0.434440 0.636422 0.432981 0.608771 0.392569 0.599747 0.379653 0.597990 0.376528 0.596115 0.371116 0.594125 0.368407 0.579701 0.347069 0.576354 0.347667 0.572656 0.348981
8 0.434404 0.243139 0.455669 0.258625 0.472667 0.269019 0.483641 0.275986 0.517148 0.296773 0.518557 0.298014 0.518901 0.300356 0.518901 0.302838 0.518466 0.304079 0.517240 0.304713 0.515924 0.304241 0.483984 0.284477 0.464984 0.272810 0.451690 0.264097 0.447568 0.260532 0.446172 0.259630 0.444945 0.258801 0.443810 0.258801 0.434534 0.252736 0.436195 0.247769 0.434878 0.246056 0.432599 0.249171 0.432336 0.246991 0.432956 0.243718
6 0.463789 0.154463 0.475604 0.155083 0.476742 0.159130 0.472016 0.165042 0.464049 0.173755 0.462695 0.174616 0.459115 0.179259 0.458417 0.178968 0.456159 0.178519 0.455573 0.176440 0.460146 0.171468 0.470708 0.159083 0.461490 0.159319 0.461828 0.157875 0.463773 0.155806
6 0.612594 0.488171 0.620099 0.480838 0.639396 0.461255 0.637745 0.455880 0.629010 0.464343 0.623872 0.470787 0.622958 0.470958 0.622677 0.470310 0.609557 0.483935 0.609557 0.483935
14 0.364557 0.136574 0.366242 0.136343 0.375828 0.139796 0.381398 0.140486 0.382826 0.142792 0.383602 0.145787 0.384508 0.155227 0.379844 0.157991 0.378807 0.156611 0.376089 0.156380 0.373237 0.152926 0.371943 0.153384 0.371812 0.153847
14 0.316599 0.155296 0.314638 0.155296 0.312479 0.155880 0.310911 0.157042 0.309930 0.158898 0.309471 0.160991 0.309276 0.165060 0.309865 0.167963 0.311237 0.172032 0.311909 0.173449 0.313023 0.175431 0.315148 0.175431 0.317276 0.175431 0.319099 0.175431 0.320010 0.178671 0.320617 0.180833 0.323151 0.182991 0.329732 0.182991 0.332669 0.184250 0.343807 0.182810 0.357987 0.177051 0.360010 0.177231 0.363151 0.175250 0.366786 0.173009 0.355232 0.168185 0.355495 0.164764 0.366594 0.169639 0.366919 0.166384 0.366919 0.161389 0.366659 0.157667 0.361664 0.145972 0.361232 0.145972 0.359495 0.145713 0.356242 0.143787 0.353206 0.143398 0.349302 0.143528 0.347320 0.143440 0.326484 0.142384 0.323542 0.142963 0.321711 0.143894 0.320469 0.145523 0.319357 0.147731
14 0.355786 0.243051 0.360336 0.256083 0.361854 0.260764 0.364240 0.270676 0.364417 0.273731 0.364154 0.276755 0.364023 0.278148 0.365888 0.283380 0.365214 0.284394 0.363794 0.281972 0.362096 0.281509 0.360133 0.281509 0.358760 0.281856 0.357388 0.283134 0.356211 0.284181 0.347440 0.276495 0.346120 0.275278 0.335878 0.266750 0.333393 0.259079 0.333263 0.253500 0.333523 0.250824 0.333786 0.248731 0.340495 0.247069
14 0.533138 0.295843 0.531935 0.295417 0.531148 0.296194 0.530534 0.298843 0.530534 0.301486 0.531323 0.303977 0.531612 0.303074 0.534326 0.304009 0.534148 0.317699 0.531174 0.317856 0.531055 0.318319 0.530997 0.320657 0.532312 0.322523 0.533362 0.322213 0.533974 0.322056 0.535112 0.324546 0.536284 0.327852 0.537919 0.330870 0.539487 0.332500 0.543344 0.335171 0.547070 0.336102 0.549883 0.336333 0.552367 0.336449 0.552815 0.335639 0.556112 0.335917 0.556365 0.334282 0.556865 0.333093 0.557534 0.332500 0.557953 0.331009 0.558622 0.329079 0.559961 0.327144 0.561633 0.325657 0.565229 0.326551 0.570667 0.329671 0.578109 0.334282 0.587646 0.332796 0.585057 0.321690 0.585841 0.320296 0.586953 0.319250 0.588456 0.317389 0.588719 0.314718 0.588586 0.312157 0.588130 0.310417 0.587737 0.309602 0.582513 0.313870 0.583945 0.303093 0.581984 0.301468 0.578583 0.298907 0.562109 0.293912 0.555294 0.292148 0.551924 0.291468 0.547000 0.288931 0.544279 0.289625 0.541948 0.290546 0.540263 0.291694 0.538060 0.294690 0.537542 0.295611 0.535341 0.295611
1 0.382148 0.280046 0.376995 0.313880 0.374951 0.325847 0.374148 0.330815 0.371818 0.327120 0.374279 0.313579 0.378807 0.282926 0.378706 0.280949 0.380630 0.276986
1 0.379664 0.259171 0.370359 0.280421 0.358331 0.304894 0.357273 0.303685 0.358409 0.301532 0.358255 0.299111 0.358635 0.297097 0.359315 0.295481 0.370586 0.273694 0.376214 0.260875 0.376214 0.260875 0.379505 0.258380 0.379505 0.258380
1 0.421987 0.374898 0.431352 0.390148 0.442906 0.408352 0.442906 0.408352 0.443661 0.408380 0.439667 0.397306 0.432667 0.387347 0.426714 0.378319 0.424000 0.373810
8 0.409005 0.383032 0.412005 0.381144 0.414974 0.379398 0.421987 0.374898 0.423464 0.373981 0.421846 0.374111 0.416737 0.374588 0.413935 0.376921 0.412422 0.377778 0.408193 0.380231 0.406576 0.380991 0.402161 0.384259 0.399383 0.386014 0.400354 0.389468 0.403536 0.387111 0.407891 0.383870
1 0.346016 0.275509 0.332328 0.263444 0.310526 0.246639 0.315339 0.255185 0.343872 0.279005
1 0.498883 0.186231 0.503750 0.183519 0.518297 0.181329 0.518857 0.181926 0.519865 0.183917 0.519977 0.187102 0.519417 0.190088 0.510010 0.191481 0.505849 0.192995 0.503773 0.193264 0.501732 0.194060 0.469344 0.211338 0.469344 0.211338 0.462578 0.205509 0.468956 0.201894
1 0.434211 0.276120 0.437482 0.295981 0.443354 0.321722 0.443964 0.321722 0.443151 0.308940 0.437958 0.284222 0.435932 0.275583
1 0.432083 0.280083 0.439911 0.314884 0.442646 0.321722 0.443354 0.321722 0.437482 0.295981 0.433602 0.275222 0.431779 0.276662
1 0.452956 0.345935 0.460461 0.340556 0.461865 0.338639 0.462461 0.336431 0.462513 0.333838 0.462245 0.331051 0.461109 0.328171 0.450703 0.317500 0.452172 0.324523 0.458815 0.333167 0.459193 0.334796 0.459193 0.335278 0.451146 0.341231
11 0.445497 0.137097 0.453023 0.132898 0.454161 0.110333 0.458013 0.108468 0.462302 0.111579 0.460901 0.134296 0.477812 0.154769 0.477682 0.159769 0.481810 0.164861 0.498089 0.183690 0.495904 0.182083 0.488648 0.179088 0.485279 0.179551 0.477969 0.170954 0.477354 0.173602 0.475779 0.173287 0.472891 0.170176 0.473680 0.167843 0.473505 0.166597 0.472016 0.165042 0.476742 0.159130 0.475604 0.155083 0.463789 0.154463 0.463643 0.153042 0.455911 0.146218 0.450135 0.148551 0.447708 0.147051
2 0.477682 0.159769 0.477812 0.154769 0.477453 0.137083 0.480617 0.134773 0.483159 0.137991 0.482607 0.153435 0.482372 0.158727 0.503750 0.183519 0.503750 0.183519 0.498883 0.186231 0.498883 0.186231 0.498104 0.183694
11 0.505849 0.192995 0.557638 0.254028 0.557521 0.256319 0.560799 0.260278 0.563964 0.258611 0.569581 0.264935 0.574060 0.270708 0.587315 0.286792 0.596104 0.280130 0.596104 0.282208 0.593057 0.304708 0.582513 0.313870 0.584154 0.300750 0.559078 0.269921 0.555552 0.271657 0.554643 0.269583 0.552831 0.267282 0.553687 0.263463 0.534003 0.239509 0.523549 0.224903 0.519534 0.221449 0.517073 0.220523 0.503286 0.204884 0.501732 0.194060 0.503773 0.193264
2 0.505849 0.192995 0.510010 0.191481 0.544273 0.231491 0.559443 0.248843 0.561432 0.234884 0.564596 0.232176 0.566823 0.235926 0.563964 0.258611 0.560799 0.260278 0.557521 0.256319 0.557638 0.254028
2 0.448500 0.423667 0.468698 0.484991 0.470333 0.486162 0.474719 0.484144 0.476612 0.476074 0.475099 0.472042 0.474643 0.472042 0.473661 0.470023 0.473964 0.469218 0.462466 0.435060 0.459742 0.429546 0.460328 0.428088 0.457594 0.419083
11 0.437654 0.431069 0.441068 0.436361 0.465331 0.474389 0.468698 0.484991 0.470333 0.486162 0.472216 0.485375 0.486495 0.507875 0.487102 0.510218 0.487000 0.511838 0.484268 0.515620 0.462292 0.479972 0.432823 0.433523
11 0.426018 0.411778 0.407891 0.383870 0.403536 0.387111 0.420042 0.413037
11 0.406576 0.380991 0.381461 0.341745 0.374148 0.330815 0.371818 0.327120 0.360451 0.308375 0.360451 0.308375 0.347505 0.288435 0.349609 0.284630 0.350128 0.283449 0.346120 0.275278 0.343872 0.279005 0.336607 0.291296 0.338664 0.294505 0.342776 0.299329 0.344620 0.293875 0.361076 0.320338 0.387849 0.362338 0.402161 0.384259
2 0.411859 0.312569 0.425576 0.353579 0.427940 0.360894 0.428536 0.363421 0.437969 0.361667 0.435594 0.353616 0.419724 0.306787 0.414047 0.290130 0.413758 0.289676 0.413240 0.287352 0.411672 0.283032 0.412807 0.279292 0.410646 0.272764 0.408109 0.273148 0.405078 0.263148 0.401070 0.260755 0.401070 0.260755 0.401016 0.261718 0.401016 0.261718 0.394779 0.260509
2 0.431615 0.372097 0.436521 0.371509 0.440461 0.371264 0.441857 0.370083 0.445383 0.370167 0.445339 0.370838 0.445948 0.374616 0.445948 0.374616 0.444630 0.379296 0.444609 0.381426 0.451719 0.401083 0.443661 0.408380 0.439667 0.397306
4 0.596719 0.509301 0.599466 0.506745 0.601201 0.505060 0.603370 0.503657 0.605539 0.503019 0.607995 0.502889 0.609586 0.502889 0.611320 0.502889 0.614573 0.504417 0.616961 0.506347 0.619924 0.508801 0.621370 0.510856 0.623755 0.514954 0.626792 0.522412 0.625128 0.524338 0.624622 0.526792 0.624190 0.528963 0.624117 0.529620 0.590052 0.577968 0.587536 0.572287 0.586083 0.562648 0.585115 0.552495 0.585495 0.541852 0.586469 0.533398 0.588599 0.524287 0.591021 0.517745 0.594310 0.512412 0.589870 0.547500 0.592469 0.548551
14 0.646073 0.542676 0.646883 0.544657 0.648099 0.549699 0.648299 0.552759 0.648401 0.553301 0.646745 0.554907 0.644573 0.555819 0.644648 0.557704 0.637917 0.568194 0.634346 0.573370 0.623026 0.589069 0.614604 0.600356 0.609818 0.607083 0.609115 0.608495 0.607799 0.610829 0.606172 0.612171 0.604250 0.612708 0.602224 0.611991 0.600299 0.610551 0.596958 0.613250 0.594628 0.615588 0.593109 0.617208 0.592706 0.618648 0.592706 0.618829 0.590883 0.619731 0.590172 0.618472 0.590578 0.618111 0.588755 0.611449 0.587034 0.608389 0.586224 0.609287 0.585414 0.609829 0.584169 0.608810 0.583206 0.605074 0.581943 0.601417 0.581654 0.599694 0.582622 0.598148 0.584557 0.594880 0.586203 0.593676 0.590266 0.587995 0.590266 0.585588 0.590073 0.582838 0.589784 0.580083 0.590466 0.580778 0.590052 0.577968 0.624188 0.529319 0.628078 0.523611 0.630648 0.523611 0.630872 0.520787 0.631479 0.519704 0.632685 0.517273 0.639570 0.525213 0.643956 0.535440
14 0.381563 0.111435 0.381073 0.104370 0.380977 0.099037 0.380977 0.094560 0.380977 0.091463 0.380977 0.089398 0.382523 0.085273 0.384846 0.082176 0.387943 0.080111 0.390557 0.078907 0.393365 0.079250 0.395589 0.080625 0.397622 0.082861 0.399654 0.086306 0.400815 0.090431 0.401008 0.094560 0.401008 0.100755 0.393169 0.104023 0.387750 0.106435
6 0.470029 0.411819 0.472479 0.430648 0.476576 0.464194 0.478852 0.461083 0.472987 0.410343
6 0.365312 0.239815 0.369844 0.238472 0.378242 0.236310 0.378016 0.228241 0.350026 0.235370 0.335125 0.239403 0.335201 0.241824 0.332023 0.243708 0.330359 0.242630 0.330284 0.241019 0.329125 0.241500 0.325883 0.241681 0.320904 0.243167 0.321734 0.248144 0.323474 0.250565 0.324685 0.250833 0.340495 0.247069 0.351010 0.244111 0.358120 0.242227
6 0.330078 0.233935 0.331042 0.235667 0.349159 0.231625 0.378042 0.225245 0.377693 0.214509 0.346755 0.221412 0.346174 0.220037 0.339401 0.221069 0.339690 0.222792 0.338336 0.223306 0.333404 0.224468 0.333318 0.225398 0.332443 0.225319 0.331654 0.225787 0.329992 0.227579
6 0.334323 0.236204 0.335125 0.239403 0.335201 0.241824 0.332023 0.243708 0.330359 0.242630 0.330284 0.241019 0.328591 0.233491 0.320013 0.201282 0.323643 0.199667 0.331654 0.225787 0.329992 0.227579 0.330078 0.233935 0.331042 0.235667 0.334099 0.234926
7 0.401870 0.159407 0.404581 0.156481 0.407484 0.155449 0.420651 0.146806 0.425289 0.143579 0.434484 0.150806 0.436432 0.167639 0.437591 0.179708 0.430146 0.179412 0.426633 0.178222 0.425044 0.177333 0.423372 0.177481 0.422117 0.178370 0.421865 0.180454 0.422703 0.184023 0.418323 0.183495 0.418203 0.187130 0.424125 0.188634 0.424542 0.190565 0.426047 0.192796 0.427469 0.194282 0.419870 0.193301 0.416773 0.192097 0.414161 0.192782 0.403805 0.193130 0.402643 0.176954 0.401385 0.167495
8 0.405000 0.132037 0.410365 0.135259 0.418013 0.139676 0.425289 0.143579 0.434484 0.150806 0.433151 0.145139 0.419125 0.136653 0.410885 0.132037 0.407891 0.130278 0.405807 0.129259 0.405807 0.129259
6 0.320763 0.203347 0.320568 0.207296 0.323706 0.217759 0.326057 0.229495 0.326794 0.232681 0.328010 0.239523 0.329125 0.240421 0.330284 0.241019 0.328591 0.233491
1 0.571745 0.614750 0.561023 0.634509 0.556008 0.645014 0.554664 0.646606 0.552198 0.654153 0.553143 0.659884 0.552695 0.659884 0.550904 0.651523 0.552023 0.647144 0.561612 0.627417 0.569654 0.612542
6 0.404581 0.156481 0.407273 0.154463 0.420052 0.145648 0.424055 0.143111 0.425289 0.143579 0.420625 0.146852 0.407484 0.155449
6 0.437422 0.218519 0.440833 0.216667 0.440833 0.216667 0.442893 0.223106 0.444107 0.232218 0.443940 0.236231 0.444107 0.240838 0.444776 0.244407 0.446115 0.247829 0.447703 0.250208 0.448143 0.253245 0.443445 0.250847 0.441664 0.242875 0.441016 0.237023 0.439005 0.227236
7 0.386724 0.189310 0.388854 0.187759 0.389919 0.184662 0.391562 0.182426 0.394141 0.180185 0.396885 0.180532 0.399729 0.194532 0.387745 0.192676
14 0.596216 0.345343 0.595948 0.340694 0.596479 0.337556 0.599674 0.332208 0.602094 0.328606 0.604055 0.326977 0.607326 0.333954 0.610529 0.340926 0.610594 0.342319 0.610789 0.343019 0.613078 0.341042 0.615169 0.340926 0.616943 0.341741 0.618307 0.343713 0.623799 0.353477 0.635299 0.376583 0.646289 0.398889 0.648344 0.405074 0.648604 0.408491 0.649305 0.409579 0.651055 0.411449 0.652630 0.414560 0.652630 0.417204 0.651667 0.419694 0.649305 0.423741 0.645805 0.429495 0.641427 0.436343 0.637664 0.439769 0.636656 0.439644 0.636539 0.434440 0.636422 0.432981 0.608771 0.392569 0.606943 0.389199 0.599503 0.374102 0.598716 0.369593 0.598802 0.364926 0.599680 0.360880 0.601253 0.356056 0.600904 0.354810 0.599065 0.350764 0.597578 0.349676
14 0.588135 0.369727 0.586849 0.371745 0.586320 0.374435 0.586242 0.376454 0.608654 0.402153 0.595997 0.385069 0.594477 0.381528 0.593070 0.377361
14 0.568432 0.414079 0.572326 0.411625 0.576339 0.408815 0.579635 0.406606 0.599940 0.427458 0.599680 0.430727 0.599065 0.431815 0.598104 0.433218 0.597490 0.434616 0.596615 0.436639 0.595740 0.438505 0.589789 0.445199 0.580073 0.454222 0.576013 0.457620 0.573766 0.459750 0.570617 0.459218 0.567018 0.458153 0.564320 0.454421 0.560424 0.445093 0.559523 0.440296 0.559224 0.432569 0.559224 0.428569 0.559974 0.425375 0.561471 0.421111 0.564620 0.416847 0.567018 0.415514
1 0.609557 0.483935 0.607708 0.485926 0.611625 0.491144 0.615557 0.496347 0.631279 0.520282 0.632682 0.517750 0.628747 0.511699 0.626430 0.507949 0.626620 0.507681 0.623336 0.503634 0.618401 0.496648 0.618401 0.496648 0.614302 0.490250
1 0.508487 0.458208 0.504714 0.456866 0.503346 0.456745 0.486073 0.451403 0.485484 0.454074 0.498344 0.458218 0.498344 0.458218 0.507591 0.461593 0.529091 0.467764 0.529156 0.464537
2 0.389193 0.279671 0.393008 0.287319 0.397310 0.296764 0.397362 0.296481 0.403680 0.287449 0.406922 0.296569 0.401198 0.304921 0.414154 0.331449 0.415656 0.334986 0.411995 0.340287 0.409284 0.336190 0.389628 0.291120
14 0.683167 0.636856 0.676724 0.628315 0.668872 0.646648 0.669458 0.649144 0.673208 0.651227 0.675904 0.649144
10 0.549846 0.570134 0.554029 0.566565 0.556372 0.564778 0.558211 0.564185 0.559133 0.565968 0.559719 0.567458 0.562562 0.566417 0.563732 0.565819 0.564234 0.565671 0.562227 0.560912 0.562979 0.557495 0.563648 0.553778 0.558466 0.548764 0.556523 0.554981 0.550044 0.557282
3 0.576721 0.516472 0.579961 0.523380 0.570633 0.550329 0.560786 0.539042 0.564802 0.525912 0.573411 0.516713 0.571669 0.525912 0.573203 0.526157 0.574974 0.516528
3 0.565156 0.564583 0.565917 0.566352 0.569354 0.574014 0.580724 0.578681 0.585622 0.576125 0.583099 0.573569
3 0.639396 0.461255 0.620099 0.480838 0.628104 0.487722 0.628690 0.489213
3 0.623336 0.503634 0.626766 0.494269 0.627768 0.492185 0.628690 0.489213 0.639396 0.461255 0.647677 0.485644 0.645083 0.492778 0.643242 0.493671 0.640901 0.495306 0.639479 0.496796 0.637638 0.497833 0.631617 0.492185 0.629693 0.497986 0.628521 0.497093 0.627352 0.496944 0.626849 0.498579 0.627938 0.500514 0.628607 0.502296 0.626430 0.507949
2 0.569576 0.514981 0.566479 0.494333 0.571997 0.487889 0.571997 0.487889 0.574461 0.490875 0.576349 0.492958 0.577706 0.493819 0.579349 0.494505 0.575768 0.509130
2 0.552740 0.454046 0.550724 0.462208 0.556211 0.468778 0.560354 0.474750 0.568193 0.484505 0.571997 0.487889 0.574461 0.490875 0.571773 0.479528 0.559906 0.466588 0.556883 0.460417 0.553747 0.452653
2 0.566224 0.518981 0.562352 0.521815 0.562352 0.525269 0.564802 0.525912 0.573411 0.516713 0.581964 0.508787 0.581964 0.508787 0.606268 0.485602 0.622677 0.470310 0.621448 0.464912 0.582641 0.502421 0.577607 0.507926 0.575768 0.509130 0.569576 0.514981
2 0.557125 0.441361 0.553747 0.452653 0.556883 0.460417 0.559906 0.466588 0.571773 0.479528 0.571516 0.475208 0.571815 0.471741 0.573016 0.468810 0.574664 0.467213 0.577063 0.465880 0.577961 0.464282 0.576013 0.457620 0.573766 0.459750 0.566719 0.464014
7 0.629503 0.598972 0.635708 0.587356 0.635406 0.586954 0.635026 0.586417 0.634422 0.582787 0.633969 0.578347 0.633969 0.575120 0.634346 0.573370 0.623026 0.589069 0.623154 0.589301 0.624190 0.591833 0.625487 0.593444 0.626654 0.593907 0.628078 0.593907 0.628596 0.597361
2 0.585919 0.639449 0.569799 0.675847 0.567227 0.681898 0.567026 0.679986 0.566372 0.677944 0.566372 0.677944 0.568188 0.673907 0.572281 0.666625 0.578135 0.649523 0.584258 0.637111
2 0.602927 0.623713 0.604943 0.630681 0.608635 0.629287 0.611435 0.631278 0.611771 0.635060 0.621836 0.614287 0.610221 0.616181 0.607125 0.618588 0.605674 0.617213 0.599479 0.617898 0.597057 0.618102
3 0.531891 0.493644 0.530768 0.510134 0.532443 0.513255 0.542813 0.509389 0.539133 0.495856
3 0.517857 0.491731 0.522169 0.503394 0.521294 0.505838 0.517482 0.513833 0.513659 0.507398 0.513172 0.511278 0.511422 0.506616 0.512422 0.491954 0.515109 0.504616 0.517107 0.502949 0.512672 0.486509 0.516169 0.491731
3 0.508487 0.458208 0.509047 0.456417 0.509831 0.454426 0.510503 0.454227 0.515206 0.458806 0.516214 0.458009 0.516549 0.456815 0.516661 0.456218 0.511062 0.451241 0.513862 0.447657 0.515318 0.446065 0.516773 0.443477 0.518229 0.440292 0.523044 0.442282 0.527523 0.464181
3 0.529091 0.467764 0.526964 0.495833 0.526180 0.496431 0.525508 0.498421 0.525060 0.499417 0.511062 0.471148 0.511398 0.469356 0.512070 0.467764 0.511622 0.465574 0.510503 0.464977 0.509159 0.464181 0.508039 0.463384 0.507479 0.461593 0.507591 0.461593
3 0.544318 0.457611 0.544565 0.467782 0.544430 0.467366 0.544565 0.470171 0.546805 0.470370 0.547141 0.476144 0.555427 0.481519 0.555987 0.499236 0.555875 0.503417 0.553523 0.502620 0.543086 0.497426 0.531891 0.493644 0.533792 0.471347 0.536143 0.471745 0.541510 0.473333 0.541742 0.463583
3 0.614604 0.600356 0.614604 0.602657 0.616417 0.607032 0.625487 0.607495 0.629503 0.598972 0.628596 0.597361 0.628078 0.593907 0.626654 0.593907 0.625487 0.593444 0.624190 0.591833 0.623154 0.589301 0.623026 0.589069
3 0.560354 0.474750 0.560802 0.477537 0.560914 0.480324 0.560130 0.494259 0.555987 0.499236 0.555427 0.481519 0.547141 0.476144 0.546805 0.470370 0.544565 0.470171 0.544565 0.467782 0.556211 0.468778
3 0.555755 0.507176 0.571997 0.487889 0.568193 0.484505 0.555987 0.499236 0.555875 0.503417 0.553523 0.502620 0.552068 0.504611
3 0.524633 0.525315 0.513659 0.507398 0.510385 0.528028 0.519352 0.545759 0.521161 0.536463 0.525081 0.532481
3 0.528328 0.532880 0.537286 0.546616 0.534823 0.562338 0.531779 0.576394 0.529763 0.571417 0.522932 0.554894 0.525529 0.542236
3 0.550052 0.540644 0.550052 0.580056 0.549289 0.584495 0.549177 0.587083 0.547273 0.589671 0.542661 0.594986 0.540734 0.591921 0.538831 0.589134 0.537487 0.583361 0.535135 0.579181 0.534823 0.562338 0.541094 0.552986
3 0.583667 0.630481 0.602367 0.654167 0.611771 0.635060 0.611435 0.631278 0.608635 0.629287 0.604943 0.630681 0.602927 0.623713 0.595984 0.616546 0.587026 0.622718 0.556344 0.591662 0.549289 0.584495 0.549177 0.587083 0.547273 0.589671 0.564630 0.607389 0.584003 0.627894
2 0.547880 0.620069 0.550568 0.617681 0.550008 0.628431 0.548776 0.636194 0.550008 0.645750 0.552023 0.647144 0.550904 0.651523 0.552695 0.659884 0.548440 0.657097 0.542896 0.640894 0.544185 0.630222 0.544185 0.630222 0.545417 0.630819
2 0.546333 0.613023 0.549224 0.611708 0.557060 0.607926 0.559635 0.610514 0.561763 0.610713 0.561987 0.613301 0.562099 0.623852 0.550008 0.628431 0.550568 0.617681 0.547880 0.620069 0.545417 0.630819 0.544185 0.630222
7 0.522932 0.554894 0.529763 0.571417 0.531779 0.576394 0.535135 0.579181 0.537487 0.583361 0.538831 0.589134 0.540734 0.591921 0.543422 0.595903 0.547677 0.605060 0.548125 0.609838 0.546333 0.613023 0.542896 0.640894 0.527667 0.595704 0.519831 0.573208
7 0.485635 0.496394 0.503672 0.525995 0.508927 0.537773 0.510385 0.528028 0.519352 0.545759 0.516542 0.557477 0.515432 0.566847 0.492469 0.532222 0.487760 0.511111
13 0.451570 0.432157 0.444656 0.442583 0.465331 0.474389
2 0.502424 0.491630 0.503273 0.516384 0.498370 0.517199 0.501247 0.522431 0.508112 0.522546 0.507328 0.495000 0.505862 0.490176
2 0.562396 0.585032 0.558872 0.584792 0.556026 0.585032 0.561312 0.596361 0.573229 0.608032 0.573055 0.604139 0.572169 0.603824 0.566266 0.592125 0.564911 0.589375 0.563846 0.586963
3 0.563846 0.586963 0.585622 0.576125 0.589784 0.580083 0.590073 0.582838 0.590266 0.585588 0.590266 0.587995 0.586203 0.593676 0.584557 0.594880 0.564911 0.589375
3 0.552068 0.504611 0.550044 0.503157 0.549044 0.506801 0.547924 0.513171 0.546805 0.516157 0.543956 0.523657 0.542865 0.527130 0.537286 0.546616 0.535922 0.552449 0.539161 0.555671 0.541094 0.552986 0.550052 0.540644 0.550044 0.557282 0.556523 0.554981 0.558466 0.548764 0.590466 0.580778 0.590052 0.577968 0.587536 0.572287 0.586839 0.567880 0.570633 0.550329 0.560786 0.539042 0.564802 0.525912 0.562352 0.525269 0.562352 0.521815 0.566224 0.518981 0.559682 0.511778 0.555755 0.507176
2 0.508393 0.424097 0.502393 0.447565 0.500268 0.450088 0.498141 0.450625 0.504419 0.421463
2 0.499932 0.459426 0.496573 0.473954 0.493880 0.487801 0.493049 0.489148 0.492594 0.489551 0.489643 0.489417 0.492318 0.478333 0.493885 0.469972 0.494107 0.468569 0.495695 0.459829 0.497057 0.458352 0.498344 0.458218
17 0.548440 0.657097 0.558180 0.686755 0.569826 0.719801 0.570385 0.706264 0.569154 0.691931 0.567026 0.679986 0.563667 0.669037 0.562547 0.665852 0.559635 0.663269 0.557284 0.661477 0.553143 0.659884
2 0.510885 0.385602 0.511505 0.385384 0.517193 0.392940 0.520854 0.394449 0.518953 0.399782 0.515820 0.406769 0.515807 0.406852 0.513021 0.409861 0.512943 0.408278 0.513008 0.404676 0.512094 0.394102
2 0.510885 0.385602 0.512094 0.394102 0.513008 0.404676 0.512943 0.408278 0.513021 0.409815 0.510060 0.412685 0.508359 0.412454 0.507510 0.410477 0.506464 0.404199 0.506073 0.400481 0.506073 0.397926 0.506333 0.394435 0.506971 0.392722
2 0.566266 0.592125 0.564911 0.589375 0.584557 0.594880 0.582622 0.598148
10 0.484141 0.462222 0.483247 0.466190 0.483023 0.472958 0.483919 0.478532 0.485487 0.482912 0.487279 0.482912 0.487391 0.480324 0.492318 0.478333 0.493885 0.469972 0.491758 0.466787 0.491198 0.466787 0.490190 0.465792 0.489742 0.464199 0.490862 0.463403 0.491422 0.463005 0.490526 0.458426
3 0.496573 0.473954 0.504411 0.470370 0.505307 0.472162 0.505419 0.473556 0.506299 0.474736 0.506737 0.476181 0.507112 0.478736 0.506299 0.480625 0.506424 0.481736 0.507174 0.483287 0.508109 0.485954 0.508172 0.488065 0.505862 0.490176 0.497021 0.494458
10 0.572865 0.636296 0.567263 0.649523 0.568182 0.651606 0.569102 0.653981 0.570190 0.654727 0.571529 0.654727 0.569521 0.663648 0.572281 0.666625 0.578135 0.649523 0.575208 0.646699 0.576797 0.641495
10 0.589260 0.663352 0.592773 0.668556 0.594362 0.667963 0.595451 0.668556 0.594029 0.671231 0.593859 0.673167 0.594612 0.676588 0.591268 0.683722 0.587169 0.680153 0.585664 0.677625 0.585328 0.675546 0.585328 0.674060
14 0.605018 0.432125 0.589789 0.445199 0.582260 0.452042 0.579547 0.457176 0.578760 0.459977 0.578411 0.462468 0.577961 0.464282 0.577063 0.465880 0.574664 0.467213 0.573016 0.468810 0.571815 0.471741 0.571516 0.475208 0.571773 0.479528 0.574461 0.490875 0.576349 0.492958 0.577706 0.493819 0.579349 0.494505 0.581091 0.493819 0.583706 0.491407 0.584711 0.490319 0.586724 0.491565 0.588299 0.492500 0.589875 0.492968 0.591276 0.492968 0.592589 0.492968 0.607732 0.478338 0.621448 0.464912 0.619617 0.458338 0.622492 0.455111 0.624156 0.461968 0.624383 0.461968 0.629299 0.456319
14 0.650880 0.476315 0.652018 0.477718 0.654031 0.477870 0.676523 0.499190 0.668211 0.516463 0.665758 0.522528 0.665010 0.528593 0.653177 0.488389 0.649974 0.479278
2 0.525708 0.366255 0.527047 0.369375 0.527297 0.371755 0.527549 0.378894 0.527214 0.399708 0.527130 0.406995 0.526128 0.409968 0.525375 0.411310 0.524536 0.413685 0.524036 0.415176 0.523284 0.416514 0.520437 0.420824 0.515503 0.424394 0.511406 0.424838 0.508393 0.424097 0.505719 0.422611 0.502622 0.419486 0.500115 0.415769 0.497854 0.412051 0.503961 0.398519 0.506333 0.394435 0.506073 0.397926 0.506073 0.400481 0.506464 0.404199 0.507510 0.410477 0.508359 0.412454 0.510060 0.412685 0.515755 0.406944 0.518953 0.399782 0.521698 0.391532 0.520521 0.390139 0.515682 0.387694 0.512021 0.383630 0.515253 0.379042 0.518682 0.374134 0.522698 0.369079
2 0.534789 0.390463 0.539438 0.378472 0.544083 0.371273 0.545732 0.371542 0.548281 0.375537 0.567018 0.415514 0.564620 0.416847 0.561471 0.421111 0.559974 0.425375 0.559224 0.428569 0.559224 0.432569 0.559523 0.440296 0.560424 0.445093 0.564320 0.454421 0.567018 0.458153 0.570617 0.459218 0.573766 0.459750 0.566719 0.464014
2 0.494008 0.386625 0.493841 0.390046 0.493841 0.393764 0.494258 0.395694 0.494510 0.396736 0.494510 0.397630 0.494594 0.399708 0.495849 0.406102 0.497354 0.410120 0.503542 0.396884 0.506721 0.390787 0.507893 0.382759 0.510068 0.384991 0.514010 0.378750 0.517422 0.373843 0.521276 0.368796 0.524203 0.365657 0.515253 0.358222 0.513078 0.355991 0.511406 0.355398 0.509815 0.355398 0.500115 0.371903 0.502622 0.374134 0.502036 0.375620 0.499276 0.373389 0.495263 0.381421
14 0.655677 0.509009 0.662786 0.533380 0.662268 0.535264 0.652161 0.526282 0.644776 0.518681 0.646297 0.513852 0.646451 0.511699 0.654922 0.511162
2 0.442273 0.175398 0.443362 0.174653 0.441604 0.167667 0.442443 0.166773 0.444534 0.167370 0.446039 0.169301 0.447628 0.171236 0.449049 0.172426 0.450138 0.173912 0.452060 0.174653 0.454234 0.175398 0.455573 0.176440 0.456159 0.178519 0.458417 0.178968 0.460091 0.180602 0.460927 0.182981 0.461513 0.184764 0.461430 0.186995 0.460174 0.186995 0.459339 0.187593 0.458500 0.190120 0.457164 0.192796 0.456411 0.194727 0.456242 0.195620 0.455992 0.197255 0.455909 0.197852 0.446792 0.191310 0.446372 0.189079 0.445286 0.188782 0.443529 0.187444 0.442443 0.185806 0.441188 0.179560 0.441354 0.177778
7 0.305937 0.141019 0.286018 0.147037 0.289406 0.191597 0.293469 0.208801 0.317664 0.227037 0.314953 0.213273 0.311471 0.194523 0.309052 0.176287 0.306341 0.147727
2 0.451740 0.316810 0.456510 0.315523 0.452823 0.297144 0.454487 0.296375 0.458391 0.306657 0.459836 0.313981 0.460846 0.314750 0.461281 0.319380 0.462943 0.321051 0.462872 0.324134 0.461570 0.324648 0.461281 0.326704 0.461109 0.328171 0.452029 0.318477
