0 0.688086 0.403111 0.684484 0.419630 0.690474 0.446407 0.695555 0.468028 0.692289 0.469963 0.681036 0.476093 0.678857 0.475769 0.667424 0.479963 0.642682 0.576565 0.646253 0.570218 0.656542 0.562380 0.660951 0.557528 0.665151 0.548194 0.673130 0.520940 0.675021 0.519449 0.680690 0.519819 0.682266 0.518227 0.686484 0.516769 0.690701 0.510935 0.692107 0.509894 0.696091 0.515310 0.699255 0.518852 0.714135 0.528644 0.716010 0.531769 0.716479 0.535519 0.714839 0.539681 0.724094 0.549264 0.723742 0.552389 0.722687 0.556347 0.724914 0.558639 0.727727 0.563870 0.727307 0.572083 0.728497 0.571106 0.729990 0.574241 0.733651 0.573759 0.734057 0.577134 0.728227 0.607019 0.724703 0.623889 0.722128 0.629917 0.717247 0.636181 0.721966 0.639583 0.732789 0.635681 0.735771 0.627593 0.740789 0.622296 0.748161 0.619227 0.751221 0.617722 0.753260 0.611028 0.754984 0.602940 0.756021 0.595495 0.755534 0.582528 0.753495 0.568306 0.751659 0.554866 0.749841 0.550657 0.748240 0.539083 0.746578 0.524190 0.745307 0.520343 0.742760 0.501292 0.747424 0.495551 0.749620 0.497505 0.751190 0.496389 0.752286 0.497227 0.753542 0.501130 0.753857 0.503639 0.755896 0.506431 0.757935 0.511727 0.762326 0.512565 0.763737 0.520370 0.765620 0.519255 0.766107 0.512181 0.766117 0.507162 0.768549 0.502583 0.770727 0.497032 0.773034 0.492935 0.775737 0.485000 0.776555 0.476801 0.776286 0.468565 0.773833 0.460532 0.769901 0.457639 0.768273 0.453542 0.767867 0.450894 0.765833 0.448722 0.761497 0.447278 0.756888 0.446796 0.756208 0.448000 0.752414 0.445347 0.749430 0.434019 0.750383 0.424181 0.754594 0.414079 0.757841 0.405144 0.759747 0.396722 0.759057 0.394301 0.755409 0.391398 0.738349 0.380269 0.736625 0.385269 0.720956 0.373810 0.719560 0.382769 0.718857 0.386310 0.719208 0.390269 0.718388 0.395477 0.717919 0.404014 0.718271 0.407764 0.713701 0.410681 0.708531 0.412884 0.706026 0.403398 0.705083 0.398111 0.697878 0.379139
2 0.376797 0.404722 0.371086 0.401204 0.370383 0.403079 0.403542 0.427241 0.390651 0.410370 0.381865 0.405579
2 0.453672 0.237491 0.456034 0.235157 0.455336 0.231731 0.456911 0.231269 0.457609 0.232046 0.462336 0.242468 0.464086 0.249940 0.461023 0.256005 0.457523 0.260829 0.456734 0.260051 0.455773 0.249315
2 0.543776 0.276037 0.548794 0.281333 0.548794 0.281333 0.549109 0.283287 0.565737 0.301412 0.570521 0.298199 0.572031 0.291532 0.566865 0.286940 0.547729 0.276065
2 0.509188 0.363819 0.513266 0.356569 0.520953 0.353505 0.523385 0.354116 0.523932 0.360472 0.524404 0.363264 0.526492 0.364972 0.519753 0.366685 0.511263 0.368241
2 0.780898 0.561319 0.769102 0.551352 0.765180 0.560833 0.765180 0.560833 0.770273 0.564333 0.784909 0.576389 0.786266 0.571167 0.786943 0.566847
2 0.851445 0.656306 0.874492 0.695833 0.881271 0.686917 0.864732 0.659440
9 0.422385 0.301162 0.423672 0.299417 0.425182 0.299282 0.426318 0.300088 0.426924 0.301565 0.428438 0.301838 0.429117 0.302778 0.429948 0.308292 0.431310 0.309634 0.432068 0.320528 0.429797 0.323083 0.426469 0.323083 0.424729 0.315148 0.423292 0.306542
2 0.511263 0.368241 0.519753 0.366685 0.526492 0.364972 0.533581 0.372287 0.536732 0.380685 0.536643 0.388310 0.532531 0.397648 0.528505 0.398736 0.524917 0.394690 0.517914 0.380685
2 0.519547 0.402810 0.508984 0.409356 0.508987 0.409315 0.510867 0.430829 0.508638 0.428144 0.507997 0.425421 0.505284 0.421065 0.502570 0.417954 0.500995 0.414528 0.498284 0.407995 0.494695 0.402546 0.493469 0.399593 0.492201 0.396616 0.498979 0.385528 0.500971 0.382565 0.510190 0.392685
7 0.502336 0.435097 0.509323 0.434556 0.513172 0.437074 0.519956 0.441523 0.522185 0.444097 0.527857 0.450218 0.535146 0.457060 0.538792 0.460662 0.541021 0.461199 0.544260 0.460662 0.544464 0.461560 0.541122 0.467319 0.539299 0.471824 0.530792 0.465880 0.521578 0.460481 0.515370 0.453519 0.505284 0.442181
7 0.513141 0.461778 0.518234 0.473931 0.521172 0.480407 0.524716 0.489949 0.525526 0.489412 0.526034 0.491032 0.530388 0.489412 0.532818 0.489231 0.537880 0.491394 0.540414 0.488509 0.532859 0.482440 0.523911 0.471593 0.519844 0.469426
2 0.495349 0.417722 0.496766 0.417005 0.500008 0.419162 0.502570 0.417954 0.505284 0.421065 0.507997 0.425421 0.508638 0.428144 0.510867 0.430829 0.519956 0.441523 0.513172 0.437074 0.509323 0.434556 0.502336 0.435097
2 0.766745 0.667546 0.770417 0.670190 0.774755 0.673560 0.782211 0.678144 0.788312 0.682241 0.796716 0.688023 0.792922 0.670671 0.793734 0.662718 0.794276 0.660306 0.795633 0.659343 0.802276 0.647532 0.806479 0.643194 0.808510 0.641509 0.809148 0.639917 0.803359 0.637894 0.801599 0.637412 0.800867 0.638856 0.798669 0.644435 0.797260 0.644398 0.795227 0.646329 0.792651 0.650667 0.790888 0.655245 0.783839 0.650667 0.779906 0.649222 0.775297 0.649222 0.770958 0.648255 0.768518 0.648736 0.767612 0.651963 0.765573 0.650569 0.762826 0.653801 0.759768 0.664514
2 0.523385 0.354116 0.523932 0.360472 0.524404 0.363264 0.526492 0.364972 0.533581 0.372287 0.570159 0.408241 0.569266 0.402444 0.566911 0.401606 0.561266 0.393796 0.557659 0.384875 0.553578 0.374833 0.552482 0.372606 0.528797 0.349181 0.528326 0.346111 0.527070 0.345278 0.524719 0.348620
5 0.628664 0.376269 0.620229 0.380602 0.620229 0.385597 0.615669 0.385819 0.613357 0.386819 0.608672 0.393597 0.605359 0.398037 0.606047 0.402259 0.608234 0.405815 0.607859 0.407704 0.597112 0.416144 0.598549 0.421907 0.593688 0.419954 0.584747 0.417167 0.573141 0.411310 0.570159 0.408241 0.569266 0.402444 0.566911 0.401606 0.561266 0.393796 0.557659 0.384875 0.553578 0.374833 0.552482 0.372606 0.537422 0.357454 0.538878 0.351218 0.539932 0.348222 0.542055 0.346222 0.545680 0.343444 0.549422 0.342125 0.550833 0.341569 0.553500 0.339056 0.554128 0.329579 0.553815 0.321213 0.552716 0.315356 0.547539 0.304477 0.541893 0.291653 0.543620 0.291093 0.549266 0.303644 0.554286 0.315074 0.555227 0.319815 0.558365 0.320097 0.561500 0.313681 0.559461 0.308106 0.562911 0.302806 0.565737 0.301412 0.570521 0.298199 0.572031 0.291532 0.573685 0.291532 0.574708 0.293074 0.579062 0.289032 0.580352 0.291532 0.577846 0.295861 0.581609 0.299486 0.583159 0.298088 0.584430 0.300347 0.585701 0.305509 0.591021 0.308412 0.592052 0.308736 0.593503 0.311315 0.596044 0.312282 0.600401 0.312931 0.606026 0.315833 0.609839 0.320671 0.611833 0.323579 0.611109 0.328963 0.615313 0.324384 0.621820 0.316671 0.626971 0.310648 0.627648 0.313537 0.621482 0.322792 0.621276 0.323662 0.620328 0.325829 0.619792 0.328056 0.623698 0.324769 0.626430 0.322699 0.626430 0.325106 0.625479 0.326069 0.628596 0.330894 0.631987 0.334505 0.632935 0.337398 0.633750 0.338843
2 0.607859 0.407704 0.618203 0.396500 0.627112 0.385940 0.623388 0.404949 0.620688 0.410037 0.614693 0.414259 0.611776 0.414356 0.608591 0.417426 0.606917 0.418963 0.605190 0.420019 0.602003 0.420981 0.598549 0.421907 0.597112 0.416144
2 0.533987 0.430884 0.532932 0.432551 0.529578 0.434319 0.521578 0.440981 0.519956 0.441523 0.510867 0.430829 0.531409 0.422972
2 0.769604 0.635963 0.771094 0.636204 0.772992 0.634759 0.775974 0.634519 0.779094 0.634037 0.782346 0.633796 0.788177 0.633556 0.790357 0.630491 0.798669 0.644435 0.797260 0.644398 0.795227 0.646329 0.792651 0.650667 0.790888 0.655245 0.783839 0.650667 0.779906 0.649222 0.775297 0.649222 0.770958 0.648255 0.768518 0.648736 0.769807 0.639972
2 0.779312 0.458884 0.777172 0.458384 0.779750 0.450468 0.783862 0.446894 0.787940 0.445778 0.792177 0.446333 0.796568 0.449958 0.800018 0.454699 0.802372 0.458884 0.804096 0.463343 0.801117 0.462509 0.797039 0.455259 0.795156 0.453028 0.790607 0.449681 0.784646 0.449681 0.782607 0.451912 0.780411 0.454144
1 0.804438 0.480083 0.804945 0.483866 0.804539 0.487468 0.802716 0.489986 0.800693 0.490167 0.795122 0.488546 0.790057 0.485486 0.785096 0.481347 0.781857 0.477565 0.778919 0.473245 0.777396 0.469120 0.779531 0.470000 0.781047 0.473065 0.785503 0.478287 0.790969 0.482065 0.796641 0.485125 0.800490 0.486389 0.801299 0.486208 0.802109 0.485667 0.802919 0.481167
1 0.790260 0.510329 0.794716 0.510329 0.799172 0.510870 0.803021 0.513032 0.805148 0.516093 0.807680 0.521491 0.809299 0.527792 0.810615 0.538954 0.811729 0.558398 0.810312 0.559120 0.809096 0.539856 0.807273 0.527435 0.804742 0.520231 0.802008 0.516454 0.799578 0.514111 0.790768 0.513569
2 0.853594 0.533241 0.852076 0.545273 0.851742 0.553454 0.854250 0.560736 0.854669 0.562968 0.843964 0.571000 0.841786 0.572782 0.839112 0.580366 0.835638 0.576843 0.829945 0.572745 0.826284 0.572505 0.821404 0.574917 0.822083 0.577569 0.829133 0.575639 0.834284 0.579255 0.837271 0.582148 0.835180 0.588097 0.835516 0.596574 0.831531 0.596657 0.827383 0.595065 0.818422 0.580458 0.819779 0.568889 0.820049 0.559731 0.812320 0.557565 0.811779 0.558287 0.810615 0.538954 0.809768 0.532852 0.811760 0.532019 0.812229 0.528060 0.813284 0.524727 0.814807 0.522852 0.820315 0.518269 0.823596 0.516602 0.828633 0.516602 0.832266 0.519519 0.833307 0.522426 0.841169 0.526278 0.847240 0.526644 0.848294 0.526852 0.850755 0.534352
1 0.822635 0.498106 0.822753 0.499565 0.827555 0.503523 0.832359 0.508727 0.838102 0.514977 0.840680 0.515602 0.844195 0.522685 0.847240 0.526644 0.848294 0.526852 0.848294 0.526852 0.850755 0.534352 0.853594 0.533241 0.862586 0.527454 0.869081 0.522792 0.870531 0.521218 0.869846 0.517773 0.864844 0.521861 0.855120 0.529069 0.852578 0.531157 0.848547 0.522292 0.845682 0.517778 0.842779 0.513907 0.842495 0.509755 0.833888 0.505435 0.828115 0.499491
2 0.766107 0.512181 0.770307 0.510736 0.776273 0.505431 0.784844 0.500694 0.786169 0.506639 0.778443 0.509046 0.775867 0.510736 0.774510 0.514593 0.768914 0.525389 0.766875 0.519537 0.765620 0.519255
2 0.785698 0.494995 0.790260 0.510329 0.790768 0.513569 0.794953 0.523440 0.799659 0.541843 0.800286 0.553833 0.798565 0.551917 0.793602 0.548139 0.789958 0.543458 0.787893 0.526227 0.788521 0.515907 0.783503 0.495551
2 0.808768 0.493745 0.809854 0.501454 0.811427 0.502769 0.813755 0.506190 0.812339 0.513569 0.811073 0.518083 0.811878 0.522227 0.815393 0.518685 0.819260 0.515769 0.823362 0.514102 0.827930 0.514102 0.833672 0.517435 0.832266 0.519519 0.833307 0.522426 0.841169 0.526278 0.847240 0.526644 0.844195 0.522685 0.840680 0.515602 0.838102 0.514977 0.832359 0.508727 0.827555 0.503523 0.822753 0.499565 0.822635 0.498106 0.819203 0.496972
2 0.822870 0.464421 0.823172 0.467662 0.823273 0.471806 0.821755 0.480264 0.820339 0.479005 0.815781 0.476847 0.811628 0.475944 0.808995 0.475944 0.804945 0.475944 0.777096 0.461361 0.777172 0.458384 0.777500 0.457940 0.779312 0.458884 0.787326 0.460102 0.794919 0.461722 0.801117 0.462509 0.804096 0.463343
15 0.470260 0.340556 0.475797 0.351306 0.482576 0.364560 0.490458 0.369917 0.491302 0.367042 0.478997 0.348296 0.475250 0.344546
2 0.639112 0.585153 0.651922 0.590005 0.663260 0.592616 0.678591 0.604190 0.688669 0.615389 0.697070 0.618375 0.707148 0.620241 0.712398 0.618005 0.716599 0.606056 0.720589 0.597843 0.727307 0.572083 0.727727 0.563870 0.724914 0.558639 0.722687 0.556347 0.723742 0.552389 0.714018 0.543222 0.710089 0.538116 0.701060 0.534755 0.696648 0.529903 0.682789 0.522060 0.680690 0.519819 0.675021 0.519449 0.673130 0.520940 0.665151 0.548194 0.660951 0.557528 0.656542 0.562380 0.646253 0.570218 0.642682 0.576565
2 0.714839 0.539681 0.716479 0.535519 0.716010 0.531769 0.714135 0.528644 0.699255 0.518852 0.696091 0.515310 0.692107 0.509894 0.690701 0.510935 0.686484 0.516769 0.682266 0.518227 0.682734 0.519894 0.691404 0.523644 0.697380 0.527602 0.700544 0.531144 0.708628 0.534477
2 0.727307 0.572083 0.728497 0.571106 0.729990 0.574241 0.733651 0.573759 0.734057 0.577134 0.728227 0.607019 0.724703 0.623889 0.722128 0.629917 0.717247 0.636181 0.710740 0.632565 0.717789 0.622204 0.719687 0.617625 0.718060 0.607981
7 0.684484 0.419630 0.690474 0.446407 0.695555 0.468028 0.692289 0.469963 0.681036 0.476093 0.678857 0.475769 0.667424 0.479963
2 0.559141 0.397269 0.560268 0.402065 0.555102 0.398759 0.548826 0.395972 0.547102 0.395134 0.542867 0.395245 0.542849 0.395065 0.537479 0.376083 0.537479 0.376083
2 0.718857 0.386310 0.719208 0.390269 0.718388 0.395477 0.717919 0.404014 0.718271 0.407764 0.713701 0.410681 0.713586 0.400889 0.712883 0.393602 0.711346 0.387352 0.711945 0.385060 0.715565 0.386935 0.717206 0.386727
2 0.749430 0.434019 0.765021 0.442454 0.770026 0.443889 0.767867 0.450894 0.765833 0.448722 0.761497 0.447278 0.756888 0.446796 0.756208 0.448000 0.752414 0.445347
2 0.543023 0.411032 0.540513 0.415597 0.543247 0.426398 0.545737 0.432000 0.556089 0.452917 0.559349 0.458264 0.565326 0.455565 0.564466 0.450796 0.560292 0.440796 0.551034 0.416273 0.551180 0.414935 0.545534 0.412148
1 0.724094 0.549264 0.724680 0.552181 0.723742 0.552389 0.714018 0.543222 0.710089 0.538116 0.701060 0.534755 0.696648 0.529903 0.682789 0.522060 0.680690 0.519819 0.682266 0.518227 0.682734 0.519894 0.691404 0.523644 0.697380 0.527602 0.700544 0.531144 0.708628 0.534477 0.714839 0.539681
1 0.551180 0.414935 0.551034 0.416273 0.560292 0.440796 0.564466 0.450796 0.568167 0.469370 0.568167 0.471597 0.570453 0.472417 0.565917 0.448861 0.552305 0.415630
2 0.803609 0.651079 0.801685 0.655042 0.797531 0.662421 0.796419 0.664583 0.795102 0.665843 0.794898 0.666384 0.798747 0.689426 0.796716 0.688023 0.792922 0.670671 0.793734 0.662718 0.794276 0.660306 0.795633 0.659343 0.802276 0.647532 0.806479 0.643194 0.808510 0.641509 0.808471 0.644977
2 0.757065 0.407495 0.768354 0.442972 0.765021 0.442454 0.755576 0.412009
2 0.834948 0.628426 0.829258 0.627148 0.820185 0.623843 0.817745 0.615889 0.813672 0.619486 0.816552 0.596583 0.822799 0.607597
2 0.827383 0.595065 0.831531 0.596657 0.845630 0.595690 0.848885 0.603162 0.849969 0.611116 0.850646 0.617866 0.850917 0.625093 0.846615 0.626481 0.842919 0.620032 0.829094 0.597861
2 0.562159 0.422185 0.565917 0.448861 0.552305 0.415630
2 0.578966 0.430213 0.584047 0.433116 0.587495 0.436019 0.589854 0.448602 0.575922 0.443699 0.574867 0.447653 0.575102 0.453903 0.568984 0.460218 0.566443 0.443440 0.569167 0.432472 0.572250 0.431505 0.573521 0.434731 0.576424 0.430856
2 0.847841 0.594194 0.855839 0.592991 0.864516 0.590824 0.863430 0.616852 0.862076 0.624806 0.852180 0.626731 0.852451 0.613236 0.851771 0.606972 0.850281 0.600944
2 0.753495 0.568306 0.765182 0.582685 0.776083 0.597866 0.784557 0.612361 0.799924 0.636907 0.800867 0.638856 0.798669 0.644435 0.790357 0.630491 0.776396 0.609579 0.766513 0.595912 0.755534 0.582528
2 0.748161 0.619227 0.751221 0.617722 0.751221 0.623296 0.750750 0.634176 0.749810 0.638356 0.744477 0.647000 0.739456 0.649792 0.731534 0.645718 0.721966 0.639583 0.732789 0.635681 0.735771 0.627593 0.740789 0.622296
2 0.832253 0.491324 0.841508 0.481963 0.845503 0.479060 0.856208 0.511324 0.856391 0.516486 0.854758 0.521005 0.855120 0.528102 0.855120 0.529069 0.852578 0.531157 0.848586 0.522296 0.845682 0.517778 0.842779 0.513907 0.842495 0.509755 0.844419 0.499671 0.843000 0.497870 0.840367 0.496792
2 0.808471 0.644977 0.819589 0.649556 0.827721 0.652931 0.833552 0.654139 0.844531 0.655102 0.859716 0.658236 0.868664 0.659681 0.875714 0.664019 0.897948 0.674866 0.898490 0.664741 0.889000 0.658477 0.880865 0.651245 0.870292 0.645218 0.855771 0.641074 0.842120 0.639968 0.842120 0.639968 0.835857 0.637509 0.828263 0.634616 0.826591 0.645551 0.809148 0.639917
2 0.434232 0.342116 0.429104 0.340310 0.422336 0.336565 0.422336 0.336565 0.422505 0.338690 0.422505 0.339157 0.421143 0.342773 0.422573 0.344917 0.421896 0.351426 0.418305 0.351125 0.417964 0.353111 0.417964 0.355523 0.421625 0.356486 0.421490 0.362032 0.419456 0.363958 0.414711 0.368056 0.413219 0.368056 0.409151 0.367574 0.419685 0.380662 0.431763 0.353056 0.434273 0.345528
15 0.456563 0.315718 0.467164 0.335380 0.471500 0.337463 0.479115 0.344546 0.482440 0.348894 0.482982 0.348894 0.470781 0.324792 0.458310 0.303343 0.457958 0.309667
2 0.437742 0.368792 0.432589 0.372125 0.430003 0.379069 0.432307 0.392083 0.436237 0.390880 0.437594 0.400278 0.435831 0.400519 0.437188 0.407028 0.443016 0.407269 0.450281 0.403995 0.449315 0.397588 0.442734 0.389444 0.440878 0.381750 0.439148 0.368375
2 0.445469 0.407269 0.453591 0.411847 0.453854 0.422222 0.440576 0.423176 0.438000 0.420282 0.428469 0.431889 0.426586 0.424639 0.417802 0.412176 0.420784 0.402134 0.426883 0.386060 0.429253 0.380384 0.430003 0.379069 0.432307 0.392083 0.436237 0.390880 0.437594 0.400278 0.435831 0.400519 0.437188 0.407028 0.443016 0.407269
2 0.458323 0.375958 0.459393 0.399991 0.457315 0.398648 0.452987 0.392597 0.453036 0.369694
2 0.453685 0.428454 0.454094 0.447491 0.459651 0.445324 0.460193 0.441227 0.459380 0.435926 0.459109 0.428213 0.458974 0.421222 0.457211 0.421704 0.456805 0.428454
2 0.474156 0.425801 0.486086 0.437852 0.495677 0.446991 0.513141 0.461778 0.519844 0.469426 0.523911 0.471593 0.532859 0.482440 0.546143 0.493046 0.550617 0.489912 0.539365 0.479787 0.532859 0.474727 0.527435 0.467014 0.515370 0.453519 0.505284 0.442181 0.497784 0.435097 0.494508 0.433870 0.493565 0.433032 0.488766 0.427819 0.478630 0.417606
15 0.523964 0.439588 0.528669 0.448787 0.535414 0.454921 0.540279 0.457153 0.540591 0.455759 0.539964 0.452972 0.529578 0.434319
2 0.429253 0.380384 0.420784 0.402134 0.417802 0.412176 0.407607 0.398426 0.403844 0.388389 0.404000 0.383731 0.404156 0.382056 0.399766 0.376759 0.399922 0.375088 0.397255 0.372296 0.399766 0.368949 0.417430 0.391884 0.419591 0.393870 0.420831 0.393310 0.422411 0.391106 0.422727 0.388296 0.422240 0.384671 0.419685 0.380662 0.431763 0.353056 0.434273 0.345528 0.431763 0.315968 0.430667 0.302306 0.430352 0.297282 0.430352 0.292264 0.430667 0.289199 0.434760 0.275810 0.437008 0.273157 0.438729 0.272435 0.440451 0.270278 0.440755 0.267037 0.442086 0.262093 0.443198 0.249685 0.444375 0.247815 0.447779 0.248231 0.450352 0.251773 0.452344 0.255736 0.455042 0.264685 0.458430 0.280917 0.459026 0.294051 0.457958 0.309667 0.456563 0.315718 0.447417 0.338000 0.443904 0.348009 0.444734 0.372213 0.446633 0.383310 0.452987 0.392597 0.457315 0.398648 0.462115 0.403417 0.472391 0.412370 0.474271 0.411727 0.475669 0.412787 0.477659 0.415912 0.471919 0.425894 0.461253 0.413819 0.455167 0.404671 0.452703 0.400907 0.451654 0.399236 0.449315 0.397588 0.442734 0.389444 0.440878 0.381750 0.437943 0.360278
11 0.400599 0.230833 0.394612 0.246454 0.401174 0.256454 0.405979 0.265620 0.408284 0.267972 0.409646 0.269051 0.418984 0.279782 0.425661 0.287699 0.420039 0.277491 0.420742 0.274370 0.423789 0.276866 0.427185 0.282491 0.430667 0.289199 0.431589 0.286315 0.424958 0.268657 0.423135 0.267755 0.415438 0.266676 0.411388 0.263616 0.410680 0.267218 0.407641 0.265236 0.407742 0.262537 0.408146 0.258213 0.407234 0.255875 0.407034 0.252995 0.407742 0.249574 0.407641 0.246870 0.408349 0.243454 0.410070 0.244352 0.413211 0.247773 0.418047 0.249370 0.410781 0.240833
1 0.839706 0.654292 0.839589 0.655333 0.846034 0.660125 0.847557 0.666995 0.846971 0.668245 0.845448 0.679704 0.844979 0.680329 0.843924 0.688037 0.845799 0.688245 0.848964 0.668454 0.849784 0.670745 0.846385 0.688662 0.847792 0.689079 0.850839 0.672829 0.852479 0.672620 0.852596 0.670329 0.847089 0.655750
15 0.538318 0.418838 0.545737 0.432000 0.556089 0.452917 0.562206 0.464907 0.568167 0.469370 0.568167 0.471597 0.563617 0.478292 0.559070 0.479963 0.558599 0.476620 0.555461 0.472995 0.553109 0.469648 0.547776 0.456819 0.540560 0.442597 0.535542 0.421403
15 0.484453 0.333565 0.484055 0.339569 0.492865 0.356681 0.493388 0.353880 0.497370 0.355333 0.495849 0.362704 0.501898 0.371194 0.504872 0.369486 0.506164 0.365523 0.507372 0.360296 0.490560 0.328241
15 0.507943 0.362222 0.511263 0.368241 0.517914 0.380685 0.524917 0.394690 0.528505 0.398736 0.521378 0.401829 0.519409 0.398231 0.515620 0.389616 0.511542 0.382921 0.506052 0.373440 0.505737 0.372046 0.506164 0.369861
2 0.820958 0.650542 0.826935 0.674287 0.827521 0.677620 0.840526 0.733861 0.844042 0.730736 0.843807 0.726569 0.844393 0.724074 0.844510 0.721782 0.842167 0.719282 0.841229 0.718241 0.831388 0.678037 0.830333 0.674079 0.825294 0.651583
15 0.545914 0.458736 0.560208 0.482273 0.558802 0.485190 0.553648 0.487690 0.550617 0.489912 0.539299 0.471824 0.541122 0.467319 0.544464 0.461560
15 0.571576 0.523727 0.583526 0.542889 0.587862 0.528310 0.578604 0.516227
2 0.810003 0.645847 0.817914 0.673037 0.818266 0.675745 0.828846 0.714532 0.833185 0.729236 0.839964 0.758880 0.830068 0.767796 0.826000 0.752856 0.827086 0.750926 0.825458 0.741769 0.825594 0.738394 0.825187 0.735986 0.804852 0.692843 0.801734 0.677176 0.799836 0.659824 0.803495 0.659102 0.808375 0.655968 0.807292 0.651389 0.808471 0.644977
2 0.848234 0.692361 0.850810 0.699352 0.850945 0.702000 0.849589 0.704171 0.847555 0.704653 0.844979 0.702000 0.843625 0.699833 0.840641 0.706824 0.838880 0.707546 0.837930 0.705134 0.841049 0.696458 0.843924 0.688037 0.845799 0.688245 0.846385 0.688662 0.847792 0.689079 0.849182 0.689227 0.849182 0.691880
1 0.550833 0.341569 0.549422 0.342125 0.549422 0.333204 0.548638 0.324838 0.547070 0.317028 0.543620 0.307824 0.539383 0.302528 0.535464 0.299181 0.529971 0.298625 0.524953 0.300019 0.514758 0.306431 0.511776 0.317306 0.510992 0.333204 0.509555 0.352028 0.507943 0.362222 0.506164 0.369861 0.503047 0.378296 0.498979 0.385528 0.492201 0.396616 0.488646 0.402222 0.482208 0.411977 0.476203 0.421440 0.472138 0.428190 0.468206 0.435898 0.466172 0.440481 0.464953 0.447468 0.464680 0.450843 0.464273 0.452773 0.460479 0.463134 0.459393 0.463375 0.461292 0.456870 0.463055 0.452773 0.464003 0.450361 0.464544 0.444819 0.464953 0.440963 0.465901 0.437829 0.471919 0.425894 0.477659 0.415912 0.481206 0.410894 0.488263 0.400014 0.495185 0.389384 0.499794 0.381190 0.503182 0.373718 0.506164 0.365523 0.507792 0.356847 0.508740 0.343593 0.509109 0.333204 0.510208 0.317028 0.513659 0.305037 0.523854 0.298065 0.529344 0.296671 0.535148 0.297509 0.539542 0.300019 0.544247 0.305037 0.548482 0.316472 0.550521 0.327903 0.550677 0.336546
2 0.529195 0.499273 0.534232 0.511560 0.529664 0.514269 0.519948 0.506991 0.518062 0.500731
2 0.495677 0.446991 0.505174 0.466361 0.510917 0.466361 0.511620 0.473444 0.508339 0.473444 0.517477 0.498023 0.520406 0.497606 0.524625 0.496773 0.527320 0.496356 0.513141 0.461778
2 0.488646 0.402222 0.505284 0.442181 0.497784 0.435097 0.494508 0.433870 0.493565 0.433032 0.488766 0.427819 0.482208 0.411977
2 0.472263 0.361810 0.488263 0.400014 0.481206 0.410894 0.463479 0.365718 0.463951 0.363486 0.460344 0.350657
2 0.455479 0.319426 0.462539 0.334764 0.459560 0.338111 0.458932 0.340898 0.458773 0.344245 0.456893 0.345917 0.449990 0.331417
2 0.424958 0.268657 0.431589 0.286315 0.434760 0.275810 0.437008 0.273157 0.430122 0.259116 0.428706 0.259116 0.425565 0.261815 0.424349 0.265236
1 0.776286 0.533917 0.779323 0.533917 0.782362 0.535537 0.785198 0.536616 0.787424 0.538236 0.789958 0.543458 0.793602 0.548139 0.798565 0.551917 0.808286 0.559657 0.808185 0.562181 0.799680 0.556778 0.794109 0.552639 0.792083 0.550116 0.789146 0.547056 0.785602 0.540218 0.782464 0.538236 0.778411 0.537157 0.776286 0.535537
2 0.773307 0.527083 0.772789 0.533171 0.771224 0.542083 0.763906 0.534861 0.756836 0.526787 0.753070 0.524278 0.752758 0.522324 0.743659 0.511727 0.742247 0.501407 0.747424 0.495551 0.749620 0.497505 0.751190 0.496389 0.752286 0.497227 0.753542 0.501130 0.753857 0.503639 0.755896 0.506431 0.757935 0.511727 0.762326 0.512565 0.763737 0.520370 0.765620 0.519255 0.766875 0.519537 0.768914 0.525389
2 0.765182 0.582685 0.770273 0.564333 0.784909 0.576389 0.786266 0.571167 0.786943 0.566847 0.780898 0.561319 0.784628 0.561319 0.791620 0.568069 0.808430 0.585185 0.811414 0.588556 0.816552 0.596583 0.813672 0.619486 0.809885 0.620991 0.784557 0.612361 0.776083 0.597866
15 0.772943 0.626296 0.790357 0.630491 0.776396 0.609579 0.767141 0.606792
2 0.615539 0.420398 0.617734 0.422074 0.604245 0.470037 0.600479 0.466690 0.609531 0.440870 0.612198 0.428597
2 0.261612 0.259722 0.261747 0.262611 0.263646 0.266949 0.262289 0.269602 0.273339 0.274324 0.272117 0.278903 0.280185 0.280931 0.282083 0.278278 0.282083 0.275144 0.282896 0.272014 0.286693 0.269602 0.291029 0.266468 0.285745 0.262176 0.271568 0.260375 0.263161 0.258935
2 0.259414 0.303222 0.259313 0.305023 0.259797 0.310528 0.276172 0.303102 0.289167 0.297407 0.301440 0.287560 0.303307 0.284537 0.301693 0.280417 0.289242 0.292245 0.286781 0.290597 0.284039 0.291028 0.275044 0.294829 0.268711 0.296259 0.264477 0.298412 0.261370 0.299630 0.260281 0.300204
2 0.247852 0.258903 0.243919 0.262032 0.242156 0.264444 0.241208 0.267338 0.237682 0.270954 0.236870 0.273843 0.237682 0.279148 0.238633 0.282519 0.240937 0.283727 0.242427 0.284449 0.241885 0.287343 0.247174 0.288546 0.251240 0.293125 0.255172 0.299875 0.256935 0.296500 0.258289 0.293606 0.258906 0.291759 0.259714 0.290324 0.255672 0.285347 0.250284 0.280764 0.243604 0.277014 0.240206 0.273681 0.242549 0.271181 0.245141 0.268542 0.246359 0.264204 0.248664 0.262032
2 0.474156 0.425801 0.472138 0.428190 0.468206 0.435898 0.466172 0.440481 0.465630 0.444819 0.469018 0.444338 0.470104 0.446264 0.472544 0.450361 0.472951 0.451083 0.474849 0.446986 0.477424 0.447708 0.479729 0.448435 0.482305 0.449880 0.483253 0.453736 0.483253 0.456630 0.484474 0.457352 0.488391 0.439296 0.486086 0.437852
2 0.469948 0.424120 0.471919 0.425894 0.465901 0.437829 0.464867 0.440884 0.464271 0.442778 0.459651 0.445324 0.460193 0.441227 0.459380 0.435926 0.459109 0.428213
1 0.444130 0.456718 0.452466 0.453037 0.459245 0.449181 0.464271 0.446296 0.464271 0.442778 0.459651 0.445324 0.454094 0.447491 0.441318 0.454009
1 0.500971 0.382565 0.510190 0.392685 0.519547 0.402810 0.521378 0.401829 0.519409 0.398231 0.511411 0.387866 0.503047 0.378296
1 0.472263 0.361810 0.460344 0.350657 0.458773 0.344245 0.458932 0.340898 0.459560 0.338111 0.462539 0.334764 0.463531 0.334755 0.467164 0.335380 0.471500 0.337463 0.479115 0.344546 0.492357 0.363917 0.491302 0.367042 0.478997 0.348296 0.475250 0.344546 0.470260 0.340556 0.464117 0.337046 0.462828 0.338088 0.460836 0.342046 0.461422 0.345380 0.464703 0.349546 0.470562 0.356833 0.493763 0.372250 0.494583 0.367875 0.498448 0.373917 0.501846 0.377250 0.499794 0.381190 0.494818 0.376417
11 0.575102 0.453903 0.596310 0.460153 0.601815 0.459944 0.602870 0.453069 0.575922 0.443699 0.574867 0.447653
2 0.471174 0.311370 0.467922 0.319565 0.470781 0.324792 0.476461 0.325829 0.487578 0.329685 0.490560 0.328241 0.491104 0.326551 0.479987 0.313056
2 0.449510 0.332819 0.452221 0.345593 0.456695 0.364394 0.463068 0.378611 0.467948 0.376444 0.472828 0.389458 0.471336 0.392833 0.468625 0.393074 0.464151 0.386324 0.461380 0.382963 0.458323 0.375958 0.453036 0.369694 0.449781 0.370417 0.444630 0.353065 0.444089 0.351861 0.443904 0.348009 0.447417 0.338000
2 0.458323 0.375958 0.459081 0.392245 0.462945 0.398495 0.464117 0.392245 0.465172 0.393495 0.464352 0.400162 0.469156 0.409537 0.472391 0.412370 0.474271 0.411727 0.475669 0.412787 0.477659 0.415912 0.481206 0.410894 0.470047 0.395019 0.468625 0.393074 0.464151 0.386324 0.461380 0.382963
2 0.472893 0.467963 0.466414 0.453801 0.464680 0.450843 0.464953 0.447468 0.465630 0.444819 0.469018 0.444338 0.470104 0.446264 0.472544 0.450361 0.472951 0.451083 0.474849 0.446986 0.477424 0.447708 0.479729 0.448435 0.482305 0.449880 0.483253 0.453736 0.483253 0.456630 0.484474 0.457352 0.482833 0.466773
2 0.472893 0.467963 0.471414 0.469144 0.468174 0.463542 0.465286 0.466500 0.467388 0.471014 0.470536 0.472722 0.508339 0.473444 0.511620 0.473444 0.510917 0.466361 0.505174 0.466361 0.490289 0.466773 0.482833 0.466773
2 0.494221 0.445083 0.490289 0.466773 0.482833 0.466773 0.488391 0.439296
2 0.469948 0.424120 0.459109 0.428213 0.458974 0.421222 0.457211 0.421704 0.456805 0.428454 0.453685 0.428454 0.454094 0.421463 0.458839 0.416162 0.459651 0.411343 0.461253 0.413819
2 0.486927 0.476343 0.490578 0.480282 0.494529 0.483523 0.496352 0.485144 0.498281 0.485324 0.499089 0.483333 0.510417 0.479213 0.508339 0.473444 0.486016 0.473102
2 0.399661 0.342269 0.398169 0.343954 0.397221 0.345644 0.396409 0.348773 0.396680 0.352389 0.402914 0.360824 0.409151 0.367574 0.413219 0.368056 0.414711 0.368056 0.419456 0.363958 0.421490 0.362032 0.421625 0.356486 0.417964 0.355523 0.417964 0.353111 0.416607 0.352630 0.413354 0.354079 0.405083 0.349495 0.404406 0.354801 0.401966 0.354319 0.401154 0.347569 0.421896 0.351426 0.422573 0.344917 0.421143 0.342773 0.416242 0.343421 0.406846 0.342750 0.403458 0.342509
2 0.261672 0.310944 0.266060 0.315995 0.273432 0.321014 0.276883 0.327431 0.281117 0.335514 0.286922 0.347509 0.294294 0.362565 0.296490 0.364519 0.300411 0.360611 0.316411 0.341093 0.327203 0.329380 0.329263 0.328741 0.331448 0.326296 0.332198 0.325963 0.331844 0.323134 0.331625 0.318505 0.321641 0.308356 0.319336 0.302333 0.317258 0.297199 0.316953 0.294759 0.302734 0.275324 0.298359 0.269167 0.293466 0.265736 0.291029 0.266468 0.282896 0.272014 0.286771 0.273981 0.296453 0.272977 0.296453 0.272977 0.301693 0.280417 0.303359 0.285042 0.311078 0.298426 0.312055 0.302384 0.315219 0.309468 0.324568 0.321296 0.314841 0.334403 0.307156 0.343046 0.297586 0.355315 0.294135 0.351412 0.279549 0.323245 0.272177 0.315995 0.263862 0.309583
11 0.412622 0.196481 0.407763 0.201343 0.404521 0.205481 0.420422 0.216824 0.423966 0.221148 0.429432 0.228167 0.433586 0.233389 0.433628 0.232356 0.438180 0.232824 0.439844 0.234222 0.443607 0.239824 0.444307 0.241069 0.446320 0.242625 0.448159 0.242625 0.450609 0.243870 0.450784 0.245894 0.451747 0.247292 0.452534 0.246204 0.453760 0.246514 0.452219 0.243468 0.446346 0.234468 0.441281 0.226907 0.438245 0.223667 0.436117 0.220968 0.431966 0.216463 0.428320 0.213764 0.426901 0.212324 0.420622 0.209264
6 0.776286 0.468565 0.777396 0.469120 0.779531 0.470000 0.790159 0.475403 0.802919 0.481167 0.804438 0.480083 0.804945 0.475944 0.777096 0.461361
11 0.404521 0.205481 0.402193 0.207463 0.400268 0.208542 0.398547 0.207824 0.397534 0.211426 0.397229 0.213046 0.399255 0.215565 0.399661 0.218806 0.404117 0.223667 0.406852 0.218083 0.421130 0.230866 0.436927 0.249412 0.442701 0.255894 0.443198 0.249685 0.442529 0.247588 0.440487 0.246106 0.439958 0.244222 0.437688 0.243551 0.430654 0.240995 0.429669 0.239921 0.429669 0.237097 0.431711 0.236829 0.432922 0.237903 0.438094 0.238736 0.436255 0.236088 0.433190 0.236088 0.433586 0.233389 0.429432 0.228167 0.423966 0.221148 0.420422 0.216824
11 0.406852 0.218083 0.400599 0.230833 0.410781 0.240833 0.418047 0.249370 0.421615 0.250833 0.430831 0.257495 0.440755 0.267037 0.442086 0.262093 0.442701 0.255894 0.436927 0.249412 0.421130 0.230866
11 0.403458 0.342509 0.406846 0.342750 0.405313 0.336019 0.398456 0.305023 0.395734 0.299861 0.394102 0.300185 0.401542 0.333741
2 0.201693 0.196481 0.257021 0.246495 0.257021 0.240690 0.274445 0.238431 0.274643 0.236495 0.207492 0.178417
2 0.228070 0.219954 0.226716 0.229593 0.226310 0.235380 0.226987 0.252491 0.225224 0.252731 0.224411 0.235620 0.224411 0.231523 0.225766 0.217542
5 0.228505 0.174426 0.228326 0.182171 0.235404 0.189593 0.247745 0.201528 0.258815 0.211208 0.261357 0.220565 0.265349 0.226694 0.274896 0.229491 0.278646 0.231296 0.288854 0.231620 0.311266 0.232824 0.315802 0.243153 0.323062 0.252509 0.328326 0.258639 0.335221 0.261542 0.339034 0.265093 0.345203 0.267995 0.349378 0.267347 0.358633 0.259931 0.368253 0.239278 0.374424 0.220889 0.377146 0.213468 0.382591 0.221532 0.386583 0.220565 0.393299 0.217338 0.397471 0.207981 0.398198 0.198625 0.398018 0.189593 0.395659 0.181847 0.392755 0.178620 0.392029 0.177653 0.389305 0.169912 0.385112 0.163329 0.363698 0.151069 0.355893 0.146551 0.344096 0.143000 0.329396 0.138486 0.320867 0.135903 0.306346 0.133319 0.302536 0.133000 0.297997 0.135903 0.293461 0.143968 0.291464 0.151069 0.284023 0.147194 0.280214 0.148162 0.272953 0.154292 0.268052 0.162037 0.257344 0.161713
2 0.508513 0.246505 0.505062 0.253199 0.513659 0.260421 0.519464 0.252333 0.523227 0.254565 0.542833 0.276593 0.543776 0.276037 0.547729 0.276065 0.566865 0.286940 0.572031 0.291532 0.573685 0.291532 0.574708 0.293074 0.579062 0.289032 0.580352 0.291532 0.577846 0.295861 0.581609 0.299486 0.583159 0.298088 0.584430 0.300347 0.585701 0.305509 0.591021 0.308412 0.592052 0.308736 0.593503 0.311315 0.596044 0.312282 0.600401 0.312931 0.606026 0.315833 0.609839 0.320671 0.611833 0.323579 0.611109 0.328963 0.615313 0.324384 0.621820 0.316671 0.626971 0.310648 0.627648 0.313537 0.621482 0.322792 0.623698 0.324769 0.626430 0.322699 0.626430 0.325106 0.625479 0.326069 0.628596 0.330894 0.631987 0.334505 0.632935 0.337398 0.633750 0.338843 0.637060 0.324694 0.637419 0.321991 0.637529 0.319287 0.640807 0.306991 0.621828 0.298231 0.620307 0.296560 0.617263 0.295333 0.614911 0.294912 0.575776 0.278241
8 0.249896 0.270694 0.272117 0.278903 0.273339 0.274324 0.250562 0.265648
2 0.293753 0.260745 0.296917 0.260537 0.301253 0.261787 0.310859 0.259287 0.317859 0.256106 0.323865 0.264912 0.310273 0.269079 0.305234 0.269287 0.301036 0.268116 0.298359 0.269167 0.293466 0.265736 0.291029 0.266468 0.285745 0.262176 0.271568 0.260375 0.263161 0.258935 0.261508 0.254694 0.267799 0.254005 0.267799 0.251495 0.277839 0.249824 0.277839 0.251773 0.280555 0.253255 0.285477 0.255662
11 0.200508 0.255398 0.201292 0.261815 0.267799 0.254005 0.267799 0.251495 0.277839 0.249824 0.277839 0.251773 0.297917 0.251495 0.297445 0.244806
2 0.288615 0.322690 0.308380 0.325477 0.321242 0.326593 0.324568 0.321296 0.287203 0.317389
2 0.396815 0.330218 0.397357 0.333352 0.396815 0.335278 0.396680 0.337931 0.396680 0.342750 0.397221 0.345644 0.396409 0.348773 0.396680 0.352389 0.379690 0.330713 0.367531 0.320574 0.369565 0.312380
2 0.369323 0.330981 0.368000 0.335435 0.389555 0.360431 0.399766 0.368949 0.380255 0.343940
2 0.395349 0.269454 0.400492 0.267838 0.408284 0.267972 0.409646 0.269051 0.409721 0.271472 0.408737 0.276176 0.408435 0.276579 0.404880 0.277389 0.404201 0.278329 0.402612 0.278731 0.400872 0.278597 0.400115 0.277389 0.398979 0.277389
2 0.410070 0.244352 0.408349 0.243454 0.407641 0.246870 0.407742 0.249574 0.407034 0.252995 0.407234 0.255875 0.408146 0.258213 0.407742 0.262537 0.407641 0.265236 0.410680 0.267218 0.411388 0.263616 0.415438 0.266676 0.423135 0.267755 0.424958 0.268657 0.424349 0.265236 0.425565 0.261815 0.428706 0.259116 0.430122 0.259116 0.437008 0.273157 0.438729 0.272435 0.440451 0.270278 0.440755 0.267037 0.430831 0.257495 0.421615 0.250833 0.413211 0.247773
2 0.458917 0.285796 0.483857 0.314519 0.502836 0.328463 0.509109 0.333204 0.510208 0.317028 0.513659 0.305037 0.523854 0.298065 0.529344 0.296671 0.535148 0.297509 0.539542 0.300019 0.544247 0.305037 0.548482 0.316472 0.550521 0.327903 0.550677 0.336546 0.550833 0.341569 0.553500 0.339056 0.554128 0.329579 0.553815 0.321213 0.552716 0.315356 0.547539 0.304477 0.541893 0.291653 0.543620 0.291093 0.549266 0.303644 0.554286 0.315074 0.555227 0.319815 0.558365 0.320097 0.561500 0.313681 0.559461 0.308106 0.562911 0.302806 0.565737 0.301412 0.549109 0.283287 0.548794 0.281333 0.543776 0.276037 0.542833 0.276593 0.523227 0.254565 0.519464 0.252333 0.513659 0.260421 0.499229 0.248431 0.497659 0.248148 0.495776 0.249264 0.494992 0.250940 0.471151 0.251218 0.468797 0.251495 0.467701 0.249546 0.464086 0.249940 0.461023 0.256005 0.457523 0.260829 0.456734 0.260051 0.452971 0.258653 0.455042 0.264685
2 0.510992 0.333204 0.519776 0.339056 0.520560 0.339616 0.519148 0.346866 0.517266 0.347981 0.518208 0.352162 0.523385 0.354116 0.523698 0.351046 0.524797 0.341287 0.537659 0.345472 0.540794 0.345472 0.549422 0.342125 0.549422 0.333204 0.548638 0.324838 0.547070 0.317028 0.543620 0.307824 0.539383 0.302528 0.535464 0.299181 0.529971 0.298625 0.524953 0.300019 0.514758 0.306431 0.511776 0.317306
11 0.354531 0.310880 0.354583 0.318935 0.332214 0.293440 0.332937 0.292472
11 0.369323 0.330981 0.380255 0.343940 0.417430 0.391884 0.419591 0.393870 0.420831 0.393310 0.422411 0.391106 0.422727 0.388296 0.422240 0.384671 0.379690 0.330713 0.357411 0.312352 0.357258 0.317639 0.357078 0.321190
2 0.405313 0.336019 0.416242 0.343421 0.421143 0.342773 0.422594 0.339546 0.418602 0.334708 0.414792 0.327287 0.411341 0.322769 0.403901 0.312125 0.400635 0.305347 0.398456 0.305023
2 0.365424 0.263403 0.362109 0.278880 0.357771 0.295509 0.356685 0.302981 0.357365 0.304185 0.360885 0.306111 0.401542 0.333741 0.394102 0.300185 0.384482 0.293407 0.385026 0.286958 0.382484 0.279537 0.374862 0.263727
6 0.214805 0.268245 0.213281 0.270745 0.212227 0.275741 0.240417 0.307454 0.252318 0.305833 0.216560 0.268870
5 0.767924 0.629097 0.765807 0.645329 0.764005 0.650569 0.761807 0.651963 0.760318 0.656204 0.757966 0.658991 0.755612 0.660667 0.740083 0.651741 0.739456 0.649792 0.744477 0.647000 0.749810 0.638356 0.750750 0.634176 0.751221 0.623296 0.751221 0.617722 0.753260 0.611028 0.754984 0.602940 0.757966 0.609074 0.760474 0.614931 0.763141 0.615213 0.765339 0.618838 0.766435 0.623856
8 0.298516 0.269074 0.302214 0.275093 0.307786 0.282269 0.316953 0.294759 0.318945 0.289347 0.306641 0.275806 0.301036 0.268116
2 0.419529 0.293894 0.423029 0.296694 0.420755 0.311806 0.407714 0.295449 0.404299 0.291250 0.400185 0.280824 0.415940 0.291403 0.415747 0.298611 0.419247 0.299074
5 0.568167 0.471597 0.563617 0.478292 0.559070 0.479963 0.560208 0.482273 0.558802 0.485190 0.553648 0.487690 0.550617 0.489912 0.546143 0.493046 0.539458 0.494523 0.537880 0.491394 0.532818 0.489231 0.530388 0.489412 0.526034 0.491032 0.527320 0.496356 0.529195 0.499273 0.534232 0.511560 0.529664 0.514269 0.561370 0.534310 0.567344 0.528269 0.571576 0.523727 0.578604 0.516227 0.580234 0.516185 0.586091 0.508273 0.583044 0.502023 0.583279 0.498898 0.583982 0.494731 0.585388 0.493273 0.587263 0.492648 0.588904 0.486398 0.584216 0.480148 0.579531 0.476611 0.576250 0.475986
2 0.311979 0.241204 0.316367 0.251287 0.317859 0.256106 0.328026 0.270324 0.338466 0.280208 0.346870 0.277074 0.357987 0.270083 0.363138 0.267676 0.362867 0.263579 0.361784 0.261167 0.360021 0.261167 0.352294 0.266468 0.342398 0.271773 0.335346 0.265505 0.329383 0.261407 0.326807 0.258755 0.321656 0.253213 0.314714 0.240370
2 0.490203 0.391486 0.488979 0.399421 0.488263 0.400014 0.484427 0.390398 0.472349 0.361921 0.475852 0.364102 0.480138 0.371259 0.484953 0.379505 0.485828 0.380282 0.488628 0.386194 0.488190 0.390708
2 0.473385 0.302218 0.466122 0.304093 0.458310 0.303343 0.466474 0.318259 0.467177 0.311384 0.471276 0.306593 0.477135 0.307009
2 0.289167 0.297407 0.292690 0.302968 0.295841 0.302653 0.297940 0.301412 0.300216 0.298454 0.301703 0.296898 0.307393 0.292231 0.303307 0.284537 0.301440 0.287560
2 0.803102 0.559009 0.802128 0.561611 0.813732 0.574144 0.818422 0.580458 0.819779 0.568889 0.820049 0.559731 0.812320 0.557565 0.811779 0.558287 0.810312 0.559120 0.808286 0.559657 0.808185 0.562181
2 0.809299 0.527792 0.811878 0.522227 0.815393 0.518685 0.819260 0.515769 0.823362 0.514102 0.827930 0.514102 0.833672 0.517435 0.832266 0.519519 0.828633 0.516602 0.823596 0.516602 0.820315 0.518269 0.814807 0.522852 0.813284 0.524727 0.812229 0.528060 0.811760 0.532019 0.809768 0.532852
1 0.821404 0.574917 0.826284 0.572505 0.829945 0.572745 0.835638 0.576843 0.842417 0.584074 0.847841 0.594194 0.850281 0.600944 0.851771 0.606972 0.852451 0.613236 0.852180 0.626731 0.850917 0.625093 0.850646 0.617866 0.849969 0.611116 0.848885 0.603162 0.845630 0.595690 0.840656 0.585519 0.834284 0.579255 0.829133 0.575639 0.822083 0.577569
2 0.760927 0.559398 0.754479 0.569954 0.762786 0.580093 0.768914 0.570694 0.768914 0.568435
2 0.378232 0.257153 0.382385 0.266333 0.386536 0.274255 0.385990 0.279769 0.384974 0.286759 0.382484 0.279537 0.374862 0.263727 0.375070 0.258755 0.376307 0.256792 0.377104 0.256347
5 0.320237 0.287718 0.318945 0.289347 0.316953 0.294759 0.317258 0.297199 0.323810 0.302333 0.327878 0.307634 0.332786 0.312537 0.339216 0.322579 0.359453 0.351579 0.382667 0.383648 0.413568 0.425477 0.412940 0.427986 0.415294 0.431611 0.417018 0.430495 0.428469 0.431889 0.426586 0.424639 0.407607 0.398426 0.403844 0.388389 0.336549 0.304171
5 0.331846 0.312815 0.331844 0.323134 0.332315 0.326204 0.351453 0.357157 0.369333 0.382255 0.403372 0.426310 0.403529 0.429102 0.403529 0.431333 0.407922 0.433843 0.409177 0.432449 0.422667 0.436352 0.423294 0.432167 0.417018 0.430495 0.415294 0.431611 0.412940 0.427986 0.413568 0.425477 0.382667 0.383648 0.359453 0.351579 0.339216 0.322579 0.332786 0.312537
2 0.276443 0.294787 0.273867 0.291894 0.272510 0.287074 0.272375 0.283944 0.274815 0.283458 0.276036 0.281292 0.277935 0.281532 0.280185 0.280931 0.282135 0.280810 0.284169 0.283218 0.287560 0.288764 0.286781 0.290597 0.284039 0.291028
6 0.428943 0.432708 0.426784 0.436310 0.427505 0.439796 0.428878 0.440495 0.435612 0.440264 0.438620 0.442236 0.446727 0.450838 0.452544 0.448398 0.451956 0.445958 0.440057 0.433287 0.434107 0.431310
11 0.508984 0.409356 0.521378 0.401829 0.539258 0.395134 0.547102 0.395134 0.548826 0.395972 0.555102 0.398759 0.570159 0.408241 0.573141 0.411310 0.584747 0.417167 0.593688 0.419954 0.598549 0.421907 0.602943 0.422185 0.612198 0.428597 0.609531 0.440870 0.606081 0.439477 0.604982 0.442819 0.573924 0.428042 0.566237 0.424417 0.562159 0.422185 0.551180 0.414935 0.545534 0.412148 0.543023 0.411032 0.538318 0.418838 0.533768 0.421630 0.510867 0.430829
2 0.276883 0.327431 0.275294 0.328889 0.268914 0.328829 0.265359 0.327653 0.260479 0.325236 0.259563 0.324486 0.261672 0.310944 0.266060 0.315995 0.273432 0.321014
2 0.594638 0.476222 0.592740 0.477667 0.590664 0.481486 0.589607 0.483102 0.589076 0.484310 0.588094 0.485120 0.588904 0.486398 0.587263 0.492648 0.585388 0.493273 0.583982 0.494731 0.583279 0.498898 0.583044 0.502023 0.586091 0.508273 0.591792 0.514542 0.597187 0.496449 0.604245 0.470037 0.600479 0.466690 0.609531 0.440870 0.606081 0.439477 0.604982 0.442819 0.602870 0.453069 0.601815 0.459944 0.596310 0.460153 0.593872 0.460056 0.593740 0.469139 0.594370 0.473833
1 0.571664 0.473282 0.593740 0.469139 0.594146 0.473282 0.578247 0.476162 0.576250 0.475986
15 0.784557 0.612361 0.829258 0.627148 0.826591 0.645551 0.799924 0.636907
8 0.328706 0.288162 0.332214 0.293440 0.354583 0.318935 0.368000 0.335435 0.389555 0.360431 0.399766 0.368949 0.397255 0.372296 0.399922 0.375088 0.399766 0.376759 0.404156 0.382056 0.404000 0.383731 0.403844 0.388389 0.336549 0.304171 0.320237 0.287718 0.322740 0.284065
11 0.804945 0.475944 0.817177 0.483111 0.830242 0.491032 0.840367 0.496792 0.843000 0.497870 0.844419 0.499671 0.842495 0.509755 0.833888 0.505435 0.828115 0.499491 0.819203 0.496972 0.804945 0.489806 0.804539 0.487468 0.804945 0.483866 0.804438 0.480083
11 0.783385 0.492130 0.798565 0.505472 0.799781 0.504750 0.800995 0.505292 0.800388 0.506370 0.805148 0.509069 0.806260 0.508708 0.807680 0.509069 0.808286 0.510690 0.812339 0.513569 0.813755 0.506190 0.811427 0.502769 0.798060 0.492866 0.791273 0.492148 0.791982 0.494667 0.788742 0.495208 0.786513 0.491606
2 0.770878 0.547588 0.791620 0.568069 0.808430 0.585185 0.811414 0.588556 0.822799 0.607597 0.842120 0.639968 0.855771 0.641074 0.827383 0.595065 0.813732 0.574144 0.802128 0.561611 0.776870 0.537079 0.772789 0.533171 0.771229 0.540981 0.772789 0.543486
15 0.772789 0.543486 0.770878 0.547588 0.765180 0.560833 0.758906 0.551630 0.750750 0.542986 0.748240 0.539083 0.746044 0.523190 0.745573 0.522074 0.743659 0.511727 0.752758 0.522324 0.753070 0.524278 0.756836 0.526787 0.763906 0.534861 0.771224 0.542083
2 0.272177 0.315995 0.274354 0.314449 0.277247 0.313954 0.279617 0.314699 0.282268 0.317176 0.283349 0.319347 0.284500 0.323065 0.285893 0.325977 0.288997 0.329079 0.290461 0.330625 0.293945 0.346306 0.295026 0.352755 0.279758 0.323500 0.279758 0.323500
2 0.378987 0.242755 0.383326 0.245644 0.386172 0.236486 0.387799 0.233111 0.394612 0.246454 0.400599 0.230833 0.398102 0.229014 0.395661 0.222991 0.388747 0.221546 0.389018 0.224435 0.385128 0.226148 0.383503 0.229523 0.381333 0.229764
2 0.470781 0.324792 0.482982 0.348894 0.482440 0.348894 0.492357 0.363917 0.492865 0.356681 0.484055 0.339569 0.484453 0.333565 0.490560 0.328241 0.487578 0.329685 0.476461 0.325829
2 0.257021 0.240690 0.257021 0.246495 0.315130 0.240648 0.312161 0.235370 0.274445 0.238431
1 0.421667 0.304306 0.423766 0.315880 0.425253 0.322569 0.428229 0.331440 0.430766 0.340310 0.429104 0.340310 0.426565 0.332528 0.425018 0.326611 0.422539 0.315569 0.421250 0.308565
2 0.376042 0.250509 0.372357 0.253694 0.368969 0.253694 0.363138 0.250801 0.359479 0.257792 0.361784 0.261167 0.365424 0.263403 0.374862 0.263727 0.375070 0.258755 0.377104 0.256347 0.379951 0.257310 0.380307 0.255014 0.380852 0.250819 0.384120 0.251144 0.387271 0.247912 0.387135 0.245981 0.383326 0.245644 0.381305 0.245019 0.379409 0.246222 0.378622 0.248560
11 0.236630 0.307903 0.242099 0.311685 0.259797 0.310528 0.259313 0.305023
2 0.433628 0.232356 0.438180 0.232824 0.439844 0.234222 0.443607 0.239824 0.444307 0.241069 0.446320 0.242625 0.448159 0.242625 0.450609 0.243870 0.450784 0.245894 0.451747 0.247292 0.452534 0.246204 0.453760 0.246514 0.455773 0.249315 0.456734 0.260051 0.452971 0.258653 0.452344 0.255736 0.450352 0.251773 0.447779 0.248231 0.444570 0.245116 0.439492 0.239667 0.438094 0.238736 0.436255 0.236088 0.433190 0.236088
2 0.288594 0.280463 0.286693 0.273940 0.296453 0.272977 0.301740 0.280690 0.295091 0.286940 0.289242 0.292245 0.286781 0.290597 0.287711 0.287227 0.288234 0.283426 0.288437 0.280773
2 0.312055 0.302384 0.304906 0.302384 0.289323 0.308634 0.289909 0.311343 0.300339 0.308843 0.315219 0.309468
2 0.402711 0.267579 0.390471 0.255981 0.388112 0.253079 0.385224 0.249741 0.387271 0.247912 0.387135 0.245981 0.383326 0.245644 0.385224 0.240102 0.401174 0.256454 0.405979 0.265620 0.408284 0.267972
6 0.355625 0.275694 0.358719 0.276713 0.357771 0.295509 0.356685 0.302981 0.357365 0.304185 0.357365 0.312139 0.357258 0.317639 0.357078 0.321190 0.354661 0.318935 0.354536 0.311509
2 0.339977 0.338713 0.332945 0.351421 0.333297 0.352046 0.337047 0.352880 0.339273 0.348505 0.340328 0.348713 0.339039 0.352671 0.345250 0.355167 0.351453 0.357157
2 0.380852 0.250819 0.384120 0.251144 0.388112 0.253079 0.390471 0.255981 0.391922 0.262435 0.395911 0.270833 0.404245 0.291759 0.407031 0.295093 0.412612 0.301796 0.417331 0.306639 0.422049 0.314704 0.425018 0.326611 0.423846 0.329319 0.422792 0.330153 0.421620 0.330153 0.421385 0.331194 0.422089 0.333278 0.422557 0.339523 0.418602 0.334708 0.414792 0.327287 0.411341 0.322769 0.403901 0.312125 0.400635 0.305347 0.398456 0.305023 0.395734 0.299861 0.394102 0.300185 0.384482 0.293407 0.385026 0.286958 0.386841 0.270500 0.387747 0.266630 0.387203 0.260500 0.382122 0.259852 0.380669 0.257917 0.380307 0.255014
2 0.368367 0.389935 0.364969 0.389727 0.361805 0.389935 0.361797 0.396389 0.376797 0.404722 0.380552 0.405139 0.388169 0.406389 0.380904 0.397435 0.372586 0.389519 0.371766 0.392227 0.369422 0.390977 0.369773 0.395352 0.368836 0.394310
2 0.323865 0.264912 0.319487 0.275144 0.320435 0.277556 0.317859 0.285750 0.320237 0.287718 0.322740 0.284065 0.328706 0.288162 0.337245 0.294426 0.339685 0.293704 0.347956 0.302620 0.352023 0.303102 0.354599 0.303102 0.355276 0.283579 0.341448 0.279241 0.338466 0.280208 0.328026 0.270324
