8 0.448034 0.300505 0.451315 0.304375 0.451763 0.307759 0.450755 0.310745 0.449747 0.312935 0.447956 0.313333 0.446276 0.310944 0.437654 0.301389 0.436797 0.292222
8 0.369534 0.179866 0.373943 0.181667 0.382617 0.187190 0.391727 0.192074 0.390352 0.194005 0.378930 0.186935 0.371557 0.182694 0.368737 0.181278
8 0.427370 0.233597 0.429951 0.254125 0.431378 0.263546 0.431242 0.266204 0.429000 0.259319 0.426622 0.240481 0.425060 0.228162 0.422500 0.212644 0.424383 0.213792 0.426148 0.224782 0.426617 0.228769 0.426367 0.230991
8 0.422500 0.212644 0.424539 0.226412 0.425693 0.243801 0.426031 0.248750 0.425557 0.250079 0.424878 0.250685 0.423792 0.249597 0.423586 0.247667 0.422977 0.233537 0.422568 0.227134 0.423130 0.227079 0.423130 0.226190 0.423068 0.224412 0.422255 0.223523 0.420599 0.211315
8 0.458648 0.351769 0.459331 0.355398 0.466818 0.354593 0.474383 0.354056 0.484747 0.356069 0.485201 0.353921 0.484672 0.353111 0.477409 0.351500 0.471357 0.351500 0.465609 0.351903 0.464021 0.352708 0.461146 0.351903
8 0.460581 0.210162 0.465198 0.215106 0.475943 0.223102 0.478005 0.224102 0.479193 0.224991 0.485005 0.228435 0.484612 0.229134 0.486706 0.230412 0.487031 0.229481 0.499063 0.236685 0.498406 0.237616 0.494878 0.237153 0.487685 0.232968 0.484526 0.231407 0.482831 0.230704 0.478396 0.227417 0.465240 0.218551 0.460180 0.212884 0.447888 0.198630 0.447247 0.198245 0.437375 0.187134 0.436706 0.184449 0.437706 0.184782 0.442828 0.189889 0.449339 0.196944
8 0.526378 0.410903 0.534167 0.421639 0.546596 0.437199 0.546945 0.439847 0.546070 0.441403 0.545195 0.441245 0.535305 0.428176 0.527690 0.418060 0.524539 0.413236 0.525154 0.411370
8 0.614435 0.610130 0.627826 0.621491 0.642706 0.637051 0.647758 0.641380 0.649109 0.643204 0.657409 0.651208 0.665112 0.658213 0.663625 0.661167 0.649708 0.648407 0.629927 0.628958 0.614260 0.613245 0.611372 0.610287 0.612148 0.609282 0.612865 0.610333 0.612865 0.610333
8 0.500159 0.481537 0.498977 0.483185 0.491969 0.473657 0.485344 0.466005 0.480870 0.461875 0.477409 0.460676 0.475076 0.459667 0.473854 0.459236 0.472977 0.459407 0.471219 0.458713 0.469049 0.457676 0.465208 0.456171 0.462635 0.452194 0.469135 0.455273 0.471510 0.455676 0.473026 0.456194 0.473938 0.456546 0.475310 0.457125 0.478674 0.458199 0.482177 0.460000 0.486357 0.463903 0.493953 0.472681
8 0.491784 0.352870 0.490995 0.358741 0.487146 0.373458 0.485391 0.384611 0.482370 0.401801 0.479951 0.417843 0.476552 0.446083 0.475310 0.457125 0.473938 0.456546 0.477008 0.429000 0.479297 0.410056 0.483286 0.386227 0.486161 0.370653 0.488359 0.361634 0.488542 0.359495 0.490411 0.350778
8 0.501367 0.272551 0.501089 0.285736 0.500435 0.303750 0.500034 0.307630 0.498484 0.315542 0.497622 0.322694 0.494747 0.336759 0.493112 0.344778 0.491740 0.341991 0.495661 0.322815 0.498146 0.307472 0.498474 0.302241 0.499258 0.281782 0.499193 0.270162 0.499453 0.266560 0.499992 0.266778 0.501242 0.266667
8 0.464974 0.255116 0.455534 0.267875 0.453617 0.270384 0.454578 0.273699 0.464240 0.259838 0.473677 0.247079 0.480909 0.236833 0.484526 0.231407 0.482831 0.230704 0.473677 0.243764
8 0.455888 0.233208 0.455615 0.234810 0.454807 0.235245 0.444542 0.227931 0.443919 0.227287 0.439349 0.224051 0.419078 0.210333 0.406826 0.203208 0.398503 0.198634 0.391997 0.195273 0.393284 0.193657 0.402664 0.198231 0.411286 0.202806 0.423089 0.209796 0.434737 0.217463 0.445404 0.225398
8 0.409654 0.174343 0.422461 0.177227 0.430786 0.178759 0.435424 0.179713 0.435706 0.180449 0.436060 0.181972 0.433276 0.181884 0.429471 0.181273 0.422911 0.180718 0.411935 0.178847 0.407198 0.177111 0.407995 0.176236
8 0.374414 0.157125 0.381289 0.162921 0.392930 0.171560 0.396716 0.174171 0.401292 0.175880 0.404401 0.176278 0.406716 0.173676 0.398469 0.171343 0.387721 0.164009 0.378674 0.158051 0.370779 0.150866 0.370159 0.151269 0.372852 0.154347
8 0.457060 0.358653 0.464357 0.359171 0.475081 0.359171 0.483581 0.359495 0.488542 0.359495 0.488359 0.361634 0.472234 0.361764 0.460891 0.361569 0.457279 0.360856
8 0.456826 0.356556 0.458641 0.373500 0.461214 0.392731 0.460987 0.394750 0.459927 0.394343 0.459172 0.386949 0.457203 0.371079 0.456070 0.361264 0.455919 0.356287
8 0.416057 0.240370 0.416971 0.243509 0.417953 0.245370 0.418477 0.247579 0.420633 0.255019 0.424424 0.269079 0.427760 0.283491 0.425862 0.282444 0.420503 0.259435 0.416581 0.244787 0.415271 0.240838
8 0.428497 0.287690 0.432617 0.305356 0.437391 0.325926 0.439352 0.334644 0.438633 0.335690 0.437651 0.335111 0.436344 0.329296 0.431375 0.307329 0.427974 0.292685 0.426518 0.286444
2 0.579565 0.484273 0.579940 0.488565 0.580253 0.501602 0.580003 0.503269 0.579690 0.530259 0.579815 0.551361 0.580003 0.555361 0.582378 0.555472 0.582690 0.551917 0.581065 0.549028 0.581753 0.547588 0.582690 0.546921 0.582768 0.528833 0.582643 0.517648 0.582740 0.497866 0.582740 0.497866 0.582870 0.488565 0.594872 0.492935 0.596185 0.493713 0.594062 0.512931 0.589438 0.545588 0.581031 0.630792 0.565638 0.623769 0.567719 0.616120 0.564971 0.614787 0.562195 0.623407 0.562094 0.625389 0.563917 0.627551 0.573125 0.631856 0.574156 0.632671 0.575250 0.633301 0.578234 0.634333 0.582966 0.636111 0.583466 0.634000 0.584070 0.629889 0.585841 0.609116 0.585255 0.607319 0.584867 0.603537 0.584867 0.600782 0.586417 0.598546 0.587289 0.595361 0.589023 0.579042 0.590107 0.567472 0.595060 0.527148 0.598435 0.499935 0.599685 0.490829 0.596372 0.489718 0.588406 0.486907 0.586969 0.486130
8 0.448023 0.388495 0.449010 0.395014 0.451122 0.404324 0.453052 0.408755 0.457453 0.430412 0.457612 0.437259 0.456510 0.437398 0.455490 0.437120 0.452503 0.423134 0.451263 0.420704 0.449766 0.414042 0.447203 0.404042 0.446016 0.400602 0.445451 0.388116
8 0.475591 0.399361 0.477542 0.398847 0.479495 0.400644 0.480073 0.402444 0.476026 0.423907 0.474391 0.425435 0.473703 0.428431 0.472927 0.431625 0.471414 0.431454 0.471391 0.446759 0.470987 0.446144 0.469091 0.439287 0.468578 0.437426 0.472331 0.417431
8 0.492094 0.430875 0.490721 0.432287 0.495781 0.464801 0.497951 0.478426 0.500159 0.481537 0.502216 0.479583 0.498745 0.460176 0.495203 0.438069 0.493904 0.430875
8 0.462424 0.414759 0.469091 0.439287 0.470987 0.446144 0.469680 0.448236 0.468438 0.447537 0.464974 0.434986 0.462161 0.422782 0.460396 0.414880
8 0.406922 0.277352 0.409622 0.280042 0.415049 0.287014 0.422372 0.299801 0.425052 0.304565 0.425052 0.307120 0.423745 0.307472 0.422177 0.304796 0.416161 0.294102 0.413482 0.288991 0.409362 0.284458 0.404589 0.277019
8 0.399531 0.272315 0.399661 0.276315 0.406922 0.277352 0.415349 0.281245 0.425089 0.285718 0.435557 0.291231 0.448034 0.300505 0.463977 0.313088 0.471310 0.320417 0.474810 0.323722 0.474956 0.321843 0.472477 0.317560 0.455732 0.303356 0.443255 0.292917 0.435448 0.287727 0.434792 0.290000 0.431909 0.288574 0.428737 0.284162 0.419289 0.279037 0.414984 0.277093 0.412732 0.276417
8 0.385049 0.269148 0.386148 0.283093 0.387773 0.303866 0.388078 0.304398 0.389591 0.303444 0.389495 0.301532 0.388914 0.297523 0.387997 0.281685 0.387005 0.269583
8 0.346852 0.255579 0.360768 0.258185 0.380841 0.263481 0.398862 0.268255 0.411852 0.271292 0.413609 0.271727 0.413609 0.273375 0.413513 0.275287 0.412732 0.276417 0.399531 0.272315 0.395198 0.271556 0.380156 0.267995 0.359792 0.261829 0.346266 0.259486 0.344555 0.258792
8 0.366065 0.224356 0.358313 0.234560 0.344721 0.254560 0.341674 0.258727 0.342846 0.261222 0.358547 0.239144 0.368107 0.226384 0.387677 0.200361 0.394982 0.191824 0.399294 0.186380 0.407995 0.176236 0.409654 0.174343 0.412651 0.170009 0.412464 0.168676 0.411401 0.167676 0.406716 0.173676 0.397594 0.184894 0.393409 0.190000 0.386388 0.199065
14 0.407198 0.177111 0.399294 0.186380 0.408292 0.183273 0.416664 0.181273 0.422911 0.180718 0.411935 0.178847
14 0.404401 0.176278 0.397594 0.184894 0.383161 0.167898 0.374414 0.157125 0.381289 0.162921 0.392930 0.171560 0.396716 0.174171 0.401292 0.175880
6 0.398503 0.198634 0.409750 0.218833 0.407250 0.221995 0.398552 0.207574 0.391997 0.195273
6 0.488982 0.239875 0.491557 0.264759 0.497156 0.263366 0.497604 0.262370 0.496555 0.252005 0.495867 0.248338 0.494245 0.237884
6 0.490099 0.421222 0.487190 0.421148 0.487378 0.426148 0.487878 0.427815 0.488003 0.436032 0.490237 0.437954 0.491466 0.437440 0.490721 0.432287 0.492094 0.430875 0.493904 0.430875 0.495203 0.438069 0.495789 0.436838 0.496872 0.435810 0.496656 0.432468 0.496656 0.426685 0.494870 0.420065
15 0.407620 0.211264 0.409750 0.218833 0.415271 0.240838 0.416057 0.240370 0.416971 0.243509 0.417953 0.245370 0.418477 0.247579 0.420633 0.255019 0.424424 0.269079 0.427760 0.283491 0.428737 0.284162 0.431909 0.288574 0.434792 0.290000 0.435448 0.287727 0.436362 0.283009 0.425557 0.250079 0.424878 0.250685 0.423792 0.249597 0.423586 0.247667 0.423299 0.241028 0.418693 0.226856 0.418318 0.224079 0.416198 0.217847 0.413263 0.211380 0.411396 0.205759 0.406826 0.203208 0.404620 0.202319
8 0.650008 0.577500 0.658682 0.587009 0.664737 0.594231 0.667232 0.596824 0.669982 0.599824 0.673604 0.603491 0.673729 0.604602 0.680289 0.612264 0.681914 0.615042 0.679414 0.618375 0.673667 0.611153 0.663732 0.601157 0.663250 0.599782 0.657828 0.593616 0.646052 0.580954 0.644440 0.579426
8 0.597263 0.671546 0.599359 0.681315 0.600661 0.683500 0.605359 0.701750 0.607313 0.708819 0.609844 0.705606 0.602904 0.679514 0.599648 0.671292
6 0.632484 0.684875 0.630315 0.694130 0.634146 0.698884 0.638339 0.700042 0.642823 0.693097 0.641883 0.690787 0.639279 0.687704
6 0.606831 0.420644 0.613104 0.428227 0.619544 0.437148 0.618646 0.437319 0.611518 0.437032 0.601812 0.426292 0.604206 0.421296
6 0.451852 0.381375 0.458099 0.391704 0.459927 0.394343 0.461286 0.396815 0.462161 0.400810 0.458286 0.407255 0.452977 0.397921 0.450352 0.393593 0.450091 0.391653 0.450578 0.385028 0.451549 0.380806
8 0.431784 0.195380 0.434156 0.198819 0.439156 0.206153 0.439359 0.205185 0.440589 0.208139 0.445286 0.214167 0.445375 0.221708 0.438594 0.212148 0.429596 0.201042 0.429596 0.200042 0.430409 0.197824
8 0.486685 0.280519 0.491557 0.306398 0.494995 0.325949 0.493570 0.333468 0.490432 0.328611 0.489870 0.324616 0.486560 0.306287 0.482622 0.282519
8 0.495880 0.331389 0.503260 0.342273 0.508440 0.349162 0.507133 0.358824 0.498654 0.345898 0.499031 0.343403 0.499141 0.340907 0.495143 0.335148
8 0.435557 0.291231 0.436797 0.292222 0.439159 0.322907 0.441773 0.352329 0.442362 0.358935 0.442362 0.361347 0.445451 0.388116 0.446016 0.400602 0.442135 0.389630 0.442214 0.388148 0.442266 0.386648 0.440419 0.385019 0.439451 0.366093 0.439141 0.362153 0.438971 0.359139 0.437651 0.335111 0.438633 0.335690 0.439352 0.334644 0.437391 0.325926 0.434997 0.315852 0.432966 0.294519 0.432891 0.292407 0.432917 0.291389
8 0.429240 0.226657 0.427677 0.227102 0.426617 0.228769 0.426367 0.230991 0.434240 0.246208 0.445609 0.268199 0.458482 0.291856 0.471602 0.315630 0.472477 0.317560 0.474956 0.321843 0.479661 0.330403 0.490411 0.350778 0.491784 0.352870 0.493922 0.356657 0.503958 0.375542 0.508057 0.383125 0.510482 0.392644 0.511737 0.402009 0.512323 0.404093 0.514833 0.404093 0.516086 0.401713 0.515836 0.395824 0.515065 0.393000 0.513643 0.387944 0.513477 0.384819 0.512391 0.380060 0.510969 0.376940 0.506341 0.366486 0.504919 0.364551 0.495156 0.347394 0.493112 0.344778 0.491740 0.341991 0.490969 0.340176 0.480974 0.320847 0.475148 0.309236 0.473490 0.308972 0.473664 0.307296 0.464104 0.290523 0.454578 0.273699 0.453617 0.270384 0.443234 0.252204 0.442612 0.250981 0.442333 0.252343 0.438271 0.244958 0.436362 0.239764 0.435112 0.240208 0.433615 0.237764 0.431115 0.235431 0.430865 0.233542 0.431052 0.232653 0.431552 0.232097 0.432526 0.231866
8 0.503523 0.445833 0.509380 0.466907 0.510536 0.471148 0.510060 0.471306 0.508685 0.472463 0.508107 0.474389 0.506633 0.474880 0.499693 0.449944 0.495789 0.436838 0.496872 0.435810 0.496656 0.432468 0.496656 0.426685 0.500026 0.439037 0.501951 0.443644
8 0.485391 0.384611 0.494870 0.420065 0.490099 0.421222 0.483883 0.393977
8 0.398365 0.285620 0.399768 0.288023 0.402359 0.300597 0.402685 0.300884 0.405221 0.313699 0.407549 0.322704 0.407549 0.327023 0.409625 0.329870 0.405323 0.332963 0.401068 0.312440 0.398638 0.300380 0.398740 0.298940 0.397016 0.295028 0.397016 0.293398 0.396151 0.289269 0.396852 0.287347
5 0.395313 0.346194 0.398492 0.342208 0.401167 0.339125 0.403263 0.335653 0.404276 0.333986 0.409625 0.329870 0.412669 0.327315 0.417534 0.325500 0.420555 0.323870 0.422016 0.323870 0.423362 0.324537 0.427576 0.322611 0.428818 0.322431 0.429302 0.322995 0.431141 0.331157 0.434161 0.340370 0.433893 0.347671 0.434812 0.355444 0.437349 0.375995 0.437674 0.380120 0.439026 0.382037 0.439727 0.384528 0.442266 0.386648 0.442214 0.388148 0.442135 0.389630 0.440862 0.390866 0.439185 0.390685 0.437023 0.390301 0.429036 0.387509 0.419370 0.385019 0.409755 0.369556
14 0.627448 0.509130 0.623508 0.510759 0.629018 0.517449 0.634143 0.522894 0.639891 0.528338 0.641570 0.529671 0.643406 0.522667 0.644810 0.518634 0.640435 0.515144 0.639857 0.513472 0.637906 0.511542 0.635664 0.510773 0.631760 0.508458 0.629810 0.508329
14 0.665406 0.515681 0.670508 0.525037 0.664076 0.538019 0.661544 0.535319 0.652797 0.523880 0.651237 0.522954 0.650805 0.523912 0.645674 0.531403 0.643826 0.532111 0.648638 0.536778 0.653073 0.541111 0.654344 0.543056 0.657164 0.541514 0.661141 0.540102 0.661646 0.541000 0.663237 0.539199 0.672128 0.536759 0.680443 0.533546
5 0.628768 0.596569 0.619732 0.597227 0.612148 0.609282 0.612865 0.610333 0.618648 0.609306 0.633177 0.607380 0.634479 0.608778 0.636648 0.606222 0.652047 0.603394 0.663250 0.599782 0.657828 0.593616 0.653854 0.594000 0.645974 0.595426
5 0.682805 0.578319 0.683974 0.579657 0.684896 0.582037 0.685815 0.583676 0.685479 0.584718 0.684352 0.587606 0.677542 0.589051 0.672354 0.590495 0.669919 0.592606 0.664737 0.594231 0.658682 0.587009 0.665766 0.584181
5 0.670508 0.525037 0.664076 0.538019 0.661544 0.535319 0.652797 0.523880 0.648388 0.521569 0.640435 0.515144 0.639857 0.513472 0.637906 0.511542 0.635664 0.510773 0.631760 0.508458 0.629810 0.508329 0.627612 0.508167 0.624750 0.507495 0.624641 0.502792 0.628367 0.500491 0.633917 0.496403 0.648807 0.496019 0.651815 0.495759 0.654273 0.487023 0.658177 0.490106 0.655284 0.500773 0.665406 0.515681
5 0.457044 0.170796 0.460641 0.172880 0.464740 0.172880 0.472099 0.170648 0.475862 0.169458 0.477536 0.174815 0.479794 0.185667 0.480547 0.194593 0.477536 0.195185 0.470677 0.194889 0.466266 0.189722 0.460831 0.183505 0.453430 0.173907 0.456107 0.171972
5 0.399294 0.186380 0.394982 0.191824 0.401354 0.196157 0.404104 0.198264 0.408917 0.199375 0.415039 0.202819 0.438281 0.213481 0.438594 0.212148 0.429596 0.201042 0.429596 0.200042 0.430409 0.197824 0.431784 0.195380 0.434156 0.198819 0.439156 0.206153 0.439359 0.205185 0.438419 0.200546 0.438708 0.198245 0.435906 0.192824 0.433781 0.189602 0.431034 0.186602 0.430534 0.185046 0.431534 0.184269 0.430784 0.183162 0.429471 0.181273 0.428909 0.182384 0.428284 0.182829 0.425221 0.182829 0.422911 0.180718 0.416664 0.181273 0.408292 0.183273
5 0.350771 0.131287 0.349984 0.132685 0.349047 0.132685 0.348859 0.135685 0.349609 0.137352 0.349109 0.139907 0.347734 0.139130 0.347346 0.142231 0.346859 0.157310 0.351646 0.155611 0.354396 0.154060 0.359768 0.152838 0.361294 0.151347 0.363667 0.151681 0.365979 0.153125 0.369042 0.153903 0.377227 0.167120 0.384724 0.179116 0.392034 0.188894 0.393409 0.190000 0.397594 0.184894 0.383161 0.167898 0.374414 0.157125 0.372852 0.154347 0.364448 0.145148 0.359893 0.140731 0.357208 0.137731
5 0.377013 0.096523 0.379669 0.090458 0.381794 0.086236 0.384354 0.082347 0.387161 0.077792 0.386969 0.080889 0.388034 0.097745 0.384229 0.097676 0.378607 0.097676 0.376513 0.097968
5 0.351646 0.155611 0.345021 0.169505 0.339740 0.164829 0.335966 0.162935 0.337560 0.158440 0.340068 0.161269 0.343833 0.153685 0.346859 0.157310
14 0.645393 0.555963 0.644076 0.557856 0.642198 0.561176 0.641477 0.564903 0.641477 0.566574 0.641477 0.569403 0.641477 0.572356 0.642273 0.575958 0.644440 0.579426 0.650008 0.577500 0.658682 0.587009 0.665766 0.584181 0.685286 0.576343 0.695479 0.572356 0.698443 0.564648 0.699237 0.557065 0.699094 0.549097 0.697792 0.543569 0.696924 0.541130 0.696057 0.541255 0.694828 0.540102 0.691214 0.535986 0.688466 0.531745 0.687383 0.533287 0.686154 0.534574 0.684562 0.535088 0.682971 0.535472 0.681383 0.534574 0.680443 0.533546 0.672128 0.536759 0.663237 0.539199 0.661646 0.541000 0.661141 0.540102 0.657164 0.541514 0.654344 0.543056 0.652393 0.545111 0.650370 0.547940 0.649211 0.550639 0.649141 0.553852 0.646609 0.554366
14 0.663732 0.601157 0.662982 0.605380 0.661547 0.610042 0.660734 0.613153 0.660672 0.616153 0.660672 0.617819 0.660797 0.618597 0.665169 0.623815 0.666294 0.627370 0.668419 0.630704 0.671167 0.633148 0.674979 0.634370 0.680977 0.633037 0.694721 0.610153 0.706219 0.591606 0.705344 0.589384 0.703969 0.588051 0.701909 0.586606 0.698971 0.585829 0.696971 0.585273 0.695471 0.585273 0.684352 0.587606 0.677542 0.589051 0.672354 0.590495 0.669919 0.592606 0.667607 0.594935 0.667232 0.596824 0.669982 0.599824 0.673604 0.603491 0.673729 0.604602 0.680289 0.612264 0.681914 0.615042 0.679414 0.618375 0.673667 0.611153
14 0.591932 0.591148 0.588255 0.595278 0.586417 0.598546 0.584867 0.600782 0.584867 0.603537 0.585255 0.607319 0.586417 0.610935 0.587482 0.613171 0.588352 0.613171 0.591448 0.607838 0.593094 0.608352 0.594547 0.611106 0.595901 0.615407 0.595609 0.618676 0.594932 0.619708 0.595708 0.620051 0.597547 0.618162 0.602404 0.612380 0.604969 0.614273 0.606904 0.614046 0.609216 0.613273 0.612148 0.609282 0.627151 0.585181 0.638453 0.567509 0.642198 0.561176 0.644076 0.557856 0.645393 0.555963 0.645451 0.548963 0.644328 0.539519 0.642326 0.533407 0.640081 0.529523 0.635648 0.525083 0.632328 0.522741 0.629898 0.522310 0.628398 0.522741 0.627266 0.524185 0.626831 0.526852 0.623898 0.529417 0.609344 0.552079 0.594719 0.574287 0.593596 0.576282 0.592659 0.578074 0.591779 0.579847 0.591536 0.580722 0.591034 0.583167 0.590974 0.585954 0.591284 0.588722
14 0.621779 0.635241 0.623367 0.635111 0.624120 0.635407 0.625375 0.636745 0.626044 0.638218 0.624370 0.643125 0.625792 0.646843 0.628469 0.647435 0.631063 0.645801 0.631648 0.647736 0.629474 0.650264 0.628469 0.652356 0.627299 0.655333 0.627466 0.656806 0.628805 0.659481 0.627633 0.663792 0.626378 0.665727 0.624036 0.665727 0.621359 0.664255 0.619604 0.662903 0.617846 0.662157 0.616005 0.661282 0.615589 0.657847 0.615589 0.655167 0.622029 0.654722 0.623031 0.653694 0.624453 0.653694 0.625208 0.653384 0.624622 0.651602 0.623701 0.651319 0.622781 0.651153 0.622112 0.649963 0.620523 0.649519 0.616174 0.649519 0.615839 0.647583 0.615839 0.643435 0.615839 0.641787 0.620104 0.641639 0.621109 0.638514 0.621276 0.637028
14 0.608672 0.713815 0.610930 0.721847 0.610260 0.725565 0.608839 0.728833 0.607500 0.732551 0.604406 0.738352 0.602898 0.739542 0.601729 0.738944 0.597294 0.735676 0.598549 0.733889 0.596542 0.729579 0.603820 0.719912
14 0.572997 0.652102 0.583187 0.665042 0.594607 0.681963 0.602221 0.692315 0.603565 0.696093 0.603565 0.700074 0.602893 0.706245 0.605917 0.710625 0.595055 0.725755 0.590240 0.724361 0.584419 0.723366 0.582292 0.718787 0.579492 0.713810 0.575685 0.703458 0.577589 0.699477 0.578797 0.693051 0.579211 0.683375 0.578294 0.672528 0.577039 0.665676
14 0.582740 0.497866 0.593674 0.503023 0.590674 0.515412 0.587578 0.513519 0.586224 0.519884 0.582643 0.517648
14 0.649023 0.459389 0.651164 0.455921 0.653333 0.453606 0.654852 0.452065 0.656151 0.452579 0.658393 0.457333 0.660635 0.457977 0.671622 0.470574 0.685719 0.486894 0.694323 0.496403 0.695260 0.498204 0.696130 0.500903 0.696635 0.503343 0.696779 0.506042 0.696635 0.508356 0.704586 0.516968 0.704732 0.519796 0.704443 0.523648 0.703214 0.530718 0.701333 0.535343 0.698732 0.538944 0.696924 0.541130 0.696057 0.541255 0.694828 0.540102 0.691214 0.535986 0.688466 0.531745 0.687383 0.533287 0.686154 0.534574 0.684562 0.535088 0.682971 0.535472 0.681383 0.534574 0.665406 0.515681 0.655284 0.500773 0.658177 0.490106 0.654273 0.487023 0.651815 0.495759 0.648807 0.496019 0.644398 0.491005 0.642591 0.482907 0.642229 0.477639 0.642661 0.473273 0.644758 0.468000 0.647146 0.462477
14 0.634422 0.435745 0.632687 0.437028 0.631747 0.438699 0.632036 0.456565 0.628422 0.457977 0.628638 0.485606 0.628367 0.500491 0.633917 0.496403 0.648807 0.496019 0.644398 0.491005 0.642591 0.482907 0.642229 0.477639 0.642661 0.473273 0.644758 0.468000 0.647146 0.462477 0.649023 0.459389 0.648807 0.457977 0.646711 0.456819 0.646711 0.443199 0.646711 0.439472 0.646565 0.437931 0.644904 0.435870 0.640927 0.434718
14 0.547930 0.469417 0.538479 0.463468 0.536888 0.463468 0.534966 0.464954 0.534211 0.463616 0.533042 0.462426 0.531536 0.462426 0.529945 0.464060 0.528190 0.469116 0.525849 0.478782 0.525096 0.482944 0.526685 0.498412 0.530531 0.500194 0.531620 0.496181 0.533292 0.497222 0.534714 0.503019 0.537224 0.499301 0.541906 0.498708 0.543997 0.497222 0.545755 0.495435 0.548599 0.492167 0.553031 0.488449 0.557297 0.486963
14 0.566917 0.508523 0.575951 0.503764 0.576953 0.487407 0.569091 0.485176 0.567503 0.491569 0.566497 0.497667 0.566750 0.505102
14 0.609453 0.437685 0.611518 0.437032 0.618646 0.437319 0.622482 0.438667 0.625289 0.440106 0.627448 0.442310 0.627773 0.443463 0.628312 0.452199 0.628638 0.485606 0.628367 0.500491 0.624641 0.502792 0.624750 0.507495 0.627612 0.508167 0.627448 0.509130 0.623508 0.510759 0.613732 0.502986 0.604500 0.493481 0.604523 0.478454 0.603854 0.459569 0.604104 0.453028 0.604940 0.451245 0.604773 0.449162 0.604271 0.445889 0.605526 0.442769 0.606698 0.441134 0.608706 0.438606
5 0.364956 0.093412 0.360518 0.104630 0.350771 0.131287 0.357208 0.137731 0.359893 0.140731 0.359802 0.139468 0.357867 0.136546 0.357286 0.133278 0.357286 0.129491 0.360190 0.118995 0.361737 0.115898 0.364352 0.115208 0.366578 0.117620 0.368266 0.115181 0.372453 0.104519 0.371641 0.102185 0.370578 0.099074 0.369578 0.096856
14 0.571568 0.432657 0.570063 0.435481 0.568555 0.445148 0.570146 0.448417 0.570982 0.451245 0.571065 0.453176 0.570396 0.456153 0.569477 0.457787 0.576669 0.461801 0.577589 0.465074 0.579932 0.466560 0.581102 0.465667 0.581437 0.468194 0.586036 0.471319 0.587375 0.473250 0.592813 0.475481 0.594820 0.473847 0.596995 0.473250 0.599672 0.471912 0.600341 0.472509 0.596326 0.475185 0.594654 0.476819 0.604523 0.478454 0.603854 0.459569 0.604104 0.453028 0.604940 0.451245 0.604773 0.449162 0.604271 0.445889 0.605526 0.442769 0.606698 0.441134 0.608706 0.438606 0.609453 0.437685 0.590555 0.430722 0.586789 0.429981 0.585536 0.430278 0.583779 0.432060 0.582357 0.435333 0.581018 0.436375 0.579763 0.439796 0.577255 0.439199 0.576167 0.438009 0.575581 0.434440
14 0.575289 0.387199 0.591682 0.382292 0.600214 0.379616 0.602474 0.379171 0.604482 0.379171 0.606570 0.379912 0.608328 0.381250 0.609417 0.383333 0.609583 0.384819 0.612008 0.385116 0.614182 0.385565 0.615940 0.385116 0.617737 0.385370 0.619370 0.386944 0.621143 0.390856 0.622172 0.397236 0.622641 0.402796 0.622263 0.408523 0.620633 0.412926 0.618901 0.414917 0.616474 0.416403 0.614987 0.417074 0.612745 0.417565 0.610318 0.416569 0.607424 0.420134 0.604206 0.421296 0.599914 0.422634 0.590854 0.424611 0.587776 0.425116 0.588245 0.422634 0.587542 0.421060 0.586656 0.421296 0.586047 0.423287 0.585677 0.422042 0.585484 0.420301 0.585719 0.417981 0.586237 0.416241 0.585953 0.415407 0.578953 0.419139 0.575591 0.417907 0.575406 0.415495 0.576477 0.413995 0.577138 0.412343 0.577831 0.411514 0.577229 0.410097 0.576201 0.409190 0.575365 0.399319 0.575081 0.393417
14 0.493922 0.356657 0.490995 0.358741 0.487146 0.373458 0.485391 0.384611 0.500026 0.439037 0.501951 0.443644 0.504628 0.446769 0.507221 0.447213 0.508977 0.454352 0.511320 0.449741 0.511234 0.445134 0.512240 0.445431 0.512490 0.452866 0.519768 0.454500 0.518596 0.439185 0.516086 0.401713 0.514833 0.404093 0.512323 0.404093 0.511737 0.402009 0.510482 0.392644 0.508057 0.383125 0.503958 0.375542
14 0.503807 0.299542 0.502065 0.302810 0.500034 0.307630 0.498484 0.315542 0.498484 0.318815 0.498388 0.321394 0.507680 0.329134 0.508260 0.336361 0.509419 0.339458 0.517646 0.347028 0.519500 0.339319 0.525797 0.313653 0.520357 0.304361 0.517938 0.304532 0.514841 0.307116 0.513776 0.308319
14 0.545490 0.338787 0.551911 0.343718 0.547789 0.364935 0.545490 0.363907 0.544424 0.362185 0.542586 0.362014 0.541813 0.362704 0.539297 0.361671 0.539909 0.359542
14 0.560284 0.326505 0.558036 0.337500 0.555849 0.338500 0.554286 0.339611 0.552536 0.341718 0.551911 0.343718 0.547789 0.364935 0.542479 0.391370 0.539292 0.408477 0.538917 0.411694 0.539792 0.412361 0.539104 0.414583 0.538854 0.416806 0.538667 0.419139 0.539479 0.423028 0.542104 0.426579 0.549414 0.432245 0.557099 0.425472 0.557724 0.422917 0.558286 0.420250 0.559224 0.416583 0.560784 0.414139 0.563596 0.414583 0.564596 0.405921 0.563596 0.402144 0.563534 0.395704 0.565159 0.370264 0.565346 0.367824 0.568656 0.374486 0.570531 0.360602 0.570906 0.354602 0.571719 0.354935 0.570531 0.367602 0.571781 0.367713 0.572656 0.361602 0.573406 0.354713 0.572719 0.349606 0.571531 0.346606 0.569906 0.344051 0.570094 0.339944 0.568844 0.341495 0.565471 0.334278 0.562409 0.328500
14 0.519203 0.248444 0.515372 0.242787 0.513060 0.242273 0.511240 0.242676 0.511049 0.243352 0.516052 0.251500 0.525182 0.266769 0.528154 0.271755 0.530583 0.266949 0.525125 0.258120 0.518865 0.251310 0.514107 0.246500 0.512763 0.244870 0.512872 0.243431 0.513357 0.243343 0.514107 0.243343 0.514867 0.243815 0.514974 0.244972 0.515784 0.245935
14 0.528357 0.308097 0.526859 0.310097 0.525797 0.313653 0.519500 0.339319 0.511135 0.374708 0.510969 0.376940 0.512391 0.380060 0.513477 0.384819 0.513643 0.387944 0.515065 0.393000 0.523263 0.398944 0.524518 0.396120 0.525271 0.395227 0.527195 0.396417 0.528031 0.396718 0.530539 0.392551 0.539909 0.359542 0.546599 0.334116 0.548190 0.326532 0.547687 0.323556 0.548104 0.321028 0.549109 0.317310 0.549193 0.315528 0.548273 0.311514 0.545177 0.307199 0.543479 0.305764 0.540604 0.303319 0.537479 0.301319 0.533794 0.301653 0.530982 0.301319 0.529857 0.301764 0.529419 0.303431 0.528857 0.305319
14 0.497242 0.242231 0.496555 0.243782 0.496055 0.246449 0.495867 0.248338 0.496555 0.252005 0.500555 0.260556 0.500055 0.264111 0.499992 0.266111 0.499992 0.266778 0.501242 0.266667 0.501367 0.272551 0.514549 0.294546 0.525797 0.313653 0.526859 0.310097 0.528357 0.308097 0.528857 0.305319 0.529419 0.303431 0.529857 0.301764 0.530982 0.301319 0.533794 0.301653 0.537479 0.301319 0.540604 0.303319 0.543479 0.305764 0.544789 0.300431 0.531232 0.279884 0.519299 0.259778 0.511365 0.246005 0.510740 0.244005 0.511240 0.242676 0.511115 0.242009 0.508490 0.237009 0.506865 0.235454 0.506677 0.240898 0.505802 0.243782 0.504740 0.246671 0.503865 0.249449 0.502680 0.251116 0.502117 0.251338 0.500055 0.246005 0.498117 0.242898
14 0.497336 0.485056 0.494445 0.488139 0.491482 0.491352 0.490323 0.493537 0.489818 0.494440 0.493505 0.500866 0.501529 0.513074 0.508685 0.523481 0.513818 0.517829 0.518229 0.512301 0.519529 0.509347 0.520831 0.508704 0.522133 0.507417 0.523578 0.504204 0.524591 0.501120 0.524951 0.496106 0.524807 0.492380 0.523651 0.486981 0.520758 0.479144 0.517143 0.473616 0.514396 0.471435 0.511289 0.470921 0.510060 0.471306 0.508685 0.472463 0.508107 0.474389 0.505867 0.475032
14 0.447888 0.198630 0.460180 0.212884 0.459745 0.232931 0.458010 0.232032 0.457794 0.226389 0.457721 0.222921 0.457143 0.220208 0.456057 0.219310 0.454685 0.220208 0.454250 0.220991 0.452805 0.219310 0.451576 0.216736 0.450419 0.214426 0.449841 0.215838 0.449479 0.216866 0.449047 0.217380 0.446732 0.218037 0.446589 0.214426 0.446589 0.207356 0.447021 0.202472
14 0.465240 0.218551 0.464661 0.238458 0.472542 0.242954 0.476154 0.231644 0.478396 0.227417
14 0.466266 0.189722 0.479380 0.205329 0.482068 0.209773 0.480630 0.210662 0.479880 0.212440 0.479255 0.213884 0.481318 0.217329 0.479193 0.224991 0.478005 0.224102 0.478068 0.212329 0.477318 0.211106 0.476130 0.212551 0.476068 0.213995 0.475943 0.223102 0.465198 0.215106
14 0.445211 0.179505 0.445779 0.177171 0.446320 0.175394 0.449497 0.174648 0.453430 0.173907 0.460831 0.183505 0.466266 0.189722 0.461143 0.188394 0.460581 0.210162 0.449339 0.196944 0.450333 0.194389 0.450526 0.192500 0.449958 0.188949 0.448591 0.186394 0.447521 0.184394
14 0.448831 0.134500 0.451005 0.134949 0.454768 0.136139 0.457362 0.138519 0.459703 0.142977 0.460539 0.147588 0.460456 0.155468 0.459620 0.161861 0.458031 0.168704 0.456107 0.171972 0.453430 0.173907 0.449497 0.174648 0.446320 0.175394 0.443227 0.174648 0.440549 0.171380 0.437789 0.166023 0.436953 0.166023 0.435615 0.163199 0.434276 0.161861 0.434779 0.165579 0.431682 0.169148 0.430596 0.165579 0.428589 0.164838 0.427083 0.164986 0.422565 0.165579 0.422398 0.164009 0.423068 0.141935
14 0.389677 0.061963 0.387742 0.065917 0.386581 0.069014 0.386581 0.071079 0.387161 0.073833 0.387161 0.077792 0.386969 0.080889 0.388034 0.097745 0.408161 0.096370 0.409130 0.096370 0.408065 0.078477 0.407680 0.072972 0.407000 0.068157 0.406130 0.065231 0.404292 0.061444 0.402357 0.058866 0.400227 0.057486 0.397516 0.056630 0.395000 0.056972 0.391711 0.059037
14 0.369190 0.118995 0.372190 0.117620 0.375964 0.117449 0.380224 0.128630 0.382544 0.132245 0.383997 0.136546 0.383997 0.138093 0.380997 0.137750 0.380802 0.141361 0.380706 0.143083 0.380125 0.146352 0.379159 0.150134 0.378578 0.154093 0.378674 0.158051 0.364448 0.145148 0.362898 0.141190 0.359802 0.139468 0.357867 0.136546 0.357286 0.133278 0.357286 0.129491 0.360190 0.118995 0.361737 0.115898 0.364352 0.115208 0.366578 0.117620
14 0.387677 0.200361 0.389435 0.201847 0.389854 0.204968 0.393867 0.207051 0.385086 0.240213 0.381906 0.236495 0.378979 0.236046 0.368107 0.226384
14 0.335966 0.162935 0.334708 0.173949 0.331805 0.184444 0.340612 0.193731 0.340612 0.198208 0.340901 0.200444 0.366065 0.224356 0.386388 0.199065 0.375161 0.188574 0.358128 0.173259 0.352516 0.167755 0.350581 0.167236 0.348742 0.168269 0.345354 0.174981 0.345935 0.170333 0.339740 0.164829
4 0.604841 0.506440 0.602932 0.507111 0.600180 0.508843 0.597102 0.511722 0.595060 0.527148 0.590107 0.567472 0.590836 0.571912 0.593596 0.576282 0.594719 0.574287 0.609344 0.552079 0.623898 0.529417 0.626831 0.526852 0.627266 0.524185 0.628398 0.522741 0.629898 0.522310 0.622349 0.514519 0.611747 0.504870 0.611214 0.505565
11 0.536453 0.372153 0.539966 0.376019 0.540635 0.377356 0.540224 0.383894 0.537375 0.400940 0.535042 0.405778 0.534393 0.408310 0.532187 0.408287 0.528841 0.405310 0.527253 0.403676 0.526333 0.400255 0.526667 0.398472 0.527195 0.396417 0.528031 0.396718 0.530539 0.392551
2 0.541813 0.362704 0.540224 0.383894 0.537375 0.400940 0.535042 0.405778 0.534393 0.408310 0.535820 0.409921 0.536208 0.410153 0.539318 0.403472 0.542479 0.391370 0.544370 0.370769 0.545490 0.363907 0.544424 0.362185 0.542586 0.362014
7 0.618805 0.419412 0.625635 0.428769 0.625289 0.440106 0.622482 0.438667 0.619544 0.437148 0.613104 0.428227
11 0.560070 0.446236 0.555896 0.456977 0.555352 0.458306 0.554469 0.459875 0.553443 0.462250 0.552182 0.462083 0.551016 0.462083 0.550690 0.463162 0.551958 0.465991 0.556148 0.474032 0.562451 0.477602 0.563943 0.477685 0.564318 0.475940 0.563805 0.473204 0.562917 0.471130 0.562964 0.467310 0.563289 0.465486 0.564643 0.464657 0.565484 0.463662 0.564690 0.462333 0.564831 0.461171 0.565951 0.460259 0.567258 0.458847 0.569172 0.458352 0.569477 0.457787 0.570396 0.456153 0.571065 0.453176 0.570982 0.451245 0.570146 0.448417 0.568555 0.445148 0.566651 0.442838 0.564411 0.441343 0.563104 0.440597 0.561469 0.440597 0.560211 0.440843 0.559464 0.442255 0.559557 0.444829
2 0.465240 0.218551 0.464661 0.238458 0.464378 0.246977 0.461870 0.241028 0.460195 0.236569 0.459745 0.232931 0.460180 0.212884
2 0.461143 0.188394 0.460581 0.210162 0.465198 0.215106 0.466266 0.189722
2 0.390414 0.316671 0.392422 0.337042 0.397607 0.339421 0.400201 0.339870 0.401167 0.339125 0.403263 0.335653 0.404276 0.333986 0.404716 0.332731 0.401706 0.320241 0.400367 0.315037 0.398526 0.311764 0.396185 0.309981 0.394010 0.310426 0.398276 0.313699 0.399029 0.317417 0.398862 0.319644 0.397773 0.322023 0.396352 0.321282
2 0.454568 0.128060 0.455076 0.130375 0.453990 0.132815 0.448831 0.134500 0.423068 0.141935 0.404404 0.146792 0.396969 0.149569 0.391909 0.149681 0.388659 0.148681 0.386224 0.148014 0.385411 0.147125 0.383911 0.145352 0.383536 0.144019 0.380706 0.143083 0.380802 0.141361 0.380997 0.137750 0.383997 0.138093 0.383997 0.136546 0.382544 0.132245 0.380224 0.128630 0.375964 0.117449 0.374448 0.113412 0.374354 0.109347 0.374044 0.107782 0.372453 0.104519 0.371641 0.102185 0.370578 0.099074 0.371078 0.097190 0.376513 0.097968 0.378607 0.097676 0.384229 0.097676 0.388034 0.097745 0.408161 0.096370 0.409130 0.096370 0.412393 0.095569 0.414586 0.095741 0.415661 0.095662 0.417620 0.097486 0.419255 0.098398 0.422565 0.098810 0.425695 0.100968 0.428589 0.106278 0.431435 0.111097 0.433352 0.117394 0.439698 0.128769 0.445250 0.128769 0.447586 0.128676 0.448563 0.127764 0.450477 0.127278 0.452667 0.127352
10 0.303409 0.138639 0.294156 0.181565 0.300734 0.191843 0.303552 0.189657 0.304349 0.186060 0.306445 0.185162 0.310060 0.168713 0.306372 0.164597 0.307964 0.157657 0.312518 0.160741 0.317432 0.162542 0.326253 0.162412 0.323000 0.175523 0.322349 0.177449 0.325937 0.185194 0.328961 0.182009 0.334893 0.168870 0.335966 0.162935 0.337560 0.158440 0.339901 0.156361 0.340237 0.153981 0.341073 0.152648 0.341651 0.145194 0.340495 0.143394 0.338904 0.143648 0.338615 0.141593 0.335000 0.141593 0.335000 0.143264 0.325023 0.142495 0.324880 0.140435 0.321844 0.140181 0.321625 0.141852 0.312010 0.140824 0.311940 0.138639 0.308036 0.138250 0.307964 0.140435
10 0.307964 0.157657 0.312518 0.160741 0.316331 0.163556 0.317836 0.165343 0.322349 0.177449 0.325937 0.185194 0.327372 0.187347 0.316497 0.217981 0.301526 0.194042 0.300734 0.191843 0.303552 0.189657 0.304349 0.186060 0.306445 0.185162 0.310060 0.168713 0.306372 0.164597
1 0.450091 0.391653 0.451122 0.399046 0.452846 0.405190 0.455333 0.409509 0.459216 0.412968 0.463380 0.412870 0.467102 0.409991 0.469909 0.404231 0.471966 0.397606 0.472232 0.393861 0.471966 0.386468 0.471096 0.381671 0.469159 0.376005 0.466513 0.371875 0.465104 0.370532 0.463232 0.369838 0.462018 0.369338 0.459169 0.369380 0.458250 0.369764 0.458029 0.368134 0.460789 0.367366 0.462253 0.367431 0.463651 0.367931 0.464833 0.368134 0.467424 0.370343 0.470503 0.375523 0.472070 0.379463 0.473148 0.385412 0.473365 0.392037 0.472771 0.401023 0.470773 0.408167 0.467279 0.412954 0.466154 0.413954 0.464654 0.414505 0.462424 0.414759 0.460396 0.414880 0.457435 0.414213 0.454141 0.411144 0.451122 0.404324 0.449010 0.395014 0.448909 0.390116 0.448909 0.387907 0.449065 0.383875 0.450253 0.378787 0.451982 0.374662 0.453169 0.372454 0.454688 0.370343 0.456193 0.368611 0.456786 0.368231 0.457203 0.371079 0.455760 0.372644 0.453872 0.374375 0.452419 0.378023 0.451549 0.380806 0.450578 0.385028
2 0.359792 0.261829 0.365997 0.269745 0.376544 0.285574 0.373060 0.291250 0.353125 0.263722 0.348094 0.269403 0.342846 0.261222 0.344555 0.258792 0.346266 0.259486
10 0.343737 0.203111 0.356125 0.215074 0.357021 0.226023 0.356013 0.234583 0.354221 0.240352 0.344721 0.254560 0.333865 0.245319 0.335615 0.235653 0.341362 0.214773 0.342737 0.204884
10 0.327372 0.187347 0.329742 0.190569 0.335615 0.195111 0.338924 0.198111 0.340901 0.200444 0.343737 0.203111 0.342737 0.204884 0.341362 0.214773 0.335615 0.235653 0.333865 0.245319 0.322867 0.228546 0.316497 0.217981
2 0.497156 0.263366 0.488690 0.273310 0.473445 0.290190 0.467945 0.297301 0.464104 0.290523 0.456536 0.277565 0.459286 0.279671 0.460786 0.279782 0.463721 0.279782 0.467596 0.278894 0.470909 0.274343 0.470096 0.274343 0.469284 0.274343 0.467971 0.274231 0.466284 0.273676 0.463784 0.272898 0.460536 0.271565 0.457661 0.269343 0.461883 0.263222 0.462948 0.265116 0.468755 0.271653 0.473690 0.273032 0.473690 0.274065 0.474367 0.275440 0.475240 0.274921 0.475820 0.273375 0.476690 0.272856 0.476758 0.271019 0.479758 0.274116 0.481792 0.275148 0.484596 0.273944 0.486146 0.272394 0.485953 0.269986 0.482177 0.266028 0.488182 0.267333 0.489302 0.266009 0.489490 0.264264 0.489862 0.264102 0.491404 0.263352 0.491557 0.264759
2 0.455646 0.287074 0.458482 0.291856 0.463510 0.300968 0.459448 0.306519 0.455732 0.303356 0.443255 0.292917 0.453766 0.295171 0.454852 0.292218
2 0.438180 0.310597 0.444573 0.324782 0.453628 0.313583 0.458154 0.308356 0.448034 0.300505 0.451315 0.304375 0.451763 0.307759 0.450755 0.310745 0.449747 0.312935 0.447956 0.313333 0.446276 0.310944 0.437654 0.301389
2 0.464438 0.383347 0.465190 0.385727 0.464940 0.389148 0.466026 0.391097 0.469909 0.404231 0.467102 0.409991 0.464654 0.402972 0.460534 0.388449 0.460172 0.385495 0.462990 0.382282
10 0.479286 0.423324 0.476849 0.443542 0.478224 0.444431 0.479161 0.444431 0.481161 0.443653 0.482909 0.442986 0.484221 0.441875 0.484471 0.440875 0.484721 0.436102 0.484721 0.434213 0.484034 0.431546 0.483909 0.430102 0.483471 0.427769 0.482724 0.425769 0.480911 0.422991
10 0.459682 0.414769 0.459898 0.432912 0.459898 0.439921 0.459521 0.441171 0.459734 0.447889 0.458279 0.446644 0.457576 0.440787 0.457612 0.437259 0.457453 0.430412 0.457435 0.414213
10 0.388721 0.315185 0.389221 0.323958 0.390221 0.336620 0.389346 0.335954 0.371727 0.307407 0.362687 0.293102 0.370326 0.300898 0.373578 0.299153 0.377510 0.299556 0.382125 0.303051 0.383943 0.305477 0.385003 0.307898 0.386818 0.313273
2 0.399906 0.246681 0.408354 0.254708 0.409023 0.256940 0.413456 0.261403 0.420818 0.268685 0.423159 0.271065 0.424036 0.274491 0.414974 0.269167 0.409010 0.265833 0.407854 0.263481 0.407768 0.257532 0.404341 0.257981 0.401831 0.257532 0.397146 0.252477 0.395641 0.250991
2 0.495844 0.279949 0.492068 0.301625 0.491557 0.306398 0.494995 0.325949 0.495661 0.322815 0.498146 0.307472 0.498474 0.302241 0.499258 0.281782 0.499229 0.276333
10 0.473677 0.247079 0.472240 0.255653 0.474271 0.261847 0.476594 0.263741 0.477464 0.264255 0.482177 0.266028 0.488182 0.267333 0.489302 0.266009 0.489490 0.264264 0.489862 0.264102 0.491404 0.263352 0.489956 0.248917 0.489208 0.248750 0.488695 0.247588 0.487716 0.246926 0.486828 0.247255 0.486503 0.248250 0.486268 0.248500 0.485195 0.247838 0.484401 0.247588 0.483656 0.247588 0.482953 0.246588 0.479875 0.246176 0.476747 0.247921
10 0.527690 0.418060 0.539227 0.440606 0.548193 0.458463 0.546271 0.448338 0.545474 0.443968 0.546070 0.441403 0.545195 0.441245 0.535305 0.428176
10 0.528268 0.413394 0.539792 0.412361 0.539104 0.414583 0.538854 0.416806 0.538667 0.419139 0.539479 0.423028 0.542104 0.426579 0.549414 0.432245 0.547138 0.434074 0.546487 0.435102 0.546596 0.437199 0.534167 0.421639
10 0.519464 0.413907 0.520982 0.414167 0.522313 0.417653 0.530862 0.434463 0.542990 0.459153 0.535312 0.459755 0.534703 0.460963 0.535654 0.462653 0.536888 0.463468 0.534966 0.464954 0.534211 0.463616 0.533042 0.462426 0.531536 0.462426 0.530831 0.460602 0.530271 0.455847 0.522711 0.454625 0.522484 0.449847
2 0.556469 0.518648 0.556971 0.523556 0.558227 0.530097 0.564023 0.544644 0.572510 0.548454 0.573398 0.539153 0.567208 0.533653 0.562776 0.529042 0.561857 0.524134 0.560401 0.522218 0.558060 0.520134
10 0.602404 0.612380 0.604969 0.614273 0.606904 0.614046 0.609216 0.613273 0.612844 0.620208 0.615104 0.617829 0.617948 0.616792 0.629172 0.628139 0.626044 0.638218 0.625375 0.636745 0.624120 0.635407 0.623367 0.635111 0.621779 0.635241 0.621276 0.637028 0.621109 0.638514 0.620104 0.641639 0.615839 0.641787 0.615839 0.643435 0.615839 0.647583 0.616174 0.649519 0.620523 0.649519 0.622112 0.649963 0.622781 0.651153 0.623701 0.651319 0.624622 0.651602 0.625208 0.653384 0.624453 0.653694 0.623031 0.653694 0.622029 0.654722 0.615589 0.655167 0.615589 0.657847 0.616005 0.661282 0.617846 0.662157 0.619604 0.662903 0.621359 0.664255 0.624036 0.665727 0.626378 0.665727 0.627633 0.663792 0.628805 0.659481 0.631773 0.666148 0.623945 0.678435 0.625833 0.681218 0.623169 0.686935 0.621919 0.688597 0.601945 0.654565 0.600969 0.656907 0.597549 0.650745 0.596865 0.650134 0.596182 0.650829 0.594471 0.654042 0.588339 0.642514 0.595513 0.632500 0.595352 0.630579 0.594164 0.628852 0.592544 0.629245 0.592018 0.616940 0.594547 0.611106 0.595901 0.615407 0.595609 0.618676 0.594932 0.619708 0.595708 0.620051 0.597547 0.618162
10 0.624073 0.590338 0.626880 0.590856 0.629589 0.591028 0.633266 0.590685 0.638685 0.587588 0.640042 0.585523 0.640427 0.583116 0.640234 0.581222 0.639073 0.579157 0.639365 0.577606 0.640719 0.575199 0.641664 0.573912 0.637544 0.568903 0.627151 0.585181
2 0.563724 0.478426 0.579932 0.466560 0.581102 0.465667 0.581437 0.468194 0.584104 0.485597 0.579565 0.484273 0.580174 0.482139 0.580391 0.480597 0.580102 0.478926 0.579018 0.478667 0.577065 0.478796 0.576776 0.480981 0.577148 0.483338
2 0.434276 0.161861 0.434779 0.165579 0.435393 0.167120 0.434521 0.168898 0.434146 0.170009 0.434458 0.174676 0.434768 0.176894 0.435706 0.180449 0.436706 0.184449 0.437706 0.184782 0.442828 0.189889 0.449339 0.196944 0.450333 0.194389 0.450526 0.192500 0.449958 0.188949 0.448591 0.186394 0.447521 0.184394 0.445211 0.179505 0.440549 0.171380 0.437789 0.166023 0.436953 0.166023 0.435615 0.163199
2 0.427859 0.311782 0.424781 0.317157 0.421487 0.323685 0.422016 0.323870 0.423362 0.324537 0.424315 0.324060 0.425052 0.323588 0.429990 0.314435 0.431169 0.314903 0.432875 0.312801 0.429203 0.298579 0.421857 0.292046 0.419857 0.292227 0.418083 0.292394 0.428677 0.304407 0.426185 0.309069
2 0.551328 0.497824 0.558255 0.493287 0.561484 0.491806 0.562448 0.486806 0.569091 0.485176 0.567503 0.491569 0.566497 0.497667 0.566750 0.505102 0.566917 0.508523 0.560734 0.510917 0.561857 0.524134 0.560401 0.522218 0.558060 0.520134 0.556469 0.518648 0.556971 0.523556 0.558227 0.530097 0.554461 0.524301 0.554128 0.518648 0.554294 0.516718 0.555883 0.515528 0.556052 0.514338 0.555549 0.509579 0.554630 0.506306 0.553708 0.505565 0.552539 0.505417 0.548357 0.500954
10 0.440667 0.402588 0.439727 0.402458 0.438065 0.403125 0.436474 0.403639 0.432094 0.404000 0.440122 0.416644 0.450745 0.433593 0.452417 0.427199 0.452503 0.423134 0.450141 0.419481 0.447828 0.414042 0.443919 0.408370
2 0.529068 0.522968 0.525776 0.524685 0.523578 0.504204 0.524591 0.501120 0.524951 0.496106 0.524807 0.492380 0.523651 0.486981 0.520758 0.479144 0.520102 0.461319 0.519768 0.454500 0.518596 0.439185 0.516086 0.401713 0.515836 0.395824 0.517742 0.395134 0.518130 0.400194 0.518857 0.407468 0.522484 0.449847 0.522711 0.454625 0.523271 0.461958 0.525096 0.482944 0.526745 0.498708
10 0.435333 0.269083 0.435260 0.276921 0.436362 0.283009 0.443255 0.292917 0.453766 0.295171 0.454852 0.292218 0.455646 0.287074 0.451958 0.281935 0.444151 0.275125
10 0.534714 0.503019 0.533326 0.513194 0.534099 0.522486 0.536034 0.528333 0.538164 0.531088 0.541745 0.534009 0.544570 0.535713 0.546745 0.537301 0.551370 0.522750 0.551906 0.520764 0.552292 0.518181 0.553453 0.515773 0.554034 0.514569 0.556052 0.514338 0.555549 0.509579 0.554630 0.506306 0.553708 0.505565 0.552539 0.505417 0.548357 0.500954 0.543672 0.498130 0.541906 0.498708 0.537224 0.499301
2 0.557099 0.425472 0.549414 0.432245 0.547138 0.434074 0.546487 0.435102 0.546596 0.437199 0.546945 0.439847 0.546070 0.441403 0.545474 0.443968 0.546271 0.448338 0.548193 0.458463 0.548424 0.458306 0.551753 0.458306 0.555081 0.456495 0.555896 0.456977 0.560070 0.446236 0.559557 0.444829 0.559464 0.442255 0.560211 0.440843 0.561469 0.440597 0.563104 0.440597 0.564411 0.441343 0.566651 0.442838 0.568555 0.445148 0.570063 0.435481 0.571003 0.433648 0.566971 0.429468 0.564977 0.427481 0.563352 0.420259 0.559479 0.423815
2 0.577148 0.483338 0.576776 0.480981 0.577065 0.478796 0.579018 0.478667 0.580102 0.478926 0.580391 0.480597 0.580174 0.482139 0.579565 0.484273 0.580000 0.488611 0.580253 0.501602 0.580003 0.503269 0.579690 0.530259 0.579815 0.551361 0.575151 0.549806 0.572510 0.548454 0.573398 0.539153 0.574737 0.536477 0.575958 0.528907 0.576544 0.521625 0.576378 0.514782 0.575951 0.503764 0.576953 0.487407
10 0.578234 0.634333 0.576776 0.636528 0.576560 0.638546 0.579799 0.642097 0.577099 0.650940 0.579854 0.654875 0.581852 0.651699 0.582878 0.648722 0.585578 0.646417 0.595513 0.632500 0.595352 0.630579 0.594164 0.628852 0.592544 0.629245 0.585740 0.639889 0.586495 0.633648 0.584107 0.630060 0.583466 0.634000 0.582966 0.636111
17 0.549216 0.620861 0.555312 0.624301 0.555935 0.624426 0.558969 0.627662 0.560727 0.629514 0.563622 0.633162 0.567401 0.638972 0.570669 0.645690 0.572997 0.652102 0.577039 0.665676 0.578294 0.672528 0.579211 0.683375 0.578797 0.693051 0.577589 0.699477 0.575685 0.703458 0.563453 0.665755
10 0.594471 0.655171 0.592031 0.662116 0.592909 0.663769 0.592273 0.665329 0.593398 0.667329 0.595547 0.669843 0.597263 0.671546 0.599648 0.671292 0.611125 0.694847 0.613714 0.700060 0.621919 0.688597 0.601945 0.654565 0.600969 0.656907 0.597549 0.650745 0.596865 0.650134 0.596182 0.650829 0.594471 0.654042
10 0.624474 0.691139 0.633289 0.708014 0.629049 0.714144 0.620122 0.697569
3 0.609844 0.705606 0.607313 0.708819 0.605917 0.710625 0.595055 0.725755 0.590240 0.724361 0.584419 0.723366 0.586104 0.727815 0.592458 0.728894 0.590417 0.731986 0.597294 0.735676 0.598549 0.733889 0.596542 0.729579 0.603820 0.719912 0.608672 0.713815 0.627406 0.686935 0.636104 0.675639 0.639737 0.685588 0.641883 0.690787 0.642823 0.693097 0.659328 0.668106 0.652521 0.653718 0.652521 0.651968 0.651310 0.649819 0.649708 0.648407 0.639586 0.638519 0.632549 0.645782 0.631648 0.647736 0.629474 0.650264 0.628469 0.652356 0.627299 0.655333 0.627466 0.656806 0.628805 0.659481 0.631773 0.666148 0.633016 0.668931 0.634365 0.671468 0.623169 0.686935
7 0.511086 0.526921 0.513602 0.523653 0.516310 0.528986 0.522313 0.528644 0.522602 0.518667 0.523471 0.518667 0.523667 0.528815 0.532474 0.531051 0.537409 0.533287 0.544570 0.535713 0.546745 0.537301 0.547995 0.537634 0.555505 0.541032 0.564023 0.544644 0.575151 0.549806 0.579815 0.551361 0.580003 0.555361 0.582378 0.555472 0.582690 0.551917 0.581065 0.549028 0.581753 0.547588 0.582690 0.546921 0.584539 0.551528 0.586911 0.551347 0.588646 0.552375 0.586958 0.565292 0.584443 0.577333 0.580977 0.576301 0.580182 0.575917 0.579458 0.577718 0.576508 0.589551 0.580089 0.596602 0.579701 0.620519 0.577474 0.623630 0.572924 0.619315 0.569732 0.617764 0.567719 0.616120 0.564971 0.614787 0.556281 0.612088 0.554151 0.611398 0.552797 0.612259 0.552409 0.612431 0.554440 0.615699 0.554828 0.617593 0.555216 0.622755 0.555312 0.624301 0.549216 0.620861 0.540117 0.592819 0.530440 0.563569 0.526956 0.552384
2 0.575951 0.503764 0.576378 0.514782 0.576544 0.521625 0.575958 0.528907 0.574737 0.536477 0.561857 0.524134 0.560734 0.510917
1 0.514693 0.237685 0.523872 0.252616 0.527568 0.254606 0.534734 0.260181 0.536190 0.258190 0.537310 0.259981 0.536302 0.261972 0.540445 0.266551 0.548508 0.280287 0.558474 0.296810 0.573255 0.330648 0.571799 0.333435 0.570094 0.339944 0.568844 0.341495 0.565471 0.334278 0.562409 0.328500 0.560284 0.326505 0.544789 0.300431 0.531232 0.279884 0.519299 0.259778 0.511365 0.246005 0.510740 0.244005 0.511049 0.243352 0.516052 0.251500 0.525182 0.266769 0.528154 0.271755 0.530583 0.266949 0.525125 0.258120 0.518865 0.251310 0.514107 0.246500 0.512763 0.244870 0.512872 0.243431 0.513357 0.243343 0.514107 0.243343 0.514867 0.243815 0.514974 0.244972 0.515784 0.245935 0.519203 0.248444 0.515372 0.242787
7 0.490307 0.218370 0.485005 0.228435 0.484612 0.229134 0.486706 0.230412 0.487031 0.229481 0.496792 0.235231 0.498339 0.232995 0.500276 0.231792 0.501437 0.230069 0.501534 0.228866 0.501049 0.226630 0.499792 0.225255 0.496500 0.222500 0.494565 0.220954
2 0.459745 0.232931 0.458010 0.232032 0.457451 0.233875 0.455888 0.233208 0.455615 0.234810 0.454807 0.235245 0.450109 0.239486 0.449891 0.241810 0.453000 0.249653 0.459510 0.262088 0.464974 0.255116 0.467445 0.251537 0.464885 0.248204 0.464378 0.246977 0.461870 0.241028 0.460195 0.236569
2 0.469529 0.253245 0.472240 0.255653 0.474271 0.261847 0.476594 0.263741 0.477464 0.264255 0.476690 0.272856 0.475820 0.273375 0.475240 0.274921 0.474367 0.275440 0.473690 0.274065 0.473690 0.273032 0.468755 0.271653 0.462948 0.265116 0.461883 0.263222 0.464240 0.259838
14 0.380706 0.143083 0.380125 0.146352 0.379159 0.150134 0.378578 0.154093 0.378674 0.158051 0.387721 0.164009 0.398469 0.171343 0.406716 0.173676 0.411401 0.167676 0.412464 0.168676 0.412651 0.170009 0.409654 0.174343 0.422461 0.177227 0.422836 0.168454 0.422398 0.164009 0.420836 0.157792 0.419961 0.151458 0.419586 0.148792 0.410466 0.147347 0.404404 0.146792 0.396969 0.149569 0.391909 0.149681 0.388659 0.148681 0.386224 0.148014 0.385411 0.147125 0.383911 0.145352 0.383536 0.144019
2 0.647758 0.641380 0.654453 0.630625 0.658289 0.624292 0.660125 0.622755 0.661906 0.622560 0.662284 0.623042 0.661961 0.623907 0.667091 0.642148 0.670115 0.651074 0.667685 0.651940 0.667036 0.648097 0.660448 0.626116 0.659044 0.627264 0.656237 0.632065 0.652078 0.639264 0.649109 0.643204
2 0.578953 0.419139 0.585953 0.415407 0.586237 0.416241 0.585719 0.417981 0.585484 0.420301 0.585677 0.422042 0.586047 0.423287 0.583591 0.426745 0.582117 0.426046 0.580740 0.426398 0.578971 0.428319 0.578578 0.429889 0.577302 0.431815 0.575924 0.433037 0.575581 0.434440 0.571568 0.432657 0.571003 0.433648 0.566971 0.429468 0.566747 0.426681 0.570716 0.424301 0.570992 0.425204 0.574174 0.426620 0.574680 0.427264 0.576271 0.427264 0.575924 0.420806
5 0.391997 0.195273 0.398552 0.207574 0.407250 0.221995 0.408841 0.224671 0.409760 0.228389 0.408924 0.231065 0.407919 0.234042 0.403990 0.236718 0.392195 0.244005 0.385622 0.248088 0.384156 0.248694 0.381490 0.249060 0.377641 0.248167 0.375133 0.246083 0.371786 0.239986 0.366602 0.228685 0.368107 0.226384 0.378979 0.236046 0.381906 0.236495 0.385086 0.240213 0.393867 0.207051 0.389854 0.204968 0.389435 0.201847 0.387677 0.200361
5 0.571719 0.354935 0.570906 0.354602 0.570531 0.360602 0.568656 0.374486 0.565346 0.367824 0.565159 0.370264 0.563534 0.395704 0.563596 0.402144 0.564596 0.405921 0.569115 0.418394 0.570992 0.425204 0.574174 0.426620 0.573740 0.423532 0.572221 0.417495 0.574464 0.417495 0.574680 0.427264 0.576271 0.427264 0.575591 0.417907 0.575406 0.415495 0.576477 0.413995 0.577138 0.412343 0.577831 0.411514 0.577229 0.410097 0.576201 0.409190 0.575365 0.399319 0.575081 0.393417 0.575289 0.387199 0.575547 0.379968 0.574896 0.378940 0.573885 0.378681 0.571781 0.367713 0.570531 0.367602
8 0.356070 0.282426 0.374628 0.296056 0.386740 0.305083 0.386594 0.306384 0.387229 0.308296 0.387521 0.309426 0.389573 0.309250 0.390794 0.308468 0.394010 0.310426 0.398276 0.313699 0.399029 0.317417 0.398862 0.319644 0.397773 0.322023 0.396352 0.321282 0.390414 0.316671 0.386818 0.313273 0.385003 0.307898 0.383943 0.305477 0.382125 0.303051 0.377510 0.299556 0.373578 0.299153 0.370326 0.300898 0.362687 0.293102
8 0.425000 0.340838 0.422245 0.345903 0.421451 0.347477 0.420471 0.347144 0.420331 0.348306 0.419445 0.349056 0.419398 0.350296 0.419117 0.351046 0.419211 0.355940 0.424065 0.365231 0.433307 0.384648 0.434799 0.383069 0.435128 0.381662 0.434659 0.380083 0.428547 0.368301 0.423458 0.357519 0.422013 0.353782 0.422057 0.352620 0.426911 0.343829 0.426539 0.342912 0.425604 0.341171
8 0.518130 0.400194 0.520221 0.403426 0.523042 0.409083 0.524539 0.413236 0.527690 0.418060 0.539227 0.440606 0.551958 0.465991 0.558505 0.478597 0.558505 0.481347 0.560688 0.482319 0.561536 0.484769 0.557297 0.486963 0.547930 0.469417 0.530862 0.434463 0.522313 0.417653 0.518857 0.407468
5 0.569091 0.485176 0.560688 0.482319 0.561536 0.484769 0.557297 0.486963 0.553031 0.488449 0.548599 0.492167 0.545755 0.495435 0.543997 0.497222 0.541906 0.498708 0.543672 0.498130 0.548357 0.500954 0.551328 0.497824 0.558255 0.493287 0.561484 0.491806 0.562448 0.486806
1 0.579492 0.713810 0.582898 0.722222 0.587508 0.735477 0.591844 0.750421 0.594422 0.762954 0.597810 0.785366 0.599708 0.806579 0.600656 0.827546 0.600656 0.843935 0.599844 0.859843 0.599029 0.873097 0.598893 0.875745 0.600385 0.876472 0.601471 0.860083 0.601878 0.843454 0.601878 0.827306 0.600927 0.807301 0.599167 0.784884 0.595776 0.761991 0.592930 0.748250 0.587643 0.732106 0.586104 0.727815 0.584419 0.723366 0.582292 0.718787 0.582292 0.718787
5 0.406891 0.318412 0.411409 0.316329 0.415005 0.312611 0.419187 0.307259 0.421109 0.302796 0.416161 0.294102 0.414503 0.290903 0.412185 0.292176 0.412401 0.293593 0.412401 0.296301 0.412185 0.299116 0.411029 0.299773 0.410305 0.298861 0.410089 0.296162 0.410089 0.293593 0.409943 0.292176 0.408497 0.293204 0.407341 0.295787 0.405029 0.299505 0.404305 0.298745 0.407216 0.293282 0.402141 0.294292 0.402685 0.300884 0.405221 0.313699 0.406656 0.319245
15 0.474419 0.339796 0.481424 0.339356 0.484245 0.339227 0.487497 0.345782 0.485544 0.347065 0.482510 0.348352 0.478055 0.349306 0.476992 0.346528 0.475307 0.347417 0.473620 0.349306 0.470292 0.347968 0.469859 0.345782
2 0.434977 0.248185 0.429951 0.254125 0.431378 0.263546 0.431242 0.266204 0.436362 0.283009 0.435260 0.276921 0.435333 0.269083 0.444151 0.275125 0.451958 0.281935 0.455646 0.287074 0.445609 0.268199
8 0.602560 0.492111 0.601333 0.495380 0.611747 0.504870 0.622349 0.514519 0.629898 0.522310 0.632328 0.522741 0.634143 0.522894 0.629018 0.517449 0.623073 0.511528 0.613732 0.502986 0.604500 0.493481
5 0.444542 0.227931 0.443458 0.233190 0.443096 0.236801 0.443674 0.238856 0.446422 0.243343 0.446854 0.243343 0.452857 0.255935 0.453435 0.256708 0.453578 0.254394 0.452349 0.251824 0.453000 0.249653 0.449891 0.241810 0.450109 0.239486 0.454807 0.235245
2 0.631047 0.624755 0.636977 0.608907 0.638026 0.605889 0.641698 0.605319 0.646659 0.618444 0.648190 0.622625 0.649648 0.626745 0.651982 0.631421 0.649320 0.634579 0.641172 0.615218 0.640729 0.614931 0.635042 0.628986
