2 0.414661 0.229074 0.414234 0.219148 0.416487 0.214144 0.419867 0.211134 0.422966 0.213389 0.427375 0.224806 0.426094 0.230370 0.422005 0.234120 0.419727 0.233671 0.413802 0.231944
2 0.604115 0.475463 0.604810 0.476449 0.606141 0.477380 0.607268 0.478671 0.609609 0.478602 0.613159 0.478745 0.616023 0.478745 0.619331 0.479319 0.622596 0.480394 0.621750 0.482403 0.618443 0.481037 0.614490 0.480468 0.610779 0.480324 0.607310 0.480681 0.604526 0.479389 0.602344 0.475556
6 0.479297 0.325449 0.469745 0.369153 0.475852 0.374370 0.484383 0.334495 0.482854 0.330079 0.480880 0.325648
6 0.487635 0.287005 0.480245 0.320139 0.483120 0.322574 0.486456 0.326176 0.494299 0.289102 0.493906 0.287125 0.491555 0.284796
2 0.588948 0.462546 0.590497 0.472560 0.595005 0.476065 0.608526 0.475167 0.610359 0.474565 0.613005 0.470958 0.610641 0.460440 0.603161 0.457185 0.601260 0.457185 0.596302 0.462019
2 0.582112 0.363981 0.577294 0.361556 0.572836 0.363009 0.570292 0.378852 0.571292 0.389685 0.575656 0.395667 0.580568 0.394856 0.585385 0.390653 0.589297 0.370606
2 0.473221 0.168926 0.471862 0.167287 0.467039 0.167213 0.464977 0.168847 0.463794 0.169630 0.462828 0.171421 0.460198 0.176412 0.459365 0.179685 0.461117 0.185532
2 0.403872 0.224144 0.402714 0.211963 0.401065 0.208333 0.401534 0.202185 0.402638 0.197153 0.402086 0.190736 0.395565 0.186259 0.392182 0.194639 0.392734 0.207218 0.392659 0.213926 0.393680 0.221755 0.398945 0.227903
2 0.393362 0.222537 0.385268 0.220023 0.382359 0.227009 0.378979 0.235111 0.377253 0.238185 0.376859 0.244333 0.381896 0.253556 0.387854 0.249028 0.394378 0.243787 0.396586 0.229019
2 0.573219 0.617370 0.581948 0.620120 0.582951 0.607347 0.583586 0.603468 0.575766 0.593120 0.575948 0.604116
2 0.662591 0.471981 0.661477 0.479495 0.666526 0.480750 0.666937 0.475949 0.669638 0.441736 0.665422 0.440412 0.663115 0.467694
2 0.512802 0.330653 0.517362 0.331074 0.519482 0.331634 0.529779 0.323528 0.531979 0.327440 0.533708 0.335403 0.530406 0.345185 0.527734 0.349796 0.518383 0.352032 0.510995 0.346583 0.508872 0.342389 0.509188 0.331912 0.510995 0.329398
2 0.550828 0.455120 0.554359 0.455986 0.559107 0.460315 0.563245 0.468537 0.565078 0.471713 0.556953 0.471759 0.552411 0.462912 0.550951 0.458366
2 0.564010 0.431343 0.566120 0.442435 0.570987 0.450014 0.570258 0.454556 0.573544 0.455639 0.572570 0.464944 0.570500 0.468843 0.564901 0.465162 0.564049 0.462130 0.559107 0.460315 0.554359 0.455986 0.550828 0.455120 0.554068 0.447384 0.561234 0.440333
2 0.567091 0.442870 0.569406 0.445032 0.572206 0.434861 0.574396 0.429667 0.574396 0.425556 0.572448 0.416898 0.566240 0.420796
2 0.559349 0.474861 0.565706 0.481954 0.569599 0.486282 0.576174 0.483472 0.579826 0.474597 0.574469 0.473301 0.571792 0.478060 0.569112 0.478495 0.566435 0.473949
2 0.595549 0.423403 0.604245 0.437773 0.607302 0.430889 0.602070 0.420986 0.599219 0.420384 0.596773 0.417245 0.595008 0.419417
2 0.621372 0.452856 0.622078 0.479398 0.624331 0.478898 0.629542 0.464875 0.630388 0.454356
2 0.560367 0.553037 0.557146 0.551778 0.556281 0.547588 0.566576 0.525708 0.576039 0.510505 0.577492 0.509051 0.588693 0.507278 0.598477 0.501481 0.607122 0.496546 0.608458 0.505347 0.589690 0.512306 0.578411 0.518120 0.569138 0.533991
8 0.659078 0.531005 0.653372 0.528148 0.644693 0.526005 0.637859 0.521292 0.636414 0.522292 0.636333 0.524005 0.638182 0.525292 0.644451 0.529292 0.659159 0.534579
2 0.542380 0.309102 0.545789 0.311046 0.548344 0.312560 0.550901 0.309968 0.553458 0.311046 0.555529 0.318838 0.556500 0.323167 0.559789 0.332472 0.560031 0.339833 0.543596 0.330310 0.540310 0.318838
2 0.635690 0.581185 0.636102 0.583486 0.639349 0.587690 0.639695 0.594356 0.641336 0.594301 0.643763 0.595481 0.645591 0.594528 0.650542 0.590042 0.648115 0.583370 0.647042 0.582699 0.646000 0.580792 0.643036 0.579843 0.638906 0.579843 0.637456 0.578662
1 0.684435 0.651611 0.680784 0.651824 0.672193 0.666301 0.655388 0.707537 0.658268 0.702245 0.662128 0.696644 0.662469 0.696801 0.662906 0.697579 0.663607 0.696644 0.664044 0.694000 0.669557 0.686532 0.670695 0.686843 0.672271 0.687773 0.673672 0.689644 0.674294 0.690889 0.676823 0.686995 0.676823 0.682639 0.678310 0.680616 0.679536 0.677972 0.680674 0.675329 0.681461 0.674236 0.681812 0.675796 0.681549 0.678440 0.681549 0.680463 0.682424 0.679685 0.682688 0.677352 0.682958 0.674236 0.682513 0.671593 0.683648 0.669417 0.685138 0.666148 0.688112 0.660699 0.688823 0.659144 0.690747 0.657903 0.695552 0.657120 0.696690 0.657588 0.697750 0.657588 0.698966 0.658056 0.709120 0.643898 0.709195 0.642000 0.706201 0.642843 0.699992 0.650810 0.694260 0.654856
8 0.588750 0.410560 0.602786 0.401148 0.614164 0.394458 0.615565 0.395704 0.615914 0.397259 0.606023 0.403171 0.606023 0.401926 0.605326 0.401926 0.604625 0.402083 0.601385 0.406440 0.596833 0.410486 0.591234 0.413750 0.589115 0.416185 0.587776 0.417051 0.586070 0.414023
1 0.474518 0.167583 0.473310 0.166375 0.471948 0.162606 0.470888 0.161398 0.469602 0.161398 0.467409 0.163417 0.465141 0.165431 0.463172 0.166912 0.461583 0.168796 0.460602 0.171079 0.459919 0.173366 0.459391 0.175250 0.457802 0.177940 0.454852 0.181301 0.453641 0.182509 0.458013 0.190213 0.461117 0.185532 0.459365 0.179685 0.460198 0.176412 0.462828 0.171421 0.463794 0.169630 0.464977 0.168847 0.467039 0.167213 0.471862 0.167287 0.473221 0.168926
2 0.571224 0.442713 0.570987 0.450014 0.570258 0.454556 0.573544 0.455639 0.577474 0.454306 0.584201 0.443440 0.581008 0.443194 0.577307 0.447134 0.575979 0.442472
8 0.473318 0.173421 0.479036 0.165324 0.477448 0.163009 0.473221 0.168926 0.461117 0.185532 0.458013 0.190213 0.458865 0.192782
2 0.592232 0.693954 0.594576 0.696241 0.599380 0.702074 0.602659 0.706241 0.605354 0.708741 0.607464 0.710199 0.610276 0.712074 0.614143 0.713116 0.615901 0.713324 0.620820 0.713116 0.621172 0.710824 0.619766 0.708949 0.616604 0.708949 0.614378 0.709574 0.609690 0.708116 0.606409 0.706032 0.599263 0.697491 0.596099 0.692495 0.593638 0.689995
2 0.584651 0.589236 0.588518 0.591944 0.593789 0.596319 0.599063 0.600903 0.601641 0.604236 0.604570 0.605069 0.610661 0.600903 0.609958 0.597361 0.608086 0.594028 0.606211 0.591111 0.605742 0.589444 0.606680 0.588194 0.606797 0.585282 0.606328 0.582157 0.602461 0.571949 0.601406 0.573199 0.600469 0.575699 0.599180 0.578616 0.598125 0.580491 0.596602 0.579241 0.594492 0.576949 0.590979 0.576532 0.589339 0.578199 0.586292 0.578824 0.584768 0.578824 0.583362 0.580699 0.581839 0.584032 0.581250 0.586111 0.582424 0.587778
2 0.593299 0.527569 0.596198 0.555833 0.596362 0.558690 0.594174 0.561023 0.593122 0.561181 0.590234 0.543611 0.587865 0.544213 0.585070 0.524148 0.584284 0.520259 0.586734 0.520727 0.590849 0.522125 0.592031 0.523889
2 0.560688 0.538588 0.551409 0.525519 0.544057 0.517894 0.542570 0.519292 0.541607 0.519759 0.541344 0.520694 0.542919 0.523028 0.549396 0.529565 0.552284 0.532676 0.554122 0.534699 0.556310 0.538120 0.559023 0.541546
2 0.602315 0.499389 0.600878 0.498176 0.599289 0.496833 0.597398 0.495486 0.594599 0.493338 0.592177 0.491319 0.584917 0.483519 0.583581 0.486426 0.583026 0.487417 0.583026 0.489435 0.583630 0.492259 0.594070 0.500731 0.596792 0.502616
2 0.628633 0.399593 0.632250 0.398755 0.633427 0.417616 0.635487 0.440310 0.637044 0.447810 0.633940 0.447810 0.630130 0.424537
2 0.671182 0.490787 0.672503 0.488259 0.674938 0.485824 0.681432 0.479782 0.685086 0.492319 0.684122 0.506120 0.676560 0.511083 0.674453 0.501852 0.673516 0.502875 0.671927 0.501343 0.673229 0.498889
2 0.541284 0.426769 0.554651 0.423213 0.562742 0.422569 0.564625 0.429278 0.561234 0.440333 0.554068 0.447384 0.548411 0.460120 0.542427 0.469060 0.535891 0.489222 0.530216 0.487671 0.522794 0.484565 0.521487 0.472940
2 0.604146 0.357741 0.611422 0.344806 0.618242 0.355477 0.619060 0.362269 0.616878 0.369704 0.612604 0.371481
2 0.516693 0.270282 0.521057 0.281921 0.529789 0.279009 0.526607 0.267856 0.519057 0.267065
6 0.544747 0.260347 0.543776 0.263065 0.541068 0.265407 0.557919 0.325500 0.563823 0.321139
8 0.649115 0.330880 0.645464 0.359815 0.643117 0.387968 0.641667 0.385602 0.643565 0.354028 0.646953 0.329926
2 0.570977 0.402333 0.580568 0.394856 0.583758 0.392597 0.588750 0.410560 0.586070 0.414023 0.587776 0.417051 0.589115 0.416185 0.591062 0.421597 0.590333 0.425708 0.584122 0.427440 0.584977 0.428306 0.588505 0.428523 0.586557 0.436528 0.577307 0.447134 0.574396 0.429667 0.576576 0.426792
1 0.477328 0.163389 0.473221 0.168926 0.461117 0.185532 0.458013 0.190213 0.452083 0.179778 0.444667 0.175727 0.443242 0.176208 0.450591 0.181968 0.456792 0.193741 0.453268 0.195986 0.443833 0.188731 0.440875 0.175204 0.439185 0.178463 0.440734 0.188981 0.444820 0.192241 0.439888 0.192991 0.440453 0.196236 0.443271 0.196486 0.443271 0.202250 0.440594 0.209514 0.435081 0.213051 0.432891 0.220838 0.428557 0.228194 0.422005 0.234120 0.413802 0.231944 0.407495 0.226889 0.403872 0.224144 0.398945 0.227903 0.396586 0.229019 0.394378 0.243787 0.387854 0.249028 0.381745 0.253639 0.397354 0.282884 0.402461 0.258671 0.419313 0.271509 0.421250 0.278083 0.409841 0.305148 0.398927 0.295347 0.386023 0.285606 0.366628 0.271542 0.358208 0.268356 0.351052 0.262375 0.347687 0.258074 0.344740 0.246106 0.343896 0.246468 0.344951 0.255079 0.348104 0.261625 0.357891 0.270222 0.368518 0.274912 0.383036 0.285755 0.402245 0.299991 0.409430 0.306463 0.411536 0.308843 0.463128 0.399565 0.477797 0.425181 0.482997 0.433699 0.477839 0.440338 0.474792 0.445481 0.472747 0.452477 0.471591 0.458519 0.467154 0.472606 0.457154 0.492815 0.448461 0.510995 0.443435 0.527343 0.441081 0.536269 0.436531 0.562477 0.432924 0.585065 0.431669 0.589250 0.429318 0.593431 0.426336 0.600125 0.424768 0.606537 0.425708 0.607097 0.433237 0.590366 0.434807 0.580606 0.438885 0.557458 0.443747 0.529852 0.448823 0.513417 0.458099 0.494662 0.466901 0.476292 0.472232 0.461032 0.474414 0.451986 0.478799 0.440921 0.484255 0.435264 0.551339 0.548347 0.572562 0.626981 0.573096 0.617616 0.573219 0.617370 0.575948 0.604116 0.575766 0.593120 0.583586 0.603468 0.582951 0.607347 0.582310 0.615083 0.585596 0.622704 0.585633 0.626676 0.586672 0.637713 0.586742 0.625310 0.587453 0.620713 0.588974 0.622153 0.600141 0.624954 0.609810 0.628796 0.610073 0.643889 0.608125 0.652194 0.606708 0.660755 0.605354 0.663218 0.604643 0.676921 0.589049 0.666352 0.583286 0.662343 0.583966 0.654056 0.583203 0.650560 0.579586 0.651069 0.586792 0.675458 0.592211 0.693884 0.599940 0.720796 0.601453 0.721870 0.601982 0.722829 0.601604 0.723889 0.601148 0.725097 0.601529 0.726310 0.601831 0.726310 0.602510 0.725505 0.603268 0.724426 0.604326 0.723218 0.605310 0.724694 0.606521 0.724963 0.607732 0.725370 0.609016 0.726444 0.610151 0.728204 0.611211 0.729940 0.611286 0.732106 0.611286 0.734380 0.611664 0.734782 0.641586 0.661394 0.681003 0.558736 0.676930 0.551782 0.686057 0.528028 0.690948 0.527736 0.693766 0.516819 0.695104 0.517250 0.697419 0.511194 0.699367 0.510329 0.701315 0.501667 0.703018 0.499931 0.705292 0.498639 0.708073 0.501051 0.711063 0.495130 0.715000 0.498995 0.716023 0.499412 0.716810 0.496060 0.716552 0.491310 0.715992 0.485833 0.713669 0.484278 0.708844 0.482880 0.703214 0.478079 0.699232 0.474301 0.691326 0.469583 0.689521 0.467537 0.686938 0.465324 0.691552 0.462588 0.700594 0.455315 0.699714 0.453019 0.685565 0.463977 0.683979 0.462829 0.686740 0.460116 0.689810 0.455565 0.691536 0.450431 0.690826 0.450065 0.687984 0.457014 0.683927 0.461157 0.682073 0.456255 0.682982 0.453093 0.676302 0.443667 0.674057 0.441486 0.670935 0.424829 0.674810 0.420519 0.674052 0.428009 0.673898 0.433606 0.675115 0.438741 0.675672 0.439463 0.676182 0.438741 0.675474 0.436037 0.675372 0.429181 0.675979 0.419713 0.675732 0.413565 0.674552 0.405319 0.671734 0.398694 0.668641 0.394653 0.665005 0.393528 0.659568 0.371653 0.661214 0.365704 0.661388 0.362778 0.667612 0.339579 0.666385 0.338731 0.657924 0.367259 0.655177 0.354130 0.653370 0.355106 0.657221 0.370755 0.654427 0.383852 0.646411 0.393037 0.646953 0.387236 0.645143 0.384301 0.643464 0.384028 0.643117 0.387968 0.641232 0.391477 0.638951 0.386722 0.635135 0.378847 0.637065 0.377134 0.641667 0.385602 0.641576 0.383759 0.640893 0.382282 0.639682 0.380532 0.638549 0.376903 0.637867 0.375005 0.638245 0.374213 0.638927 0.372588 0.638776 0.371792 0.637414 0.371926 0.638320 0.369236 0.638927 0.365727 0.639607 0.362245 0.640667 0.358750 0.644146 0.350412 0.644523 0.347167 0.638875 0.360370 0.637401 0.367477 0.635609 0.373269 0.635716 0.365986 0.634664 0.361296 0.634664 0.356810 0.633034 0.357194 0.633503 0.362727 0.632680 0.362625 0.628102 0.363042 0.631565 0.371194 0.628159 0.375157 0.622112 0.359921 0.622232 0.358032 0.620586 0.355736 0.619883 0.349056 0.624813 0.344569 0.624109 0.342898 0.619706 0.346134 0.618208 0.340130 0.613120 0.330120 0.606203 0.318662 0.605497 0.318944 0.607617 0.323694 0.605969 0.324111 0.601331 0.330403 0.595836 0.331583 0.592917 0.328130 0.594620 0.323153 0.594133 0.319037 0.590727 0.313194 0.588044 0.309301 0.586102 0.306481 0.584393 0.301505 0.584393 0.295880 0.596693 0.296097 0.596693 0.291986 0.585367 0.291986 0.586341 0.281810 0.586102 0.274231 0.584641 0.275097 0.584758 0.282894 0.583177 0.291986 0.578552 0.292412 0.578552 0.289815 0.576849 0.287435 0.565138 0.266843 0.556372 0.255875 0.562536 0.224833 0.561719 0.224292 0.555638 0.255861 0.554099 0.253694 0.551862 0.248546 0.549326 0.245125 0.546745 0.243954 0.549302 0.228269 0.551258 0.210662 0.549161 0.211630 0.547255 0.230384 0.545253 0.243796 0.535255 0.234426 0.533070 0.230542 0.533341 0.228602 0.533070 0.228444 0.530753 0.225167 0.524122 0.214125 0.519914 0.208144 0.516867 0.200097 0.519914 0.201227 0.522862 0.201602 0.524651 0.199722 0.524333 0.198042 0.522648 0.199171 0.519076 0.197292 0.515604 0.197292 0.512552 0.186069 0.512023 0.187009 0.514448 0.197292 0.507609 0.197856 0.502201 0.199255 0.496698 0.201236 0.494010 0.201796 0.491359 0.202324 0.487508 0.202481 0.486984 0.202171 0.487682 0.198593 0.489346 0.193611 0.490573 0.191435 0.492935 0.188944 0.493547 0.187231 0.493255 0.185227 0.496729 0.182417 0.495990 0.180176 0.493049 0.182792 0.490271 0.178639 0.487336 0.176759 0.486398 0.172796 0.485625 0.172778 0.485927 0.174884 0.483872 0.175403 0.480422 0.176343 0.474667 0.178537 0.473904 0.175611 0.473318 0.173421 0.479305 0.165069
2 0.397354 0.282884 0.402461 0.258671 0.419313 0.271509 0.421250 0.278083 0.409896 0.305046
2 0.572857 0.617694 0.572562 0.626981 0.575617 0.636792 0.580901 0.627505 0.585596 0.622704 0.582310 0.615083 0.581948 0.620120
2 0.585596 0.622704 0.585633 0.626676 0.587740 0.649866 0.579586 0.651069 0.575617 0.636792 0.580901 0.627505
2 0.585859 0.650231 0.587740 0.649866 0.605354 0.663218 0.604643 0.676921 0.583286 0.662343 0.583966 0.654056 0.587799 0.662514 0.589372 0.661727 0.589938 0.659792
2 0.586672 0.637713 0.586742 0.625310 0.587453 0.620713 0.588974 0.622153 0.600141 0.624954 0.609810 0.628796 0.610073 0.643889 0.608125 0.652194 0.606708 0.660755 0.605354 0.663218 0.587740 0.649866
2 0.447279 0.287935 0.444721 0.276463 0.445695 0.272352 0.455677 0.268241 0.457138 0.273866
