0 0.523833 0.314380 0.535250 0.308162 0.536503 0.307810 0.541971 0.303722 0.546018 0.303722 0.547219 0.305588 0.550068 0.303722 0.551716 0.305319 0.555312 0.319977 0.559510 0.339167 0.560018 0.345958 0.559831 0.349528 0.559326 0.355005 0.558656 0.356648 0.556362 0.368481 0.555612 0.379139 0.556812 0.392463 0.556622 0.395944 0.554909 0.401917 0.552010 0.404847 0.549638 0.403792 0.549044 0.410940 0.545552 0.418440 0.540937 0.424417 0.539224 0.426759 0.537708 0.429569 0.536094 0.429741 0.534771 0.417412 0.533034 0.418125 0.532620 0.413593 0.533542 0.405778 0.536125 0.393796 0.537474 0.385269 0.531779 0.363949 0.530578 0.358352 0.524151 0.364412 0.521602 0.366051 0.518766 0.369157 0.518766 0.377769 0.519240 0.396458 0.523490 0.401495 0.529279 0.410523 0.530458 0.413884 0.530341 0.420815 0.528995 0.418708 0.523914 0.421648 0.523091 0.430671 0.521081 0.433824 0.507029 0.431306 0.500643 0.417301 0.496432 0.413750 0.493625 0.411454 0.486328 0.404134 0.485078 0.401648 0.483674 0.398630 0.483133 0.397491 0.482086 0.393523 0.482086 0.393523 0.480302 0.383296 0.479044 0.379690 0.478359 0.373815 0.478151 0.368935 0.478151 0.368935 0.478281 0.366250 0.477490 0.362819 0.477453 0.350727 0.477836 0.347944 0.478844 0.347389 0.480552 0.346458 0.481844 0.345032 0.481284 0.341935 0.484979 0.339620 0.484201 0.332477 0.483771 0.321306 0.483677 0.318486 0.482911 0.311745 0.485135 0.309542 0.491857 0.299259 0.493372 0.299370 0.498904 0.302870
4 0.489979 0.409926 0.495273 0.431574 0.496734 0.434898 0.497534 0.439458 0.499008 0.445185 0.500000 0.448301 0.500839 0.451963 0.502109 0.456593 0.503047 0.460144 0.504023 0.463472 0.502641 0.466236 0.503464 0.467250 0.504315 0.466491 0.505122 0.466569 0.505846 0.466644 0.506570 0.469972 0.507547 0.474509 0.508323 0.473843 0.509302 0.473921 0.510068 0.475356 0.514073 0.472199 0.519182 0.469218 0.523042 0.466986 0.523042 0.465676 0.528779 0.462472 0.533081 0.459597 0.536279 0.457505 0.537823 0.456458 0.538497 0.455213 0.540284 0.454986 0.541945 0.453324 0.543221 0.452111 0.544979 0.452204 0.546721 0.450718 0.551219 0.447176 0.558833 0.442338 0.561464 0.440194 0.564396 0.438449 0.564779 0.437019 0.564865 0.433917 0.564779 0.431269 0.564807 0.429241 0.564669 0.427755 0.564956 0.425000 0.563411 0.418769 0.560997 0.411106 0.559685 0.407000 0.556622 0.395944 0.554909 0.401917 0.553130 0.404028 0.552010 0.404847 0.549638 0.403792 0.549044 0.410940 0.545552 0.418440 0.540937 0.424417 0.539224 0.426759 0.537708 0.429569 0.536094 0.429741 0.534771 0.417412 0.533034 0.418125 0.532620 0.413593 0.533542 0.405778 0.536068 0.394259 0.537448 0.385324 0.531771 0.363796 0.530573 0.358472 0.524151 0.364412 0.521602 0.366051 0.518766 0.369157 0.518766 0.377769 0.519240 0.396458 0.523490 0.401495 0.529279 0.410523 0.530458 0.413884 0.530341 0.420815 0.528995 0.418708 0.523914 0.421648 0.523091 0.430671 0.521081 0.433824 0.506982 0.431255 0.500677 0.417269 0.493625 0.411454
1 0.401693 0.269722 0.399841 0.263722 0.397466 0.257162 0.395292 0.251769 0.393052 0.246968 0.391602 0.242981 0.389690 0.239935 0.386990 0.235486 0.385737 0.233259 0.386526 0.232907 0.388703 0.236657 0.391339 0.241458 0.393909 0.246731 0.395820 0.251417 0.398060 0.257394 0.400432 0.263838 0.402279 0.269579
6 0.377083 0.242917 0.380997 0.243375 0.387594 0.244435 0.392445 0.245194 0.393052 0.246968 0.395292 0.251769 0.397466 0.257162 0.399294 0.262213 0.393339 0.261079 0.388401 0.260319 0.384701 0.259866
6 0.393542 0.245787 0.400698 0.246856 0.405286 0.247685 0.405380 0.251093 0.404784 0.254116 0.403549 0.257898 0.402188 0.262588 0.399891 0.262213 0.398060 0.257394 0.395820 0.251417
6 0.405964 0.248009 0.409922 0.248426 0.414443 0.249199 0.415760 0.249884 0.416781 0.252606 0.416443 0.258657 0.416612 0.262968 0.416060 0.264935 0.411974 0.264329 0.407846 0.263574 0.405167 0.262894 0.403846 0.261079 0.405549 0.254042
1 0.425630 0.346866 0.427792 0.331023 0.429682 0.317296 0.430870 0.307407 0.432154 0.296532 0.432682 0.290509 0.433344 0.290532 0.432404 0.300306 0.430844 0.313417 0.429682 0.323250 0.428844 0.329259 0.427760 0.337380 0.427143 0.342296 0.426536 0.346204 0.426208 0.347815
6 0.459552 0.389468 0.465211 0.390750 0.472786 0.392718 0.478490 0.394167 0.473380 0.395972 0.466914 0.398542 0.462604 0.399398 0.458932 0.400324
1 0.457396 0.405370 0.457474 0.403009 0.457729 0.397620 0.458281 0.387227 0.458685 0.378204 0.459568 0.366634 0.459974 0.357347 0.461701 0.336102 0.462326 0.331394 0.463320 0.331394 0.463099 0.335250 0.462180 0.345907 0.461776 0.355843 0.461188 0.366764 0.459974 0.376176 0.459349 0.392588 0.458979 0.400694 0.458854 0.405093
1 0.464714 0.425602 0.468943 0.423162 0.474148 0.419644 0.477839 0.416944 0.479297 0.415093 0.484299 0.414843 0.489570 0.413787 0.491219 0.414023 0.491352 0.415426 0.487068 0.416250 0.482518 0.416833 0.480279 0.418005 0.475927 0.420819 0.470656 0.423745 0.466372 0.426208 0.465312 0.426898
1 0.568753 0.363597 0.569078 0.362829 0.570599 0.364954 0.576313 0.375116 0.584792 0.390190 0.597297 0.412833 0.603060 0.423222 0.606029 0.428792 0.605706 0.429653 0.604786 0.428884 0.600576 0.420917 0.594096 0.409782 0.585958 0.395333 0.576427 0.377375 0.572187 0.369528 0.570477 0.367139
1 0.590964 0.455648 0.586724 0.454912 0.581076 0.453856 0.575253 0.453051 0.572047 0.452620 0.572185 0.453856 0.573385 0.454444 0.578490 0.455324 0.584737 0.456278 0.587708 0.456713 0.591042 0.456944
1 0.544193 0.555417 0.555003 0.546889 0.562451 0.541231 0.568305 0.536736 0.569479 0.531944 0.570503 0.527866 0.571516 0.527736 0.571484 0.528981 0.570729 0.533519 0.569982 0.536412 0.565870 0.541130 0.557049 0.547699 0.548714 0.554532 0.544737 0.557505 0.543799 0.556579
6 0.620534 0.472787 0.626034 0.466347 0.630719 0.475120 0.637966 0.489005 0.644276 0.501889 0.644008 0.503532 0.643883 0.504644 0.643776 0.509000 0.638716 0.513662 0.636953 0.510796 0.627857 0.493870 0.620409 0.480343
1 0.644695 0.503310 0.650943 0.515088 0.656815 0.526194 0.662503 0.536745 0.662065 0.537856 0.655380 0.526528 0.648008 0.512644 0.643883 0.504644 0.644008 0.503532
1 0.389922 0.225370 0.388638 0.218986 0.388286 0.216671 0.388286 0.216671 0.386471 0.205940 0.384260 0.195639 0.382888 0.187366 0.381513 0.180319 0.382505 0.179778 0.383419 0.180319 0.386089 0.197130 0.388594 0.209583 0.389974 0.216157 0.390365 0.218426 0.391247 0.223856 0.391401 0.225444 0.390419 0.226241
1 0.357708 0.181806 0.360487 0.187120 0.361253 0.189241 0.364698 0.192417 0.369633 0.196125 0.374909 0.200509 0.379802 0.204593 0.381464 0.206333 0.381164 0.207014 0.373888 0.201190 0.366401 0.194912 0.362357 0.191889 0.361294 0.190750 0.358359 0.185153 0.357039 0.181903
1 0.349245 0.180000 0.353891 0.180088 0.359208 0.180236 0.366357 0.178954 0.371719 0.177741 0.376060 0.176454 0.381419 0.174718 0.384016 0.173505 0.384654 0.173431 0.384823 0.175319 0.376823 0.177963 0.369297 0.179954 0.362612 0.181296 0.357708 0.181806 0.357039 0.181903 0.352370 0.181667 0.349253 0.181676
8 0.584531 0.505185 0.584471 0.508278 0.586904 0.514134 0.589279 0.518069 0.590143 0.521815 0.592357 0.527093 0.595109 0.531125 0.596352 0.529685 0.593221 0.523060 0.587820 0.512792 0.586471 0.508759 0.585826 0.505815 0.585182 0.503551 0.585896 0.502856 0.587701 0.501852 0.588971 0.500718 0.590745 0.500028 0.593503 0.499398 0.595771 0.498829 0.599484 0.498454 0.603909 0.498139 0.604159 0.498074 0.604159 0.497130 0.603909 0.496755 0.601505 0.496755 0.596620 0.497130 0.591453 0.498199 0.588161 0.498954 0.586883 0.499773 0.585182 0.501282 0.583734 0.502292 0.583346 0.502981
8 0.615206 0.471213 0.614518 0.472213 0.615143 0.475097 0.621578 0.486319 0.628880 0.499861 0.636010 0.512977 0.645826 0.530602 0.652635 0.543375 0.660070 0.556449 0.661070 0.557005 0.661945 0.555782 0.657135 0.546565 0.646263 0.527014 0.636953 0.510796 0.627857 0.493870 0.618042 0.475852
8 0.462161 0.346759 0.464667 0.345694 0.465469 0.344519 0.466654 0.344208 0.468570 0.343403 0.468953 0.344144 0.470732 0.343958 0.470693 0.342597 0.472286 0.342458 0.474065 0.342213 0.476206 0.341097 0.477081 0.340667 0.478255 0.339708 0.480099 0.339019 0.481424 0.339083 0.481284 0.341935 0.481844 0.345032 0.480552 0.346458 0.478844 0.347389 0.477836 0.347944 0.477453 0.350727 0.473471 0.352296 0.471346 0.353519 0.470471 0.353741 0.468727 0.354324 0.466378 0.354755 0.464276 0.355384 0.461776 0.355843
6 0.439141 0.156944 0.438312 0.177769 0.437979 0.198287 0.438146 0.214644 0.437896 0.222972 0.441557 0.227380 0.444503 0.221931 0.444453 0.214120 0.444297 0.210972 0.444661 0.191389 0.445005 0.174051 0.444083 0.172264 0.444922 0.170333 0.444836 0.164532 0.443594 0.165417
10 0.437737 0.371440 0.437951 0.368718 0.440120 0.367583 0.442164 0.364782 0.443865 0.362361 0.445057 0.359866 0.445695 0.358884 0.448630 0.358051 0.452247 0.359940 0.455268 0.363495 0.456885 0.368264 0.457693 0.372801 0.457693 0.377190 0.456672 0.380894 0.455354 0.383847 0.454375 0.385810 0.452417 0.386718 0.451482 0.385130 0.451609 0.382333 0.451565 0.380745 0.451013 0.380819 0.450844 0.381273 0.450927 0.386870 0.449813 0.386903 0.445430 0.386667 0.444240 0.384546
2 0.467187 0.382546 0.467766 0.378574 0.467935 0.372296 0.472435 0.373106 0.476310 0.373616 0.478359 0.373815 0.479044 0.379690 0.479727 0.383741 0.479443 0.384245 0.474602 0.383843 0.469531 0.382639
1 0.478047 0.394333 0.482086 0.393523 0.482393 0.395963 0.481310 0.398106 0.478357 0.399241 0.472646 0.401954 0.460659 0.403282 0.459591 0.401111 0.459669 0.400301 0.462604 0.399398 0.466914 0.398542 0.473380 0.395972
1 0.455120 0.406157 0.457396 0.405370 0.458880 0.405231 0.460938 0.404444 0.465951 0.403269 0.472646 0.401954 0.478357 0.399241 0.481310 0.398106 0.483133 0.397491 0.483674 0.398630 0.483625 0.400995 0.480229 0.402394 0.470432 0.405370 0.465901 0.406681 0.464453 0.406481 0.458758 0.407560 0.456094 0.408148
2 0.470656 0.423745 0.475927 0.420819 0.480279 0.418005 0.482518 0.416833 0.487068 0.416250 0.488745 0.415782 0.488596 0.420773 0.486474 0.423111 0.486474 0.423111 0.486383 0.423310 0.484266 0.425148 0.480229 0.429176 0.478849 0.430051 0.476044 0.433463 0.474961 0.435565 0.473828 0.434074 0.472154 0.433639 0.471859 0.430926 0.472844 0.429787 0.472547 0.428736 0.472005 0.429611 0.470875 0.429000
2 0.469255 0.422968 0.466745 0.420431 0.468763 0.414741 0.471422 0.410454 0.473440 0.407741 0.474719 0.407042 0.477130 0.405991 0.479003 0.405551 0.481513 0.404417 0.482349 0.404417 0.484813 0.406426 0.487125 0.408093 0.488307 0.409315 0.488602 0.413954 0.484299 0.414843 0.479297 0.415093 0.477839 0.416944 0.474148 0.419644
2 0.544539 0.457787 0.544281 0.460074 0.542091 0.461560 0.538411 0.462343 0.535766 0.463912 0.533411 0.463977 0.530984 0.465023 0.528888 0.465417 0.528078 0.466921 0.526977 0.468097 0.526130 0.468097 0.525432 0.469208 0.523924 0.469602 0.523667 0.466722 0.523042 0.466986 0.523042 0.465676 0.528779 0.462472 0.533081 0.459597 0.536279 0.457505 0.537823 0.456458 0.538411 0.458028 0.540508 0.457704 0.542789 0.458745
8 0.523526 0.473685 0.519185 0.477468 0.515654 0.479889 0.513102 0.481856 0.509057 0.485787 0.504802 0.489495 0.500719 0.492519 0.501484 0.496528 0.511302 0.488519 0.519865 0.480116 0.524206 0.476181
2 0.564779 0.431269 0.565211 0.430019 0.566776 0.428773 0.567964 0.428097 0.569154 0.429157 0.570341 0.436833 0.570935 0.440292 0.569477 0.441829 0.566128 0.445380 0.563052 0.446532 0.560404 0.446917 0.556247 0.449509 0.552305 0.452194 0.548849 0.455074 0.546258 0.456801 0.546443 0.455861 0.546443 0.455861 0.546721 0.450718 0.551219 0.447176 0.558833 0.442338 0.561464 0.440194 0.564396 0.438449 0.564779 0.437019 0.564865 0.433917
2 0.571911 0.461449 0.571195 0.459949 0.568547 0.464167 0.565547 0.468444 0.561365 0.474144 0.557495 0.480838 0.556065 0.482884 0.549789 0.474824 0.546305 0.469681 0.545154 0.469185 0.545885 0.467329 0.546305 0.463051 0.545781 0.462741 0.546443 0.455861 0.546721 0.450718 0.544979 0.452204 0.544281 0.460074 0.543654 0.465282 0.542852 0.465838 0.542818 0.467699 0.547000 0.473833 0.554253 0.484991 0.555820 0.486352 0.558750 0.482944 0.561469 0.480343 0.562794 0.479847 0.566385 0.473213 0.571440 0.465593 0.572937 0.462801 0.572648 0.461375 0.573125 0.460278 0.572185 0.453856 0.572047 0.452620 0.571685 0.448935 0.571643 0.448079 0.571643 0.447579 0.571885 0.446935 0.572490 0.446579 0.573776 0.446079 0.575102 0.438500 0.576953 0.428287 0.577109 0.427315 0.578279 0.421486 0.579927 0.412338 0.580128 0.410407 0.580167 0.409338 0.580008 0.408764 0.579445 0.408051 0.578961 0.407551 0.578359 0.407264 0.578036 0.407551 0.577273 0.412412 0.575893 0.420352 0.574867 0.425634 0.574352 0.427468 0.574211 0.429046 0.573010 0.435213 0.571146 0.445759 0.570904 0.446935 0.570680 0.448148 0.570237 0.448579 0.570156 0.450222 0.570943 0.452264 0.571151 0.453977 0.571201 0.456940 0.571846 0.460444
2 0.656901 0.577361 0.657951 0.575125 0.658273 0.573833 0.658555 0.573116 0.658635 0.570968 0.659482 0.570250 0.660370 0.568454 0.660573 0.565801 0.662831 0.566231 0.667107 0.567597 0.671060 0.568241 0.673076 0.568884 0.673117 0.570968 0.673602 0.571898 0.673682 0.573690 0.673440 0.574694 0.672148 0.575338 0.670898 0.574625 0.670656 0.576056 0.669810 0.575986 0.668719 0.573833 0.668237 0.574051 0.668276 0.576991 0.668115 0.579569 0.667268 0.579931 0.663073 0.578495 0.659039 0.577852
10 0.711875 0.610750 0.710904 0.607486 0.710526 0.603644 0.708797 0.602398 0.707651 0.604102 0.706901 0.605435 0.703612 0.608542 0.700914 0.612190 0.700266 0.611519 0.697836 0.613630 0.697836 0.617755 0.697294 0.619870 0.697620 0.622366 0.696107 0.622269 0.694974 0.619486 0.694029 0.619875 0.693216 0.621319 0.693029 0.623542 0.693654 0.624759 0.693779 0.626759 0.693654 0.629759 0.694654 0.630648 0.694529 0.638421 0.696594 0.639741 0.703396 0.631102 0.712198 0.619676
10 0.597763 0.606532 0.596352 0.607042 0.592195 0.605681 0.589656 0.602954 0.588607 0.599370 0.589010 0.593347 0.590865 0.589042 0.592398 0.586032 0.594013 0.586463 0.594898 0.585602 0.594818 0.584097 0.599336 0.584741 0.601716 0.585102 0.603893 0.587324 0.606112 0.591338 0.607161 0.596000 0.607281 0.600222 0.605549 0.601366 0.604901 0.603093 0.603208 0.603810
2 0.605495 0.630417 0.604029 0.628588 0.599927 0.617472 0.597260 0.611083 0.596458 0.607269 0.597763 0.606532 0.603208 0.603810 0.604875 0.603023 0.605549 0.601366 0.607281 0.600222 0.607404 0.610769 0.607846 0.616500 0.608211 0.620375 0.608453 0.625972 0.608885 0.627796 0.608211 0.628764
5 0.588490 0.670949 0.590721 0.670384 0.593719 0.670329 0.595115 0.670579 0.597062 0.670981 0.597997 0.672000 0.599112 0.672319 0.599294 0.670931 0.600982 0.670287 0.601672 0.669856 0.603060 0.669801 0.604052 0.672000 0.603872 0.674519 0.602852 0.677301 0.601703 0.679819 0.599562 0.682069 0.597576 0.683032 0.594745 0.682875 0.592391 0.681477 0.590104 0.678912 0.588898 0.675750 0.588659 0.673606
10 0.366516 0.212079 0.367635 0.209347 0.369328 0.207264 0.372609 0.205551 0.374458 0.205597 0.375188 0.207032 0.375161 0.210227 0.375323 0.211676 0.376180 0.212847 0.380154 0.213569 0.381120 0.214431 0.382219 0.215968 0.382583 0.217356 0.380406 0.217630 0.379419 0.218477 0.379388 0.221699 0.380911 0.221759 0.386635 0.220005 0.384190 0.222051 0.384922 0.224819 0.386479 0.228319 0.385409 0.226231 0.383883 0.223782 0.381669 0.223694 0.381542 0.224597 0.381099 0.224597 0.380734 0.225153 0.380786 0.226866 0.380182 0.227963 0.379922 0.230509 0.378932 0.228889 0.376042 0.224722 0.373719 0.222102 0.371823 0.220241 0.369635 0.218843 0.368203 0.218148 0.368177 0.218796 0.371589 0.220880 0.375091 0.224690 0.378060 0.228593 0.379714 0.231435 0.379130 0.232421 0.379156 0.233579 0.380146 0.233625 0.378135 0.235134 0.377289 0.236769 0.376115 0.236708 0.373654 0.228130 0.373260 0.227343 0.372078 0.227606 0.372078 0.228917 0.373456 0.232593 0.374982 0.237671 0.365687 0.216912 0.366112 0.214019
2 0.422812 0.189722 0.423849 0.192690 0.424010 0.199986 0.424120 0.214481 0.424174 0.221870 0.426419 0.222292 0.430974 0.220880 0.435961 0.220880 0.437987 0.220880 0.438146 0.214644 0.437979 0.198287 0.438044 0.192139 0.438044 0.192139 0.435745 0.187977 0.432057 0.189005 0.429023 0.187593 0.427505 0.185662 0.426276 0.185407
10 0.420898 0.150792 0.416682 0.144009 0.411898 0.138032 0.407797 0.131352 0.406263 0.127583 0.404195 0.124259 0.403411 0.122944 0.402966 0.120667 0.404010 0.117083 0.404323 0.115380 0.405443 0.112870 0.408036 0.109130 0.409555 0.106690 0.411688 0.108102 0.410547 0.109630 0.412768 0.114056 0.414000 0.117625 0.415289 0.121685 0.416208 0.125750 0.417917 0.128287 0.420591 0.133273 0.421216 0.136667 0.421133 0.139046 0.418122 0.133843 0.415612 0.130421 0.414693 0.131019 0.414776 0.132505 0.421133 0.142764
10 0.457203 0.158278 0.466510 0.172593 0.475456 0.189931 0.483805 0.203472 0.482091 0.206870 0.479982 0.211676 0.479151 0.213222 0.474560 0.206056 0.461570 0.182764 0.452836 0.168829 0.453732 0.163056
10 0.439141 0.156944 0.440922 0.146412 0.442271 0.143213 0.445419 0.136019 0.449018 0.139218 0.452315 0.147745 0.458010 0.157602 0.457203 0.158278 0.453732 0.163056 0.452836 0.168829 0.451185 0.166718 0.449177 0.164042 0.448424 0.164935 0.446167 0.167019 0.444922 0.170333 0.444836 0.164532 0.443594 0.165417
10 0.458042 0.148676 0.458792 0.143347 0.466435 0.149477 0.469284 0.158005 0.471383 0.165463 0.474896 0.170648 0.481576 0.176394 0.483674 0.189981 0.485174 0.190514 0.487122 0.198778 0.491169 0.209171 0.490198 0.212611 0.487891 0.208745 0.484661 0.204060 0.483805 0.203472 0.475456 0.189931 0.466510 0.172593 0.459841 0.162269 0.461039 0.158269 0.459240 0.152139
2 0.392258 0.227421 0.395568 0.224875 0.399167 0.222917 0.401953 0.220556 0.404049 0.218458 0.405482 0.218458 0.409380 0.215231 0.412781 0.211963 0.413417 0.209995 0.415716 0.208338 0.418833 0.204981 0.417547 0.202694 0.414383 0.206551 0.412214 0.208380 0.405927 0.213810 0.400961 0.217991 0.397945 0.220347 0.396339 0.222125 0.392589 0.225329 0.392109 0.224412 0.391401 0.225444
11 0.422388 0.123134 0.426904 0.122690 0.429831 0.121056 0.433344 0.122097 0.435604 0.123880 0.437276 0.133546 0.438807 0.139954 0.439141 0.156944 0.438865 0.163583 0.432424 0.163134 0.426068 0.164028 0.422555 0.164324 0.420966 0.161648 0.421216 0.136667 0.420966 0.127597 0.421466 0.124324
8 0.595156 0.423889 0.592721 0.421130 0.586714 0.412917 0.582914 0.406968 0.577729 0.388042 0.576562 0.384398 0.574370 0.379153 0.572714 0.373611 0.572018 0.370542 0.570477 0.367139 0.565417 0.356528 0.562586 0.351185 0.560018 0.345958 0.559831 0.349528 0.564497 0.358569 0.569167 0.368528 0.571031 0.372176 0.573133 0.379810 0.577031 0.392389 0.579953 0.402093 0.581740 0.407745 0.584549 0.412991 0.591669 0.422542 0.596414 0.428653 0.599966 0.432671 0.605940 0.440708 0.615685 0.453819 0.617029 0.452093 0.617083 0.451042 0.607125 0.437356 0.601690 0.430852 0.597599 0.426546
2 0.436956 0.355384 0.437049 0.353394 0.437234 0.350986 0.437982 0.349657 0.438263 0.347250 0.438917 0.347171 0.438448 0.343602 0.439430 0.340199 0.440549 0.337296 0.442042 0.337380 0.444935 0.338870 0.446148 0.339704 0.447409 0.341194 0.446477 0.345676 0.446195 0.347750 0.446430 0.348662 0.446570 0.350569 0.445122 0.353972 0.444870 0.356796 0.444185 0.355792 0.443135 0.356796 0.442893 0.357727 0.443578 0.359306 0.443094 0.359306 0.442695 0.358787 0.442695 0.355880 0.440690 0.355718 0.439195 0.355718 0.438448 0.356792 0.437516 0.357042 0.437096 0.357042
2 0.486000 0.237171 0.487581 0.234593 0.490677 0.236236 0.491534 0.234829 0.491930 0.233537 0.491602 0.231898 0.491534 0.227565 0.494698 0.230375 0.495159 0.236583 0.495357 0.239398 0.495490 0.241856 0.493513 0.243968 0.491534 0.245843 0.491073 0.245491 0.490745 0.244319 0.490086 0.244551 0.490018 0.246898 0.489294 0.249593 0.488354 0.249403 0.487135 0.247231 0.486526 0.244792 0.485802 0.242676 0.485669 0.238458
2 0.466589 0.221806 0.470268 0.216856 0.473365 0.212639 0.474221 0.211699 0.475802 0.211463 0.477979 0.217792 0.478307 0.222125 0.481536 0.227282 0.481365 0.231829 0.479784 0.234875 0.478927 0.237921 0.478862 0.242606 0.478401 0.245421 0.477346 0.247648 0.475763 0.248347
10 0.477674 0.216361 0.479982 0.211676 0.482091 0.206870 0.483805 0.203472 0.484661 0.204060 0.487891 0.208745 0.490198 0.212611 0.490263 0.214958 0.488945 0.217417 0.490263 0.218120 0.490263 0.220579 0.486505 0.227847 0.485451 0.230069 0.483474 0.231125 0.481365 0.231829 0.481536 0.227282 0.478307 0.222125 0.477979 0.217792
2 0.465508 0.314338 0.465336 0.310769 0.464776 0.307037 0.465057 0.305542 0.466177 0.305375 0.467763 0.308199 0.468742 0.311847 0.468742 0.316245 0.469211 0.319398 0.469443 0.323796 0.470286 0.327639 0.470797 0.329606 0.471263 0.335995 0.471771 0.339167 0.471823 0.342463 0.470693 0.342597 0.470732 0.343958 0.468953 0.344144 0.468570 0.343403 0.467250 0.333088 0.466596 0.326866 0.466068 0.322384 0.466721 0.322468 0.467703 0.321556 0.467935 0.318819 0.467143 0.317324
2 0.420286 0.186449 0.420201 0.194481 0.420240 0.200694 0.420448 0.207278 0.420312 0.209847 0.420643 0.215208 0.421203 0.223023 0.424174 0.221870 0.424120 0.214481 0.424010 0.199986 0.423849 0.192690 0.422812 0.189722 0.422229 0.191056 0.421312 0.190671 0.421042 0.189519 0.421380 0.187963
6 0.493372 0.299370 0.490857 0.290968 0.489331 0.286764 0.486281 0.283644 0.482698 0.278088 0.480562 0.273477 0.478961 0.267514 0.478198 0.259380 0.477818 0.254366 0.468445 0.227361 0.463862 0.213435 0.462742 0.210861 0.459646 0.219292 0.460172 0.224213 0.461490 0.228662 0.466362 0.244019 0.469727 0.253157 0.470451 0.253389 0.472036 0.258431 0.472044 0.260912 0.476719 0.273574 0.482453 0.289815 0.484237 0.295088 0.485063 0.295532 0.491857 0.299259
2 0.458385 0.202407 0.455742 0.209204 0.454159 0.215181 0.452906 0.219162 0.452445 0.220333 0.458576 0.224787 0.459646 0.219292 0.462742 0.210861 0.462794 0.206042 0.461870 0.206042 0.460883 0.203111
2 0.436497 0.272602 0.436201 0.270148 0.436497 0.268926 0.437628 0.268222 0.440188 0.268662 0.441667 0.266472 0.442305 0.263935 0.442750 0.261921 0.443979 0.260083 0.445654 0.259120 0.446539 0.257458 0.446693 0.256074 0.447672 0.254560 0.447500 0.251157 0.448690 0.249574 0.450010 0.250176 0.450221 0.252218 0.451073 0.251838 0.452349 0.253662 0.452266 0.255995 0.453544 0.257440 0.453544 0.261676 0.454521 0.263796 0.454776 0.266667 0.454096 0.270218 0.451714 0.272565 0.450651 0.275139 0.450010 0.277481 0.449286 0.279148 0.447766 0.280125 0.446068 0.280370 0.445500 0.281116 0.443503 0.279829 0.439120 0.276653 0.437135 0.274630
2 0.441370 0.242375 0.443135 0.241667 0.444958 0.241264 0.445128 0.239644 0.448375 0.239542 0.449344 0.239644 0.450539 0.241264 0.452078 0.239843 0.452477 0.240046 0.452362 0.243491 0.451052 0.247741 0.450010 0.250176 0.448690 0.249574 0.447500 0.251157 0.447672 0.254560 0.446693 0.256074 0.446539 0.257458 0.445654 0.259120 0.443979 0.260083 0.442750 0.261921 0.442305 0.263935 0.441141 0.265060 0.440742 0.260704 0.440229 0.258273 0.439318 0.256148 0.437951 0.255644 0.437609 0.251894 0.437839 0.248653 0.439091 0.246833 0.438352 0.245921 0.439490 0.245718
2 0.397396 0.286713 0.395365 0.282269 0.394839 0.272532 0.394706 0.269250 0.395760 0.269722 0.395695 0.267847 0.397539 0.267023 0.399385 0.268782 0.401693 0.269722 0.403932 0.269019 0.404789 0.267023 0.409602 0.266907 0.409469 0.276750 0.409602 0.281435 0.405763 0.283319 0.400495 0.285694 0.400594 0.289009 0.401773 0.291023 0.399583 0.291981
8 0.415052 0.245139 0.417065 0.242755 0.420461 0.239606 0.422776 0.237329 0.425187 0.234968 0.427354 0.233565 0.429521 0.233218 0.433411 0.233148 0.434839 0.232690 0.435380 0.234616 0.435427 0.236542 0.434641 0.237065 0.432375 0.236366 0.429323 0.236894 0.427109 0.237769 0.424505 0.240463 0.423169 0.241616 0.421052 0.243194 0.420156 0.244398 0.418492 0.246167 0.416198 0.247500
8 0.618932 0.512130 0.618375 0.501569 0.618143 0.498833 0.618888 0.497255 0.620383 0.497171 0.620896 0.504060 0.621258 0.512005 0.621635 0.518338 0.622422 0.526528 0.622464 0.529106 0.621536 0.532333 0.620042 0.533912 0.619198 0.532907 0.618875 0.531333 0.619276 0.527963 0.620570 0.525458 0.621091 0.524236 0.620891 0.522801 0.620005 0.522079 0.619276 0.516273
5 0.400495 0.285694 0.405763 0.283319 0.411128 0.280870 0.417724 0.277806 0.422844 0.274921 0.424865 0.273606 0.427669 0.271417 0.428013 0.275356 0.429492 0.283671 0.429393 0.286032 0.430180 0.289361 0.430820 0.292338 0.432396 0.293037 0.432154 0.296532 0.432003 0.297588 0.428604 0.298898 0.423927 0.300037 0.419596 0.301264 0.416297 0.302662 0.412310 0.303801 0.410487 0.304588 0.409357 0.305991 0.408273 0.300037 0.407385 0.296537 0.405221 0.293648 0.403055 0.292162 0.401773 0.291023 0.400594 0.289009
8 0.572714 0.373611 0.573862 0.373829 0.578560 0.382181 0.585958 0.395333 0.591844 0.405704 0.600917 0.422597 0.605776 0.430856 0.605615 0.432102 0.604318 0.432486 0.596219 0.418662 0.589898 0.406949 0.588424 0.403741 0.588242 0.402815 0.587794 0.402532 0.581312 0.391593 0.577589 0.384389 0.573917 0.377477
2 0.348073 0.166528 0.358281 0.159769 0.363643 0.156769 0.367703 0.153435 0.372703 0.149662 0.381076 0.142995 0.386885 0.137551 0.387448 0.138773 0.387010 0.140218 0.377201 0.149329 0.371380 0.155093 0.368578 0.155991 0.364893 0.158880 0.357771 0.163657 0.353771 0.165875 0.348594 0.168102
10 0.410966 0.172778 0.409615 0.178537 0.408104 0.185352 0.406914 0.190537 0.407456 0.195625 0.410318 0.198407 0.411135 0.198435 0.412445 0.197931 0.414906 0.198218 0.416742 0.195912 0.418687 0.186699 0.419281 0.182759 0.418039 0.176329 0.415987 0.174792 0.413557 0.172491 0.412424 0.171051 0.411776 0.171051
2 0.387586 0.231343 0.389534 0.234338 0.391789 0.239634 0.392682 0.242884 0.392979 0.244699 0.394469 0.245005 0.396044 0.244778 0.396258 0.243870 0.395703 0.242657 0.394979 0.242583 0.394979 0.241977 0.395703 0.241523 0.394724 0.238801 0.394469 0.236986 0.395747 0.234866 0.397193 0.233278 0.399107 0.233352 0.399661 0.231843 0.400555 0.230782 0.400172 0.229722 0.398596 0.226620 0.397703 0.223597 0.395568 0.224875 0.394214 0.226620 0.394341 0.228741 0.393492 0.229421 0.392258 0.227421 0.391661 0.228361 0.392427 0.229347 0.391320 0.229648 0.390003 0.229648 0.389021 0.230361
10 0.421466 0.124324 0.420555 0.122597 0.419260 0.115685 0.418612 0.108583 0.419367 0.104648 0.425633 0.099560 0.428924 0.096870 0.431409 0.095718 0.435784 0.096681 0.437458 0.098310 0.434508 0.100176 0.433159 0.104440 0.435406 0.112167 0.437943 0.119333 0.437297 0.121060 0.434271 0.122597 0.433344 0.122097 0.429831 0.121056 0.426904 0.122690 0.422388 0.123134
8 0.613966 0.520681 0.612612 0.511884 0.611492 0.500435 0.611034 0.497056 0.609867 0.491347 0.609760 0.487995 0.610844 0.486843 0.612083 0.486454 0.613229 0.493565 0.614568 0.504509 0.615594 0.512764 0.616620 0.520056 0.616888 0.522171 0.614461 0.522556
2 0.594919 0.476014 0.596924 0.477009 0.599680 0.478088 0.599865 0.471866 0.600289 0.467838 0.600799 0.460912 0.601219 0.451454 0.599026 0.450792 0.597766 0.446727 0.597253 0.445231 0.596505 0.445648 0.596133 0.450130 0.596318 0.456847 0.595573 0.463819 0.595245 0.471037
2 0.591310 0.458083 0.590284 0.459245 0.589583 0.462731 0.588977 0.464639 0.587810 0.470282 0.586083 0.475759 0.582443 0.484634 0.579503 0.492769 0.581510 0.493597 0.582070 0.494593 0.583562 0.491773 0.587344 0.484634 0.588839 0.480819 0.592151 0.470116 0.593737 0.463148 0.594625 0.458667 0.594625 0.457505 0.593451 0.457514 0.592396 0.457500 0.591849 0.457894
1 0.589516 0.432324 0.587031 0.424644 0.584602 0.417060 0.583036 0.411685 0.581740 0.407745 0.579953 0.402093 0.577031 0.392389 0.575146 0.386829 0.571776 0.379051 0.566711 0.368481 0.562753 0.360958 0.560323 0.356347 0.559326 0.355005 0.558656 0.356648 0.560078 0.358009 0.573042 0.383708 0.577810 0.397986 0.582000 0.411157 0.586120 0.424394 0.588505 0.431583 0.588938 0.433255
8 0.479792 0.454398 0.488638 0.450338 0.493823 0.447491 0.499008 0.445185 0.500000 0.448301 0.500839 0.451963 0.495042 0.454944 0.488409 0.457657 0.482917 0.460787
8 0.476693 0.434213 0.485344 0.433889 0.491326 0.433889 0.495424 0.434088 0.496734 0.434898 0.497534 0.439458 0.497818 0.444824 0.488203 0.445231 0.478792 0.444824 0.476914 0.444926 0.476172 0.442597 0.476172 0.436218
8 0.444635 0.210787 0.447203 0.216458 0.451607 0.222370 0.456594 0.230079 0.461951 0.237662 0.466362 0.244019 0.468964 0.251287 0.468096 0.251028 0.465125 0.244861 0.459052 0.236764 0.452401 0.227380 0.447992 0.220954 0.445896 0.217486 0.444453 0.214120
11 0.444250 0.136949 0.435406 0.112167 0.433159 0.104440 0.434508 0.100176 0.439154 0.097509 0.447997 0.120958 0.456242 0.143347 0.459240 0.152139 0.461039 0.158269 0.459841 0.162269 0.458010 0.157602 0.452315 0.147745 0.449018 0.139218 0.445419 0.136019
6 0.439141 0.156944 0.438807 0.139954 0.439307 0.122852 0.444250 0.136949 0.444661 0.137870 0.442271 0.143213 0.440922 0.146412
6 0.566729 0.610866 0.566846 0.598847 0.567219 0.582417 0.567034 0.575861 0.571232 0.576111 0.571232 0.581338 0.570672 0.602329 0.570440 0.613616 0.570299 0.625560 0.570253 0.629046 0.568573 0.623819 0.566753 0.620333 0.566776 0.618333
8 0.525859 0.478704 0.526432 0.478981 0.527604 0.477093 0.531151 0.472694 0.534419 0.468296 0.535773 0.466144 0.538526 0.464065 0.540487 0.463069 0.544323 0.460139 0.543620 0.465185 0.542852 0.465838 0.542818 0.467699 0.543323 0.469046 0.539570 0.473204 0.534448 0.479375 0.527549 0.486542 0.525078 0.488194 0.523802 0.486389 0.522995 0.483750 0.523932 0.481528
8 0.466336 0.159699 0.458182 0.154796 0.451971 0.151917 0.447706 0.149523 0.446518 0.147222 0.447057 0.145194 0.448083 0.143764 0.448893 0.143273 0.452727 0.145292 0.465417 0.152685
1 0.434018 0.099019 0.425279 0.072074 0.413240 0.033847 0.402667 0.000000 0.403693 0.000000 0.419404 0.049602 0.435052 0.099343
8 0.427836 0.076398 0.433122 0.043806 0.434659 0.044819 0.429086 0.080236
14 0.364581 0.220421 0.361456 0.207134 0.360492 0.196394 0.361534 0.191579 0.363951 0.186824 0.364190 0.181681 0.365776 0.181194 0.372026 0.178898 0.373411 0.182454 0.375674 0.183477 0.377185 0.184634 0.378591 0.186856 0.377081 0.187134 0.377315 0.189634 0.379503 0.189403 0.385961 0.217690 0.387083 0.220556 0.381953 0.222222 0.373229 0.221991 0.373411 0.226528 0.371406 0.223843 0.369635 0.221713 0.367266 0.219074 0.366562 0.220370 0.365521 0.223565
5 0.419615 0.177269 0.418573 0.177269 0.418260 0.176296 0.414354 0.176713 0.413052 0.177222 0.410786 0.176528 0.408391 0.174444 0.407271 0.172361 0.406620 0.169630 0.406620 0.165417 0.408182 0.160833 0.409146 0.158519 0.412349 0.154491 0.415057 0.151898 0.417036 0.151296 0.419354 0.151019 0.421906 0.151065 0.423599 0.151713 0.429849 0.162083 0.426932 0.166019 0.423807 0.169861 0.421854 0.173333 0.420396 0.176898
4 0.424904 0.095736 0.419867 0.099921 0.416320 0.105148 0.414081 0.111125 0.413380 0.114856 0.412961 0.117514 0.413055 0.120167 0.413521 0.124231 0.414828 0.127301 0.416648 0.129625 0.418888 0.131037 0.421081 0.131866 0.423555 0.132528 0.426495 0.138421 0.431349 0.148375 0.436622 0.160991 0.438776 0.166759 0.439505 0.163333 0.442266 0.150926 0.431693 0.140046 0.431404 0.137468 0.431888 0.120764 0.431969 0.119444 0.431526 0.118981 0.430641 0.116995 0.430250 0.115278 0.429755 0.112454 0.429052 0.107505 0.428922 0.104074 0.429000 0.100231 0.429469 0.097361 0.430354 0.094630 0.426831 0.095181
6 0.396745 0.147185 0.412552 0.133852 0.416797 0.140426 0.418880 0.144176 0.400729 0.160926 0.402130 0.154806 0.401094 0.154259 0.399813 0.160361 0.397677 0.154111
5 0.412552 0.133852 0.402266 0.116310 0.402615 0.113148 0.404461 0.109366 0.405646 0.108125 0.407633 0.107880 0.409307 0.107940 0.410875 0.107880 0.412201 0.106949 0.413073 0.105523 0.414083 0.102361 0.415060 0.099574 0.415758 0.097963 0.416490 0.096412 0.417221 0.095731 0.418685 0.095792 0.419802 0.096292 0.420497 0.096722 0.421510 0.098583 0.419867 0.099921 0.416320 0.105148 0.414081 0.111125 0.413380 0.114856 0.412961 0.117514 0.413055 0.120167 0.413521 0.124231 0.414828 0.127301 0.416648 0.129625 0.418888 0.131037 0.421081 0.131866 0.423555 0.132528 0.426495 0.138421 0.431349 0.148375 0.436622 0.160991 0.437266 0.162546 0.438802 0.166806 0.436849 0.173241 0.429849 0.162083 0.423599 0.151713 0.418880 0.144176 0.416797 0.140426
2 0.414401 0.101620 0.412076 0.079741 0.414831 0.080051 0.417305 0.080361 0.420128 0.080361 0.421836 0.079926 0.423615 0.079185 0.424732 0.078625 0.425951 0.078565 0.427172 0.079431 0.424904 0.095736 0.421510 0.098583 0.420497 0.096722 0.419802 0.096292 0.418685 0.095792 0.417221 0.095731 0.416490 0.096412 0.415758 0.097963 0.415060 0.099574
14 0.417305 0.080361 0.390062 0.070708 0.386229 0.069491 0.385099 0.068560 0.384172 0.066625 0.383768 0.064329 0.383365 0.054000 0.384576 0.043819 0.386510 0.037653 0.388167 0.034282 0.389094 0.034208 0.416443 0.044106 0.425279 0.072074 0.427328 0.078412 0.427172 0.079431 0.425951 0.078565 0.424732 0.078625 0.423615 0.079185 0.421836 0.079926 0.420128 0.080361
14 0.417651 0.044102 0.432294 0.048926 0.427836 0.076398
2 0.377672 0.126222 0.373471 0.117843 0.371513 0.115935 0.369552 0.112866 0.366984 0.106894 0.366237 0.103986 0.364885 0.100833 0.363766 0.098593 0.362643 0.094694 0.361852 0.092204 0.359703 0.086148 0.358398 0.081338 0.360172 0.079759 0.363344 0.077685 0.371745 0.055616 0.383740 0.063912 0.384172 0.066625 0.385099 0.068560 0.386229 0.069491 0.390062 0.070708 0.417305 0.080361 0.414831 0.080051 0.412076 0.079741 0.414401 0.101620 0.414083 0.102361 0.413073 0.105523 0.412201 0.106949 0.410875 0.107880 0.409307 0.107940 0.407633 0.107880 0.405646 0.108125 0.402615 0.113148 0.401443 0.113046 0.398922 0.110972 0.397521 0.109810 0.395187 0.110560 0.392995 0.112801 0.390242 0.115287 0.388469 0.118773 0.388094 0.120269
10 0.388094 0.120269 0.387526 0.124537 0.387526 0.128009 0.387526 0.129491 0.395560 0.129755 0.395560 0.128505 0.402109 0.122037 0.404479 0.119954 0.402266 0.116310 0.402529 0.114509 0.396018 0.115713 0.389378 0.117009 0.388469 0.118773
1 0.378060 0.128218 0.380742 0.129051 0.387526 0.129491 0.395560 0.129755 0.404380 0.129505 0.406966 0.131884 0.405911 0.131815 0.395091 0.131644 0.391003 0.131505 0.386711 0.131870 0.382987 0.131731 0.381138 0.131407 0.379706 0.130898 0.378664 0.130574 0.377883 0.129972
10 0.389424 0.160597 0.387003 0.158231 0.385995 0.156083 0.385229 0.155579 0.384706 0.154648 0.384706 0.152426 0.385229 0.150991 0.386318 0.150704 0.387406 0.148769 0.388617 0.146972 0.391359 0.146185 0.392852 0.146185 0.395521 0.148157 0.397188 0.150009 0.397682 0.154130 0.397208 0.157657 0.395878 0.159167 0.394266 0.160384 0.392490 0.161102 0.391602 0.161245 0.390956 0.163398 0.390232 0.163468 0.389667 0.162537
2 0.335430 0.178296 0.348336 0.175606 0.348227 0.207190
2 0.348331 0.194315 0.363956 0.186856 0.361534 0.191579 0.360492 0.196394 0.360534 0.196903 0.349206 0.206255 0.350586 0.207690 0.360716 0.198755 0.361391 0.206069 0.356833 0.212412 0.355172 0.210991 0.351896 0.209750 0.349385 0.209750 0.348227 0.207190
2 0.335971 0.172569 0.364148 0.167014 0.364669 0.168125 0.367612 0.164931 0.373393 0.163773 0.377065 0.170440 0.377651 0.171241 0.378250 0.170639 0.379057 0.166750 0.379734 0.162306 0.378536 0.159991 0.383198 0.152722 0.384706 0.154648 0.385229 0.155579 0.385995 0.156083 0.387003 0.158231 0.389424 0.160597 0.389667 0.162537 0.388536 0.165361 0.386766 0.168046 0.386560 0.170824 0.386089 0.172676 0.382182 0.176426 0.377104 0.177815 0.376740 0.173370 0.373302 0.173556 0.373484 0.178278 0.365776 0.181194 0.359422 0.183185 0.351128 0.185486 0.348237 0.187106 0.348336 0.175606 0.335430 0.178296
2 0.370130 0.156574 0.369948 0.155556 0.370000 0.153843 0.369427 0.152083 0.367891 0.147546 0.367240 0.145278 0.367604 0.141898 0.370078 0.138056 0.372604 0.134167 0.373698 0.133148 0.378021 0.135417 0.375599 0.137407 0.371250 0.142824 0.370755 0.144259 0.373620 0.150926 0.374479 0.153843 0.378536 0.159991 0.379734 0.162306 0.379057 0.166750 0.378250 0.170639 0.377651 0.171241 0.377065 0.170440 0.373393 0.163773 0.372083 0.160880
14 0.320477 0.140227 0.350953 0.133426 0.353615 0.136079 0.355526 0.139398 0.356786 0.141060 0.358141 0.142384 0.358141 0.144463 0.358047 0.145620 0.358375 0.147861 0.359026 0.146699 0.360240 0.145208 0.361453 0.144542 0.363508 0.145042 0.365841 0.148278 0.365982 0.158153 0.357161 0.161222 0.355620 0.168523 0.335971 0.172569 0.335784 0.169435 0.332471 0.169931
1 0.319875 0.138949 0.322526 0.126843 0.325057 0.119556 0.326323 0.116824 0.327167 0.115273 0.332404 0.108630 0.339305 0.100597 0.343281 0.096894 0.348711 0.092940 0.353591 0.090102 0.354164 0.089833 0.353893 0.091440 0.348919 0.094278 0.343589 0.098296 0.339792 0.101616 0.332953 0.109921 0.327620 0.116454 0.325958 0.119565 0.325268 0.122134 0.323250 0.127597 0.320477 0.140227
2 0.354164 0.089833 0.354375 0.089259 0.355026 0.088981 0.355846 0.089037 0.356448 0.090213 0.357214 0.091898 0.357187 0.093194 0.356979 0.095000 0.357604 0.095926 0.358438 0.096157 0.358411 0.098380 0.358255 0.100278 0.353464 0.107870 0.340625 0.125509 0.336797 0.131389 0.334297 0.134722 0.332135 0.135833 0.331224 0.134352 0.328281 0.136528 0.324010 0.139398 0.320477 0.140227 0.322318 0.131713 0.324375 0.130278 0.330339 0.123935 0.336797 0.118194 0.340417 0.115417 0.341536 0.114907 0.344818 0.110648 0.346771 0.108333 0.349531 0.102593 0.352865 0.096574 0.353893 0.091440
2 0.373698 0.133148 0.365451 0.128454 0.359557 0.124611 0.353492 0.121079 0.350216 0.119468 0.349763 0.118417 0.350112 0.116370 0.351193 0.113954 0.352586 0.112778 0.355620 0.114014 0.363602 0.119347 0.373818 0.127032 0.377883 0.129972 0.378664 0.130574 0.386961 0.136574 0.384695 0.139611 0.377896 0.135458
14 0.346044 0.134597 0.346135 0.129991 0.346888 0.124796 0.347672 0.122227 0.348755 0.119866 0.349763 0.118417 0.350216 0.119468 0.353492 0.121079 0.359557 0.124611 0.365451 0.128454 0.373698 0.133148 0.372604 0.134167 0.370078 0.138056 0.367604 0.141898 0.367240 0.145278 0.367891 0.147546 0.369427 0.152083 0.370000 0.153843 0.369948 0.155556 0.370130 0.156574 0.365948 0.154056 0.365841 0.148278 0.363508 0.145042 0.361453 0.144542 0.360240 0.145208 0.359026 0.146699 0.358375 0.147861 0.358047 0.145620 0.358141 0.144463 0.358141 0.142384 0.356786 0.141060 0.355526 0.139398 0.353615 0.136079 0.350953 0.133426
14 0.385716 0.143083 0.387406 0.148769 0.386318 0.150704 0.385229 0.150991 0.384706 0.152426 0.384706 0.154648 0.383198 0.152722 0.378536 0.159991 0.374479 0.153843 0.373620 0.150926 0.370755 0.144259 0.371250 0.142824 0.375599 0.137407 0.378021 0.135417 0.384695 0.139611 0.382070 0.142847 0.381341 0.143958 0.381289 0.145579 0.382253 0.146597 0.383112 0.146690
10 0.385716 0.143083 0.390716 0.136412 0.395091 0.131644 0.405911 0.131815 0.395651 0.142509 0.395521 0.148157 0.392852 0.146185 0.391359 0.146185 0.388617 0.146972 0.387406 0.148769
1 0.378591 0.186856 0.389914 0.184356 0.400852 0.182616 0.413055 0.180449 0.421875 0.179889 0.419922 0.182370 0.409604 0.183731 0.399919 0.185481 0.379503 0.189403 0.377315 0.189634 0.377081 0.187134
1 0.375049 0.183236 0.382891 0.177130 0.392318 0.168519 0.399479 0.161759 0.398906 0.164074 0.383406 0.178394 0.376378 0.183995
2 0.395495 0.186296 0.384909 0.188343 0.387880 0.189074 0.389703 0.191481 0.385872 0.195056 0.386654 0.201259 0.388633 0.197972 0.389414 0.199824 0.386940 0.203806 0.387122 0.209639 0.387456 0.210843 0.390755 0.210880 0.392995 0.211481 0.395417 0.209444 0.396432 0.208333 0.398307 0.205324 0.407268 0.190551 0.409112 0.192162 0.409742 0.193218 0.413086 0.190301 0.409635 0.183796 0.399919 0.185481
