10 0.792487 0.641838 0.794151 0.640421 0.795596 0.639653 0.797693 0.639907 0.799573 0.640421 0.800656 0.641708 0.803766 0.646333 0.804487 0.648394 0.805479 0.651991 0.805854 0.655435 0.805789 0.659764 0.805419 0.662875 0.803917 0.666435 0.802732 0.668542 0.801669 0.670431 0.799297 0.671204 0.796542 0.671319 0.794107 0.670213 0.792112 0.668875 0.790232 0.666514 0.788273 0.663532 0.786870 0.659625 0.786409 0.656139 0.786964 0.650833 0.788367 0.647593 0.790326 0.644523
9 0.310865 0.295551 0.312917 0.294014 0.314807 0.292671 0.316102 0.290750 0.316805 0.288255 0.317021 0.283551 0.315995 0.278750 0.314643 0.276926 0.312862 0.275005 0.309271 0.274000 0.302841 0.275995 0.300589 0.276995 0.299219 0.277273 0.311029 0.293801 0.310474 0.295792
2 0.716276 0.577986 0.717471 0.578907 0.720125 0.580852 0.722359 0.581866 0.723870 0.583069 0.725013 0.584736 0.725013 0.586306 0.724440 0.587231 0.723570 0.589005 0.719385 0.591440 0.718406 0.588806 0.718096 0.588250 0.716690 0.589171 0.715495 0.589819 0.714505 0.589819 0.713518 0.588620 0.712789 0.586954 0.711750 0.584736 0.710865 0.583255 0.709878 0.581222 0.709721 0.578630 0.709565 0.577060 0.710357 0.576815 0.715526 0.576935
8 0.339409 0.192782 0.342034 0.202000 0.346281 0.217329 0.352654 0.239556 0.355591 0.248667 0.354716 0.250329 0.352654 0.250773 0.347156 0.232227 0.338221 0.200667 0.337221 0.197005 0.336846 0.195894 0.336596 0.194338 0.336659 0.192782 0.337346 0.192227 0.337971 0.191782 0.339034 0.191782
5 0.490396 0.465917 0.482622 0.460157 0.476016 0.454861 0.470833 0.451866 0.458008 0.441731 0.448419 0.435282 0.448680 0.428949 0.446672 0.423560 0.441398 0.413218 0.438263 0.407042 0.437148 0.403269 0.439727 0.388940 0.440167 0.379565 0.440284 0.366644 0.438042 0.361852 0.436294 0.357569 0.435435 0.352185 0.432188 0.349213 0.427313 0.344968 0.424089 0.341815 0.417753 0.333639 0.414242 0.328597 0.415693 0.320949 0.416859 0.315741 0.419372 0.314708 0.421070 0.316685 0.424076 0.317125 0.424245 0.319361 0.424919 0.321894 0.428521 0.325000 0.433029 0.328435 0.440815 0.332440 0.445323 0.332903 0.449302 0.332694 0.450414 0.338477 0.452099 0.344051 0.452891 0.348426 0.456245 0.349417 0.463630 0.351606 0.469901 0.359181 0.478750 0.369134 0.485240 0.380074 0.487818 0.383458 0.490734 0.385255 0.494206 0.388227 0.496331 0.392625 0.501474 0.395597 0.503612 0.405755 0.505828 0.412083 0.510823 0.417861 0.511906 0.419037 0.511250 0.423148 0.507875 0.427384 0.507641 0.433625 0.506747 0.440995 0.504945 0.442375 0.502938 0.445579 0.501151 0.447167 0.503276 0.452532 0.503378 0.455134 0.502044 0.458523 0.500359 0.463083 0.499013 0.464880 0.496667 0.465870 0.493312 0.467870
5 0.421604 0.413995 0.422523 0.408792 0.424198 0.402843 0.427878 0.398231 0.430388 0.395259 0.433398 0.387380 0.436659 0.373102 0.437664 0.365819 0.438042 0.361852 0.440284 0.366644 0.440167 0.379565 0.439727 0.388940 0.437148 0.403269 0.438263 0.407042 0.441398 0.413218 0.446672 0.423560 0.448680 0.428949 0.448419 0.435282
1 0.580021 0.474606 0.582461 0.469301 0.583424 0.466944 0.584841 0.463412 0.586289 0.461162 0.587583 0.458963 0.590206 0.453181 0.592526 0.446597 0.594604 0.440699 0.595779 0.437269 0.596758 0.433782 0.595961 0.432106 0.595773 0.429449 0.596799 0.428042 0.599461 0.425218 0.602216 0.424389 0.604734 0.424222 0.605435 0.425218 0.605714 0.426458 0.605669 0.428454 0.605339 0.429694 0.604174 0.430194 0.601841 0.430199 0.601094 0.430778 0.601049 0.433681 0.600115 0.434509 0.599695 0.435176 0.598807 0.435176 0.597784 0.435343 0.595914 0.440648 0.593487 0.447704 0.591807 0.453259 0.588021 0.460463 0.585695 0.464546 0.583732 0.468611 0.582318 0.471944 0.581633 0.473671 0.581167 0.474505
1 0.553432 0.511366 0.555057 0.507481 0.557245 0.502926 0.558432 0.500704 0.560180 0.497481 0.564516 0.494338 0.566734 0.493264 0.568354 0.492694 0.570727 0.490898 0.572745 0.488606 0.574401 0.486810 0.576581 0.482866 0.578232 0.480000 0.577911 0.478921 0.576094 0.481579 0.573471 0.486167 0.571333 0.488676 0.567461 0.491764 0.564599 0.493194 0.561612 0.494838 0.559437 0.496995 0.558224 0.498926 0.555201 0.504593 0.552297 0.510833
5 0.502737 0.321032 0.504906 0.323991 0.507870 0.324116 0.511052 0.325273 0.514883 0.326560 0.515750 0.327718 0.514089 0.331699 0.511846 0.335556 0.507221 0.338255 0.501479 0.334296 0.500417 0.337741 0.498385 0.339116 0.497128 0.334644 0.496448 0.332921 0.493383 0.331130 0.492487 0.323764 0.491135 0.320324 0.499013 0.320741 0.499104 0.318162
5 0.465646 0.348352 0.469130 0.352995 0.473195 0.354370 0.478034 0.355574 0.482003 0.356093 0.485388 0.357815 0.489646 0.361426 0.489841 0.365037 0.489357 0.366931 0.488003 0.369167 0.489357 0.369856 0.494680 0.372093 0.494969 0.373644 0.493227 0.383102 0.490734 0.385255 0.487818 0.383458 0.485240 0.380074 0.478750 0.369134 0.469901 0.359181 0.463630 0.351606 0.463885 0.349505 0.464805 0.348056
5 0.539471 0.460870 0.541164 0.464162 0.542497 0.464051 0.545750 0.471384 0.548922 0.478435 0.550534 0.483616 0.554023 0.492278 0.554682 0.494745 0.554086 0.496991 0.553120 0.498912 0.551612 0.500731 0.550172 0.502333 0.548544 0.502333 0.547948 0.500847 0.547706 0.498597 0.545417 0.499028 0.544693 0.499986 0.542107 0.499671 0.539102 0.499454 0.537956 0.499343 0.536740 0.499755 0.537747 0.487713 0.539247 0.474176 0.538911 0.460361
13 0.607518 0.504704 0.610193 0.506042 0.611951 0.508269 0.613372 0.510648 0.613622 0.512731 0.613622 0.517787 0.614042 0.526708 0.613206 0.531319 0.611448 0.533102 0.608521 0.533102 0.604339 0.531912 0.601495 0.528644 0.599654 0.526264 0.599404 0.523139 0.599823 0.515556 0.600576 0.510500 0.603167 0.506634 0.605258 0.504852
3 0.511344 0.423079 0.516047 0.428852 0.521870 0.433630 0.526125 0.438204 0.530044 0.442583 0.532844 0.446565 0.536690 0.452731 0.537870 0.455278 0.538911 0.460361 0.539247 0.474176 0.537747 0.487713 0.536740 0.499755 0.517078 0.484889 0.498018 0.471269 0.493312 0.467870 0.496667 0.465870 0.499013 0.464880 0.500359 0.463083 0.502044 0.458523 0.503378 0.455134 0.503276 0.452532 0.501151 0.447167 0.502938 0.445579 0.504945 0.442375 0.506747 0.440995 0.507641 0.433625 0.507862 0.427264
8 0.635690 0.515755 0.633247 0.533213 0.631258 0.545477 0.629638 0.555671 0.627799 0.566815 0.624161 0.564426 0.625036 0.557736 0.626203 0.552093 0.626667 0.550269 0.628305 0.548606 0.629161 0.547704 0.629956 0.545046 0.630047 0.542472 0.629021 0.540560 0.628089 0.538486 0.632380 0.515343 0.632943 0.513269 0.633174 0.513106 0.634060 0.513431 0.635042 0.513681 0.635789 0.514093
5 0.477794 0.337259 0.482482 0.340810 0.486979 0.343144 0.491354 0.343921 0.497102 0.344477 0.499352 0.344366 0.502536 0.345477 0.506161 0.348366 0.514409 0.355139 0.519594 0.360806 0.523094 0.365028 0.521344 0.366361 0.517781 0.363361 0.512596 0.357806 0.506599 0.352921 0.500701 0.348944 0.498651 0.346620 0.495102 0.346532 0.491323 0.346231 0.487130 0.345444 0.481781 0.343111 0.478375 0.340523 0.476596 0.338023
5 0.560758 0.419333 0.567094 0.430477 0.568747 0.433255 0.571544 0.439481 0.572901 0.442713 0.573740 0.447282 0.574578 0.451681 0.575372 0.457324 0.576466 0.465685 0.577677 0.470130 0.578969 0.472505 0.580021 0.474606 0.577742 0.474685 0.573805 0.476481 0.571276 0.477972 0.570471 0.479153 0.570021 0.480579 0.569672 0.482255 0.569253 0.484731 0.568974 0.487644 0.569164 0.490440 0.567883 0.490884 0.565034 0.482519 0.561969 0.475093 0.558419 0.466796 0.559026 0.464120 0.559229 0.458755 0.559229 0.440824 0.558563 0.421727 0.559094 0.420287 0.559596 0.419606 0.560026 0.419259
5 0.492487 0.323764 0.493383 0.331130 0.492487 0.333917 0.487448 0.336704 0.484536 0.337500 0.480617 0.337102 0.476362 0.335509 0.472107 0.333917 0.465727 0.332921 0.460240 0.333120 0.455760 0.333120 0.449302 0.332694 0.445323 0.332903 0.440815 0.332440 0.433029 0.328435 0.428521 0.325000 0.424919 0.321894 0.424245 0.319361 0.424076 0.317125 0.423958 0.313611 0.425974 0.311222 0.429221 0.309231 0.431409 0.305125 0.437497 0.309731 0.450065 0.315491 0.460690 0.317102 0.473385 0.319634 0.482195 0.320556 0.491135 0.320324
5 0.491135 0.320324 0.482195 0.320556 0.473385 0.319634 0.460690 0.317102 0.450065 0.315491 0.437497 0.309731 0.431409 0.305125 0.426227 0.299597 0.420526 0.290616 0.418094 0.279523 0.418599 0.278750 0.420695 0.276181 0.422068 0.274380 0.423516 0.274380 0.424742 0.273736 0.426190 0.274894 0.428937 0.275407 0.431901 0.274250 0.435875 0.272324 0.436167 0.269111 0.436750 0.264792 0.439997 0.266787 0.446271 0.270565 0.448057 0.274148 0.453659 0.277130 0.457245 0.275153 0.459125 0.275125 0.462813 0.274611 0.468234 0.277056 0.473148 0.279755 0.477922 0.282838 0.480740 0.286435 0.488547 0.291833 0.490839 0.297245 0.493299 0.303676 0.497846 0.310236 0.499583 0.313509 0.499104 0.318162 0.499013 0.320741
5 0.423117 0.228565 0.425214 0.231778 0.426875 0.234991 0.428250 0.237431 0.429622 0.238847 0.431865 0.241157 0.434828 0.244116 0.438393 0.245968 0.436750 0.264792 0.436167 0.269111 0.435875 0.272324 0.431901 0.274250 0.428937 0.275407 0.426190 0.274894 0.424742 0.273736 0.423516 0.274380 0.422068 0.274380 0.420695 0.276181 0.418599 0.278750 0.418094 0.279523 0.416357 0.277079 0.415417 0.275537 0.413250 0.274509 0.411732 0.272968 0.410357 0.271042 0.406526 0.269755 0.404357 0.267699 0.405695 0.262755 0.408776 0.255185 0.412672 0.247519
5 0.403557 0.401199 0.404453 0.396819 0.404565 0.392241 0.405013 0.384477 0.406357 0.382884 0.408596 0.382486 0.410612 0.380495 0.412516 0.366759 0.415315 0.358995 0.417555 0.354421 0.420242 0.353426 0.424385 0.353625 0.427409 0.353426 0.431414 0.351370 0.432188 0.349213 0.435435 0.352185 0.436294 0.357569 0.438042 0.361852 0.437664 0.365819 0.436659 0.373102 0.433398 0.387380 0.430388 0.395259 0.427878 0.398231 0.424198 0.402843 0.422523 0.408792 0.421604 0.413995 0.419159 0.412356 0.409922 0.405718 0.404273 0.401736
5 0.457310 0.255810 0.461359 0.255810 0.470828 0.255167 0.474443 0.254653 0.479503 0.254269 0.486336 0.254398 0.495010 0.255028 0.498927 0.255694 0.499672 0.255694 0.497107 0.248884 0.495703 0.243255 0.495669 0.242574 0.495914 0.241338 0.497099 0.240403 0.499781 0.238731 0.500302 0.237190 0.500477 0.235440 0.501104 0.234208 0.501698 0.234333 0.503648 0.240222 0.505737 0.246648 0.507393 0.252315 0.508089 0.256505 0.507544 0.259667 0.505651 0.266968 0.504633 0.271759 0.504466 0.273685 0.503872 0.274458 0.503005 0.274653 0.501711 0.274074 0.498690 0.272245 0.495422 0.275343 0.494193 0.281718 0.493188 0.285690 0.490831 0.288685 0.488547 0.291833 0.480740 0.286435 0.477922 0.282838 0.473148 0.279755 0.468234 0.277056 0.462813 0.274611 0.459125 0.275125 0.457245 0.275153 0.453659 0.277130 0.448057 0.274148 0.446271 0.270565 0.439997 0.266787 0.436750 0.264792 0.435406 0.263407 0.435406 0.258227 0.437305 0.249819 0.439120 0.248037 0.441214 0.249968 0.443219 0.248773 0.446310 0.252199 0.449578 0.255167 0.451159 0.257417 0.454091 0.257417 0.455424 0.256222
5 0.550482 0.378509 0.552320 0.387630 0.553385 0.397264 0.554971 0.411028 0.556539 0.417944 0.558563 0.421727 0.559229 0.440824 0.559229 0.458755 0.559026 0.464120 0.557651 0.466824 0.556424 0.470023 0.556279 0.473241 0.556055 0.475565 0.548922 0.478435 0.545750 0.471384 0.542497 0.464051 0.537870 0.455278 0.536690 0.452731 0.537349 0.448292 0.538211 0.446366 0.538143 0.444181 0.537706 0.440963 0.536544 0.436338 0.535180 0.431588 0.534523 0.424259 0.534687 0.416380 0.535065 0.410718 0.535443 0.409273 0.535065 0.403319 0.534367 0.398917 0.533758 0.392926 0.539362 0.389056 0.545294 0.383412
5 0.329263 0.210995 0.330779 0.210611 0.332875 0.210866 0.334971 0.211639 0.336057 0.209069 0.335479 0.203801 0.335841 0.201616 0.338221 0.200667 0.347156 0.232227 0.352654 0.250773 0.351599 0.252509 0.348057 0.255079 0.342781 0.258380 0.342852 0.261852 0.343430 0.264551 0.342708 0.269306 0.341479 0.272005 0.341977 0.275833 0.342232 0.281486 0.337547 0.280139 0.333779 0.280588 0.331357 0.279407 0.326818 0.274292 0.325849 0.272056 0.325849 0.269819 0.327396 0.265347 0.330497 0.258458 0.331271 0.255028 0.328849 0.247625 0.326878 0.244616 0.329732 0.238861 0.330016 0.235648 0.325896 0.229843 0.327227 0.229338 0.329893 0.225782 0.329802 0.221708 0.327031 0.219861 0.327555 0.217769 0.328568 0.214815
5 0.288125 0.252343 0.290625 0.258671 0.294310 0.266560 0.297310 0.269889 0.298247 0.272889 0.299810 0.275111 0.299219 0.277273 0.292219 0.269935 0.289875 0.267236 0.289875 0.270023 0.284201 0.275282 0.281727 0.277935 0.282057 0.279977 0.283628 0.282898 0.289922 0.293750 0.296633 0.303097 0.302135 0.310972 0.299922 0.314931 0.296352 0.316991 0.293547 0.316583 0.293125 0.318236 0.279529 0.307102 0.266034 0.296551 0.254849 0.286662 0.236729 0.270556 0.234107 0.267449 0.234854 0.263116 0.236167 0.259894 0.237854 0.257671 0.238667 0.254343 0.239854 0.253120 0.242417 0.250676 0.244664 0.248454 0.245977 0.245009 0.248727 0.239681 0.250289 0.235903 0.252224 0.233014 0.253661 0.233236 0.256224 0.234458 0.258161 0.233792 0.259034 0.230014 0.260346 0.228236 0.261346 0.227569 0.262536 0.226819 0.267242 0.230037 0.271372 0.233079 0.276779 0.237884 0.279622 0.241056 0.283320 0.247130 0.284474 0.250306 0.286076 0.250750
5 0.263581 0.220005 0.265643 0.214435 0.267352 0.208491 0.268844 0.204824 0.269911 0.203181 0.270125 0.200903 0.268346 0.198375 0.267352 0.196222 0.267422 0.192935 0.266924 0.190787 0.267492 0.189519 0.271547 0.187625 0.277096 0.186356 0.279232 0.185093 0.280654 0.183829 0.282432 0.183954 0.284924 0.185727 0.288482 0.188509 0.288622 0.190278 0.287911 0.191546 0.287201 0.192176 0.288695 0.194958 0.290828 0.197995 0.295367 0.205824 0.296599 0.206912 0.297828 0.207898 0.299180 0.207898 0.300781 0.207782 0.301393 0.207241 0.300966 0.204949 0.301336 0.203634 0.302745 0.203523 0.305021 0.203852 0.306622 0.205278 0.306253 0.207139 0.303641 0.212097 0.303641 0.215144 0.306458 0.217685 0.309089 0.216944 0.312734 0.217176 0.316042 0.215972 0.318620 0.215602 0.322969 0.213750 0.327737 0.212287 0.328779 0.212102 0.328568 0.214815 0.327555 0.217769 0.327031 0.219861 0.329802 0.221708 0.329922 0.225880 0.327227 0.229338 0.325896 0.229843 0.330016 0.235648 0.329732 0.238861 0.326878 0.244616 0.323924 0.251722 0.321635 0.256810 0.320495 0.258843 0.317729 0.257315 0.316115 0.255111 0.314398 0.252065 0.312492 0.247324 0.309732 0.242921 0.308685 0.242250 0.307255 0.242250 0.306586 0.244792 0.304948 0.247269 0.303701 0.248907 0.305951 0.253574 0.311201 0.264125 0.309888 0.265347 0.306013 0.267903 0.299703 0.272569 0.298247 0.272889 0.297310 0.269889 0.294310 0.266560 0.290625 0.258671 0.288125 0.252343 0.286076 0.250750 0.284474 0.250306 0.283320 0.247088 0.279622 0.241056 0.276779 0.237884 0.271372 0.233079 0.267242 0.230037 0.262536 0.226819 0.261971 0.224505 0.262398 0.222218
5 0.341750 0.189148 0.345682 0.191972 0.349029 0.191824 0.351786 0.193463 0.354464 0.198069 0.355885 0.202384 0.358060 0.205208 0.359901 0.205208 0.362193 0.202843 0.363865 0.201505 0.365339 0.200153 0.367260 0.199556 0.368852 0.201639 0.370477 0.202907 0.371221 0.204565 0.371781 0.205310 0.372388 0.205065 0.373042 0.204565 0.373703 0.205505 0.375878 0.206991 0.375794 0.202681 0.375961 0.197921 0.378052 0.197921 0.385036 0.198861 0.389227 0.200273 0.392914 0.200657 0.394070 0.201935 0.395375 0.203481 0.396904 0.207144 0.397841 0.210741 0.398565 0.215667 0.398091 0.218384 0.398318 0.220375 0.399008 0.221398 0.402156 0.225727 0.403313 0.227407 0.404047 0.229579 0.402885 0.230218 0.401807 0.230606 0.401445 0.238963 0.400326 0.238593 0.389076 0.236361 0.382828 0.234815 0.382208 0.237477 0.387393 0.238593 0.402326 0.241921 0.404701 0.242694 0.406380 0.244255 0.406448 0.247023 0.405779 0.248972 0.404190 0.257875 0.403018 0.265759 0.399599 0.262667 0.397565 0.262667 0.395240 0.263514 0.392339 0.274009 0.389995 0.282843 0.388924 0.285593 0.385536 0.283347 0.383714 0.281699 0.381589 0.282486 0.379841 0.286056 0.377302 0.281264 0.374253 0.275565 0.374010 0.269236 0.371937 0.260255 0.367922 0.248495 0.365596 0.243856 0.364049 0.242991 0.361531 0.244718 0.355591 0.248667 0.352654 0.239556 0.346281 0.217329 0.342034 0.202000 0.339409 0.192782 0.339034 0.191782
1 0.403018 0.265759 0.404190 0.257875 0.405779 0.248972 0.406448 0.247023 0.406380 0.244255 0.404701 0.242694 0.402326 0.241921 0.387393 0.238593 0.382208 0.237477 0.382828 0.234815 0.389076 0.236361 0.400326 0.238593 0.405385 0.240139 0.406826 0.241255 0.407635 0.242144 0.408263 0.243810 0.408195 0.245356 0.407344 0.250708 0.405922 0.256657 0.405695 0.262755 0.404357 0.267699
2 0.497461 0.352097 0.504401 0.359551 0.509888 0.365977 0.515021 0.373801 0.519286 0.382542 0.524555 0.393287 0.527961 0.401935 0.529378 0.405944 0.530339 0.409157 0.530424 0.410505 0.527477 0.412639 0.526362 0.413282 0.523740 0.405907 0.520768 0.397935 0.517370 0.390264 0.511557 0.379176 0.506714 0.371037 0.502529 0.366259 0.499659 0.363148 0.496216 0.359370 0.491286 0.357157 0.486227 0.350037 0.485164 0.345606 0.491844 0.349269
1 0.496766 0.389315 0.496260 0.379032 0.496117 0.369264 0.493370 0.360139 0.489898 0.355644 0.486227 0.350037 0.483076 0.344486 0.481781 0.343111 0.479888 0.341931 0.483018 0.346708 0.489885 0.358264 0.492885 0.363583 0.494701 0.369148 0.494680 0.372093 0.494969 0.373644 0.494888 0.389366 0.496331 0.392625
2 0.693169 0.541208 0.693977 0.540565 0.695630 0.540565 0.696799 0.540921 0.697487 0.541282 0.697646 0.553616 0.697688 0.564227 0.697487 0.565519 0.696857 0.566051 0.696055 0.566421 0.693305 0.564819 0.693169 0.561218 0.692888 0.548736
1 0.619919 0.490546 0.619630 0.489495 0.619404 0.487991 0.619857 0.487185 0.620422 0.487588 0.620872 0.488894 0.621891 0.491806 0.622398 0.493417 0.622625 0.495926 0.622003 0.499944 0.621326 0.502454 0.619630 0.505370 0.617823 0.507681 0.617370 0.509083 0.617313 0.510389 0.617992 0.512398 0.619745 0.516417 0.619122 0.524755 0.618219 0.526463 0.618049 0.525963 0.618161 0.524153 0.618615 0.516819 0.618500 0.516019 0.616013 0.510792 0.615732 0.509185 0.615844 0.507778 0.620273 0.501542 0.620693 0.499634 0.621326 0.495421 0.621438 0.493815 0.620146 0.492065
5 0.549336 0.380421 0.546227 0.376477 0.535583 0.367838 0.528404 0.359194 0.527289 0.356676 0.524352 0.355056 0.522023 0.353972 0.519794 0.353792 0.516453 0.355231 0.515135 0.355954 0.519594 0.360806 0.523094 0.365028 0.521344 0.366361 0.520201 0.376477 0.522023 0.388361 0.524555 0.393287 0.527961 0.401935 0.529378 0.405944 0.530339 0.409157 0.530424 0.410505 0.529055 0.412028 0.530344 0.417755 0.531875 0.424343 0.532443 0.424685 0.534617 0.425310 0.534523 0.424259 0.534687 0.416380 0.535065 0.410718 0.535443 0.409273 0.535065 0.403319 0.534367 0.398917 0.533758 0.392926 0.539362 0.389056 0.545294 0.383412
2 0.394693 0.342139 0.395599 0.332236 0.394432 0.321870 0.392359 0.311046 0.392750 0.301602 0.393826 0.286306 0.395159 0.281838 0.400690 0.276194 0.407208 0.275157 0.413250 0.274509 0.415417 0.275537 0.416357 0.277079 0.418094 0.279523 0.420526 0.290616 0.426227 0.299597 0.431409 0.305125 0.429221 0.309231 0.425974 0.311222 0.423958 0.313611 0.424076 0.317125 0.421070 0.316685 0.419372 0.314708 0.416859 0.315741 0.415693 0.320949 0.414242 0.328597 0.417753 0.333639 0.424089 0.341815 0.427313 0.344968 0.432188 0.349213 0.431414 0.351370 0.427409 0.353426 0.424385 0.353625 0.420242 0.353426 0.417555 0.354421 0.415315 0.358995 0.412516 0.366759 0.410612 0.380495 0.408596 0.382486 0.406357 0.382884 0.405013 0.384477 0.404565 0.392241 0.404453 0.396819 0.403557 0.401199 0.399169 0.397245 0.398104 0.392431 0.396557 0.382449 0.396073 0.368685 0.395492 0.355954 0.395401 0.347829 0.395544 0.343972
2 0.335729 0.289630 0.338354 0.287741 0.340414 0.286741 0.342039 0.286407 0.345102 0.286407 0.345852 0.286741 0.346599 0.287963 0.347286 0.292185 0.349867 0.304222 0.351542 0.310176 0.353703 0.318718 0.354891 0.321162 0.355891 0.322606 0.357328 0.322162 0.358078 0.321829 0.359016 0.322162 0.359828 0.322829 0.360141 0.325162 0.359766 0.330495 0.358953 0.331495 0.349576 0.331880 0.347044 0.331236 0.343789 0.328417 0.341547 0.325074 0.342271 0.308500 0.337641 0.306056 0.336703 0.305801 0.334898 0.295005 0.334029 0.290505
1 0.374099 0.307773 0.371398 0.305468 0.365997 0.301532 0.359935 0.296528 0.355560 0.292690 0.346990 0.284884 0.343674 0.281907 0.342232 0.281486 0.337547 0.280139 0.333779 0.280588 0.333052 0.282972 0.332031 0.301097 0.331818 0.305727 0.332393 0.306370 0.334852 0.306245 0.334836 0.295046 0.334029 0.290505 0.335036 0.289852 0.335070 0.289431 0.335036 0.288597 0.335391 0.283056 0.338568 0.283102 0.342005 0.283426 0.344844 0.285324 0.345852 0.286741 0.346599 0.287963 0.348096 0.289097 0.355982 0.296481 0.373802 0.310528
2 0.329297 0.313926 0.328141 0.316495 0.326839 0.317394 0.325755 0.316111 0.324310 0.312255 0.323370 0.312000 0.322357 0.313542 0.322719 0.316241 0.323370 0.321639 0.319466 0.323306 0.316792 0.323898 0.312424 0.320917 0.308060 0.317731 0.302456 0.312356 0.302135 0.310972 0.296633 0.303097 0.289922 0.293750 0.283628 0.282898 0.282057 0.279977 0.281727 0.277935 0.284201 0.275282 0.289875 0.270023 0.289875 0.267236 0.292219 0.269935 0.299219 0.277273 0.311029 0.293801 0.310474 0.295792 0.311370 0.298181 0.316292 0.302759 0.321779 0.307537
2 0.318885 0.267523 0.323151 0.276745 0.324151 0.278532 0.323065 0.281208 0.321227 0.284477 0.318547 0.286861 0.317021 0.283551 0.315995 0.278750 0.311201 0.264125 0.305951 0.253574 0.303701 0.248907 0.304948 0.247269 0.306552 0.244773 0.307255 0.242250 0.308685 0.242250 0.309732 0.242921 0.312492 0.247324 0.314398 0.252065 0.316115 0.255111 0.317729 0.257315
1 0.391904 0.307255 0.383531 0.294370 0.380503 0.288597 0.379841 0.286056 0.377302 0.281264 0.374263 0.275782 0.370857 0.268148 0.366422 0.259435 0.364510 0.255870 0.363904 0.256366 0.365023 0.259185 0.367635 0.265991 0.372055 0.274454 0.374320 0.278019 0.374667 0.279653 0.377266 0.284343 0.380440 0.291727 0.384500 0.299194 0.386693 0.302935 0.389117 0.306167 0.391966 0.309565 0.392359 0.310056 0.392466 0.307833
2 0.575849 0.527722 0.574344 0.516569 0.571919 0.495750 0.571307 0.490306 0.570727 0.490898 0.569302 0.491931 0.570003 0.501134 0.571870 0.514708 0.572630 0.521519 0.573164 0.526796 0.573977 0.527569 0.575273 0.528329
1 0.399536 0.219509 0.401159 0.213079 0.401859 0.207315 0.402453 0.196565 0.402453 0.192435 0.402995 0.191282 0.403263 0.189940 0.402724 0.180343 0.402076 0.180051 0.398026 0.181014 0.397648 0.181685 0.397865 0.187157 0.398404 0.190324 0.399159 0.191958 0.400349 0.192819 0.400185 0.200787 0.399539 0.210486 0.398565 0.215667 0.398091 0.218384 0.398318 0.220375 0.399008 0.221398
1 0.374667 0.279653 0.376104 0.294648 0.377453 0.312597 0.377266 0.313931 0.375953 0.313153 0.374391 0.294829 0.373141 0.280944 0.372828 0.277500 0.373453 0.277167 0.374328 0.278056
5 0.438393 0.245968 0.440969 0.239199 0.442872 0.235616 0.447464 0.229046 0.451828 0.223074 0.454404 0.219889 0.454740 0.214315 0.454740 0.210333 0.455188 0.207347 0.456307 0.206750 0.457987 0.207347 0.461010 0.214315 0.464370 0.218894 0.466385 0.223273 0.467729 0.230241 0.468625 0.233028 0.467057 0.237009 0.463138 0.241190 0.458693 0.247144 0.456935 0.251759 0.455424 0.256222 0.454091 0.257417 0.451159 0.257417 0.449578 0.255167 0.446310 0.252199 0.443219 0.248773 0.441214 0.249968 0.439120 0.248037
2 0.396437 0.395370 0.392523 0.392778 0.387781 0.389495 0.386875 0.389167 0.386646 0.387500 0.383898 0.377222 0.381729 0.367708 0.379922 0.361282 0.379641 0.358856 0.381138 0.356630 0.384766 0.354088 0.390052 0.350144 0.394245 0.348597 0.395401 0.347829 0.395492 0.355954 0.396073 0.368685 0.396557 0.382449 0.398104 0.392431 0.399169 0.397245
2 0.379922 0.361282 0.381729 0.367708 0.383898 0.377222 0.386646 0.387500 0.386875 0.389167 0.370742 0.377991 0.366888 0.375394 0.363326 0.364843 0.361815 0.360139 0.362711 0.360074 0.368458 0.361194 0.372831 0.360745 0.375888 0.361079 0.377826 0.360306 0.379641 0.358856
2 0.348057 0.255079 0.351599 0.252509 0.352654 0.250773 0.354716 0.250329 0.355591 0.248667 0.361531 0.244718 0.364049 0.242991 0.365596 0.243856 0.367922 0.248495 0.371937 0.260255 0.374010 0.269236 0.374253 0.275565 0.370857 0.268148 0.366422 0.259435 0.364510 0.255870 0.363904 0.256366 0.365023 0.259185 0.367635 0.265991 0.372055 0.274454 0.373635 0.276921 0.373453 0.277167 0.372828 0.277500 0.373141 0.280944 0.373823 0.288472 0.368451 0.291028 0.358766 0.293250 0.355560 0.292690 0.346990 0.284884 0.343674 0.281907 0.342232 0.281486 0.341977 0.275833 0.341479 0.272005 0.342708 0.269306 0.343430 0.264551 0.342852 0.261852 0.342781 0.258380
2 0.760086 0.643148 0.761242 0.644819 0.766594 0.645074 0.770497 0.645463 0.770930 0.649829 0.765797 0.653171 0.762255 0.654972 0.759508 0.655616 0.758568 0.655102 0.757917 0.654074 0.757484 0.652014 0.758424 0.647903 0.759003 0.643662 0.759292 0.642889
2 0.359766 0.353880 0.358224 0.350477 0.358177 0.349648 0.359253 0.349231 0.359531 0.347991 0.359112 0.345250 0.359018 0.343676 0.360997 0.343398 0.363091 0.343898 0.366229 0.344454 0.369052 0.345009 0.371284 0.345634 0.373052 0.346787 0.374237 0.348130 0.375857 0.349954 0.377531 0.352736 0.378177 0.355324 0.376966 0.356824 0.374435 0.358625 0.372339 0.358111 0.368508 0.357083 0.363552 0.356819 0.360990 0.356486
2 0.358740 0.355931 0.360990 0.356486 0.363552 0.356819 0.368508 0.357083 0.372339 0.358111 0.374435 0.358625 0.376966 0.356824 0.378177 0.355324 0.382172 0.350398 0.384484 0.347958 0.387159 0.347444 0.389763 0.345514 0.393016 0.344231 0.395544 0.343972 0.395401 0.347829 0.394245 0.348597 0.390052 0.350144 0.384766 0.354088 0.381138 0.356630 0.379641 0.358856 0.377826 0.360306 0.375888 0.361079 0.372831 0.360745 0.368458 0.361194 0.362711 0.360074 0.360333 0.359190 0.358958 0.358856 0.358648 0.358523
2 0.703451 0.541815 0.704336 0.541259 0.705117 0.540843 0.705638 0.540935 0.706341 0.541352 0.706914 0.541815 0.707461 0.542093 0.708112 0.542694 0.708320 0.554963 0.708276 0.565375 0.708031 0.566986 0.707716 0.567977 0.707266 0.569074 0.704422 0.568838 0.703203 0.568056 0.702370 0.566481 0.702578 0.554574 0.702734 0.541796
2 0.698099 0.541236 0.699010 0.540727 0.700365 0.540407 0.701120 0.540454 0.701745 0.540870 0.702161 0.541190 0.702734 0.541796 0.702578 0.554574 0.702370 0.566481 0.700971 0.567352 0.699193 0.567042 0.698208 0.566565 0.697487 0.565519 0.697688 0.564227 0.697646 0.553616 0.697487 0.541282
2 0.756398 0.629361 0.758779 0.630444 0.761393 0.630444 0.764146 0.631278 0.767740 0.631606 0.771427 0.632023 0.774229 0.632023 0.774742 0.632523 0.774367 0.637750 0.773201 0.638662 0.769560 0.638495 0.763219 0.637792 0.763490 0.638935 0.764245 0.639708 0.763432 0.642204 0.759815 0.640278 0.755659 0.638935 0.751961 0.636801 0.752292 0.640968 0.752292 0.643500 0.752714 0.645731 0.751961 0.647366 0.749953 0.648102 0.749034 0.650037 0.747865 0.651083 0.737326 0.644981 0.730214 0.639931 0.725026 0.636505 0.723935 0.631648 0.722344 0.627486 0.719586 0.625111 0.716823 0.623769 0.711805 0.620347 0.708711 0.618116 0.706536 0.619014 0.704445 0.621245 0.698253 0.616185 0.696497 0.609347 0.699091 0.606968 0.701935 0.603398 0.705953 0.598884 0.708763 0.595218 0.712323 0.594662 0.719385 0.591440 0.723570 0.589005 0.728258 0.589227 0.733883 0.589014 0.736807 0.591505 0.738589 0.592074 0.740745 0.591505 0.742477 0.590921 0.743987 0.591319 0.745661 0.591986 0.746958 0.592366 0.748091 0.592472 0.748633 0.592935 0.739234 0.607630 0.732268 0.618000 0.733505 0.620102 0.735510 0.622991 0.739573 0.625921 0.744005 0.627259 0.745594 0.626662 0.748523 0.626366 0.754378 0.628449
10 0.358487 0.261773 0.361898 0.262264 0.364128 0.263380 0.366078 0.265361 0.366911 0.267093 0.367469 0.270560 0.367539 0.272667 0.367539 0.276130 0.366354 0.280218 0.365451 0.282074 0.363919 0.284301 0.361341 0.286157 0.359044 0.286157 0.357651 0.285662 0.355633 0.284921 0.353542 0.283310 0.351872 0.281579 0.350896 0.278731 0.350828 0.276500 0.350688 0.272787 0.350966 0.270315 0.352010 0.267713 0.352987 0.265361 0.354378 0.263505 0.356049 0.262514
5 0.577677 0.470130 0.576466 0.465685 0.575372 0.457324 0.574578 0.451681 0.573740 0.447282 0.572901 0.442713 0.571544 0.439481 0.568747 0.433255 0.569073 0.432426 0.571638 0.436162 0.575232 0.441472 0.580411 0.448194 0.583542 0.452338 0.587039 0.457981 0.587583 0.458963 0.586289 0.461162 0.584841 0.463412 0.583424 0.466944 0.582461 0.469301 0.580021 0.474606 0.578969 0.472505
2 0.360740 0.321102 0.362224 0.318870 0.367352 0.319037 0.369682 0.318704 0.370055 0.316384 0.369589 0.314227 0.371060 0.314218 0.372482 0.314815 0.372648 0.312583 0.375953 0.313153 0.377266 0.313931 0.377453 0.312597 0.378706 0.312509 0.381042 0.313796 0.382026 0.313815 0.383862 0.316889 0.384888 0.317755 0.386021 0.318236 0.387880 0.312667 0.387880 0.311333 0.392359 0.311046 0.394432 0.321870 0.395599 0.332236 0.394693 0.342139 0.395544 0.343972 0.393016 0.344231 0.389763 0.345514 0.387159 0.347444 0.384484 0.347958 0.382172 0.350398 0.378177 0.355324 0.377531 0.352736 0.375857 0.349954 0.374237 0.348130 0.373052 0.346787 0.371284 0.345634 0.369052 0.345009 0.366229 0.344454 0.363091 0.343898 0.360997 0.343398 0.359018 0.343676 0.359112 0.345250 0.359531 0.347991 0.359253 0.349231 0.358177 0.349648 0.358224 0.350477 0.355018 0.349750 0.353430 0.347519 0.352995 0.345463 0.351911 0.344565 0.351276 0.343333 0.351716 0.338148 0.352763 0.334278 0.354857 0.332130 0.358953 0.331495 0.359766 0.330495 0.360141 0.325162 0.359828 0.322829
2 0.594664 0.470417 0.598786 0.467861 0.602849 0.466981 0.606159 0.467306 0.611721 0.469306 0.616719 0.474190 0.622943 0.486032 0.624297 0.492565 0.625073 0.499958 0.623617 0.518375 0.618979 0.530227 0.616169 0.533449 0.614018 0.535981 0.611669 0.538449 0.603734 0.543000 0.596549 0.544000 0.594482 0.542468 0.592534 0.540986 0.591755 0.539403 0.584023 0.519227 0.583745 0.516657 0.584747 0.514282 0.585802 0.513491 0.587128 0.516273 0.588417 0.518421 0.590255 0.524468 0.592924 0.531394 0.596318 0.540491 0.597987 0.539560 0.609484 0.535338 0.614982 0.531671 0.620292 0.522898 0.621549 0.517523 0.622297 0.512046 0.622948 0.500426 0.622854 0.494708 0.622167 0.489676 0.620299 0.484120 0.618523 0.480468 0.614701 0.475569 0.611714 0.473005 0.608583 0.471505 0.601073 0.471005 0.594151 0.474093 0.580219 0.477532 0.581094 0.487088 0.581305 0.488227 0.580969 0.492389 0.582091 0.498194 0.583216 0.511347 0.580406 0.511347 0.578281 0.482431 0.578232 0.480000 0.577911 0.478921 0.577867 0.478102 0.577742 0.474685 0.580021 0.474606 0.581411 0.474444 0.587247 0.473204 0.590651 0.472213 0.593146 0.470921
2 0.660206 0.572625 0.663070 0.571477 0.666096 0.570884 0.667326 0.570495 0.668047 0.571778 0.668047 0.573319 0.668411 0.574991 0.670867 0.574602 0.672315 0.574347 0.674482 0.574991 0.675930 0.576532 0.676651 0.578847 0.678604 0.581157 0.682365 0.582699 0.687711 0.587074 0.692120 0.592468 0.693854 0.594398 0.694365 0.596065 0.694437 0.597606 0.693206 0.599667 0.690750 0.604935 0.689302 0.607894 0.686422 0.607204 0.683674 0.606537 0.683299 0.606093 0.682674 0.601093 0.681174 0.597653 0.679987 0.598764 0.679612 0.598657 0.679302 0.596653 0.677177 0.595875 0.676865 0.594431 0.675615 0.595319 0.674490 0.596431 0.671354 0.594431 0.669109 0.592759 0.667294 0.592208 0.665857 0.592875 0.664922 0.593204 0.651240 0.584435 0.650878 0.583398 0.651818 0.582370 0.653622 0.578519 0.654852 0.576847 0.655938 0.574917 0.657383 0.573764 0.658685 0.572218
2 0.676281 0.557889 0.677802 0.557699 0.679039 0.558454 0.680927 0.560676 0.682495 0.562019 0.685060 0.563412 0.688339 0.564481 0.693305 0.564819 0.696055 0.566421 0.696857 0.566051 0.697487 0.565519 0.698208 0.566565 0.699193 0.567042 0.700971 0.567352 0.702370 0.566481 0.703203 0.568056 0.704422 0.568838 0.707266 0.569074 0.708885 0.570264 0.712865 0.570069 0.717297 0.571065 0.720432 0.571722 0.722763 0.572718 0.725938 0.575625 0.728320 0.575884 0.731068 0.575713 0.732703 0.576037 0.734339 0.578949 0.737591 0.581977 0.739273 0.584417 0.740706 0.585639 0.743214 0.585088 0.745148 0.585861 0.746523 0.586981 0.747898 0.587634 0.749021 0.587310 0.751023 0.583972 0.753703 0.581870 0.755513 0.578981 0.757245 0.575181 0.759674 0.571051 0.762589 0.567694 0.763943 0.565972 0.764911 0.564426 0.765404 0.562222 0.766479 0.561551 0.767987 0.562894 0.770581 0.567986 0.770958 0.570380 0.770747 0.571634 0.770203 0.573458 0.762685 0.580546 0.760594 0.582731 0.759289 0.584796 0.756326 0.590319 0.751411 0.597648 0.745544 0.606750 0.742747 0.611894 0.737185 0.620394 0.735510 0.622991 0.733505 0.620102 0.732268 0.618000 0.739234 0.607630 0.748633 0.592935 0.748091 0.592472 0.746958 0.592366 0.745661 0.591986 0.743987 0.591319 0.742477 0.590921 0.740745 0.591505 0.738589 0.592074 0.736807 0.591505 0.733883 0.589014 0.731620 0.585366 0.729828 0.582870 0.728987 0.581199 0.729036 0.580204 0.725299 0.580287 0.723432 0.578690 0.721216 0.577056 0.715526 0.576935 0.710357 0.576815 0.707086 0.577245 0.705063 0.577435 0.703352 0.577245 0.701859 0.576935 0.699161 0.574782 0.695813 0.573338 0.693992 0.572704 0.691380 0.571977 0.688185 0.571977 0.686995 0.571894 0.686336 0.571222 0.685456 0.570810 0.681953 0.570810 0.678120 0.570157 0.675276 0.568986 0.674859 0.568315 0.674945 0.566079 0.674810 0.564083 0.675091 0.561847 0.675740 0.559023
2 0.759060 0.588597 0.758977 0.599454 0.760568 0.601384 0.762406 0.603912 0.761737 0.607037 0.760901 0.610606 0.759313 0.618042 0.755883 0.625625 0.754378 0.628449 0.748523 0.626366 0.745594 0.626662 0.744005 0.627259 0.739573 0.625921 0.735510 0.622991 0.737185 0.620394 0.742747 0.611894 0.745544 0.606750 0.751411 0.597648 0.756326 0.590319 0.759289 0.584796
2 0.637523 0.572681 0.640706 0.570755 0.642151 0.568954 0.644031 0.566130 0.645839 0.562273 0.648078 0.557903 0.650971 0.553019 0.653068 0.548264 0.654505 0.545486 0.655721 0.541671 0.657497 0.539435 0.661503 0.537106 0.664727 0.536699 0.666362 0.535787 0.667620 0.535116 0.669810 0.538227 0.670120 0.540449 0.670372 0.542454 0.670872 0.544227 0.671372 0.544676 0.672370 0.544676 0.673185 0.544676 0.673930 0.545782 0.675115 0.546569 0.675990 0.547222 0.676685 0.548005 0.676497 0.549343 0.673995 0.551116 0.670242 0.553227 0.667563 0.554111 0.665560 0.552889 0.664807 0.553338 0.662747 0.560111 0.658685 0.572218 0.657383 0.573764 0.655938 0.574917 0.654852 0.576847 0.653622 0.578519 0.651818 0.582370 0.650878 0.583398 0.648997 0.582759 0.641190 0.576847 0.637055 0.573764
2 0.372648 0.312583 0.366794 0.309014 0.360268 0.305000 0.354664 0.302324 0.352742 0.301727 0.351570 0.302324 0.351990 0.304403 0.361607 0.309162 0.367464 0.312435 0.371060 0.314218 0.372482 0.314815
2 0.581305 0.488227 0.591005 0.483468 0.599286 0.478708 0.601211 0.479005 0.601628 0.481833 0.598201 0.484954 0.590755 0.488671 0.582391 0.492389 0.580969 0.492389
1 0.518622 0.407699 0.522104 0.415495 0.525378 0.423542 0.526563 0.428000 0.528372 0.431093 0.529487 0.435676 0.533456 0.445208 0.536690 0.452731 0.532844 0.446565 0.528372 0.435796 0.525516 0.426884 0.522245 0.419333 0.519599 0.413639 0.517997 0.409185 0.518099 0.407884
2 0.512180 0.416764 0.515497 0.419194 0.516799 0.419194 0.520076 0.423782 0.523461 0.426931 0.525958 0.429940 0.528372 0.435796 0.532844 0.446565 0.530044 0.442583 0.526125 0.438204 0.521870 0.433630 0.516047 0.428852 0.511344 0.423079 0.511906 0.419037
2 0.602966 0.485426 0.594857 0.497523 0.589448 0.502824 0.582924 0.509287 0.582458 0.503403 0.586495 0.499824 0.594362 0.490778 0.598201 0.484954 0.601628 0.481833 0.602089 0.481130 0.602995 0.482356 0.602995 0.483731
2 0.614026 0.556662 0.619898 0.561440 0.621836 0.562440 0.621773 0.559218 0.622898 0.557551 0.624461 0.555667 0.625208 0.553000 0.626203 0.552093 0.626667 0.550269 0.628305 0.548606 0.629161 0.547704 0.629956 0.545046 0.630047 0.542472 0.629021 0.540560 0.628089 0.538486 0.625490 0.539171 0.621773 0.537583 0.620930 0.536083 0.620604 0.536083 0.618013 0.543546 0.617544 0.545486 0.616216 0.549333 0.614906 0.552264 0.614164 0.553431 0.613839 0.554588
