0 0.163992 0.539833 0.162422 0.548204 0.165089 0.560194 0.166971 0.566606 0.162581 0.581944 0.161167 0.587519 0.154266 0.589472 0.147836 0.611505 0.142344 0.624606 0.140932 0.650819 0.141247 0.669505 0.143758 0.685120 0.150815 0.700736 0.158188 0.708546 0.172776 0.686514 0.172932 0.717745 0.181716 0.752884 0.188617 0.761250 0.195206 0.760690 0.198971 0.759856 0.209010 0.765431 0.217638 0.760972 0.222029 0.754838 0.220930 0.745912 0.217323 0.720537 0.204305 0.699065 0.203049 0.688190 0.204461 0.634370 0.212932 0.631301 0.220461 0.627120 0.233323 0.656120 0.239753 0.673968 0.237872 0.688190 0.235206 0.701296 0.235206 0.706870 0.238500 0.714681 0.243831 0.721653 0.247753 0.720537 0.253870 0.720537 0.261401 0.726111 0.264068 0.718306 0.271281 0.705477 0.277242 0.699903 0.277242 0.692370 0.274891 0.684565 0.276458 0.676199 0.277870 0.667833 0.277870 0.659468 0.274576 0.648870 0.262341 0.648310 0.247911 0.612060 0.234263 0.596722 0.240224 0.589194 0.241008 0.578875 0.247409 0.584148 0.261823 0.567079 0.272836 0.559356 0.264052 0.543125 0.259596 0.534148 0.252805 0.520819 0.238279 0.507907 0.235927 0.515824 0.229951 0.511449 0.221401 0.505204 0.212021 0.539778 0.209339 0.540199
5 0.483148 0.334060 0.492435 0.328940 0.502185 0.346773 0.499122 0.347597 0.492807 0.348421 0.489185 0.348588 0.482591 0.350074 0.481292 0.350736 0.479341 0.350898 0.474943 0.349051 0.478318 0.344625 0.480734 0.340995 0.483891 0.338352 0.482406 0.334389
5 0.426932 0.221407 0.432419 0.217505 0.435044 0.215718 0.442362 0.227005 0.458471 0.255134 0.476646 0.287611 0.495398 0.321875 0.492013 0.323824 0.488721 0.326588 0.484906 0.329597 0.481797 0.324306 0.440964 0.250324 0.425979 0.222417
3 0.568391 0.704519 0.570471 0.702343 0.573411 0.702343 0.574391 0.699292 0.575247 0.696681 0.575982 0.694287 0.575737 0.692546 0.574758 0.689495 0.577331 0.689495 0.578310 0.687319 0.581492 0.688407 0.584065 0.691454 0.586023 0.694069 0.588107 0.694940 0.588841 0.692324 0.588229 0.689713 0.589576 0.688190 0.590310 0.686231 0.589943 0.684926 0.587617 0.685144 0.586758 0.684708 0.585411 0.682093 0.587250 0.681657 0.586268 0.679264 0.586268 0.674912 0.585411 0.674042 0.582964 0.673384 0.581862 0.670338 0.580023 0.667074 0.578432 0.661194 0.577331 0.659019 0.575370 0.656407 0.575615 0.652051 0.576227 0.647046 0.575492 0.645083 0.573656 0.643995 0.571698 0.643125 0.568513 0.643778 0.566677 0.643343 0.565573 0.646394 0.563859 0.647046 0.562880 0.650528 0.560922 0.651181 0.559083 0.649657 0.554063 0.648134
3 0.596346 0.674213 0.597573 0.671602 0.597573 0.668991 0.596346 0.668773 0.595490 0.665505 0.598674 0.665287 0.600266 0.662241 0.599654 0.657884 0.599531 0.654838 0.598552 0.647000 0.596469 0.648088 0.594510 0.647435 0.594510 0.644171 0.593409 0.643083 0.590836 0.643083 0.587776 0.636986 0.589367 0.634375 0.590469 0.633287 0.589979 0.630019 0.588878 0.627843 0.587115 0.624991 0.587250 0.620204 0.587396 0.614912 0.587531 0.610125 0.583992 0.610384 0.581445 0.614171 0.580023 0.613412 0.578469 0.609620 0.576766 0.612407 0.575211 0.614171 0.571096 0.613148 0.568831 0.615176 0.568831 0.620463 0.569260 0.625755 0.572370 0.630782 0.575211 0.631282 0.577612 0.633046 0.579313 0.637597 0.579888 0.640861 0.578039 0.643889 0.577758 0.646412 0.578187 0.650440 0.580453 0.648176 0.582570 0.648417 0.583281 0.650440 0.586404 0.657495 0.588669 0.665287 0.589807 0.669074 0.593482 0.673102
5 0.558255 0.452176 0.559190 0.454565 0.558005 0.456731 0.557115 0.459403 0.555549 0.461093 0.554047 0.461829 0.550766 0.464144 0.550013 0.464856 0.550013 0.465236 0.551792 0.466079 0.551719 0.466569 0.549263 0.468866 0.546521 0.472273 0.545367 0.474208 0.544003 0.474208 0.542224 0.477370 0.540721 0.480171 0.537578 0.482468 0.535661 0.484537 0.534773 0.484537 0.532719 0.486852 0.532042 0.487944 0.530539 0.486722 0.529375 0.483690 0.514036 0.451713
5 0.409766 0.256759 0.415326 0.266329 0.425760 0.284880 0.435549 0.300537 0.438109 0.304278 0.441495 0.312093 0.451549 0.325259 0.453568 0.328287 0.466737 0.336616 0.469299 0.338231 0.470484 0.338079 0.472224 0.332384 0.473141 0.331250 0.475979 0.331250 0.477346 0.330264 0.479086 0.329616 0.479180 0.327662 0.481797 0.324306 0.440964 0.250324 0.425979 0.222417 0.426932 0.221407 0.420258 0.208704 0.415690 0.217491 0.409469 0.223829 0.402161 0.237315 0.403151 0.239444 0.401875 0.240741
5 0.404648 0.263625 0.412607 0.278745 0.417096 0.288231 0.434802 0.319995 0.440469 0.331574 0.446641 0.328611 0.453464 0.327639 0.441495 0.312093 0.438109 0.304278 0.435549 0.300537 0.425760 0.284880 0.415326 0.266329 0.409766 0.256759
5 0.466380 0.447778 0.486534 0.482639 0.483661 0.484037 0.481331 0.484685 0.479125 0.487514 0.457266 0.448056
5 0.401732 0.256542 0.394081 0.262838 0.381047 0.276944 0.373128 0.280958 0.377518 0.287787 0.387672 0.303398 0.396818 0.319176 0.403307 0.320972 0.406979 0.324213 0.411615 0.331991 0.414661 0.338472 0.415901 0.338125 0.401211 0.310963 0.402508 0.304259 0.403982 0.299889 0.411688 0.295227 0.417096 0.288231 0.412607 0.278745 0.404648 0.263625
5 0.470091 0.341755 0.474943 0.349051 0.478318 0.344625 0.480734 0.340995 0.483891 0.338352 0.482406 0.334389 0.483148 0.334060 0.492435 0.328940 0.499716 0.342083 0.500273 0.339935 0.500831 0.336139 0.500273 0.332838 0.499437 0.330361 0.499065 0.328380 0.496745 0.326069 0.497023 0.324750 0.495630 0.323426 0.495398 0.321875 0.492013 0.323824 0.488721 0.326588 0.484906 0.329597 0.481797 0.324306 0.479180 0.327662 0.479086 0.329616 0.477346 0.330264 0.475979 0.331250 0.473141 0.331250 0.472224 0.332384 0.470484 0.338079 0.469299 0.338231 0.466737 0.336616
5 0.457388 0.335102 0.462484 0.337755 0.469570 0.347037 0.458505 0.343282 0.445328 0.339968 0.442841 0.335102 0.449182 0.333116 0.452289 0.333116
5 0.430357 0.337755 0.434547 0.334509 0.440469 0.331574 0.434802 0.319995 0.417096 0.288231 0.411688 0.295227 0.403982 0.299889 0.402508 0.304259 0.401211 0.310963 0.415901 0.338125 0.426273 0.337755
5 0.503299 0.451981 0.516229 0.475407 0.522198 0.469000 0.514036 0.451713
5 0.525263 0.491366 0.528049 0.488560 0.530539 0.486722 0.522198 0.469000 0.516229 0.475407
5 0.481982 0.463241 0.498539 0.496463 0.507109 0.512685 0.510068 0.518079 0.514672 0.532653 0.515104 0.534190 0.516398 0.534444 0.517260 0.538282 0.519130 0.544676 0.520714 0.548255 0.521721 0.548000 0.521000 0.551579 0.522008 0.551579 0.523016 0.550301 0.524310 0.550301 0.525461 0.548255 0.525891 0.546463 0.528049 0.545440 0.529201 0.542630 0.529919 0.537000 0.530784 0.532398 0.535529 0.529074 0.538120 0.526005 0.539125 0.522681 0.539414 0.521403 0.533083 0.507083 0.525263 0.491366 0.516229 0.475407 0.503299 0.451981 0.498849 0.451333 0.488203 0.451079 0.485615 0.453120 0.485326 0.455681 0.482451 0.456449 0.478279 0.456190
5 0.502161 0.513380 0.497471 0.522343 0.487479 0.503051 0.479125 0.487514 0.481331 0.484685 0.483661 0.484037 0.486534 0.482639 0.496180 0.499259 0.498568 0.496435 0.507109 0.512731
5 0.471211 0.456153 0.478279 0.456190 0.481982 0.463241 0.498539 0.496463 0.496180 0.499259 0.486534 0.482639
5 0.365854 0.275787 0.369401 0.274449 0.371763 0.277315 0.373128 0.280958 0.377518 0.287787 0.387672 0.303398 0.396818 0.319176 0.393576 0.317046 0.390245 0.314181 0.387773 0.313417 0.384659 0.312463
1 0.589313 0.608745 0.586513 0.607806 0.585227 0.605116 0.580763 0.597986 0.561021 0.577009 0.552622 0.568269 0.542865 0.548903 0.543924 0.547963 0.553456 0.566116 0.557615 0.571361 0.567299 0.581583 0.569643 0.582926 0.557086 0.564773 0.550883 0.547426 0.552018 0.546616 0.558599 0.563157 0.564878 0.573245 0.576831 0.588843 0.583940 0.599065 0.588404 0.606866
