0 0.452552 0.284630 0.447839 0.283796 0.443299 0.284120 0.437727 0.284532 0.434940 0.286185 0.434477 0.287009 0.433385 0.291352 0.432260 0.297019 0.430760 0.295764 0.430698 0.296722 0.430211 0.297394 0.428104 0.299028 0.427370 0.301375 0.426234 0.304389 0.425260 0.306898 0.424513 0.309884 0.424328 0.310463 0.423581 0.311625 0.421294 0.312620 0.428484 0.315162 0.433987 0.319829 0.436659 0.323296 0.437378 0.328782 0.436927 0.331551 0.436177 0.335435 0.434266 0.339722 0.433930 0.348171 0.412557 0.350333 0.405591 0.350000 0.399880 0.351032 0.396758 0.351130 0.395503 0.352278 0.393042 0.352963 0.390479 0.357074 0.388294 0.357741 0.387596 0.357759 0.385669 0.359495 0.383669 0.360852 0.381672 0.364519 0.381609 0.366407 0.380391 0.367176 0.379917 0.369593 0.378273 0.374755 0.379435 0.375958 0.379531 0.378023 0.378854 0.379227 0.378273 0.381292 0.377497 0.383356 0.375951 0.381634 0.374208 0.389551 0.373240 0.400731 0.372466 0.417250 0.374516 0.418477 0.374516 0.421301 0.373930 0.421301 0.370500 0.419519 0.370646 0.426819 0.371831 0.433921 0.380096 0.439491 0.385948 0.426282 0.390802 0.418782 0.401943 0.396671 0.405961 0.389301 0.413474 0.389301 0.422544 0.393218 0.429539 0.397134 0.433945 0.402889 0.440164 0.412796 0.446253 0.420167 0.445422 0.436403 0.444904 0.441241 0.443997 0.454667 0.438237 0.462069 0.432922 0.468486 0.429437 0.471583 0.427503 0.472616 0.441255 0.482588 0.458089 0.494185 0.466120 0.498657 0.471901 0.503426 0.470534 0.469667 0.470419 0.453116 0.469677 0.434995 0.468026 0.393671 0.466680 0.369940 0.462779 0.341995 0.459320 0.316648 0.456930 0.303852 0.456185 0.287343
2 0.317109 0.366875 0.309591 0.367903 0.306844 0.368287 0.304169 0.365588 0.302867 0.365333 0.302435 0.367389 0.299398 0.368032 0.297086 0.370602 0.294628 0.373042 0.293542 0.375616 0.294122 0.379856 0.298711 0.383884 0.309333 0.390713 0.314047 0.383403 0.322799 0.370787 0.323833 0.367005 0.321302 0.365718
1 0.346073 0.310231 0.345961 0.303065 0.346297 0.297889 0.348424 0.287338 0.350552 0.284153 0.356820 0.277185 0.363750 0.272917 0.376641 0.266037 0.380000 0.264644 0.384609 0.262083 0.387266 0.262824 0.389219 0.266111 0.390443 0.271435 0.391310 0.283157 0.391982 0.294306 0.390862 0.294505 0.390190 0.292116 0.389661 0.284306 0.389089 0.277130 0.388174 0.269222 0.387279 0.265639 0.385711 0.264444 0.382630 0.266389 0.379974 0.268056 0.375573 0.270000 0.370807 0.272593 0.359060 0.279537 0.355729 0.282407 0.352161 0.285509 0.350729 0.287917 0.349273 0.292773 0.348435 0.297370 0.347240 0.310014
2 0.433930 0.348171 0.433154 0.350583 0.432380 0.350583 0.430734 0.348171 0.425896 0.341292 0.424930 0.339741 0.419992 0.340431 0.416510 0.341051 0.414883 0.338366 0.415531 0.338074 0.417641 0.339417 0.420284 0.338176 0.424174 0.337782 0.425635 0.338935 0.428005 0.341824 0.430328 0.345370 0.432487 0.348343
2 0.365065 0.320407 0.368745 0.330671 0.372677 0.341079 0.375102 0.350894 0.376104 0.356245 0.376859 0.359667 0.378547 0.361542 0.376281 0.349542 0.375469 0.345421 0.373638 0.339560 0.371589 0.332843 0.369104 0.327264 0.365398 0.317718
2 0.328635 0.338370 0.334674 0.346704 0.339469 0.352213 0.347333 0.360222 0.347062 0.362042 0.346490 0.363759 0.346036 0.364611 0.337492 0.355343 0.330745 0.347898 0.326474 0.339852
2 0.513789 0.449361 0.518286 0.442167 0.523083 0.445361 0.525169 0.446931 0.524844 0.441417 0.525654 0.440722 0.526651 0.440926 0.526419 0.439625 0.525966 0.438412 0.523771 0.434648 0.521276 0.431958 0.518221 0.429500 0.515029 0.427264 0.516867 0.426060 0.519005 0.426042 0.520141 0.424426 0.520518 0.422278 0.519914 0.419454 0.517570 0.416764 0.516208 0.413806 0.513711 0.409634 0.512576 0.406273
8 0.529188 0.481167 0.532201 0.483991 0.534039 0.486671 0.534039 0.488454 0.538055 0.493509 0.542823 0.498417 0.546000 0.503620 0.547924 0.507782 0.543427 0.505194 0.542211 0.504560 0.536549 0.496306 0.532383 0.489778 0.531414 0.489778 0.530878 0.489106 0.530768 0.487560 0.528661 0.485556 0.528117 0.483727 0.528393 0.482389 0.528771 0.481898
2 0.400229 0.335352 0.402805 0.339259 0.408599 0.346523 0.411224 0.350412 0.405591 0.350000 0.399880 0.351032 0.396758 0.351130 0.397000 0.348898 0.397443 0.344602 0.397518 0.342745 0.399057 0.337153
2 0.333104 0.380009 0.335547 0.375681 0.337372 0.378403 0.339685 0.382731 0.341372 0.381509 0.341372 0.381509 0.340674 0.379713 0.341167 0.378463 0.342891 0.377880 0.344029 0.378370 0.345156 0.379130 0.346562 0.381153 0.348294 0.382491 0.349482 0.380662 0.350253 0.380648 0.352393 0.382282 0.352961 0.383014 0.352201 0.384690 0.351029 0.385657 0.349156 0.385523 0.348242 0.385731 0.346221 0.384833 0.344188 0.385986 0.338331 0.386236 0.335948 0.387921 0.336401 0.389866 0.333323 0.389431
2 0.343109 0.341653 0.345917 0.351157 0.348346 0.358644 0.352396 0.362773 0.351318 0.363347 0.351263 0.364690 0.356232 0.373139 0.357042 0.373236 0.357096 0.371218 0.357258 0.367954 0.358297 0.365032 0.356625 0.361764 0.350435 0.350315 0.345167 0.343472
2 0.358953 0.347255 0.357763 0.345019 0.354417 0.340856 0.352409 0.339222 0.349648 0.336843 0.344214 0.331787 0.342122 0.330000 0.340701 0.327769 0.337688 0.327028 0.337854 0.330597 0.339979 0.336333 0.341234 0.336185 0.347893 0.341005 0.351573 0.343681 0.355003 0.347250 0.356516 0.348921
2 0.352036 0.291722 0.353391 0.293444 0.353391 0.296713 0.358810 0.302218 0.360068 0.305657 0.360359 0.305315 0.360167 0.303250 0.360844 0.300324 0.361521 0.300500 0.366844 0.305657 0.365779 0.308583 0.367859 0.310718 0.365924 0.310718 0.364086 0.313986 0.365148 0.315537 0.368247 0.318287 0.369104 0.327264 0.365398 0.317718 0.365065 0.320407 0.368745 0.330671 0.371073 0.336954 0.369951 0.337505 0.370453 0.350718 0.368518 0.349616 0.361888 0.340069 0.358646 0.334667 0.356701 0.335426 0.356411 0.335940 0.352792 0.335560 0.350846 0.328750 0.350120 0.322829 0.347875 0.315120 0.348328 0.313287 0.347240 0.310014 0.347651 0.305657 0.348716 0.305486 0.349026 0.302940 0.349549 0.300620 0.350102 0.297472 0.350284 0.295630 0.351214 0.294889
6 0.771586 0.588981 0.797117 0.622625 0.834180 0.671394 0.870010 0.718972 0.929245 0.796806 0.980531 0.864292 0.998669 0.887181 1.000000 0.889333 1.000000 0.894329 0.991951 0.898329 0.937979 0.825671 0.811000 0.654278 0.768563 0.597144 0.769906 0.594755 0.768227 0.592963 0.769794 0.589380 0.770802 0.590176
6 0.657396 0.575676 0.655599 0.582343 0.618273 0.546898 0.559060 0.490935 0.526831 0.459755 0.521286 0.456824 0.517839 0.458421 0.514391 0.452824 0.513789 0.449361 0.518286 0.442167 0.523083 0.445361 0.526232 0.447759 0.525633 0.452560 0.527133 0.457356 0.530430 0.454690 0.557562 0.480005 0.593688 0.513611 0.631990 0.550227 0.651805 0.569333 0.656513 0.573519
5 0.445422 0.436403 0.444904 0.441241 0.430911 0.444231 0.424174 0.445384 0.416401 0.447917 0.409406 0.450681 0.398393 0.453907 0.397227 0.448380 0.401372 0.446769 0.407333 0.444231 0.416143 0.442620 0.418086 0.441009 0.425859 0.439398
5 0.444904 0.441241 0.443997 0.454667 0.435706 0.451903 0.424174 0.445384 0.430911 0.444231
5 0.390802 0.418782 0.390154 0.433292 0.404146 0.437208 0.416143 0.442620 0.418086 0.441009 0.425859 0.439398 0.445422 0.436403 0.446253 0.420167 0.440164 0.412796 0.433945 0.402889 0.429539 0.397134 0.422544 0.393218 0.413474 0.389301 0.405961 0.389301 0.401943 0.396671
5 0.432052 0.455583 0.432922 0.468486 0.429437 0.471583 0.427503 0.472616 0.418891 0.467972 0.419276 0.466421 0.421599 0.465560 0.422568 0.464528 0.422760 0.459884 0.423245 0.453690 0.425956 0.453000 0.428956 0.453519
9 0.767630 0.667792 0.776914 0.666167 0.773906 0.655935 0.772404 0.655120 0.765276 0.655005 0.764622 0.655704
2 0.322799 0.370787 0.314102 0.383426 0.309333 0.390713 0.317195 0.396662 0.321964 0.387593 0.325643 0.380009 0.326732 0.376440 0.327401 0.374060
2 0.281888 0.364157 0.283792 0.372120 0.289839 0.370130 0.299581 0.363560 0.300240 0.360375 0.300240 0.358384 0.302143 0.355199 0.304172 0.350222 0.304396 0.345245 0.305292 0.340866 0.311404 0.338815 0.310187 0.336486 0.306589 0.330537 0.305482 0.330218 0.301135 0.331630 0.296367 0.334718 0.293982 0.337144 0.293187 0.340630 0.293120 0.344611 0.291596 0.344472 0.291888 0.346403 0.295570 0.353208 0.294484 0.353606 0.292458 0.350384 0.291529 0.351157 0.294419 0.356810 0.292604 0.357847 0.292180 0.359000 0.290656 0.358366 0.287979 0.359120 0.285448 0.360676 0.284005 0.361449
2 0.379917 0.369593 0.378273 0.374755 0.379435 0.375958 0.379531 0.378023 0.378854 0.379227 0.378273 0.381292 0.377497 0.383356 0.375951 0.381634 0.374208 0.389551 0.373240 0.400731 0.372466 0.417250 0.371003 0.416394 0.367490 0.413866 0.365385 0.410634 0.366195 0.390662 0.367143 0.381810 0.368013 0.377852 0.370336 0.376301 0.370240 0.374583 0.368594 0.372171 0.366174 0.370625 0.360799 0.367176 0.361143 0.365292 0.364724 0.367699 0.368112 0.369764 0.372370 0.369764 0.375174 0.367699 0.378755 0.367356 0.380391 0.367176
2 0.534482 0.426403 0.536029 0.429671 0.534482 0.431222 0.530221 0.430532 0.518221 0.429500 0.515029 0.427264 0.516867 0.426060 0.522771 0.426403 0.529448 0.426231
6 0.396216 0.339796 0.394859 0.345301 0.384698 0.334806 0.381117 0.331537 0.375505 0.325514 0.368247 0.318287 0.365148 0.315537 0.364086 0.313986 0.365924 0.310718 0.367859 0.310718 0.376279 0.320181 0.384990 0.328954 0.391667 0.334977
6 0.358083 0.378519 0.352734 0.374792 0.350112 0.373005 0.347049 0.369449 0.334367 0.355231 0.331844 0.357569 0.331432 0.361019 0.339211 0.369495 0.339211 0.370241 0.344898 0.374106 0.350669 0.378269 0.356023 0.382282 0.358448 0.384069 0.357956 0.381301
2 0.511016 0.389685 0.519185 0.393028 0.525039 0.395083 0.529089 0.397014 0.531258 0.397782 0.531328 0.399454 0.531185 0.405236 0.529813 0.405366 0.524461 0.402153 0.517667 0.399454 0.512099 0.397782
1 0.602076 0.545630 0.601070 0.554551 0.604583 0.557819 0.609185 0.563028 0.610354 0.564065 0.614370 0.576856 0.615542 0.581019 0.616628 0.580574 0.615542 0.577301 0.612112 0.567486 0.611193 0.563028 0.607763 0.559458 0.605672 0.556782 0.603664 0.555593 0.601906 0.553806 0.603161 0.546222
1 0.517544 0.494866 0.520391 0.498231 0.524714 0.502639 0.518664 0.494671 0.516719 0.492181 0.516828 0.490931 0.519240 0.494245 0.528086 0.505194 0.540404 0.521319 0.546531 0.529616 0.547451 0.530579 0.547148 0.531352 0.553826 0.538750 0.555859 0.540472 0.561154 0.547019 0.554469 0.541815 0.548151 0.534421 0.541458 0.525106 0.533411 0.514449 0.525576 0.505236 0.521042 0.501111 0.519935 0.500639
2 0.548935 0.508139 0.551372 0.503361 0.553310 0.499694 0.555120 0.500472 0.556932 0.499806 0.558807 0.500472 0.560307 0.500917 0.561867 0.500917 0.562117 0.502694 0.563305 0.504139 0.564367 0.505472 0.564680 0.506361 0.564305 0.507694 0.562867 0.509134 0.561245 0.513579 0.560781 0.514736 0.559552 0.514153
1 0.567896 0.557333 0.572268 0.560694 0.580370 0.567032 0.586849 0.571639 0.589766 0.573750 0.590466 0.575190 0.590034 0.576440 0.584203 0.572597 0.575078 0.565593 0.568490 0.560023 0.567388 0.558931 0.567701 0.557259
15 0.529674 0.522653 0.517544 0.511056 0.517128 0.520574 0.517211 0.523694 0.538281 0.539259 0.535500 0.533681 0.531380 0.525597 0.529951 0.522861
1 0.516128 0.494468 0.519263 0.503426 0.529117 0.521139 0.535500 0.533681 0.539531 0.541644 0.545128 0.552593 0.548151 0.554185 0.541435 0.540250 0.534268 0.527310 0.527885 0.514968 0.522958 0.506014 0.519935 0.500639 0.516352 0.492278
6 0.579034 0.523111 0.577130 0.539833 0.577130 0.541028 0.569698 0.531523 0.564956 0.526190 0.560698 0.522750 0.555956 0.519310 0.552763 0.518792 0.549471 0.519481 0.546182 0.518968 0.544148 0.521204 0.544052 0.523611 0.540404 0.521319 0.528086 0.505194 0.519240 0.494245 0.523271 0.494444 0.543427 0.505194 0.559552 0.514153 0.573771 0.520523
2 0.704849 0.604588 0.702833 0.612949 0.706753 0.615537 0.708656 0.616134 0.711792 0.616333 0.713023 0.616931 0.711232 0.628079 0.709440 0.628477 0.706865 0.628477 0.704065 0.624894 0.698914 0.621907 0.692867 0.619917 0.692755 0.622903 0.691523 0.623102 0.689508 0.620912 0.688836 0.618722 0.683573 0.616134 0.677641 0.611556 0.665547 0.600009 0.665883 0.596426 0.669466 0.582292 0.675289 0.586671 0.688164 0.594634 0.698802 0.600806 0.703841 0.603194
9 0.813828 0.689102 0.812763 0.687213 0.811990 0.682912 0.806378 0.684630 0.805216 0.684458 0.803958 0.685491 0.802602 0.684287 0.800182 0.684287 0.798828 0.685833 0.796117 0.689620 0.798055 0.692028 0.799893 0.692028 0.801151 0.690653 0.801539 0.688759 0.802893 0.690310 0.803279 0.693060 0.805797 0.692375 0.806474 0.692028 0.807635 0.693750 0.808312 0.695296 0.809570 0.695815 0.809763 0.693750 0.809667 0.692718 0.812182 0.692546 0.813151 0.692889
2 0.690320 0.629250 0.690622 0.632171 0.690622 0.638194 0.689750 0.647486 0.667878 0.632519 0.646104 0.617894 0.651716 0.616861 0.660716 0.620819 0.676589 0.624773 0.686362 0.627014
2 0.588570 0.557162 0.587214 0.561287 0.584409 0.564384 0.581794 0.565417 0.580536 0.564042 0.579667 0.558708 0.574633 0.555097 0.569409 0.549074 0.565148 0.545977 0.562729 0.543051 0.555859 0.540472 0.553826 0.538750 0.547148 0.531352 0.548117 0.530319 0.547148 0.526537 0.545503 0.525676 0.544052 0.523611 0.544148 0.521204 0.546182 0.518968 0.549471 0.519481 0.552763 0.518792 0.555956 0.519310 0.560698 0.522750 0.564956 0.526190 0.569698 0.531523 0.578505 0.543569
2 0.617297 0.588861 0.617443 0.592847 0.631682 0.592333 0.653227 0.593491 0.653010 0.590403 0.652576 0.588093 0.649539 0.589505 0.641008 0.589505
15 0.568464 0.553250 0.566672 0.562806 0.554357 0.552255 0.543495 0.544292 0.541435 0.540250 0.534268 0.527310 0.533451 0.525403 0.544893 0.534519 0.551266 0.539792 0.561154 0.547019
2 0.521419 0.473394 0.517602 0.470282 0.515477 0.470060 0.515914 0.491278 0.516828 0.490931 0.519240 0.494245 0.523271 0.494444 0.525974 0.493495 0.528536 0.492273 0.528286 0.489833 0.526786 0.486944 0.524286 0.489278 0.521607 0.488722 0.520102 0.486389 0.519477 0.483611 0.521607 0.482278 0.522724 0.479833 0.523036 0.478722 0.522661 0.474171
2 0.412643 0.235130 0.407365 0.255954 0.402667 0.272917 0.400281 0.282685 0.399992 0.284611 0.401076 0.285769 0.402232 0.288852 0.405195 0.292194 0.407870 0.289495 0.403896 0.284870 0.403318 0.283968 0.406497 0.275870 0.411484 0.261477 0.413437 0.253769 0.414956 0.247727 0.416547 0.245028 0.418208 0.242329 0.420451 0.238602 0.419799 0.235773 0.418570 0.236032 0.418859 0.237829 0.414232 0.237190 0.413943 0.235005
2 0.411206 0.269579 0.419328 0.277579 0.429510 0.287574 0.433385 0.291352 0.432260 0.297019 0.429531 0.294769 0.421201 0.287019 0.415766 0.281690 0.410706 0.277245 0.411081 0.275468 0.409331 0.273023
2 0.376279 0.320181 0.386870 0.324648 0.400169 0.330894 0.398161 0.335204 0.393562 0.333273 0.384990 0.328954
2 0.391216 0.304713 0.394180 0.311778 0.398372 0.319361 0.402771 0.329093 0.404612 0.327458 0.402927 0.326171 0.402997 0.324116 0.403648 0.323602 0.407771 0.326944 0.412542 0.330417 0.411602 0.327204 0.409721 0.324116 0.409359 0.321417 0.408492 0.317819 0.406612 0.312421 0.404661 0.310495 0.403216 0.309208 0.402276 0.304069 0.401409 0.299958 0.400276 0.299361 0.398779 0.298472 0.396638 0.296745 0.395841 0.298926 0.394396 0.297644 0.393023 0.295074 0.391982 0.294306 0.390862 0.294505 0.391576 0.298801
2 0.404661 0.310495 0.406620 0.308069 0.408492 0.317819 0.409359 0.321417 0.409721 0.324116 0.411602 0.327204 0.412542 0.330417 0.407771 0.326944 0.403648 0.323602 0.402997 0.324116 0.402927 0.326171 0.404612 0.327458 0.406919 0.328694 0.405188 0.329838 0.403289 0.331519 0.407839 0.334097 0.412193 0.336509 0.413354 0.336852 0.414883 0.338366 0.415531 0.338074 0.417641 0.339417 0.420284 0.338176 0.424174 0.337782 0.420844 0.333532 0.419974 0.330435 0.419393 0.326819 0.418232 0.326134 0.417070 0.324412 0.417362 0.321833 0.417943 0.321144 0.419201 0.322176 0.419682 0.322519 0.420555 0.320630 0.421039 0.318389 0.421909 0.316843 0.420362 0.315468 0.418909 0.313917 0.418331 0.313139 0.417414 0.311986 0.417414 0.309778 0.414458 0.307898 0.413974 0.304972 0.413781 0.303593 0.412424 0.303250 0.412039 0.303940 0.412813 0.307380 0.411263 0.306519 0.409813 0.304625 0.408844 0.302907 0.407102 0.301014 0.405956 0.299236 0.405643 0.298241 0.404646 0.299014 0.403708 0.300681 0.403458 0.303792 0.402708 0.303236 0.402583 0.301347 0.402458 0.299681 0.401833 0.298792 0.400958 0.297463 0.400276 0.299361 0.401409 0.299958 0.402276 0.304069 0.403216 0.309208
2 0.384516 0.292287 0.383924 0.295028 0.384141 0.296065 0.381698 0.300190 0.380195 0.303134 0.378685 0.306593 0.375714 0.310722 0.374255 0.313218 0.372474 0.313694 0.373878 0.315903 0.373122 0.316671 0.376279 0.320181 0.386870 0.324648 0.400169 0.330894 0.400846 0.329838 0.402771 0.329093 0.398372 0.319361 0.394180 0.311778 0.391216 0.304713 0.391576 0.298801 0.390862 0.294505 0.390536 0.293421 0.389674 0.293421 0.388810 0.292079 0.387891 0.291597 0.386648 0.292079 0.386216 0.292366
2 0.578424 0.527653 0.579107 0.529389 0.581224 0.530468 0.583570 0.529523 0.585083 0.528046 0.586823 0.526713 0.587880 0.525491 0.586974 0.524551 0.585536 0.525625 0.583872 0.525625 0.582964 0.523606 0.582888 0.521468 0.582812 0.519991 0.581677 0.518764 0.580089 0.516630 0.576534 0.515551 0.575401 0.514611 0.574417 0.514745 0.573432 0.515403 0.571844 0.513264 0.570331 0.513671 0.569651 0.514611 0.569651 0.516213 0.571089 0.518106 0.570711 0.519306 0.573771 0.520523 0.579034 0.523111
1 0.356693 0.385556 0.350253 0.380648 0.340549 0.374551 0.332687 0.368157 0.326664 0.360426 0.319638 0.351056 0.316794 0.346745 0.310187 0.336486 0.306589 0.330537 0.304583 0.326370 0.303328 0.322208 0.303245 0.318940 0.303997 0.316708 0.306841 0.315069 0.310604 0.313287 0.314453 0.311949 0.323484 0.312991 0.325911 0.314329 0.335112 0.321167 0.336617 0.321912 0.338206 0.318787 0.340130 0.314477 0.341888 0.312394 0.344479 0.311056 0.347240 0.310014 0.348328 0.313287 0.346070 0.315069 0.342557 0.316412 0.340633 0.318194 0.338375 0.322060 0.336953 0.324736 0.334526 0.323694 0.328839 0.320722 0.325242 0.317449 0.320893 0.315815 0.314703 0.315069 0.311440 0.315963 0.309349 0.316259 0.306005 0.318787 0.305669 0.320870 0.306674 0.325630 0.309852 0.331579 0.315599 0.341435 0.324406 0.353731 0.330177 0.361616 0.331432 0.361019 0.339211 0.369495 0.339211 0.370241 0.344898 0.374106 0.350669 0.378269 0.356023 0.382282 0.358448 0.384069 0.358365 0.386745
2 0.362721 0.353495 0.361133 0.356917 0.359378 0.362565 0.358625 0.368958 0.358122 0.376542 0.357956 0.381301 0.358448 0.384069 0.358365 0.386745 0.359208 0.395727 0.361885 0.407917 0.365818 0.415056 0.370500 0.419519 0.373930 0.421301 0.374516 0.421301 0.374516 0.418477 0.371003 0.416394 0.367490 0.413866 0.364396 0.409259 0.362052 0.402120 0.360630 0.392898 0.360214 0.386356 0.360047 0.381005 0.360047 0.376991 0.360130 0.372676 0.360799 0.367176 0.362974 0.358403 0.363810 0.355579 0.365596 0.356056 0.367146 0.354949 0.367828 0.354949 0.370094 0.356222 0.372484 0.357986 0.375930 0.362236 0.380391 0.367176 0.381609 0.366407 0.381672 0.364519 0.379484 0.362519 0.378547 0.361542 0.376859 0.359667 0.372799 0.355630 0.370727 0.353940 0.367766 0.352356 0.364167 0.352468
1 0.309349 0.328148 0.308089 0.326403 0.307437 0.322162 0.307510 0.320106 0.308594 0.318051 0.309349 0.316259 0.316112 0.317153 0.322763 0.318694 0.325654 0.318824 0.328839 0.320722 0.334526 0.323694 0.336953 0.324736 0.336953 0.324736 0.337583 0.323708 0.342716 0.323190 0.346474 0.323708 0.349510 0.324861 0.349076 0.326532 0.347703 0.326278 0.344523 0.324606 0.342497 0.324736 0.340836 0.325505 0.337943 0.325505 0.336354 0.325889 0.334112 0.326278 0.332594 0.325889 0.329703 0.323708 0.326451 0.321778 0.322836 0.320880 0.315388 0.319722 0.311052 0.319079 0.309896 0.318949 0.309607 0.319977 0.309750 0.322676 0.310255 0.325120 0.310474 0.327046 0.310836 0.327819
1 0.324005 0.341838 0.331198 0.336435 0.341737 0.340500 0.345167 0.343472 0.350435 0.350315 0.356625 0.361764 0.358297 0.365032 0.359049 0.364144 0.359378 0.362565 0.355789 0.356259 0.351104 0.347634 0.345753 0.340648 0.341234 0.336185 0.339979 0.336333 0.332870 0.333065 0.330445 0.333213 0.328354 0.335296 0.324339 0.339014 0.321495 0.341093 0.321578 0.342282 0.319320 0.342880 0.318698 0.345694 0.321745 0.345106 0.322917 0.344662
1 0.347049 0.369449 0.334367 0.355231 0.322917 0.344662 0.324005 0.341838 0.330745 0.347898 0.337492 0.355343 0.346740 0.365449 0.348737 0.367005 0.351174 0.369560 0.350362 0.372449 0.350112 0.373005
2 0.323370 0.397282 0.319539 0.397412 0.317195 0.396662 0.321964 0.387593 0.325643 0.380009 0.328906 0.382037 0.329659 0.379931 0.331034 0.379806 0.331250 0.385231 0.331437 0.389565 0.324195 0.391398
2 0.314453 0.342819 0.309768 0.345199 0.306422 0.347727 0.304247 0.348319 0.304172 0.350222 0.302143 0.355199 0.300927 0.357259 0.301888 0.358921 0.304708 0.361597 0.305771 0.361926 0.306732 0.360352 0.307023 0.358463 0.307174 0.356333 0.307727 0.356426 0.307878 0.356796 0.308815 0.362208 0.310245 0.366370 0.310755 0.367727 0.317109 0.366875 0.321302 0.365718 0.323828 0.366991 0.322799 0.370787 0.327401 0.374060 0.326732 0.376440 0.325643 0.380009 0.328906 0.382037 0.329659 0.379931 0.331034 0.379806 0.330750 0.370681 0.332187 0.369847 0.331500 0.368069 0.332687 0.368157 0.330302 0.365185 0.326664 0.360426 0.319638 0.351056 0.317846 0.348255 0.317414 0.352106 0.317341 0.354935 0.316112 0.357380 0.315245 0.356477 0.316794 0.346745
2 0.336406 0.389861 0.332229 0.389324 0.324195 0.391398 0.323289 0.398537 0.319919 0.398537 0.341945 0.413968 0.355172 0.422032 0.357880 0.420648 0.360602 0.420648 0.362156 0.421801 0.362286 0.425486 0.362932 0.426866 0.365005 0.428019 0.365818 0.415056 0.361885 0.407917 0.359208 0.395727 0.358646 0.390083 0.353799 0.388171 0.348242 0.385731 0.346221 0.384833 0.344188 0.385986 0.338331 0.386236 0.335948 0.387921
