0 0.447065 0.039912 0.432120 0.029185 0.428964 0.029519 0.426049 0.034528 0.425000 0.036394 0.420609 0.039912 0.418568 0.041727 0.415969 0.050972 0.415227 0.055755 0.411513 0.062190 0.410398 0.065657 0.409656 0.074241 0.409935 0.080676 0.412070 0.087440 0.413232 0.084324 0.416216 0.079088 0.420411 0.076653 0.424284 0.077079 0.426260 0.078588 0.425453 0.080588 0.421768 0.078148 0.417706 0.080588 0.413958 0.085921 0.412534 0.090579 0.414083 0.095139 0.416581 0.090806 0.417456 0.091694 0.414956 0.095921 0.409570 0.111796 0.407307 0.120144 0.405068 0.131495 0.405516 0.139454 0.407542 0.148310 0.413135 0.158667 0.415073 0.164222 0.417948 0.169106 0.420383 0.173551 0.423945 0.169551 0.426979 0.158384 0.430167 0.149838 0.431643 0.144917 0.430846 0.135713 0.430661 0.130648 0.430615 0.126505 0.430896 0.123514 0.431919 0.120356 0.433563 0.117398 0.441807 0.104028 0.447516 0.091819 0.450625 0.095676 0.457612 0.098394 0.457732 0.102694 0.461323 0.094949 0.462331 0.095523 0.458055 0.105134 0.457755 0.115440 0.457078 0.119741 0.458047 0.137287 0.456531 0.142421 0.454219 0.145505 0.449083 0.150389 0.448177 0.153185 0.447797 0.157319 0.449737 0.162838 0.450995 0.165745 0.454029 0.168560 0.456174 0.171880 0.458229 0.174949 0.459237 0.177856 0.459237 0.182079 0.460357 0.182523 0.470273 0.178852 0.474193 0.178931 0.474336 0.173287 0.476411 0.169481 0.484693 0.158028 0.484779 0.153264 0.484023 0.149551 0.481599 0.146426 0.478755 0.143597 0.476161 0.139884 0.474406 0.137653 0.473854 0.115505 0.472852 0.103759 0.471760 0.097542 0.475846 0.090005 0.483068 0.095060 0.483286 0.096213 0.487336 0.100968 0.495682 0.115843 0.496242 0.119949 0.496932 0.122389 0.496701 0.128875 0.495557 0.138556 0.495924 0.144384 0.499206 0.157991 0.500146 0.159935 0.504318 0.158083 0.508229 0.154440 0.512440 0.143907 0.517932 0.127301 0.510807 0.118194 0.503563 0.110370 0.498448 0.103569 0.483846 0.093940 0.476464 0.088921 0.469284 0.084977 0.469445 0.082824 0.482479 0.089528 0.499682 0.099894 0.503260 0.106231 0.509578 0.113431 0.518362 0.124301 0.517628 0.114282 0.515953 0.104556 0.511497 0.093167 0.509888 0.090102 0.509242 0.088569 0.509836 0.087606 0.504490 0.079255 0.505354 0.078486 0.505094 0.077819 0.505464 0.075417 0.505464 0.066764 0.505094 0.060986 0.499060 0.041185 0.495161 0.037556 0.490214 0.024912 0.472326 0.039449
2 0.597344 0.625093 0.601945 0.654019 0.605740 0.673056 0.609401 0.686796 0.610279 0.688764 0.611841 0.692338 0.613469 0.694023 0.615909 0.694264 0.617536 0.692819 0.618755 0.688241 0.620518 0.685106 0.623906 0.678602 0.624992 0.677394 0.625398 0.668718 0.628651 0.661005 0.631227 0.654500 0.632854 0.648954 0.633531 0.645579 0.633805 0.640759 0.632448 0.639074 0.631227 0.644134 0.630143 0.649435 0.628109 0.654019 0.626076 0.658597 0.623500 0.663657 0.622008 0.666310 0.619839 0.668958 0.618214 0.671852 0.616992 0.676431 0.616721 0.680287 0.616044 0.684384 0.613198 0.685106 0.611164 0.678602 0.606826 0.659560 0.604521 0.643412 0.601674 0.623407
2 0.590440 0.562657 0.591143 0.566616 0.594070 0.567866 0.595828 0.569324 0.597234 0.570366 0.602977 0.565366 0.606023 0.562866 0.609185 0.558491 0.611411 0.553079 0.612232 0.549120 0.612583 0.543704 0.612818 0.537662 0.610005 0.539954 0.608484 0.541829 0.606375 0.546412 0.604969 0.549537 0.604148 0.551204 0.605789 0.550995 0.605906 0.552870 0.604031 0.554537 0.601805 0.555157 0.601102 0.557241 0.599344 0.559741 0.597703 0.560991 0.594305 0.561616
2 0.614341 0.537454 0.617857 0.535787 0.622896 0.558907 0.623716 0.563907 0.621021 0.572241 0.618794 0.580782 0.614224 0.590778 0.613286 0.588486 0.611646 0.586611 0.610122 0.584116 0.608133 0.581824 0.606375 0.579741 0.608719 0.575157 0.607781 0.574116 0.605555 0.575991 0.604148 0.576199 0.601336 0.575157 0.599695 0.573491 0.599109 0.572032 0.608133 0.563907 0.611880 0.556199 0.613286 0.550370 0.613638 0.541620
2 0.586065 0.407477 0.587195 0.406546 0.585060 0.395718 0.581133 0.371347 0.576260 0.365426 0.572831 0.366431 0.573391 0.373435 0.574607 0.378278 0.576706 0.382176 0.577010 0.386639 0.579904 0.404264
2 0.580419 0.370583 0.581167 0.365356 0.579578 0.358722 0.576266 0.357060 0.573510 0.355981 0.571878 0.355236 0.570151 0.356315 0.570010 0.363449 0.569872 0.369009 0.569078 0.371583 0.568099 0.376894 0.567716 0.380259 0.571714 0.385347 0.575924 0.389861 0.576706 0.382176 0.574607 0.378278 0.573391 0.373435 0.572831 0.366431 0.576260 0.365426
2 0.567815 0.345088 0.565940 0.343977 0.560193 0.344644 0.555383 0.340421 0.552383 0.337088 0.551695 0.336755 0.549445 0.340421 0.549133 0.346199 0.547135 0.354417 0.543773 0.346199 0.544836 0.345866 0.544773 0.344421 0.543898 0.345088 0.541273 0.349088 0.538026 0.349310 0.538398 0.351306 0.543461 0.364639 0.545961 0.371324 0.548708 0.371968 0.551383 0.371069 0.556224 0.366181 0.561211 0.364380 0.569021 0.360782
1 0.414669 0.014690 0.413992 0.014690 0.411258 0.021681 0.409182 0.029644 0.408622 0.033708 0.407641 0.040759 0.406068 0.046481 0.403477 0.052148 0.401857 0.059347 0.397354 0.082931 0.395693 0.091856 0.396258 0.092000 0.398596 0.080167 0.402003 0.062662 0.403255 0.056588 0.404305 0.052861 0.406604 0.047769 0.408177 0.041347 0.409094 0.035968 0.409526 0.031648 0.412167 0.021963
2 0.357508 0.242162 0.362563 0.240861 0.361516 0.243838 0.360714 0.246380 0.360747 0.248981 0.361271 0.249722 0.361133 0.254310 0.360714 0.259394 0.357185 0.260986 0.356245 0.263032 0.354956 0.263093 0.354674 0.258880 0.355060 0.255718 0.355060 0.250139 0.356453 0.243324
2 0.354469 0.250861 0.353089 0.254287 0.351891 0.254796 0.350667 0.257157 0.349682 0.262477 0.347221 0.268690 0.347674 0.272097 0.344646 0.281815 0.345935 0.283681 0.354956 0.286634 0.355956 0.281968 0.356018 0.275745 0.354206 0.273523 0.354206 0.263750 0.353706 0.261639 0.354674 0.258880 0.355060 0.255718 0.355076 0.250884
2 0.403799 0.273699 0.403695 0.271278 0.402685 0.267500 0.401081 0.264898 0.399581 0.263782 0.395258 0.262912 0.395049 0.267130 0.394073 0.270102 0.391591 0.270810 0.390961 0.277380 0.391013 0.284699 0.397927 0.279324
2 0.458956 0.242889 0.469755 0.235495 0.473969 0.249032 0.472023 0.256329 0.471091 0.259787 0.471339 0.262231 0.477148 0.270000 0.475714 0.272227 0.470216 0.271449 0.465216 0.269454 0.460906 0.266565 0.460716 0.257787 0.459966 0.252125
2 0.409289 0.095296 0.404372 0.094269 0.396258 0.092000 0.395693 0.091856 0.393096 0.092597 0.389193 0.101852 0.379497 0.136046 0.380172 0.137847 0.384206 0.139426 0.391594 0.112954 0.395177 0.102005 0.397643 0.096440 0.398872 0.094847 0.403240 0.096634 0.409281 0.096634
2 0.380935 0.128162 0.374076 0.127269 0.371818 0.126083 0.367049 0.121023 0.363536 0.118199 0.360250 0.118838 0.358359 0.121708 0.361438 0.121532 0.364081 0.124014 0.368940 0.127477 0.372177 0.130931 0.379688 0.132176
2 0.449841 0.202394 0.450359 0.212986 0.450747 0.230722 0.458521 0.237630 0.458521 0.210454 0.455672 0.209069
2 0.474865 0.470708 0.475242 0.467731 0.476862 0.465139 0.478159 0.464657 0.481076 0.459764 0.492674 0.476907 0.489547 0.485903 0.481674 0.482014
2 0.606586 0.682898 0.604388 0.683699 0.603544 0.684560 0.599174 0.683968 0.597276 0.685148 0.593607 0.691551 0.593513 0.696194 0.592466 0.698981 0.593708 0.702204 0.596357 0.699417 0.600263 0.696069 0.601958 0.693458 0.603354 0.697736 0.607607 0.701023 0.611023 0.698106 0.610987 0.694449 0.611232 0.690981 0.610279 0.688764 0.606211 0.685463
2 0.548044 0.572875 0.545242 0.575949 0.542956 0.579847 0.542023 0.584329 0.541370 0.583167 0.540435 0.580181 0.539503 0.579847 0.538990 0.581838 0.539221 0.589968 0.542167 0.595056 0.542383 0.598514 0.543893 0.600620 0.545406 0.599861 0.546490 0.591213 0.547352 0.584500 0.546755 0.579315 0.550049 0.575472
2 0.590938 0.598398 0.587872 0.600625 0.582951 0.602773 0.577026 0.607866 0.572333 0.613810 0.570185 0.615222 0.571865 0.617296 0.573734 0.616472 0.578026 0.611324 0.581760 0.608338 0.584560 0.605602 0.587779 0.604185 0.592542 0.600954
2 0.492581 0.445394 0.494339 0.462644 0.506214 0.457889 0.503370 0.443167
2 0.489122 0.447190 0.489219 0.462157 0.489703 0.469898 0.492799 0.471792 0.496768 0.471102 0.500638 0.475574 0.508768 0.481426 0.511188 0.472824 0.507315 0.471449 0.495411 0.467148 0.494339 0.462644 0.492867 0.448102
2 0.489547 0.485903 0.492940 0.488236 0.496120 0.490912 0.498378 0.493440 0.499966 0.491806 0.500302 0.484519 0.501891 0.482435 0.499799 0.477681 0.498628 0.474407 0.496120 0.472176 0.490849 0.473810 0.492674 0.476907
2 0.532122 0.395981 0.531216 0.405426 0.531734 0.417861 0.531216 0.423852 0.514375 0.429148 0.512042 0.422699 0.509581 0.423157 0.508414 0.420394 0.515021 0.397361
2 0.499047 0.403801 0.510805 0.398625 0.510357 0.405194 0.507669 0.416741 0.505206 0.420722 0.501398 0.412361
2 0.424940 0.372505 0.417661 0.377412 0.416492 0.374588 0.415070 0.375181 0.412057 0.371907 0.413396 0.369977 0.409375 0.355639 0.412128 0.356380 0.413768 0.355204 0.414779 0.353282 0.415440 0.350495 0.419167 0.363282 0.421008 0.368787
2 0.655125 0.623500 0.647599 0.636116 0.641560 0.649171 0.633779 0.663250 0.624992 0.677394 0.625398 0.668718 0.631719 0.659917 0.634995 0.656343 0.639810 0.646991 0.641646 0.646838 0.642346 0.645282 0.640771 0.644972 0.645760 0.635648 0.646987 0.632537 0.648737 0.629412 0.651888 0.624449 0.653549 0.623185
2 0.530401 0.436741 0.534268 0.427157 0.536143 0.426532 0.537784 0.425074 0.538956 0.421116 0.539422 0.419241 0.540711 0.418199 0.542703 0.417991 0.544227 0.420074 0.544813 0.422157 0.544578 0.428407 0.543641 0.436116 0.542586 0.439241 0.541297 0.440491 0.536378 0.441949 0.531690 0.442366
2 0.632536 0.637829 0.635169 0.618204 0.636385 0.600204 0.636487 0.587958 0.636891 0.582741 0.644891 0.568699 0.646815 0.571579 0.640333 0.583458 0.639120 0.590120 0.637599 0.610282 0.636284 0.628106 0.634562 0.639269
2 0.515339 0.552602 0.518135 0.547625 0.519422 0.545069 0.520859 0.545741 0.524641 0.572102 0.524414 0.573310 0.521464 0.576134 0.515943 0.559458 0.517078 0.558384
2 0.652305 0.543681 0.649052 0.540718 0.644664 0.536819 0.641940 0.534130 0.639596 0.532245 0.638310 0.530903 0.637555 0.529019 0.636193 0.525657 0.634982 0.522833 0.634224 0.520009 0.633242 0.517588 0.631654 0.515977 0.631729 0.519741 0.631729 0.522296 0.631805 0.524046 0.632865 0.526060 0.636495 0.534532 0.638083 0.536954 0.639219 0.539644 0.642471 0.540315 0.644589 0.541394 0.646555 0.543407 0.649732 0.547042 0.650883 0.547875 0.653529 0.549755 0.654740 0.551102 0.654664 0.554060 0.653984 0.557824 0.653000 0.559708 0.651411 0.560245 0.650201 0.560648 0.648536 0.562532 0.646193 0.566838 0.647932 0.567778 0.649898 0.565491 0.651336 0.564148 0.652622 0.561995 0.654438 0.560917 0.656630 0.558227 0.656935 0.555000 0.656555 0.550833 0.656026 0.547606 0.654438 0.545319
1 0.426260 0.078588 0.424284 0.077079 0.420411 0.076653 0.416216 0.079088 0.413232 0.084324 0.409513 0.095574 0.404539 0.107875 0.402224 0.111213 0.398755 0.110704 0.395505 0.108519 0.394346 0.109931 0.395286 0.110958 0.392724 0.113389 0.390130 0.117847 0.387453 0.127958 0.383440 0.137921 0.379591 0.135991 0.384888 0.116500 0.382172 0.117301 0.377289 0.118199 0.366607 0.115088 0.366482 0.118199 0.374852 0.119972 0.378458 0.119569 0.378354 0.120995 0.376680 0.123292 0.376367 0.123227 0.374909 0.125838 0.374909 0.127315 0.371302 0.125708 0.366805 0.120667 0.364375 0.118671 0.361823 0.118130 0.357797 0.112440 0.357237 0.114176 0.360898 0.118514 0.359500 0.120449 0.358706 0.122611 0.360758 0.122444 0.362299 0.122444 0.363839 0.123773 0.361880 0.124519 0.356745 0.129250 0.351727 0.135653 0.346151 0.149954 0.345745 0.152074 0.342747 0.149847 0.335232 0.144713 0.334747 0.146861 0.343784 0.152454 0.348935 0.155181 0.351961 0.155569 0.353581 0.157963 0.356333 0.161037 0.357901 0.163056 0.360060 0.163630 0.361193 0.164106 0.363516 0.162472 0.364167 0.160940 0.364776 0.158847 0.364734 0.155190 0.365974 0.144769 0.367276 0.145412 0.372844 0.155954 0.375690 0.157574 0.372516 0.161227 0.371727 0.163384 0.371771 0.166699 0.374057 0.172426 0.369635 0.176986 0.367255 0.180056 0.365885 0.182926 0.364115 0.188671 0.362984 0.191037 0.361419 0.192708 0.359096 0.192440 0.355995 0.185852 0.348727 0.171458 0.348375 0.173194 0.358206 0.193338 0.352964 0.195014 0.347641 0.195444 0.346714 0.195588 0.345703 0.196019 0.343966 0.196875 0.342492 0.199606 0.340492 0.205866 0.338112 0.215759 0.337669 0.216981 0.337781 0.226000 0.333818 0.223426 0.333909 0.219449 0.334703 0.216954 0.335914 0.211977 0.337221 0.208829 0.336943 0.204347 0.337214 0.199648 0.334273 0.195662 0.334927 0.188921 0.334930 0.184875 0.334604 0.180315 0.334872 0.177921 0.334872 0.173981 0.336326 0.165269 0.338891 0.158551 0.338333 0.157806 0.335203 0.164940 0.333620 0.174315 0.333805 0.182278 0.334232 0.187745 0.333451 0.195778 0.335818 0.200481 0.336237 0.209134 0.334914 0.211250 0.333219 0.217347 0.332430 0.223505 0.336589 0.227157 0.341771 0.227444 0.341719 0.226389 0.338531 0.225620 0.338583 0.217653 0.339990 0.212185 0.341557 0.205648 0.344039 0.199986 0.346740 0.197398 0.349927 0.197296 0.354352 0.195954 0.358943 0.195477 0.365232 0.206792 0.365716 0.205394 0.359992 0.194634 0.361396 0.194542 0.363016 0.193194 0.364961 0.191181 0.365768 0.192139 0.366203 0.191375 0.369656 0.191088 0.372250 0.191468 0.371547 0.193870 0.372089 0.196935 0.373544 0.201546 0.369766 0.211532 0.367497 0.215375 0.365393 0.215949 0.363904 0.215898 0.354503 0.208361 0.354227 0.210505 0.354893 0.211093 0.355526 0.210505 0.359112 0.213403 0.362125 0.216185 0.365003 0.217884 0.367143 0.217833 0.369362 0.215546 0.374682 0.202440 0.379232 0.200250 0.383294 0.198032 0.382484 0.204366 0.382419 0.211579 0.380357 0.212583 0.380232 0.213583 0.382503 0.213194 0.382466 0.214435 0.380794 0.215861 0.376609 0.221870 0.374115 0.227556 0.372948 0.230296 0.370474 0.228884 0.367023 0.231537 0.367128 0.235653 0.364667 0.237375 0.362609 0.227190 0.361237 0.227264 0.363536 0.238880 0.356982 0.242644 0.354922 0.237542 0.354172 0.245315 0.349234 0.245204 0.345487 0.256421 0.339685 0.244014 0.339060 0.244454 0.344995 0.257231 0.341557 0.257898 0.342010 0.260144 0.344135 0.261477 0.344094 0.272963 0.346091 0.275079 0.344719 0.281181 0.346935 0.286361 0.334086 0.313796 0.330000 0.321477 0.328487 0.325407 0.323789 0.331940 0.324490 0.333667 0.328919 0.327134 0.330594 0.321856 0.333563 0.317440 0.338479 0.307171 0.347599 0.287199 0.350536 0.291519 0.355497 0.293319 0.361776 0.293861 0.365219 0.294759 0.367549 0.298361 0.364714 0.300162 0.364005 0.302500 0.361776 0.302861 0.359549 0.302144 0.357320 0.301963 0.357927 0.303222 0.360055 0.305565 0.361169 0.307185 0.363802 0.307185 0.366333 0.309704 0.367549 0.310245 0.365130 0.315648 0.366232 0.318704 0.373930 0.330588 0.375143 0.330769 0.376966 0.332028 0.378182 0.332926 0.378789 0.334190 0.378789 0.337431 0.388409 0.353810 0.390232 0.352912 0.390943 0.353273 0.390536 0.356690 0.392055 0.359755 0.400966 0.373977 0.400766 0.369653 0.402284 0.367134 0.403599 0.367134 0.405323 0.367852 0.408664 0.376856 0.409372 0.378657 0.409979 0.385315 0.411701 0.384958 0.413120 0.384236 0.414234 0.384417 0.415044 0.388199 0.417677 0.382977 0.420714 0.382977 0.422234 0.381898 0.424258 0.382435 0.425779 0.384958 0.430234 0.386579 0.432563 0.393958 0.429930 0.399181 0.426589 0.404579 0.425576 0.407463 0.424867 0.411060 0.425576 0.411782 0.427195 0.406380 0.429323 0.402060 0.431651 0.398819 0.432766 0.397199 0.436937 0.409333 0.433424 0.406634 0.432370 0.406218 0.430143 0.407875 0.428745 0.411009 0.426862 0.413509 0.441625 0.435583 0.450466 0.449426 0.504833 0.533162 0.506357 0.534412 0.507646 0.532745 0.510224 0.531912 0.511279 0.532120 0.511396 0.535454 0.510458 0.537537 0.509286 0.538579 0.510810 0.542120 0.512451 0.546912 0.514794 0.555241 0.518544 0.547329 0.519482 0.545037 0.521122 0.545870 0.523815 0.563782 0.524870 0.572116 0.521474 0.575657 0.522526 0.580032 0.524635 0.580657 0.526510 0.582532 0.526510 0.585032 0.524401 0.585657 0.532628 0.612880 0.553625 0.677620 0.555042 0.676787 0.555359 0.680120 0.554878 0.682347 0.556612 0.689056 0.571622 0.679139 0.579159 0.693806 0.584771 0.707625 0.572724 0.712116 0.568036 0.714407 0.567919 0.716699 0.569091 0.721074 0.571435 0.723574 0.572607 0.726694 0.572841 0.729403 0.571563 0.733380 0.583063 0.741755 0.617599 0.697532 0.619115 0.695926 0.620547 0.694167 0.624063 0.688750 0.624557 0.686065 0.625599 0.684074 0.625216 0.681079 0.626385 0.677537 0.626385 0.675245 0.628729 0.673162 0.630547 0.673472 0.630487 0.671912 0.630018 0.668995 0.632714 0.665245 0.635409 0.670454 0.638456 0.666495 0.638339 0.664829 0.640448 0.660875 0.641268 0.658375 0.642206 0.659000 0.642674 0.660250 0.644078 0.658792 0.644312 0.654417 0.643844 0.651292 0.646070 0.644208 0.651461 0.647750 0.652867 0.645875 0.647711 0.641917 0.648438 0.639444 0.649115 0.641699 0.651607 0.641176 0.650336 0.637444 0.655211 0.636083 0.658141 0.634417 0.660016 0.636708 0.662591 0.634417 0.674180 0.616028 0.675555 0.605917 0.675992 0.596477 0.676992 0.596699 0.677742 0.594921 0.681180 0.595366 0.681430 0.592815 0.677552 0.590815 0.678552 0.586037 0.678990 0.583931 0.680240 0.584481 0.680365 0.583370 0.679115 0.582481 0.678911 0.572153 0.677940 0.572542 0.677669 0.581181 0.676266 0.579352 0.675833 0.569852 0.674753 0.569852 0.674669 0.562088 0.673479 0.560644 0.670716 0.554440 0.665031 0.545106 0.662716 0.542718 0.661177 0.543056 0.658841 0.545042 0.656182 0.548940 0.655521 0.547500 0.653359 0.545046 0.653568 0.544380 0.656417 0.537991 0.656755 0.535532 0.657070 0.532384 0.657724 0.529866 0.658203 0.524884 0.658109 0.520815 0.657549 0.516171 0.655714 0.510699 0.653818 0.507329 0.651773 0.503741 0.649255 0.500306 0.645367 0.496176 0.641208 0.491667 0.637430 0.489171 0.638130 0.487157 0.638615 0.487157 0.639503 0.486583 0.640391 0.485579 0.641964 0.485866 0.644747 0.486440 0.646078 0.488375 0.646500 0.487148 0.644771 0.485514 0.641911 0.484551 0.640451 0.484264 0.639391 0.485907 0.638445 0.486153 0.642104 0.476644 0.640107 0.475977 0.637417 0.485046 0.636893 0.484991 0.635607 0.486167 0.634940 0.485486 0.634219 0.485111 0.632891 0.481727 0.632372 0.479046 0.630771 0.480991 0.630508 0.479792 0.629466 0.477523 0.626995 0.472375 0.623625 0.465644 0.620234 0.461481 0.617583 0.458815 0.617906 0.457778 0.619052 0.458981 0.620120 0.459074 0.620669 0.458056 0.620406 0.455690 0.618958 0.454963 0.619802 0.451968 0.620464 0.449329 0.621763 0.443528 0.622602 0.438227 0.622602 0.435523 0.622000 0.431880 0.620318 0.422787 0.619044 0.423722 0.620734 0.431356 0.621383 0.435694 0.621008 0.440509 0.620286 0.446843 0.618753 0.451731 0.617635 0.454213 0.612651 0.451546 0.609258 0.445889 0.605945 0.439662 0.604510 0.437662 0.602073 0.438106 0.598763 0.437111 0.594385 0.425005 0.592547 0.419449 0.595773 0.422028 0.596016 0.420162 0.590529 0.415648 0.589240 0.415218 0.588513 0.413852 0.595047 0.409694 0.594427 0.407208 0.587448 0.409718 0.586065 0.407477 0.579904 0.404264 0.578669 0.403648 0.573359 0.393454 0.567049 0.384681 0.567716 0.380259 0.568099 0.376894 0.569078 0.371583 0.569872 0.369009 0.570010 0.363449 0.570151 0.356315 0.568849 0.344083 0.567815 0.345088 0.569021 0.360782 0.561211 0.364380 0.556224 0.366181 0.551383 0.371069 0.548708 0.371968 0.545961 0.371324 0.543461 0.364639 0.538398 0.351306 0.538026 0.349310 0.541273 0.349088 0.543898 0.345088 0.544773 0.344421 0.544836 0.345866 0.543773 0.346199 0.547135 0.354417 0.549133 0.346199 0.549445 0.340421 0.551695 0.336755 0.552383 0.337088 0.552906 0.326764 0.552906 0.323167 0.550339 0.314838 0.551016 0.311222 0.552177 0.310361 0.557109 0.318106 0.558078 0.317245 0.553339 0.310019 0.551112 0.304856 0.550414 0.297912 0.549906 0.294315 0.556849 0.296889 0.563427 0.298301 0.563646 0.296630 0.555763 0.294185 0.552221 0.291745 0.550487 0.289944 0.548461 0.289171 0.545932 0.286731 0.542932 0.286324 0.540560 0.286769 0.535747 0.292435 0.532937 0.291435 0.531310 0.290991 0.530310 0.290546 0.529690 0.284440 0.528565 0.281218 0.530435 0.277662 0.530000 0.276444 0.527294 0.280370 0.526312 0.278213 0.527385 0.274565 0.530125 0.268255 0.531271 0.265843 0.536034 0.265949 0.540133 0.260130 0.551693 0.267903 0.551693 0.266569 0.541818 0.257463 0.536281 0.250319 0.538232 0.243505 0.539750 0.235667 0.540258 0.230139 0.542568 0.235412 0.546909 0.238880 0.553271 0.240931 0.553344 0.239130 0.547487 0.236954 0.543148 0.232833 0.539750 0.223713 0.538068 0.218745 0.537148 0.211903 0.538401 0.209523 0.543505 0.210417 0.543924 0.206847 0.538992 0.206699 0.539156 0.204468 0.538487 0.202690 0.541565 0.188963 0.543500 0.192750 0.546018 0.196708 0.548049 0.204963 0.549310 0.203931 0.547372 0.196366 0.544760 0.191889 0.542534 0.187412 0.542815 0.182903 0.543409 0.178486 0.544865 0.171574 0.543786 0.171093 0.542383 0.176565 0.542388 0.171991 0.539904 0.165176 0.537365 0.159032 0.535388 0.154046 0.549159 0.147708 0.552560 0.145981 0.556232 0.144444 0.562495 0.139546 0.561742 0.136569 0.555586 0.141949 0.548620 0.145019 0.534365 0.151745 0.532690 0.146745 0.531979 0.141991 0.530891 0.139125 0.529844 0.135968 0.528714 0.132597 0.528107 0.128653 0.527768 0.125366 0.527810 0.121347 0.528456 0.114824 0.528935 0.106194 0.528125 0.100056 0.525914 0.092856 0.522240 0.085657 0.517055 0.081435 0.523711 0.073116 0.523227 0.072727 0.516044 0.080796 0.512591 0.078875 0.505464 0.075417 0.504974 0.077144 0.510214 0.079926 0.514747 0.082134 0.510969 0.086361 0.505354 0.078486 0.504490 0.079255 0.509836 0.087606 0.509242 0.088569 0.509888 0.090102 0.510589 0.088958 0.513344 0.092986 0.515721 0.097884 0.517378 0.102074 0.518315 0.107065 0.518253 0.112069 0.517628 0.114282 0.518362 0.124301 0.509578 0.113431 0.503260 0.106231 0.499682 0.099894 0.482479 0.089528 0.469445 0.082824 0.469284 0.084977 0.476464 0.088921 0.483846 0.093940 0.498448 0.103569 0.503563 0.110370 0.510807 0.118194 0.517932 0.127301 0.512440 0.143907 0.508229 0.154440 0.504318 0.158083 0.500146 0.159935 0.502573 0.167662 0.502188 0.176417 0.502672 0.194417 0.504346 0.209745 0.505023 0.218898 0.505914 0.222681 0.504122 0.226657 0.498190 0.228843 0.494831 0.226861 0.494349 0.220134 0.492268 0.209037 0.491570 0.182218 0.489992 0.150509 0.495924 0.144384 0.495557 0.138556 0.496701 0.128875 0.496932 0.122389 0.496242 0.119949 0.495682 0.115843 0.487336 0.100968 0.483286 0.096213 0.483068 0.095060 0.475846 0.090005 0.471760 0.097542 0.472852 0.103759 0.473854 0.115505 0.474406 0.137653 0.476161 0.139884 0.478755 0.143597 0.481599 0.146426 0.484023 0.149551 0.484779 0.153264 0.484693 0.158028 0.476411 0.169481 0.474336 0.173287 0.474193 0.178931 0.470273 0.178852 0.460357 0.182523 0.459237 0.182079 0.459237 0.177856 0.458229 0.174949 0.456174 0.171880 0.454029 0.168560 0.450995 0.165745 0.449737 0.162838 0.447797 0.157319 0.448177 0.153185 0.449083 0.150389 0.454219 0.145505 0.456531 0.142421 0.458047 0.137287 0.457078 0.119741 0.457755 0.115440 0.458055 0.105134 0.462331 0.095523 0.461323 0.094949 0.457732 0.102694 0.457612 0.098394 0.450625 0.095676 0.447516 0.091819 0.441807 0.104028 0.433563 0.117398 0.431919 0.120356 0.430896 0.123514 0.430615 0.126505 0.430661 0.130648 0.430846 0.135713 0.431643 0.144917 0.430167 0.149838 0.426979 0.158384 0.423945 0.169551 0.420383 0.173551 0.417948 0.169106 0.415073 0.164222 0.413135 0.158667 0.407542 0.148310 0.405516 0.139454 0.405068 0.131495 0.407307 0.120144 0.409570 0.111796 0.403508 0.112019 0.406758 0.106690 0.410130 0.096801 0.413393 0.097139 0.414956 0.095921 0.417456 0.091694 0.416581 0.090806 0.414083 0.095139 0.410958 0.095250 0.413958 0.085921 0.417706 0.080588 0.421768 0.078148 0.425453 0.080588
2 0.423010 0.297495 0.421797 0.298824 0.421844 0.302722 0.419203 0.305769 0.419010 0.307963 0.420076 0.309227 0.419654 0.311069 0.423964 0.316528 0.425409 0.315565 0.426552 0.317708 0.427758 0.316694 0.429115 0.314764 0.430799 0.317981 0.433240 0.309569 0.433964 0.309245 0.435984 0.303245 0.430320 0.303306 0.426255 0.301634 0.425740 0.298157
2 0.431466 0.318352 0.434932 0.320282 0.438427 0.320657 0.443518 0.320926 0.443578 0.312514 0.443638 0.310532 0.441740 0.308338 0.440445 0.309245 0.439510 0.305981 0.438638 0.304694 0.435956 0.304639 0.433456 0.312245
2 0.413253 0.392889 0.417872 0.383181 0.420672 0.383347 0.421466 0.381935 0.423846 0.381519 0.424779 0.384755 0.426693 0.385833 0.429445 0.386829 0.431266 0.394796 0.430521 0.398611 0.424312 0.405333 0.423799 0.409565
2 0.489992 0.150509 0.491570 0.182218 0.492268 0.209037 0.494349 0.220134 0.494831 0.226861 0.498190 0.228843 0.504122 0.226657 0.505914 0.222681 0.505023 0.218898 0.504346 0.209745 0.502672 0.194417 0.502188 0.176417 0.502573 0.167662 0.499206 0.157991 0.495924 0.144384
2 0.579159 0.693806 0.561932 0.705616 0.564737 0.714921 0.572784 0.712231 0.584771 0.707625
2 0.571622 0.679139 0.556688 0.688597 0.561932 0.705616 0.579159 0.693806
