5 0.477167 0.250139 0.457648 0.227134 0.428659 0.194361 0.418034 0.179713 0.400755 0.160306 0.405310 0.150926 0.406422 0.150477 0.410094 0.145338 0.412255 0.143023 0.413870 0.141773 0.417122 0.141606 0.417961 0.141606 0.418755 0.140694 0.418568 0.138199 0.418755 0.137532 0.419646 0.138704 0.423102 0.139356 0.425341 0.140940 0.428935 0.145255 0.430424 0.146912 0.432383 0.150977 0.434206 0.154125 0.437891 0.158366 0.442930 0.164662 0.444383 0.167491 0.448018 0.171218 0.453997 0.180676 0.458148 0.187653 0.464214 0.194699 0.467438 0.197190 0.486341 0.217111 0.500388 0.234356 0.494286 0.239125 0.496974 0.233148 0.494286 0.232750 0.490367 0.237931 0.486789 0.242903 0.484771 0.244495 0.482190 0.256245
5 0.481771 0.308079 0.483997 0.301713 0.487094 0.297926 0.488448 0.293111 0.488547 0.288981 0.489609 0.282440 0.490385 0.276593 0.490677 0.272477 0.487078 0.276046 0.484151 0.277384 0.481443 0.278204 0.481190 0.279394 0.484370 0.283259 0.484117 0.284597 0.482445 0.284894 0.480940 0.283556 0.480271 0.279838 0.478523 0.282606 0.476932 0.285134 0.474005 0.288106 0.476214 0.291931 0.472617 0.299662 0.477029 0.301366
5 0.394771 0.181736 0.394818 0.183977 0.400974 0.195690 0.409990 0.206921 0.417443 0.216810 0.429917 0.230056 0.441258 0.242153 0.452490 0.256074 0.453893 0.255306 0.466529 0.266153 0.465232 0.268745 0.463612 0.270088 0.462047 0.275463 0.460534 0.282375 0.460156 0.282472 0.460427 0.278250 0.460156 0.278440 0.457836 0.282856 0.456594 0.283144 0.455891 0.281898 0.454648 0.283241 0.452435 0.282667 0.451464 0.281319 0.451896 0.278056 0.447026 0.286792 0.446057 0.287005 0.425891 0.263199 0.393862 0.223829 0.376888 0.204231 0.377482 0.203370 0.378281 0.204167 0.378555 0.203463 0.381862 0.195287 0.385453 0.189551 0.389042 0.185319 0.392875 0.183884
5 0.390471 0.165255 0.395094 0.171597 0.390846 0.175042 0.389409 0.177361 0.387034 0.177931 0.385036 0.179926 0.381911 0.183148 0.379339 0.188227 0.375284 0.183292 0.377375 0.182106 0.378563 0.183847 0.381312 0.180370 0.383023 0.179259 0.384448 0.179139 0.385081 0.179139 0.386578 0.177773 0.389122 0.168477 0.390065 0.165255
5 0.370779 0.177782 0.379339 0.188227 0.375776 0.194222 0.373714 0.200111 0.372404 0.199162 0.367201 0.201023 0.363375 0.204463 0.366474 0.192713 0.364667 0.188769
5 0.475240 0.313824 0.480464 0.321222 0.483174 0.321394 0.485305 0.318468 0.485401 0.316750 0.487529 0.314514 0.489948 0.312620 0.492948 0.310037 0.495755 0.304190 0.498078 0.296273 0.499143 0.290255 0.499240 0.286986 0.499240 0.286125 0.490047 0.279241 0.489609 0.282440 0.488547 0.288981 0.488448 0.293111 0.487094 0.297926 0.483997 0.301713 0.481771 0.308079 0.477029 0.301366 0.474367 0.309523
5 0.565133 0.497769 0.566021 0.497412 0.566221 0.496477 0.566102 0.495116 0.566464 0.493324 0.566828 0.492032 0.567232 0.491171 0.567312 0.490815 0.566128 0.489542 0.562510 0.485722 0.552911 0.476329 0.542586 0.466000 0.541898 0.466361 0.550250 0.478764
5 0.472495 0.346741 0.467935 0.338963 0.464497 0.334523 0.448065 0.310306 0.441068 0.300199 0.424510 0.276764 0.386898 0.220894 0.385023 0.219116 0.382086 0.218005 0.380461 0.218560 0.379214 0.219894 0.378839 0.222116 0.378276 0.222338 0.375151 0.224000 0.374276 0.224667 0.373589 0.225556 0.372776 0.226778 0.372339 0.228222 0.372216 0.229222 0.373057 0.232282 0.376620 0.237903 0.380969 0.242935 0.413125 0.289611 0.441568 0.332403 0.454737 0.353102 0.456039 0.352898 0.457115 0.350384 0.458240 0.349981 0.459935 0.351083 0.461122 0.352694 0.465133 0.351083 0.468297 0.350051 0.469539 0.349282 0.471271 0.347361
5 0.357320 0.219380 0.370388 0.238792 0.369922 0.239125 0.369674 0.239343 0.367867 0.241644 0.366565 0.243861 0.367359 0.246875 0.363109 0.242028 0.351768 0.227176
5 0.372500 0.234074 0.371596 0.237324 0.369674 0.239343 0.367867 0.241644 0.366565 0.243861 0.367359 0.246875 0.371937 0.253597 0.382443 0.266560 0.403971 0.293282 0.434828 0.331449 0.459633 0.362995 0.466888 0.371981 0.468581 0.370769 0.468581 0.369264 0.469594 0.368657 0.469708 0.366949 0.467508 0.363736 0.469768 0.356810 0.465133 0.351083 0.461122 0.352694 0.459935 0.351083 0.458240 0.349981 0.457115 0.350384 0.456039 0.352898 0.454737 0.353102 0.441568 0.332403 0.413125 0.289611 0.380969 0.242935 0.376620 0.237903 0.373057 0.232282
2 0.378555 0.203463 0.381862 0.195287 0.385453 0.189551 0.389042 0.185319 0.392875 0.183884 0.394771 0.181736 0.396867 0.178366 0.394367 0.175352 0.394367 0.173273 0.395456 0.173199 0.396141 0.172986 0.398966 0.169829 0.398198 0.169403 0.395094 0.171597 0.390846 0.175042 0.389409 0.177361 0.387034 0.177931 0.385036 0.179926 0.381911 0.183148 0.379339 0.188227 0.375776 0.194222 0.373714 0.200111 0.378281 0.204167
1 0.516589 0.366667 0.521536 0.373657 0.536513 0.393676 0.544172 0.403486 0.551716 0.408292 0.557458 0.411292 0.559823 0.415097 0.561289 0.420102 0.560273 0.420102 0.558698 0.415296 0.556557 0.413694 0.553180 0.412093 0.549576 0.409894 0.545635 0.407690 0.543159 0.404287 0.526380 0.382667 0.515456 0.367250
1 0.563315 0.425306 0.578292 0.474356 0.576940 0.474356 0.561852 0.423306 0.562714 0.422773
1 0.532500 0.427435 0.534557 0.425931 0.537622 0.425569 0.540406 0.424995 0.545852 0.422704 0.550169 0.420912 0.559487 0.419977 0.562672 0.420551 0.562714 0.422773 0.555049 0.423995 0.551539 0.423852 0.545005 0.425500 0.539721 0.426718 0.536656 0.427509 0.533872 0.428796 0.532419 0.429731 0.532096 0.428440
2 0.482185 0.344074 0.482951 0.345685 0.482812 0.347727 0.483370 0.348843 0.485044 0.350333 0.485531 0.348597 0.485880 0.347171 0.486786 0.346551 0.487518 0.346181 0.488146 0.346491 0.488703 0.347171 0.488703 0.348843 0.488703 0.350023 0.488635 0.350954 0.489471 0.351944 0.490081 0.350736 0.490596 0.352565 0.490203 0.353185 0.499740 0.360093 0.500385 0.360083 0.500802 0.359157 0.500435 0.358301 0.497471 0.351361 0.496505 0.349574 0.494318 0.347167 0.492388 0.345546 0.487260 0.343463 0.484266 0.341796 0.483068 0.341241
1 0.525745 0.409806 0.523305 0.403606 0.516995 0.389972 0.510651 0.379005 0.505003 0.367847 0.500435 0.358301 0.497471 0.351361 0.498273 0.351111 0.503294 0.362083 0.512115 0.379685 0.517484 0.388176 0.522677 0.399579 0.526687 0.409000
1 0.609865 0.565111 0.611672 0.534394 0.612539 0.520769 0.613117 0.517171 0.612974 0.512801 0.612250 0.510616 0.611094 0.508690 0.608419 0.506505 0.596419 0.498282 0.573503 0.490569 0.566128 0.489542 0.563294 0.486069 0.568411 0.486856 0.572445 0.488356 0.574833 0.488579 0.579669 0.487213 0.582250 0.486431 0.583182 0.485273 0.583260 0.483912 0.582292 0.483708 0.581482 0.483991 0.580883 0.484991 0.580276 0.484708 0.580513 0.483630 0.580919 0.483065 0.581323 0.482847 0.582047 0.482704 0.582979 0.482704 0.583578 0.482769 0.583826 0.483065 0.583984 0.485569 0.583703 0.487435 0.582776 0.487935 0.580997 0.488514 0.579430 0.489296 0.576646 0.489722 0.590159 0.494167 0.602302 0.500194 0.611419 0.506722 0.613349 0.509731 0.614281 0.514819 0.613716 0.522787 0.611940 0.546731 0.610812 0.568181
5 0.357320 0.219380 0.355826 0.217157 0.358729 0.211565 0.359414 0.210491 0.359656 0.209773 0.361997 0.205759 0.367201 0.201023 0.372404 0.199162 0.393862 0.223829 0.425891 0.263199 0.446057 0.287005 0.447026 0.286792 0.449003 0.289014 0.447753 0.291736 0.445372 0.294681 0.443760 0.294750 0.442065 0.298120 0.440250 0.299125 0.424510 0.276764 0.386898 0.220894 0.385023 0.219116 0.382086 0.218005 0.380461 0.218560 0.379214 0.219894 0.378839 0.222116 0.378276 0.222338 0.375151 0.224000 0.374276 0.224667 0.373589 0.225556 0.372776 0.226778 0.372339 0.228222 0.372216 0.229222 0.373057 0.232282 0.372500 0.234074 0.370388 0.238792
5 0.489388 0.323940 0.488885 0.335176 0.486456 0.338153 0.484078 0.340264 0.483068 0.341241 0.480299 0.345255 0.478086 0.347560 0.473549 0.352361 0.471714 0.352843 0.468474 0.352843 0.465133 0.351083 0.468297 0.350051 0.469539 0.349282 0.471271 0.347361 0.472495 0.346741 0.467935 0.338963 0.470516 0.336500 0.475161 0.333917 0.477000 0.334264 0.482612 0.327551 0.483484 0.330134
5 0.492948 0.310037 0.492969 0.317574 0.489388 0.323940 0.483484 0.330134 0.482612 0.327551 0.477000 0.334264 0.475161 0.333917 0.470516 0.336500 0.467935 0.338963 0.464497 0.334523 0.459234 0.326722 0.464086 0.325532 0.467013 0.322412 0.467849 0.318250 0.472549 0.321875 0.476323 0.318264 0.477581 0.317060 0.480464 0.321222 0.483174 0.321394 0.485305 0.318468 0.485401 0.316750 0.487529 0.314514 0.489948 0.312620
5 0.467849 0.318250 0.472549 0.321875 0.476323 0.318264 0.477581 0.317060 0.475240 0.313824 0.474367 0.309523 0.477029 0.301366 0.472617 0.299662 0.469104 0.309028
5 0.476214 0.291931 0.472617 0.299662 0.469104 0.309028 0.467849 0.318250 0.467013 0.322412 0.464086 0.325532 0.459234 0.326722 0.454133 0.318991 0.458901 0.319588 0.463417 0.312449 0.467013 0.306648 0.469773 0.301296 0.470526 0.297134 0.467732 0.285875 0.469823 0.288704 0.471161 0.289148 0.473086 0.288255 0.474005 0.288106
5 0.454133 0.318991 0.458901 0.319588 0.463417 0.312449 0.467013 0.306648 0.469773 0.301296 0.470526 0.297134 0.467732 0.285875 0.467148 0.286769 0.465810 0.291079 0.464638 0.289296 0.462102 0.296602 0.457956 0.305356 0.451089 0.314569
5 0.464638 0.289296 0.465810 0.291079 0.467148 0.286769 0.467732 0.285875 0.469823 0.288704 0.471161 0.289148 0.473086 0.288255 0.474005 0.288106 0.476932 0.285134 0.478523 0.282606 0.480271 0.279838 0.478932 0.277162 0.477760 0.275079 0.475419 0.278056 0.474164 0.278648 0.463612 0.270088 0.468451 0.279560 0.465341 0.287389
5 0.463612 0.270088 0.468451 0.279560 0.465341 0.287389 0.462102 0.296602 0.457956 0.305356 0.451089 0.314569 0.448065 0.310306 0.441068 0.300199 0.440250 0.299125 0.442065 0.298120 0.443760 0.294750 0.445372 0.294681 0.447753 0.291736 0.449003 0.289014 0.447026 0.286792 0.451896 0.278056 0.451464 0.281319 0.452435 0.282667 0.454648 0.283241 0.455891 0.281898 0.456594 0.283144 0.457836 0.282856 0.460156 0.278440 0.460427 0.278250 0.460156 0.282472 0.460534 0.282375 0.462047 0.275463
5 0.500388 0.234356 0.499708 0.247051 0.498622 0.255972 0.497786 0.259986 0.496615 0.262963 0.494440 0.265639 0.492935 0.268611 0.490677 0.272477 0.487078 0.276046 0.484151 0.277384 0.481443 0.278204 0.483115 0.275079 0.485372 0.270176 0.487883 0.268833 0.487883 0.267051 0.484536 0.263481 0.487799 0.261250 0.482529 0.253968 0.484771 0.244495 0.486789 0.242903 0.490367 0.237931 0.494286 0.232750 0.496974 0.233148 0.494286 0.239125
5 0.482190 0.256245 0.482529 0.253968 0.487799 0.261250 0.484536 0.263481 0.487883 0.267051 0.487883 0.268833 0.485372 0.270176 0.483115 0.275079 0.481443 0.278204 0.481190 0.279394 0.484370 0.283259 0.484117 0.284597 0.482445 0.284894 0.480940 0.283556 0.480271 0.279838 0.478932 0.277162 0.477760 0.275079 0.475419 0.278056 0.474164 0.278648 0.463612 0.270088 0.465232 0.268745 0.466529 0.266153 0.453893 0.255306 0.452490 0.256074 0.441258 0.242153 0.429917 0.230056 0.417443 0.216810 0.409990 0.206921 0.400974 0.195690 0.394818 0.183977 0.394771 0.181736 0.396867 0.178366 0.394367 0.175352 0.394367 0.173273 0.395456 0.173199 0.396141 0.172986 0.398966 0.169829 0.400057 0.165787 0.400755 0.160306 0.418034 0.179713 0.428659 0.194361 0.457648 0.227134 0.477167 0.250139
5 0.297013 0.203889 0.288721 0.187306 0.294810 0.183389 0.308674 0.177398 0.311911 0.175097 0.316057 0.171644 0.321370 0.171644 0.331484 0.192037 0.343005 0.212407 0.357388 0.241662 0.371185 0.271329 0.373984 0.280079 0.374555 0.283259 0.376224 0.285444 0.376458 0.288046 0.372870 0.284847 0.369734 0.282472 0.366146 0.278491 0.361979 0.280648 0.359266 0.284731 0.335143 0.254995 0.306938 0.217222
5 0.357547 0.158755 0.356435 0.154731 0.355596 0.153046 0.355523 0.149398 0.359219 0.149204 0.362883 0.148806 0.362883 0.147792 0.358784 0.143718 0.358755 0.142060 0.361227 0.140282 0.364388 0.132481 0.363685 0.130005 0.362427 0.128514 0.362516 0.125519 0.365508 0.125852 0.372786 0.132907 0.378664 0.138218 0.384917 0.144190 0.389536 0.148009 0.395753 0.153481 0.403409 0.161954 0.415229 0.173750 0.423760 0.180292 0.433701 0.189894 0.442901 0.199713 0.447419 0.204171 0.447044 0.206278 0.448794 0.213167 0.449609 0.219051 0.456609 0.225056 0.455227 0.227278 0.454115 0.228287 0.453177 0.229907 0.451172 0.228051 0.449734 0.227046 0.447943 0.231296 0.446706 0.239412 0.439331 0.231185 0.439766 0.240181 0.440266 0.249509 0.434219 0.242505 0.424984 0.232806 0.411701 0.218213 0.396148 0.201894 0.379083 0.182597 0.362451 0.164551
5 0.384917 0.144190 0.377315 0.135782 0.371388 0.129644 0.368401 0.126907 0.368401 0.125662 0.370081 0.123171 0.374234 0.120435 0.375401 0.119190 0.376521 0.112801 0.377409 0.110560 0.381047 0.102597 0.383055 0.102264 0.383570 0.102500 0.384411 0.103250 0.410234 0.129417 0.441930 0.159255 0.468906 0.185454 0.466456 0.189551 0.466456 0.189551 0.465057 0.192620 0.463003 0.198014 0.461883 0.200171 0.461229 0.200088 0.460622 0.199009 0.459596 0.200333 0.460016 0.202412 0.458661 0.206560 0.456328 0.208051 0.456281 0.209546 0.454010 0.212546 0.447419 0.204171 0.442901 0.199713 0.433701 0.189894 0.423760 0.180292 0.415229 0.173750 0.403409 0.161954 0.395753 0.153481 0.389536 0.148009
5 0.464870 0.234852 0.462633 0.232213 0.459487 0.232356 0.457607 0.233384 0.456609 0.233602 0.453638 0.235727 0.452146 0.237019 0.450979 0.238903 0.451461 0.240102 0.462190 0.251861 0.474815 0.265917 0.494823 0.288435 0.498818 0.293671 0.507609 0.302417 0.525440 0.323931 0.533424 0.333111 0.534596 0.334616 0.535724 0.338417 0.535951 0.339593 0.531870 0.341514 0.530984 0.342181 0.531474 0.344005 0.539958 0.353324 0.541630 0.352431 0.541044 0.350500 0.541044 0.345296 0.543135 0.343958 0.546984 0.349014 0.548823 0.347676 0.548992 0.343065 0.552003 0.347676 0.554094 0.347227 0.554010 0.342917 0.556518 0.331167 0.559279 0.325815 0.562307 0.327806 0.563315 0.327157 0.562786 0.326019 0.559375 0.322639 0.557318 0.320694 0.553078 0.316412 0.551865 0.314755 0.550130 0.314398 0.547383 0.311681 0.544583 0.314171 0.542344 0.311602 0.540198 0.310602 0.538469 0.311185 0.536695 0.311269 0.514576 0.287454 0.489557 0.260986
5 0.451461 0.240102 0.449839 0.242657 0.446706 0.239412 0.439331 0.231185 0.439766 0.240181 0.440266 0.249509 0.440211 0.252102 0.437727 0.253926 0.434974 0.255463 0.433948 0.257000 0.436797 0.259120 0.445964 0.269815 0.464237 0.290875 0.480622 0.308231 0.488049 0.313931 0.500633 0.331287 0.511859 0.346162 0.517961 0.354032 0.521133 0.351491 0.526328 0.345542 0.531870 0.341514 0.535951 0.339593 0.535724 0.338417 0.534596 0.334616 0.533424 0.333111 0.525440 0.323931 0.507609 0.302417 0.498818 0.293671 0.494823 0.288435 0.474815 0.265917 0.462190 0.251861
