0 0.396992 0.254449 0.393451 0.252009 0.385497 0.258176 0.383438 0.262935 0.383656 0.263574 0.382143 0.264310 0.380047 0.267032 0.376786 0.273602 0.374005 0.278028 0.372997 0.279819 0.370563 0.287208 0.369104 0.292606 0.369536 0.302759 0.369753 0.311630 0.370477 0.320755 0.371760 0.323894 0.373885 0.327782 0.376708 0.331019 0.381138 0.336491 0.386214 0.341194 0.387346 0.347338 0.388914 0.354250 0.391721 0.358569 0.393341 0.366440 0.397984 0.368843 0.402846 0.370088 0.405060 0.373931 0.407651 0.375083 0.409810 0.373931 0.412242 0.367977 0.412997 0.361449 0.413914 0.356551 0.414779 0.354634 0.414833 0.348968 0.413375 0.346569 0.410568 0.340042 0.408677 0.335435 0.408138 0.331977 0.409271 0.322569 0.411755 0.309032 0.410784 0.305579 0.410891 0.302792 0.412620 0.299338 0.423258 0.296551 0.424445 0.299051 0.425255 0.305866 0.427253 0.311722 0.433138 0.325259 0.431734 0.333417 0.429466 0.343495 0.431302 0.351273 0.436758 0.362602 0.438432 0.366634 0.441401 0.366634 0.444586 0.366634 0.447180 0.363083 0.450096 0.359815 0.453172 0.356745 0.454146 0.352042 0.454253 0.349639 0.456089 0.345704 0.456846 0.335435 0.456089 0.322472 0.454901 0.316810 0.450690 0.314792 0.449284 0.310954 0.443508 0.305194 0.440969 0.299051 0.437784 0.289352 0.436216 0.288199 0.434706 0.288009 0.433354 0.288491 0.431844 0.285032 0.434003 0.279463 0.434867 0.274569 0.437568 0.274185 0.441888 0.274667 0.451716 0.278315 0.453604 0.279944 0.455872 0.282634 0.457656 0.287241 0.459760 0.294347 0.461435 0.296745 0.462839 0.298088 0.465755 0.301352 0.467052 0.303273 0.467375 0.307977 0.469805 0.301931 0.471802 0.294634 0.471318 0.287144 0.469698 0.282056 0.469698 0.280139 0.469698 0.276009 0.467070 0.271722 0.464461 0.271722 0.462909 0.269153 0.460492 0.267597 0.459133 0.265875 0.458648 0.259514 0.450719 0.250056 0.446648 0.246097 0.438352 0.236329
11 0.502969 0.650324 0.507135 0.652824 0.510078 0.655046 0.513914 0.656417 0.516633 0.657282 0.518620 0.658213 0.518656 0.660940 0.517922 0.664722 0.516703 0.667759 0.515029 0.670051 0.510115 0.666704 0.504432 0.662926 0.503805 0.659764 0.503177 0.656662 0.502758 0.652449
6 0.373885 0.327782 0.371760 0.323894 0.368885 0.321005 0.371635 0.332671 0.366263 0.338333 0.374302 0.365593 0.384370 0.399870 0.393065 0.427792 0.405979 0.463829 0.424536 0.526361 0.425456 0.525616 0.407112 0.455472 0.389786 0.389829 0.381831 0.359130
6 0.461852 0.664755 0.470089 0.696593 0.477685 0.725486 0.486466 0.758778 0.481799 0.754542 0.468232 0.701722 0.461148 0.665023
6 0.467409 0.667074 0.470453 0.670181 0.470846 0.674843 0.472018 0.674625 0.471661 0.671787 0.487404 0.689292 0.490102 0.694083 0.491313 0.697065 0.488940 0.703912 0.486328 0.708972 0.484323 0.712208 0.470089 0.696593 0.463435 0.670884 0.464555 0.668644 0.465859 0.667236
6 0.485190 0.713389 0.487057 0.709986 0.489297 0.705755 0.490979 0.701773 0.492005 0.698954 0.499286 0.716375 0.500313 0.715296 0.492734 0.696676 0.493013 0.696014 0.506786 0.711398 0.508456 0.716009 0.509805 0.714856 0.524544 0.731685 0.525193 0.743829 0.521904 0.747773 0.521792 0.750069 0.521536 0.754583
6 0.602492 0.570204 0.612612 0.596417 0.612206 0.604671 0.607721 0.607833 0.606534 0.599583
6 0.539156 0.461917 0.553089 0.511032 0.552669 0.505236 0.550333 0.494972 0.547990 0.483519 0.545815 0.476389 0.544310 0.469991
6 0.525435 0.440255 0.533995 0.473111 0.543143 0.506282 0.552482 0.540245 0.566680 0.586519 0.562198 0.558648 0.560406 0.550282 0.556758 0.527519 0.553089 0.511032 0.539156 0.461917 0.536922 0.457431 0.531661 0.449773
6 0.505609 0.334236 0.509047 0.345787 0.510922 0.353009 0.513120 0.359273 0.520336 0.378866 0.532888 0.411843 0.534839 0.416088 0.536432 0.411588 0.530284 0.382153 0.529271 0.380741 0.527971 0.376755 0.527833 0.374269 0.528146 0.372046 0.527896 0.370046 0.523680 0.358940 0.515615 0.337292 0.511302 0.326162 0.506180 0.332046
6 0.504359 0.328847 0.501227 0.319727 0.499122 0.316079 0.497503 0.317806 0.496005 0.319491 0.494839 0.317750 0.494232 0.317917 0.495023 0.320903 0.493391 0.322560 0.495305 0.329449 0.497031 0.327042 0.497404 0.328204 0.495724 0.330528 0.499458 0.344796 0.500018 0.344134 0.500391 0.341644 0.501232 0.338407 0.502865 0.334509 0.503565 0.333097
6 0.505609 0.334236 0.505068 0.337162 0.504258 0.340523 0.503716 0.344171 0.503284 0.347338 0.504042 0.347528 0.504148 0.350218 0.504042 0.353000 0.503609 0.358472 0.505174 0.357898 0.506688 0.357801 0.507984 0.358569 0.508901 0.360296 0.509279 0.362889 0.509604 0.367495 0.510250 0.372009 0.511169 0.376231 0.512573 0.380843 0.514409 0.384491 0.517974 0.391208 0.523482 0.400231 0.528125 0.407241 0.510922 0.353009 0.509047 0.345787
6 0.504211 0.360954 0.505378 0.360454 0.506589 0.360287 0.507570 0.360954 0.508036 0.364935 0.508690 0.370079 0.509437 0.374810 0.510370 0.378130 0.511641 0.381995 0.513880 0.386394 0.516951 0.392176 0.521758 0.400704 0.527638 0.409532 0.529833 0.416255 0.528339 0.416583 0.524557 0.415838 0.523253 0.415838 0.521198 0.416833 0.520172 0.414843 0.517977 0.413597 0.514570 0.400407 0.519844 0.403227 0.519984 0.400569 0.513773 0.396819
6 0.573339 0.627472 0.571339 0.632139 0.568193 0.622898 0.565951 0.623028 0.540648 0.537690 0.548529 0.537435 0.547878 0.535250 0.541589 0.533833 0.540289 0.530236 0.537758 0.526380 0.531107 0.506458 0.541516 0.508005 0.541372 0.505560 0.536456 0.503889 0.537612 0.493093 0.544047 0.512759 0.552482 0.540245 0.566680 0.586519 0.571083 0.612875
6 0.526094 0.453148 0.534401 0.481278 0.531414 0.479616 0.528427 0.476958 0.526747 0.475630 0.529266 0.475880 0.529266 0.475056 0.527214 0.474056 0.525062 0.472060 0.523755 0.470407 0.523245 0.468333 0.523292 0.465264 0.524323 0.460579 0.525253 0.457093
6 0.528383 0.513125 0.537758 0.526380 0.540289 0.530236 0.541589 0.533833 0.530667 0.532560 0.527029 0.521843
6 0.545096 0.649380 0.552076 0.648639 0.562518 0.668069 0.562518 0.669245 0.557487 0.675514 0.545063 0.651394
6 0.530453 0.605185 0.529193 0.606264 0.527513 0.606514 0.525505 0.612074 0.531016 0.623935 0.539461 0.622611
6 0.580414 0.683306 0.581091 0.683444 0.579060 0.665241 0.574669 0.653889 0.573643 0.651315 0.568091 0.637352 0.561438 0.620236 0.559177 0.614333 0.558523 0.612343 0.533695 0.541630 0.531849 0.536403 0.530667 0.532560 0.527029 0.521843 0.520563 0.502935 0.514542 0.502023 0.526719 0.537981 0.552833 0.612620 0.555763 0.620454 0.565484 0.646333 0.573276 0.665801 0.574161 0.667875
6 0.511617 0.492634 0.518245 0.496037 0.506833 0.461861 0.504826 0.458296 0.503151 0.456213 0.501227 0.446398 0.494503 0.425444 0.493938 0.425671 0.493125 0.428782 0.491940 0.434333 0.504896 0.473426
6 0.480859 0.385116 0.479326 0.385921 0.476885 0.388894 0.482904 0.407106 0.485797 0.407685 0.489112 0.409347
4 0.557516 0.715995 0.525193 0.743829 0.524544 0.731685 0.522872 0.696343 0.523161 0.683236 0.563003 0.683264 0.567253 0.683042 0.572935 0.682926 0.572500 0.691486 0.574372 0.691704 0.574372 0.683042 0.580414 0.683306 0.581091 0.683444 0.583242 0.707384 0.581935 0.707819 0.583063 0.715157 0.583995 0.716162 0.585557 0.716713 0.585810 0.718037 0.572003 0.728819 0.569878 0.727486 0.568315 0.727046 0.564440 0.716819 0.565690 0.715380 0.563818 0.712602 0.564375 0.709708 0.565315 0.705931 0.565193 0.702824 0.564562 0.699389 0.563500 0.698491 0.561563 0.697500 0.559625 0.698157 0.558065 0.699611 0.556690 0.702824 0.555945 0.705931 0.556003 0.709491 0.556568 0.712153 0.557565 0.714042
2 0.544372 0.622352 0.539461 0.622611 0.531016 0.623935 0.520818 0.626019 0.521630 0.632574 0.534974 0.631514 0.535940 0.631083 0.540036 0.630495 0.541302 0.640778 0.540008 0.640991 0.535250 0.641190 0.533857 0.641380 0.523086 0.642991 0.522805 0.642167 0.522156 0.642412 0.522229 0.643412 0.520487 0.644236 0.520156 0.646722 0.519130 0.650532 0.519273 0.652199 0.532052 0.650412 0.533826 0.650245 0.540125 0.649167 0.541362 0.640847 0.541724 0.637546 0.542573 0.633171 0.542130 0.630593 0.543341 0.630519 0.544453 0.626194
2 0.545031 0.639787 0.545096 0.649380 0.552076 0.648639 0.565625 0.646713 0.562510 0.638269 0.547922 0.639833
1 0.464490 0.122111 0.463164 0.121431 0.460799 0.136380 0.459081 0.147583 0.458542 0.152389 0.458378 0.154593 0.458703 0.156417 0.458487 0.158722 0.456862 0.165907 0.455029 0.173968 0.452789 0.185639 0.454094 0.186880 0.454701 0.181903 0.456240 0.173602 0.458576 0.163796 0.460305 0.157162 0.460305 0.155833 0.459698 0.154171 0.461906 0.137537
1 0.380401 0.261444 0.377437 0.262986 0.372594 0.266583 0.365148 0.274296 0.358570 0.281750 0.359148 0.283162 0.365510 0.276991 0.369052 0.273727 0.374979 0.267944 0.378378 0.264602 0.381630 0.263963 0.383656 0.263574 0.383438 0.262935
1 0.371760 0.323894 0.370477 0.320755 0.369753 0.311630 0.369536 0.302759 0.369104 0.292606 0.366789 0.299421 0.364693 0.299292 0.358404 0.306102 0.361005 0.317028 0.362453 0.322681 0.363320 0.324995 0.366263 0.338333 0.371635 0.332671 0.368885 0.321005
2 0.431870 0.546685 0.439435 0.569681 0.446622 0.592139 0.446773 0.590792 0.446698 0.586894 0.446839 0.583310 0.445740 0.580523 0.445003 0.576394 0.444297 0.572630 0.443167 0.569731 0.441458 0.560194 0.439359 0.553542 0.438982 0.551662 0.439208 0.549106 0.438680 0.546014 0.438617 0.541676
2 0.506677 0.593833 0.505885 0.594630 0.505781 0.597028 0.505310 0.626194 0.505797 0.627833 0.505781 0.632083 0.505677 0.633241 0.505313 0.633843 0.503542 0.640185 0.503073 0.643426 0.502891 0.646759 0.502969 0.650324 0.507135 0.652824 0.510078 0.655046 0.512974 0.655125 0.513854 0.651630 0.515505 0.648472 0.516708 0.647458 0.519057 0.647343 0.520156 0.646722 0.520487 0.644236 0.522229 0.643412 0.522156 0.642412 0.522156 0.642412 0.522805 0.642167 0.521630 0.632574 0.520818 0.626019 0.521042 0.624468 0.519344 0.605347
1 0.373885 0.327782 0.376708 0.331019 0.381138 0.336491 0.386214 0.341194 0.387346 0.347338 0.388914 0.354250 0.391721 0.358569 0.393341 0.366440 0.397984 0.368843 0.402846 0.370088 0.405060 0.373931 0.407651 0.375083 0.409810 0.373931 0.412242 0.367977 0.412997 0.361449 0.413914 0.356551 0.414779 0.354634 0.414833 0.348968 0.413375 0.346569 0.410568 0.340042 0.408677 0.335435 0.408138 0.331977 0.409271 0.322569 0.411755 0.309032 0.410784 0.305579 0.410891 0.302792 0.412620 0.299338 0.423258 0.296551 0.424445 0.299051 0.425255 0.305866 0.427253 0.311722 0.433138 0.325259 0.431734 0.333417 0.429466 0.343495 0.431302 0.351273 0.436758 0.362602 0.438432 0.366634 0.441401 0.366634 0.444586 0.366634 0.447180 0.363083 0.450096 0.359815 0.453172 0.356745 0.454146 0.352042 0.454253 0.349639 0.456089 0.345704 0.456846 0.335435 0.456089 0.322472 0.454901 0.316810 0.450690 0.314792 0.449284 0.310954 0.443508 0.305194 0.440969 0.299051 0.437784 0.289352 0.436216 0.288199 0.434706 0.288009 0.433354 0.288491 0.431844 0.285032 0.434003 0.279463 0.434867 0.274569 0.437568 0.274185 0.441888 0.274667 0.451716 0.278315 0.453604 0.279944 0.455872 0.282634 0.457656 0.287241 0.459760 0.294347 0.461435 0.296745 0.462839 0.298088 0.465755 0.301352 0.467052 0.303273 0.467375 0.307977 0.469805 0.301931 0.471802 0.294634 0.471318 0.287144 0.469698 0.282056 0.469698 0.280139 0.469698 0.276009 0.479526 0.286856 0.493133 0.303657 0.493615 0.306481 0.485195 0.298185 0.483414 0.308264 0.485844 0.315083 0.487302 0.316042 0.488003 0.315176 0.484872 0.304616 0.486005 0.303944 0.489516 0.314120 0.494591 0.311144 0.495078 0.312394 0.489948 0.317579 0.490380 0.322667 0.489029 0.325833 0.487031 0.325639 0.487237 0.328935 0.486859 0.340838 0.487992 0.343718 0.488964 0.344389 0.490583 0.346023 0.491448 0.343046 0.492268 0.338699 0.493888 0.332264 0.495305 0.329449 0.497031 0.327042 0.497404 0.328204 0.495724 0.330528 0.495023 0.333032 0.493727 0.338315 0.492484 0.345130 0.493078 0.347338 0.498750 0.347722 0.498102 0.355495 0.498102 0.361931 0.497940 0.370375 0.499234 0.379495 0.501935 0.392745 0.504635 0.401481 0.507336 0.409065 0.512518 0.415593 0.517055 0.424523 0.522779 0.430792 0.523841 0.435125 0.529216 0.442787 0.535589 0.452231 0.536922 0.457431 0.531661 0.449773 0.525435 0.440255 0.533995 0.473111 0.543143 0.506282 0.544047 0.512759 0.537612 0.493093 0.536549 0.489227 0.533768 0.492870 0.531872 0.495023 0.528516 0.497454 0.530289 0.502759 0.534333 0.503412 0.536456 0.503889 0.541372 0.505560 0.541516 0.508005 0.531107 0.506458 0.537758 0.526380 0.528383 0.513125 0.527029 0.521843 0.520563 0.502935 0.514542 0.502023 0.511617 0.492634 0.518245 0.496037 0.506833 0.461861 0.504826 0.458296 0.503151 0.456213 0.501227 0.446398 0.494503 0.425444 0.493938 0.425671 0.493125 0.428782 0.491940 0.434333 0.504896 0.473426 0.526719 0.537981 0.552833 0.612620 0.551398 0.615847 0.549833 0.619306 0.549224 0.621519 0.547701 0.623597 0.545854 0.627190 0.544807 0.630537 0.544055 0.632843 0.543299 0.636296 0.542529 0.640421 0.541693 0.649222 0.540922 0.655019 0.542435 0.656745 0.544326 0.659051 0.544237 0.649097 0.544237 0.640236 0.544432 0.633514 0.545057 0.634370 0.545031 0.639787 0.545096 0.649380 0.545063 0.651394 0.545135 0.660491 0.545729 0.661931 0.546594 0.666056 0.547458 0.671435 0.549833 0.672296 0.552802 0.672968 0.554854 0.675273 0.557448 0.677671 0.560849 0.680171 0.563388 0.682282 0.564792 0.682569 0.566951 0.682282 0.568786 0.680458 0.571380 0.675944 0.572190 0.676139 0.571164 0.678537 0.569380 0.681227 0.568409 0.682282 0.567253 0.683042 0.563003 0.683264 0.560201 0.681130 0.557771 0.679593 0.556044 0.678250 0.554260 0.676329 0.551992 0.673736 0.549672 0.672968 0.547242 0.672583 0.545081 0.662602 0.544810 0.683338 0.544164 0.683338 0.544216 0.661259 0.542651 0.658856 0.540492 0.657227 0.538224 0.676810 0.536766 0.676329 0.539086 0.656361 0.540125 0.649167 0.541362 0.640847 0.541724 0.637546 0.542573 0.633171 0.543341 0.630519 0.544453 0.626194 0.546701 0.621227 0.550750 0.612875 0.546000 0.605579 0.545297 0.622282 0.544372 0.622352 0.544432 0.611528 0.542706 0.609898 0.539734 0.599912 0.537898 0.603755 0.533849 0.610667 0.533526 0.609898 0.538763 0.599144 0.538602 0.595403 0.536664 0.592282 0.536557 0.590653 0.535099 0.588255 0.533211 0.585949 0.530776 0.583898 0.530781 0.586718 0.530833 0.591319 0.530401 0.596602 0.528620 0.602458 0.527513 0.606514 0.525505 0.612074 0.521638 0.625852 0.520818 0.626019 0.521042 0.624468 0.525013 0.610204 0.521115 0.601847 0.522125 0.601847 0.525523 0.608528 0.527760 0.601977 0.529419 0.596398 0.530219 0.592542 0.530219 0.588176 0.529492 0.584060 0.527253 0.577889 0.525281 0.578250 0.523057 0.577389 0.521284 0.575954 0.520844 0.574519 0.520880 0.573157 0.517956 0.565801 0.514003 0.567954 0.513237 0.573403 0.512437 0.578315 0.511143 0.580042 0.506875 0.579176 0.504016 0.578407 0.499258 0.585269 0.502138 0.594069 0.505885 0.594630 0.505781 0.597028 0.504568 0.596898 0.503159 0.597037 0.505115 0.605130 0.504411 0.605866 0.503812 0.603417 0.502951 0.603278 0.500195 0.603088 0.498469 0.605486 0.498521 0.607500 0.496630 0.609898 0.495445 0.612778 0.495659 0.614894 0.495016 0.616130 0.497516 0.619356 0.497508 0.622194 0.499240 0.624926 0.501904 0.629944 0.503313 0.631523 0.500456 0.636028 0.494984 0.647181 0.491513 0.650315 0.492810 0.657130 0.499724 0.659639 0.500260 0.660778 0.493583 0.658861 0.495169 0.666819 0.506039 0.686792 0.512466 0.677866 0.523049 0.663657 0.529529 0.654824 0.532052 0.650412 0.533826 0.650245 0.539411 0.654153 0.539141 0.656458 0.534388 0.652616 0.533687 0.652042 0.532768 0.652139 0.531958 0.654634 0.528773 0.659722 0.522346 0.668171 0.513815 0.680171 0.508956 0.685546 0.515273 0.681801 0.520727 0.680648 0.528828 0.680935 0.528935 0.682759 0.523161 0.683236 0.518352 0.683528 0.513599 0.685352 0.510521 0.686699 0.507120 0.689194 0.508198 0.692648 0.511872 0.699657 0.510953 0.700713 0.506417 0.690727 0.505932 0.691593 0.505336 0.693417 0.505391 0.699847 0.506849 0.707241 0.507984 0.710602 0.509805 0.714856 0.508456 0.716009 0.506786 0.711398 0.505068 0.704171 0.504419 0.698792 0.504906 0.690056 0.500315 0.690250 0.494214 0.688903 0.493727 0.692745 0.493013 0.696014 0.492734 0.696676 0.500313 0.715296 0.499286 0.716375 0.492005 0.698954 0.490979 0.701773 0.489297 0.705755 0.487057 0.709986 0.485190 0.713389 0.477685 0.725486 0.477096 0.723083 0.480497 0.717801 0.484323 0.712208 0.486328 0.708972 0.488940 0.703912 0.491313 0.697065 0.490102 0.694083 0.487404 0.689292 0.483953 0.681514 0.479742 0.678153 0.471966 0.670185 0.471661 0.671787 0.472018 0.674625 0.470846 0.674843 0.470453 0.670181 0.470885 0.668843 0.469589 0.667403 0.467409 0.667074 0.465859 0.667236 0.464555 0.668644 0.463435 0.670884 0.462734 0.668000 0.462943 0.667028 0.463828 0.665500 0.464974 0.664296 0.462578 0.661704 0.461852 0.664755 0.461148 0.665023 0.449661 0.602829 0.450917 0.602829 0.450602 0.591954 0.448250 0.593630 0.447935 0.591676 0.449661 0.589167 0.446839 0.583310 0.445740 0.580523 0.445003 0.576394 0.447826 0.573329 0.447229 0.571542 0.444297 0.572630 0.443167 0.569731 0.441458 0.560194 0.438617 0.541676 0.431292 0.547060 0.430383 0.544074 0.436956 0.539639 0.436956 0.538833 0.433927 0.538301 0.433096 0.536685 0.433096 0.535625 0.433253 0.531583 0.429474 0.533199 0.427654 0.534009 0.427279 0.531972 0.429096 0.531301 0.427576 0.521486 0.426823 0.521486 0.425615 0.526204 0.425086 0.524051 0.425917 0.515042 0.426674 0.506032 0.422891 0.512083 0.422286 0.511815 0.421909 0.510065 0.422362 0.508856 0.424630 0.505222 0.423346 0.493255 0.421227 0.492315 0.419185 0.501458 0.418125 0.497560 0.419487 0.492046 0.419562 0.490699 0.419260 0.490833 0.417521 0.493255 0.416992 0.492852 0.415432 0.487620 0.415964 0.485870 0.416190 0.484931 0.415130 0.484662 0.414677 0.483856 0.414677 0.483588 0.415659 0.482912 0.416870 0.481838 0.417323 0.480898 0.417552 0.479417 0.414221 0.476861 0.412029 0.474171 0.411516 0.472116 0.413180 0.472745 0.418081 0.476796 0.421583 0.465269 0.420094 0.466051 0.418958 0.466667 0.417029 0.466213 0.415190 0.466829 0.413526 0.465903 0.414578 0.464032 0.414844 0.462472 0.413883 0.460292 0.412044 0.457968 0.411167 0.454847 0.407490 0.457185 0.406703 0.454847 0.389786 0.389829 0.381831 0.359130
1 0.521198 0.416833 0.523135 0.419056 0.523648 0.418727 0.526216 0.418889 0.528781 0.419056 0.534260 0.419819 0.534839 0.416088 0.532888 0.411843 0.532312 0.412356 0.528125 0.407241 0.523482 0.400231 0.517974 0.391208 0.514409 0.384491 0.512573 0.380843 0.511169 0.376231 0.510250 0.372009 0.509604 0.367495 0.509279 0.362889 0.508901 0.360296 0.507984 0.358569 0.506688 0.357801 0.505174 0.357898 0.503609 0.358472 0.504211 0.360954 0.505378 0.360454 0.506589 0.360287 0.507570 0.360954 0.508036 0.364935 0.508690 0.370079 0.509437 0.374810 0.510370 0.378130 0.511641 0.381995 0.513880 0.386394 0.516951 0.392176 0.521758 0.400704 0.527638 0.409532 0.529833 0.416255 0.528339 0.416583 0.524557 0.415838 0.523253 0.415838
1 0.493961 0.726472 0.505760 0.762241 0.506518 0.761167 0.495094 0.726472
1 0.501885 0.649782 0.501922 0.651583 0.502096 0.654060 0.502654 0.658278 0.503281 0.661685 0.503766 0.664204 0.503716 0.668634 0.503667 0.670806 0.504497 0.670194 0.504643 0.665333 0.504432 0.662926 0.503805 0.659764 0.503177 0.656662 0.502758 0.652449 0.502969 0.650324 0.502891 0.646759 0.503073 0.643426 0.503542 0.640185 0.505313 0.633843 0.505677 0.633241 0.505781 0.632083 0.505826 0.627907 0.505310 0.626194 0.504878 0.627606 0.504807 0.631162 0.504745 0.632991 0.504188 0.635032 0.503456 0.637759 0.502305 0.641356 0.501922 0.644454 0.501747 0.646935
1 0.542102 0.565722 0.544734 0.567162 0.548885 0.571843 0.551620 0.577602 0.553747 0.584083 0.555164 0.592366 0.556177 0.600287 0.556318 0.603366 0.556055 0.605111 0.555398 0.603708 0.555003 0.599065 0.553958 0.591394 0.552714 0.585236 0.550687 0.578611 0.548208 0.573032 0.544674 0.568727 0.542648 0.567213
9 0.517956 0.565801 0.514003 0.567954 0.513237 0.573403 0.512437 0.578315 0.511143 0.580042 0.506875 0.579176 0.504016 0.578407 0.499258 0.585269 0.502138 0.594069 0.505885 0.594630 0.506677 0.593833 0.519344 0.605347 0.521042 0.624468 0.525013 0.610204 0.521115 0.601847 0.522125 0.601847 0.525523 0.608528 0.527760 0.601977 0.529419 0.596398 0.530219 0.592542 0.530219 0.588176 0.529492 0.584060 0.527253 0.577889 0.525281 0.578250 0.523057 0.577389 0.521284 0.575954 0.520844 0.574519 0.520880 0.573157
9 0.505781 0.597028 0.505310 0.626194 0.504878 0.627606 0.504807 0.631162 0.503313 0.631523 0.501904 0.629944 0.499240 0.624926 0.497508 0.622194 0.497516 0.619356 0.495016 0.616130 0.495659 0.614894 0.495445 0.612778 0.496630 0.609898 0.498521 0.607500 0.498469 0.605486 0.500195 0.603088 0.502951 0.603278 0.503812 0.603417 0.504411 0.605866 0.505115 0.605130 0.503159 0.597037 0.504568 0.596898
5 0.476339 0.655611 0.479487 0.671458 0.494984 0.668481 0.495169 0.666819 0.493583 0.658861 0.482089 0.656634 0.482187 0.658903 0.480341 0.658903 0.480318 0.656213
6 0.561445 0.601088 0.564469 0.603875 0.570049 0.607648 0.570802 0.606264 0.565482 0.587255 0.545307 0.517333 0.538430 0.496389 0.529638 0.467477 0.525792 0.454495 0.524836 0.453685 0.520867 0.451028 0.519148 0.448019 0.516604 0.447889 0.515099 0.446528 0.513703 0.444551 0.512909 0.445088 0.522161 0.463005 0.531466 0.479880 0.531422 0.482319 0.530701 0.483042 0.523919 0.470421 0.523680 0.472426 0.523919 0.474727 0.524729 0.477231 0.528031 0.481819 0.531221 0.484546 0.535456 0.487051 0.535255 0.489134 0.530461 0.487463 0.528271 0.484801 0.525792 0.481486 0.522951 0.477088 0.522154 0.472440 0.522768 0.468685 0.521135 0.466204 0.518664 0.464532 0.520659 0.471088 0.525690 0.489324 0.527143 0.489824 0.528596 0.486241 0.529406 0.487356 0.527258 0.492088 0.526326 0.491264 0.529029 0.500148 0.529312 0.497153 0.530286 0.496560 0.530245 0.499426 0.531385 0.499005 0.530693 0.501009 0.529964 0.501148 0.529602 0.502935 0.531849 0.509324 0.538289 0.531556 0.541794 0.539718 0.540875 0.541208 0.555534 0.592310 0.560833 0.598333
6 0.545307 0.517333 0.565482 0.587255 0.570802 0.606264 0.570049 0.607648 0.572628 0.612472 0.574831 0.614097 0.575987 0.617537 0.577302 0.616389 0.579237 0.617106 0.581172 0.617106 0.579372 0.610421 0.580284 0.609032 0.542083 0.474162 0.526096 0.417782 0.526953 0.417222 0.523958 0.406574 0.518724 0.386620 0.513672 0.367917 0.499117 0.318806 0.498393 0.316130 0.495255 0.318856 0.494234 0.316449 0.493570 0.316769 0.494477 0.319819 0.492516 0.321912 0.507227 0.376023 0.519703 0.420583 0.530258 0.438074 0.529456 0.440079 0.521005 0.426167 0.531576 0.465972
6 0.587388 0.623134 0.596534 0.634861 0.604948 0.641852 0.584000 0.575046 0.553154 0.477116 0.532138 0.411829 0.530703 0.413102 0.526953 0.417222 0.528284 0.424569 0.556073 0.521620 0.580284 0.609032 0.579372 0.610421 0.581172 0.617106 0.582677 0.615606 0.583328 0.613676 0.582966 0.611106 0.586380 0.614213 0.588880 0.621157
6 0.518724 0.386620 0.523958 0.406574 0.526953 0.417222 0.530703 0.413102 0.529120 0.408241 0.514654 0.363380 0.506143 0.337556 0.499573 0.318167 0.499117 0.318806 0.513672 0.367917
6 0.616432 0.656667 0.605560 0.620296 0.607344 0.618028 0.614208 0.640505 0.619661 0.658657
6 0.476797 0.254259 0.465677 0.222222 0.463203 0.225093 0.461328 0.220000 0.463854 0.217269 0.462734 0.214769 0.467917 0.208194 0.470078 0.212963 0.479771 0.239769 0.485599 0.256481 0.494245 0.280556 0.496146 0.285556 0.563794 0.476764 0.611698 0.612588 0.605560 0.620296 0.602557 0.615241 0.554307 0.476023 0.532138 0.411829 0.506143 0.337556 0.499573 0.318167 0.487552 0.284806
1 0.464503 0.121343 0.462688 0.133231 0.459674 0.152352 0.459487 0.156917 0.459073 0.160426 0.453716 0.183954 0.451555 0.196074 0.450745 0.201407 0.450622 0.210069 0.449807 0.216292 0.448359 0.226236 0.447492 0.234204 0.448469 0.245889 0.450651 0.256208 0.453552 0.264907 0.455747 0.271079 0.458307 0.270912 0.459146 0.261157 0.459841 0.256875 0.458763 0.255769 0.456875 0.254278 0.454615 0.254037 0.454578 0.252662 0.456667 0.252171 0.458206 0.253292 0.460888 0.254870 0.464576 0.260139 0.467685 0.247676 0.468984 0.248574 0.465878 0.260782 0.469419 0.264639 0.473331 0.272968 0.474719 0.278315 0.476076 0.277759 0.476250 0.279366 0.475448 0.280792 0.477659 0.289611 0.478622 0.288259 0.479620 0.288106 0.479555 0.289338 0.478469 0.289546 0.478203 0.290458 0.485034 0.296472 0.487021 0.285870 0.487563 0.286407 0.485901 0.297528 0.494734 0.305236 0.496211 0.311431 0.493570 0.317023 0.489862 0.318306 0.489378 0.319954 0.488815 0.321394 0.486878 0.322255 0.486878 0.325403 0.484456 0.324347 0.484167 0.334667 0.485656 0.336250 0.486536 0.338509 0.486659 0.340065 0.485482 0.341773 0.492141 0.343111 0.495378 0.344218 0.498602 0.343986 0.501227 0.353532 0.497469 0.359778 0.494331 0.367259 0.501141 0.371551 0.504544 0.365972 0.519703 0.420583 0.530258 0.438074 0.529456 0.440079 0.521062 0.426236 0.531576 0.465972 0.529638 0.467477 0.525792 0.454495 0.524836 0.453685 0.520867 0.451028 0.519148 0.448019 0.516604 0.447889 0.515099 0.446528 0.513703 0.444551 0.512909 0.445088 0.522161 0.463005 0.531466 0.479880 0.531422 0.482319 0.530701 0.483042 0.523919 0.470421 0.523680 0.472426 0.523919 0.474727 0.524729 0.477231 0.528031 0.481819 0.531221 0.484546 0.535456 0.487051 0.535255 0.489134 0.530461 0.487463 0.528271 0.484801 0.525792 0.481486 0.522951 0.477088 0.522154 0.472440 0.522768 0.468685 0.521135 0.466204 0.518664 0.464532 0.520659 0.471088 0.525690 0.489324 0.527143 0.489824 0.528596 0.486241 0.529406 0.487356 0.527258 0.492088 0.526326 0.491264 0.529029 0.500148 0.529312 0.497153 0.530286 0.496560 0.530245 0.499426 0.531417 0.499130 0.530693 0.501009 0.529964 0.501148 0.529602 0.502935 0.531849 0.509324 0.530766 0.513949 0.527823 0.516106 0.526607 0.514116 0.523948 0.523074 0.525299 0.528343 0.536779 0.546940 0.537849 0.547773 0.536901 0.550667 0.535602 0.556472 0.534440 0.557625 0.535419 0.559292 0.537518 0.561787 0.541060 0.565986 0.544594 0.570009 0.547195 0.575153 0.550031 0.582278 0.552781 0.584824 0.552781 0.586046 0.550651 0.584722 0.552471 0.591944 0.553284 0.596491 0.552026 0.598486 0.551154 0.591824 0.549654 0.586718 0.547797 0.580935 0.540607 0.574588 0.540286 0.573157 0.546771 0.578907 0.543742 0.573347 0.539378 0.566537 0.535156 0.561255 0.532776 0.556282 0.492177 0.455731 0.463880 0.385704 0.461185 0.389301 0.461518 0.391241 0.464279 0.393912 0.465362 0.396588 0.466591 0.403028 0.466086 0.405338 0.467771 0.410773 0.471146 0.411546 0.471711 0.413769 0.469961 0.414991 0.479135 0.437597 0.486755 0.442042 0.488099 0.445912 0.480724 0.441361 0.511766 0.520208 0.512307 0.569194 0.512969 0.569074 0.512734 0.600926 0.512240 0.600093 0.511068 0.598056 0.510263 0.531130 0.510010 0.522806 0.506836 0.522213 0.504495 0.524884 0.501148 0.536787 0.504826 0.559921 0.506128 0.561588 0.509453 0.573028 0.506359 0.575148 0.508391 0.594116 0.506758 0.592458 0.505151 0.577245 0.499924 0.581060 0.457107 0.507032 0.454375 0.536657 0.498826 0.612019 0.498953 0.619120 0.500167 0.614394 0.501005 0.615551 0.498786 0.622134 0.498435 0.626000 0.497008 0.631551 0.494625 0.636454 0.494227 0.635806 0.496307 0.629796 0.494193 0.624120 0.492354 0.622208 0.488953 0.617736 0.491867 0.627204 0.490792 0.628069 0.486839 0.613269 0.484029 0.614653 0.478513 0.603463 0.468974 0.611694 0.469594 0.617935 0.473445 0.625810 0.473010 0.627949 0.480185 0.645495 0.482305 0.651829 0.481581 0.677764 0.479849 0.679907 0.480232 0.651574 0.475370 0.642588 0.473638 0.644468 0.475130 0.664329 0.471133 0.675111 0.472289 0.679565 0.478500 0.688722 0.477536 0.690949 0.471422 0.681958 0.469880 0.677852 0.474406 0.698477 0.476573 0.713287 0.476766 0.719792 0.475273 0.722273 0.474599 0.711231 0.473878 0.705412 0.468823 0.680847 0.466656 0.683588 0.466221 0.688120 0.465357 0.684870 0.466078 0.670745 0.461409 0.654398 0.460490 0.656690 0.451281 0.608750 0.452596 0.604537 0.454964 0.592611 0.455622 0.587699 0.453911 0.585125 0.455096 0.576940 0.456281 0.574602 0.456281 0.571796 0.454964 0.565718 0.453385 0.565718 0.452859 0.561505 0.450492 0.559870 0.450885 0.555426 0.439310 0.550514 0.440232 0.559403 0.442203 0.577407 0.415620 0.495532 0.400742 0.448116 0.395969 0.429278 0.425375 0.483861 0.439852 0.476653 0.380766 0.370245 0.380841 0.368634 0.375695 0.349000 0.383487 0.350477 0.382203 0.348866 0.374487 0.338644 0.373125 0.339046 0.369646 0.325866 0.369948 0.325866 0.370628 0.327079 0.371990 0.326944 0.373805 0.321833 0.368737 0.322370 0.366240 0.313227 0.369341 0.313227 0.370628 0.312958 0.371763 0.311880 0.376302 0.309463 0.374182 0.305829 0.364805 0.306773 0.364500 0.305426 0.368133 0.304620 0.369039 0.303815 0.369797 0.303005 0.364198 0.301125 0.364273 0.299509 0.366089 0.300046 0.367299 0.299509 0.368510 0.296819 0.369190 0.294398 0.369341 0.292380 0.367375 0.285120 0.368133 0.284449 0.369341 0.288213 0.370326 0.288347 0.371612 0.288750 0.372367 0.288750 0.372292 0.286866 0.371612 0.284181 0.372594 0.283639 0.373352 0.285792 0.374182 0.286060 0.374182 0.280278 0.374182 0.279338 0.369417 0.273287 0.358828 0.283102 0.358190 0.280870 0.365581 0.273704 0.372076 0.266935 0.377841 0.262458 0.381703 0.261245 0.384997 0.261421 0.391188 0.263991 0.381224 0.256944 0.381323 0.254875 0.393664 0.264648 0.400729 0.265005 0.397247 0.248824 0.398703 0.248486 0.402667 0.265167 0.403438 0.265167 0.404221 0.260708 0.405083 0.257421 0.406641 0.255014 0.407896 0.254514 0.410760 0.254954 0.411432 0.253319 0.412352 0.253917 0.411937 0.255111 0.421701 0.261782 0.421792 0.258060 0.422799 0.252546 0.423716 0.250176 0.425307 0.244083 0.427313 0.238569 0.435273 0.213069 0.440984 0.194838 0.442339 0.193801 0.443302 0.193801 0.444466 0.195532 0.446885 0.205505 0.446010 0.207218 0.444758 0.207736 0.443112 0.206204 0.442047 0.205843 0.442138 0.207218 0.443010 0.208769 0.442237 0.209986 0.441073 0.207218 0.441073 0.204810 0.441945 0.203792 0.442820 0.203792 0.444846 0.205843 0.445138 0.204810 0.444174 0.199991 0.443401 0.196569 0.442820 0.195870 0.442047 0.196569 0.439628 0.204134 0.432786 0.224176 0.426818 0.243310 0.424109 0.252606 0.423336 0.258796 0.428365 0.264310 0.431846 0.259491 0.435138 0.262917 0.436784 0.264829 0.440367 0.268769 0.442013 0.256389 0.443078 0.256565 0.441721 0.268769 0.442305 0.270144 0.444521 0.268093 0.445016 0.270500 0.454107 0.270500 0.449078 0.256046 0.447143 0.246574 0.446615 0.234074 0.447174 0.224338 0.448294 0.217551 0.449414 0.210782 0.449638 0.203019 0.450310 0.197046 0.451318 0.191491 0.454701 0.172440 0.458497 0.156815 0.458372 0.154824 0.458128 0.151718 0.458810 0.148056 0.460870 0.135056 0.462953 0.120505
1 0.535260 0.577037 0.530365 0.564630 0.527995 0.570231 0.528974 0.575861 0.528786 0.580634 0.527411 0.578639 0.527036 0.579194 0.528661 0.583079 0.529349 0.587523 0.529693 0.591310 0.541013 0.598551 0.539250 0.598662 0.536797 0.601361 0.535060 0.605352 0.533198 0.610440 0.532284 0.613639 0.530992 0.618301 0.532359 0.618736 0.533378 0.614801 0.534547 0.612569 0.537763 0.603106 0.538414 0.602440 0.540326 0.600375 0.544576 0.601287 0.543268 0.598708 0.543781 0.597963
