0 0.601461 0.421292 0.595305 0.415630 0.592555 0.417782 0.591807 0.418449 0.588284 0.422157 0.583453 0.426875 0.582581 0.427245 0.582755 0.429662 0.582966 0.430343 0.585469 0.430648 0.585443 0.431727 0.585638 0.444907 0.585802 0.450287 0.582021 0.453551 0.581341 0.455833 0.577042 0.459069 0.576190 0.483750 0.576438 0.490222 0.576977 0.492046 0.578430 0.498926 0.579154 0.507972 0.580406 0.511944 0.581898 0.514407 0.587630 0.521157 0.592648 0.524042 0.594820 0.526630 0.600531 0.534731 0.603219 0.542676 0.607573 0.547852 0.611156 0.551454 0.618995 0.551972 0.625961 0.536306 0.640281 0.533894 0.650349 0.529259 0.650638 0.520838 0.650638 0.507759 0.650531 0.502009 0.650224 0.496440 0.652901 0.492130 0.656076 0.482759 0.657919 0.474593 0.657724 0.461745 0.654549 0.444505 0.653289 0.438380 0.650029 0.425889 0.647102 0.426630 0.638922 0.425162 0.625258 0.431333
2 0.409648 0.178847 0.409010 0.165417 0.409219 0.159398 0.408411 0.157130 0.408081 0.156269 0.407664 0.155991 0.407266 0.157037 0.403073 0.150884 0.401984 0.149088 0.399870 0.147731 0.402052 0.144306 0.404570 0.142468 0.406221 0.141847 0.408224 0.142894 0.407336 0.143319 0.408281 0.148380 0.409010 0.150648 0.410562 0.152431 0.411893 0.153005 0.413685 0.153213 0.416576 0.154417 0.419935 0.154468 0.420302 0.156565 0.420716 0.158889 0.421940 0.160287 0.422714 0.160347 0.427557 0.158958 0.428526 0.158769 0.428568 0.169815 0.421227 0.173019 0.415211 0.175940
1 0.504617 0.267338 0.510721 0.273903 0.516630 0.279505 0.521750 0.283792 0.525094 0.286759 0.526880 0.288685 0.526539 0.290111 0.524852 0.287907 0.516826 0.280819 0.510729 0.275370 0.506536 0.270843 0.504419 0.268213
1 0.495914 0.256736 0.489479 0.239731 0.483497 0.224532 0.475797 0.206690 0.466956 0.185009 0.458958 0.167134 0.457505 0.162699 0.455599 0.159074 0.455000 0.156847 0.449378 0.144495 0.440510 0.123500 0.436898 0.114602 0.437469 0.114296 0.441510 0.123514 0.447378 0.137690 0.454443 0.153792 0.463875 0.176301 0.472937 0.197444 0.479323 0.211611 0.489206 0.236625 0.496820 0.257912
1 0.510875 0.350745 0.510620 0.336144 0.509693 0.316514 0.509385 0.307463 0.508708 0.301106 0.507560 0.297097 0.504352 0.284551 0.501365 0.274611 0.499102 0.266968 0.496779 0.259509 0.497469 0.260306 0.499490 0.266250 0.503229 0.278333 0.507016 0.291736 0.509417 0.301773 0.509862 0.304880 0.510266 0.316389 0.510685 0.325213 0.511331 0.340231 0.511568 0.349282 0.511534 0.351940
8 0.483180 0.301574 0.488711 0.311486 0.494117 0.321389 0.495182 0.322870 0.500885 0.333019 0.506755 0.343537 0.515552 0.359093 0.524362 0.373412 0.522789 0.375685 0.514620 0.361417 0.507232 0.347856 0.494401 0.325023 0.484568 0.307477 0.482286 0.303421 0.482268 0.301736
6 0.444029 0.178009 0.443930 0.183083 0.443193 0.183347 0.441370 0.182208 0.441419 0.184134 0.445505 0.185620 0.446836 0.188074 0.447474 0.190611 0.449247 0.192537 0.449984 0.196824 0.451956 0.198139 0.452953 0.200755 0.455125 0.204157 0.459167 0.211116 0.461294 0.214065 0.461461 0.215273 0.461206 0.216491 0.468255 0.229130 0.477448 0.245315 0.476763 0.247088 0.479549 0.248199 0.484620 0.250630 0.489643 0.253417 0.489786 0.251500 0.472125 0.220954 0.460195 0.200685 0.457125 0.194829 0.456188 0.194130 0.455549 0.191676 0.455646 0.190718 0.453974 0.186889 0.449523 0.182444 0.448602 0.183042 0.446063 0.179398 0.445141 0.177116
10 0.435677 0.255046 0.436698 0.251255 0.437919 0.250694 0.439628 0.247227 0.442312 0.243755 0.444125 0.244685 0.447500 0.247361 0.449250 0.249394 0.449807 0.250903 0.450888 0.253972 0.451156 0.258968 0.451062 0.267676 0.449828 0.270343 0.446966 0.273343 0.444312 0.274625 0.442594 0.274356 0.441693 0.275699 0.440638 0.275755 0.438708 0.274736 0.437953 0.272963 0.437685 0.270667 0.437021 0.270231 0.435878 0.265787 0.435365 0.260273 0.435456 0.257431
2 0.470497 0.163861 0.474792 0.171329 0.476331 0.172907 0.477406 0.174481 0.478992 0.174815 0.480953 0.176389 0.482773 0.179458 0.483846 0.180787 0.484966 0.183111 0.487393 0.185352 0.487625 0.188917 0.487253 0.191574 0.486469 0.190352 0.485956 0.187037 0.483576 0.188944 0.483203 0.192097 0.478768 0.186287 0.472654 0.177657 0.469435 0.173347 0.467529 0.170301 0.468294 0.166282
2 0.435982 0.185787 0.436156 0.181694 0.436677 0.181449 0.436677 0.179528 0.438318 0.177667 0.440479 0.176426 0.442081 0.176426 0.444029 0.178009 0.443930 0.183083 0.443193 0.183347 0.441370 0.182208 0.441419 0.184134 0.445505 0.185620 0.446836 0.188074 0.447474 0.190611 0.449247 0.192537 0.449984 0.196824 0.450987 0.201634 0.450052 0.205139 0.449818 0.206713 0.449805 0.208000 0.449846 0.210435 0.448797 0.212370 0.446336 0.212227 0.444763 0.212157 0.443310 0.212014 0.442604 0.213889 0.440875 0.217153 0.439029 0.215171 0.439656 0.210273 0.440771 0.206060 0.440979 0.201778 0.440807 0.197880 0.439935 0.197630 0.439443 0.196449 0.439232 0.195056 0.438888 0.193912 0.437773 0.193602 0.436125 0.189852 0.436068 0.188889
10 0.439143 0.150769 0.439563 0.146370 0.440154 0.141657 0.442839 0.137319 0.444060 0.135458 0.444661 0.133426 0.449378 0.144495 0.451065 0.148292 0.449253 0.151759 0.451484 0.153806 0.451625 0.155292 0.447427 0.161310 0.446505 0.161778 0.445083 0.161778 0.441047 0.154787
2 0.447188 0.325972 0.449826 0.323764 0.451018 0.319829 0.453018 0.318620 0.455698 0.315745 0.461229 0.315065 0.463188 0.314912 0.463143 0.325046 0.462802 0.326032 0.453401 0.326787 0.447005 0.327917
11 0.422714 0.160347 0.427557 0.158958 0.430104 0.157963 0.433596 0.157273 0.437398 0.156486 0.437661 0.156458 0.437857 0.154384 0.437531 0.140519 0.437523 0.138722 0.435466 0.130833 0.432138 0.120120 0.431331 0.117537 0.429961 0.115815 0.426651 0.115528 0.425362 0.115815 0.420724 0.117824 0.418141 0.119116 0.417375 0.121481 0.418505 0.135032 0.419500 0.149935 0.420302 0.156565 0.420716 0.158889 0.421940 0.160287
5 0.389091 0.268106 0.390464 0.265736 0.391310 0.260144 0.393286 0.255412 0.394336 0.247093 0.395786 0.237917 0.395182 0.234838 0.395924 0.232750 0.399164 0.225745 0.400964 0.216051 0.404229 0.200454 0.406182 0.192875 0.409870 0.194801 0.414495 0.197500 0.414060 0.200324 0.413906 0.202222 0.413411 0.204949 0.409797 0.222431 0.407917 0.233352 0.407570 0.234810 0.406404 0.239292 0.404302 0.250829 0.402437 0.261361 0.401596 0.267167 0.399518 0.278338 0.397839 0.286852
8 0.451703 0.242310 0.458948 0.249764 0.467000 0.257935 0.478490 0.270102 0.486253 0.278269 0.488167 0.279630 0.489612 0.283037 0.489826 0.285153 0.488125 0.289009 0.484891 0.293324 0.483104 0.292944 0.480979 0.290296 0.477063 0.281824 0.474549 0.277139 0.474680 0.276000 0.475831 0.275699 0.477659 0.278421 0.481828 0.286972 0.483570 0.289769 0.485570 0.288181 0.486680 0.285384 0.486380 0.282806 0.475359 0.271157 0.467320 0.262310 0.459831 0.253912 0.453672 0.247731 0.451359 0.244292
5 0.459583 0.199630 0.463818 0.196810 0.466932 0.193870 0.470078 0.192741 0.475797 0.206690 0.476943 0.209185 0.477135 0.214380 0.476911 0.217319 0.475865 0.217995 0.474146 0.220481 0.473607 0.221500 0.472654 0.221838 0.472125 0.220954 0.460195 0.200685
8 0.406182 0.192875 0.406094 0.190880 0.407034 0.180801 0.407578 0.167824 0.407682 0.165046 0.408099 0.158935 0.408411 0.157130 0.409219 0.159398 0.409010 0.165417 0.408464 0.176713 0.408438 0.179815 0.408125 0.180046 0.407753 0.188810 0.407630 0.190231 0.407109 0.193333
8 0.389336 0.267704 0.388594 0.262778 0.387766 0.254940 0.387370 0.250824 0.386924 0.245778 0.386615 0.240824 0.386458 0.238185 0.385385 0.227815 0.384859 0.223796 0.385706 0.222718 0.386474 0.223361 0.388086 0.241079 0.388464 0.244769 0.389456 0.257000 0.390464 0.265736
8 0.526846 0.285514 0.531146 0.292130 0.538122 0.299894 0.546479 0.309292 0.553727 0.317421 0.555018 0.317968 0.555018 0.320685 0.554635 0.323255 0.546479 0.313495 0.533516 0.297634 0.529323 0.292884 0.526880 0.288685 0.526070 0.287458
8 0.526539 0.290111 0.526737 0.292389 0.528312 0.295977 0.528513 0.297231 0.532612 0.308236 0.536138 0.318120 0.544307 0.338625 0.552081 0.359639 0.554187 0.364699 0.555328 0.362676 0.548492 0.345565 0.541599 0.327028 0.532810 0.304194 0.532133 0.301699 0.532896 0.301699 0.533406 0.300644 0.533151 0.298977 0.531958 0.298977 0.531023 0.299653 0.529813 0.295042 0.527898 0.290500 0.526880 0.288685
8 0.402437 0.261361 0.409578 0.264514 0.413732 0.266838 0.414555 0.269551 0.415078 0.270542 0.417552 0.271037 0.420690 0.271782 0.421911 0.272213 0.421979 0.273514 0.420656 0.274134 0.415810 0.273514 0.414135 0.273204 0.408177 0.270819 0.402716 0.268000 0.401596 0.267167
8 0.406404 0.239292 0.406826 0.243273 0.409625 0.254227 0.411164 0.258208 0.411539 0.260944 0.412146 0.265926 0.413732 0.266838 0.413219 0.261278 0.414013 0.260532 0.413312 0.258292 0.415086 0.258542 0.412565 0.247921 0.411052 0.241523 0.409112 0.234477 0.407570 0.234810
4 0.581898 0.514407 0.577643 0.518787 0.575068 0.523764 0.574844 0.534315 0.577755 0.540287 0.591305 0.557208 0.611716 0.582847 0.616161 0.588181 0.619453 0.587144 0.631268 0.572333 0.649362 0.545500 0.658768 0.531486 0.658680 0.518588 0.650638 0.507759 0.650638 0.520838 0.650349 0.529259 0.640281 0.533894 0.625961 0.536306 0.618995 0.551972 0.611156 0.551454 0.607573 0.547852 0.603219 0.542676 0.600531 0.534731 0.594820 0.526630 0.592648 0.524042 0.587630 0.521157
6 0.438404 0.118269 0.437292 0.119676 0.437344 0.131204 0.437531 0.140519 0.437857 0.154384 0.437607 0.157352 0.437576 0.165495 0.443810 0.162921 0.443570 0.159171 0.441047 0.154787 0.439143 0.150769 0.439563 0.146370 0.440154 0.141657 0.442839 0.137319 0.443542 0.136190 0.443622 0.130866 0.440510 0.123500
6 0.456068 0.157593 0.464003 0.154218 0.471174 0.151111 0.474156 0.149718 0.474518 0.150037 0.475784 0.156361 0.475935 0.160375 0.463461 0.165037 0.459664 0.166218
6 0.408125 0.180046 0.415211 0.175940 0.421227 0.173019 0.432839 0.167546 0.446505 0.161778 0.455260 0.157778 0.455599 0.159074 0.457505 0.162699 0.458807 0.166653 0.452086 0.169644 0.440604 0.174954 0.423896 0.181921 0.412974 0.187231 0.407630 0.190231 0.407753 0.188810
8 0.410573 0.218574 0.416510 0.214398 0.422135 0.211019 0.426250 0.208574 0.429482 0.206398 0.428115 0.210269 0.426138 0.211620 0.422370 0.213935 0.414870 0.218528 0.410026 0.221167
6 0.374974 0.213981 0.370422 0.207764 0.367042 0.203426 0.362021 0.196731 0.360521 0.194440 0.359964 0.190782 0.360904 0.189231 0.363971 0.186259 0.367773 0.190907 0.372479 0.196917 0.378755 0.205903 0.383464 0.212778 0.382518 0.213838 0.380260 0.214954 0.377081 0.214083
10 0.419245 0.146481 0.413122 0.138880 0.413531 0.138898 0.413073 0.134722 0.409654 0.135796 0.404612 0.130417 0.403198 0.128769 0.402313 0.129630 0.401021 0.129630 0.399891 0.127046 0.398120 0.121824 0.397513 0.115343 0.396628 0.113259 0.395750 0.106130 0.396034 0.105481 0.397339 0.106181 0.399448 0.112935 0.400516 0.111319 0.403638 0.103352 0.405266 0.104361 0.406750 0.108801 0.407951 0.110977 0.408599 0.112639 0.408448 0.114782 0.408448 0.115907 0.409896 0.117731 0.411008 0.117995 0.411971 0.120514 0.417034 0.128389 0.418060 0.129454 0.418505 0.135032
10 0.444945 0.175944 0.445141 0.177116 0.446063 0.179398 0.448602 0.183042 0.449523 0.182444 0.453974 0.186889 0.454466 0.187130 0.455516 0.182829 0.456885 0.184190 0.457128 0.187199 0.457612 0.186843 0.457451 0.182468 0.458419 0.181606 0.458216 0.180458 0.458742 0.179671 0.459065 0.180532 0.460031 0.179815 0.459583 0.177694 0.458464 0.177037 0.454062 0.174630 0.454427 0.173102 0.453135 0.172977 0.451401 0.171926 0.445633 0.173718 0.445026 0.174005
10 0.462544 0.165319 0.472435 0.181588 0.473323 0.183162 0.474896 0.185926 0.476367 0.189213 0.473690 0.190528 0.470898 0.192250 0.463875 0.176301 0.459664 0.166218
10 0.476367 0.189213 0.479010 0.193889 0.483117 0.201167 0.484424 0.202491 0.484906 0.201685 0.486193 0.200708 0.488474 0.203190 0.490315 0.205657 0.491745 0.207500 0.493724 0.212778 0.493698 0.214167 0.493404 0.214764 0.492630 0.216019 0.488229 0.225231 0.485182 0.226528 0.479323 0.211611 0.477164 0.206731 0.476651 0.196704
10 0.418568 0.100014 0.419378 0.097986 0.422503 0.096810 0.426844 0.096093 0.427982 0.095435 0.433609 0.094653 0.436846 0.094065 0.438979 0.095894 0.438211 0.096292 0.435656 0.098560 0.434083 0.101662 0.435445 0.105519 0.437359 0.111912 0.436898 0.114602 0.436875 0.115880 0.433021 0.117079 0.429961 0.115815 0.426651 0.115528 0.425362 0.115815 0.421583 0.117468 0.419451 0.112829 0.418018 0.105245 0.418091 0.101583
8 0.386047 0.192153 0.386828 0.191458 0.387839 0.192639 0.388398 0.192778 0.388320 0.190694 0.387531 0.189745 0.387810 0.188968 0.389224 0.188356 0.390969 0.190208 0.390479 0.190542 0.390297 0.191190 0.390609 0.192116 0.392818 0.194653 0.396953 0.206667 0.397448 0.208333 0.400815 0.216986 0.399299 0.224907 0.398646 0.223796 0.393724 0.210278 0.388776 0.197454 0.388167 0.195736
10 0.414057 0.197282 0.413745 0.188764 0.417885 0.187329 0.418510 0.186912 0.419141 0.192685 0.417240 0.196250 0.418203 0.196204 0.418828 0.196343 0.419427 0.195324 0.422896 0.203060 0.421125 0.205282 0.418307 0.207315 0.414349 0.210278 0.413344 0.209912 0.412823 0.209588 0.412495 0.209412 0.413411 0.204949 0.413906 0.202222 0.414060 0.200324 0.414495 0.197500
10 0.427711 0.182505 0.429104 0.182593 0.431448 0.183889 0.432096 0.184444 0.434052 0.187778 0.435091 0.192306 0.435091 0.193417 0.434570 0.196250 0.433417 0.198699 0.430555 0.203519 0.431068 0.201620 0.429849 0.201949 0.428130 0.202412 0.426776 0.202829 0.426490 0.202227 0.424823 0.202088 0.422896 0.203060 0.419427 0.195324 0.419794 0.194866 0.421406 0.192083 0.424690 0.186394 0.427633 0.183523
1 0.408646 0.229167 0.413333 0.229722 0.414792 0.230046 0.419516 0.230843 0.419516 0.230843 0.420479 0.230796 0.420807 0.229583 0.420807 0.229583 0.420036 0.227648 0.419086 0.221199 0.417888 0.219671 0.416664 0.217542 0.421534 0.214810 0.422445 0.217495 0.423461 0.221106 0.421620 0.220426 0.420604 0.220426 0.420865 0.221537 0.421422 0.223866 0.421380 0.227824 0.425091 0.230824 0.426091 0.231755 0.427992 0.231894 0.429815 0.233468 0.431378 0.235181 0.432185 0.236847 0.430966 0.238157 0.429594 0.235815 0.425755 0.235139 0.423427 0.232356 0.421612 0.232718 0.421651 0.237306 0.420961 0.235782 0.420622 0.233236 0.416794 0.232912 0.412214 0.232037 0.412109 0.231528 0.411927 0.230556 0.410260 0.231944 0.408148 0.231662
2 0.382656 0.176898 0.383990 0.175190 0.387878 0.171440 0.391161 0.168065 0.392487 0.166458 0.396372 0.168065 0.398633 0.168653 0.400352 0.168333 0.401073 0.169190 0.401344 0.171116 0.399026 0.179634 0.398536 0.180819 0.400049 0.183458 0.400180 0.184755 0.398669 0.186051 0.396583 0.185264 0.395023 0.186097 0.393044 0.186005 0.390622 0.187903 0.387810 0.188968 0.387313 0.188366 0.387026 0.186745 0.384188 0.181375
2 0.517969 0.305093 0.511615 0.295278 0.515966 0.288014 0.519062 0.283551 0.520734 0.286227 0.521570 0.285338 0.525919 0.290690 0.524917 0.292472 0.528513 0.297231 0.532612 0.308236 0.529935 0.312250 0.527677 0.317009 0.525836 0.316565
2 0.471276 0.319120 0.473979 0.313949 0.474630 0.311380 0.474557 0.308037 0.472391 0.301741 0.470698 0.300519 0.469997 0.298116 0.467755 0.298194 0.467430 0.296458 0.470133 0.295134 0.473214 0.295713 0.475318 0.300778 0.476995 0.303014 0.479938 0.308245 0.485539 0.321764 0.488526 0.328898 0.491510 0.335375 0.491271 0.336708 0.487484 0.340153 0.484701 0.342815 0.483227 0.343986 0.480964 0.343625 0.477096 0.333653 0.473099 0.324477
5 0.596771 0.683676 0.602732 0.683907 0.608951 0.687824 0.612448 0.689435 0.609727 0.694731 0.605841 0.697269 0.601826 0.696574 0.598974 0.694505 0.596771 0.689435
2 0.649219 0.564120 0.650937 0.564537 0.652214 0.565741 0.652760 0.566898 0.656667 0.569954 0.657359 0.567644 0.656927 0.562759 0.657794 0.558259 0.658372 0.554921 0.656854 0.553634 0.654034 0.553764 0.654034 0.552606 0.655193 0.551708 0.655849 0.550176 0.655039 0.547954 0.655039 0.546296 0.654159 0.545731 0.652661 0.545796 0.652625 0.546296 0.650810 0.546375 0.650284 0.551681 0.649719 0.557773 0.649234 0.559995
2 0.506901 0.236204 0.509612 0.231394 0.510404 0.230810 0.511721 0.233389 0.512711 0.232917 0.514357 0.236667 0.514555 0.241824 0.516862 0.248620 0.517456 0.252602 0.519893 0.252838 0.521477 0.257523 0.520487 0.259866 0.519104 0.262444 0.517258 0.266194 0.513305 0.254593 0.510208 0.244722 0.510625 0.242500 0.509036 0.241574
8 0.348750 0.175741 0.351424 0.174815 0.355052 0.173657 0.358169 0.172917 0.363281 0.171713 0.366581 0.171111 0.368247 0.171296 0.368229 0.173611 0.364870 0.173889 0.358307 0.175556 0.354922 0.176343 0.352135 0.176898 0.349211 0.177130
11 0.441510 0.123514 0.439359 0.118606 0.435445 0.105519 0.434083 0.101662 0.435656 0.098560 0.438211 0.096292 0.440253 0.095611 0.441570 0.097574 0.447742 0.116866 0.452039 0.130329 0.456591 0.144699 0.458281 0.149259 0.460885 0.155509 0.459453 0.156065 0.458167 0.156727 0.456068 0.157315 0.451630 0.147352 0.453669 0.142861 0.451333 0.139264 0.451474 0.137157 0.450044 0.134991 0.447849 0.132694 0.446523 0.130838 0.445372 0.132694
8 0.356927 0.153287 0.360687 0.152444 0.363672 0.151481 0.369422 0.149463 0.375885 0.147708 0.379115 0.146782 0.389776 0.142630 0.398740 0.139847 0.407042 0.136907 0.413073 0.134722 0.413531 0.138898 0.404570 0.142468 0.397474 0.144625 0.383148 0.149185 0.370406 0.153171 0.368359 0.154074 0.365677 0.154954 0.360419 0.156403 0.358977 0.156301 0.358286 0.155468
8 0.373966 0.192213 0.375573 0.188171 0.376094 0.186829 0.377073 0.184977 0.378542 0.181296 0.379154 0.180139 0.382703 0.172875 0.384279 0.169199 0.387323 0.163681 0.391443 0.156708 0.396083 0.149176 0.398706 0.145954 0.399930 0.144306 0.402052 0.144306 0.396964 0.152116 0.388388 0.165380 0.383966 0.174102 0.382641 0.176940 0.380430 0.181620 0.379753 0.182917 0.378125 0.186713 0.377099 0.188912 0.374919 0.193495
1 0.371104 0.212083 0.374974 0.213981 0.377081 0.214083 0.380260 0.214954 0.382518 0.213838 0.383464 0.212778 0.385703 0.212269 0.392708 0.209028 0.393177 0.208796 0.393724 0.210278 0.392344 0.211019 0.389492 0.212236 0.386849 0.213426 0.384115 0.214537 0.380234 0.216343 0.375599 0.215324 0.375977 0.215435 0.372737 0.215315 0.371773 0.215046 0.370870 0.214514 0.370477 0.213708
1 0.401260 0.193505 0.402008 0.187190 0.402607 0.183486 0.403255 0.174769 0.404297 0.165741 0.404557 0.163148 0.404193 0.161944 0.403438 0.162685 0.402578 0.173380 0.401875 0.180833 0.401781 0.183968 0.400747 0.191792 0.400417 0.194028 0.399904 0.201861 0.399896 0.204046 0.399818 0.205204 0.400688 0.204861 0.400898 0.200255 0.401260 0.194954
1 0.454099 0.278801 0.460779 0.277514 0.470052 0.275833 0.472734 0.275463 0.473203 0.276833 0.464271 0.278565 0.454583 0.280278 0.454099 0.280162
6 0.439635 0.223704 0.442414 0.228069 0.446609 0.234523 0.449148 0.238106 0.451448 0.239829 0.456146 0.239676 0.460596 0.239657 0.461161 0.240444 0.461323 0.243241 0.460273 0.243815 0.457047 0.244102 0.458742 0.245968 0.461438 0.246181 0.462331 0.246255 0.464146 0.242597 0.463904 0.239514 0.463333 0.238782 0.459258 0.233981 0.449047 0.222403 0.445268 0.217296 0.443172 0.218519 0.441599 0.219093 0.439865 0.219880
6 0.479549 0.248199 0.484620 0.250630 0.489643 0.253417 0.494427 0.255699 0.494378 0.256838 0.495411 0.257713 0.496779 0.259509 0.499102 0.266968 0.499714 0.269060 0.490659 0.263491 0.481260 0.257310 0.477159 0.254074 0.476646 0.252352 0.475336 0.249819 0.476703 0.247083
6 0.375977 0.215435 0.377156 0.217537 0.379023 0.220481 0.381953 0.225000 0.384714 0.229537 0.385729 0.231250 0.385385 0.227815 0.384859 0.223796 0.385706 0.222718 0.386474 0.223361 0.387422 0.233750 0.392422 0.242639 0.392760 0.242213 0.394557 0.238981 0.395208 0.238926 0.395786 0.237917 0.395182 0.234838 0.395547 0.233843 0.390964 0.225833 0.389258 0.225898 0.389328 0.224532 0.390313 0.224444 0.384115 0.214537 0.380234 0.216343 0.375599 0.215324
8 0.447031 0.288843 0.447919 0.286519 0.448852 0.281042 0.450393 0.271750 0.451839 0.263532 0.452885 0.259144 0.453352 0.257403 0.454471 0.257486 0.454659 0.260556 0.453117 0.270264 0.451484 0.278727 0.449990 0.285861 0.449198 0.290176 0.448914 0.290954 0.446953 0.290185
8 0.411078 0.238185 0.412331 0.236394 0.413339 0.235319 0.418219 0.243421 0.422737 0.250523 0.425763 0.256042 0.431563 0.264352 0.435617 0.270667 0.435253 0.274250 0.434648 0.276042 0.433802 0.278481 0.431583 0.277907 0.424000 0.265861 0.414721 0.249727 0.412370 0.246069 0.411052 0.241523 0.411052 0.239870
6 0.442604 0.213889 0.449047 0.222403 0.459258 0.233981 0.463333 0.238782 0.466346 0.242023 0.469992 0.246306 0.472654 0.246380 0.473904 0.248273 0.471872 0.248273 0.473799 0.251056 0.475997 0.253222 0.477078 0.254028 0.476625 0.252171 0.475299 0.249815 0.476763 0.247088 0.477461 0.245352 0.468505 0.229593 0.461568 0.222093 0.452547 0.212444 0.449805 0.208000 0.449846 0.210435 0.448797 0.212370 0.446336 0.212227 0.444763 0.212157 0.443310 0.212014
6 0.491862 0.244032 0.493846 0.234815 0.497659 0.218819 0.502997 0.219634 0.505055 0.226273 0.501836 0.240486 0.500271 0.248083 0.497659 0.257861 0.496820 0.257912
1 0.438516 0.279074 0.438052 0.288690 0.437393 0.293259 0.436273 0.301694 0.437458 0.304389 0.439964 0.307083 0.444708 0.306264 0.451234 0.304856 0.456307 0.302866 0.455979 0.301343 0.454661 0.301343 0.450443 0.303102 0.443654 0.304625 0.440096 0.304977 0.437591 0.302046 0.438844 0.290796 0.439633 0.278963
1 0.455076 0.245731 0.461438 0.246181 0.467099 0.246255 0.472654 0.246380 0.473904 0.248273 0.467760 0.248009 0.460003 0.247750 0.456583 0.247426
8 0.466336 0.159699 0.458182 0.154796 0.451971 0.151917 0.447706 0.149523 0.446518 0.147222 0.447057 0.145194 0.448083 0.143764 0.448893 0.143273 0.452727 0.145292 0.465417 0.152685
1 0.434018 0.099019 0.425279 0.072074 0.413240 0.033847 0.402667 0.000000 0.403693 0.000000 0.419404 0.049602 0.435052 0.099343
8 0.427836 0.076398 0.433122 0.043806 0.434659 0.044819 0.429086 0.080236
14 0.364581 0.220421 0.361456 0.207134 0.360492 0.196394 0.361534 0.191579 0.363951 0.186824 0.364190 0.181681 0.365776 0.181194 0.372026 0.178898 0.373411 0.182454 0.375674 0.183477 0.377185 0.184634 0.378591 0.186856 0.377081 0.187134 0.377315 0.189634 0.379503 0.189403 0.385961 0.217690 0.387083 0.220556 0.381953 0.222222 0.373229 0.221991 0.373411 0.226528 0.371406 0.223843 0.369635 0.221713 0.367266 0.219074 0.366562 0.220370 0.365521 0.223565
5 0.419615 0.177269 0.418573 0.177269 0.418260 0.176296 0.414354 0.176713 0.413052 0.177222 0.410786 0.176528 0.408391 0.174444 0.407271 0.172361 0.406620 0.169630 0.406620 0.165417 0.408182 0.160833 0.409146 0.158519 0.412349 0.154491 0.415057 0.151898 0.417036 0.151296 0.419354 0.151019 0.421906 0.151065 0.423599 0.151713 0.429849 0.162083 0.426932 0.166019 0.423807 0.169861 0.421854 0.173333 0.420396 0.176898
4 0.424904 0.095736 0.419867 0.099921 0.416320 0.105148 0.414081 0.111125 0.413380 0.114856 0.412961 0.117514 0.413055 0.120167 0.413521 0.124231 0.414828 0.127301 0.416648 0.129625 0.418888 0.131037 0.421081 0.131866 0.423555 0.132528 0.426495 0.138421 0.431349 0.148375 0.436622 0.160991 0.438776 0.166759 0.439505 0.163333 0.442266 0.150926 0.431693 0.140046 0.431404 0.137468 0.431888 0.120764 0.431969 0.119444 0.431526 0.118981 0.430641 0.116995 0.430250 0.115278 0.429755 0.112454 0.429052 0.107505 0.428922 0.104074 0.429000 0.100231 0.429469 0.097361 0.430354 0.094630 0.426831 0.095181
6 0.396745 0.147185 0.412552 0.133852 0.416797 0.140426 0.418880 0.144176 0.400729 0.160926 0.402130 0.154806 0.401094 0.154259 0.399813 0.160361 0.397677 0.154111
5 0.412552 0.133852 0.402266 0.116310 0.402615 0.113148 0.404461 0.109366 0.405646 0.108125 0.407633 0.107880 0.409307 0.107940 0.410875 0.107880 0.412201 0.106949 0.413073 0.105523 0.414083 0.102361 0.415060 0.099574 0.415758 0.097963 0.416490 0.096412 0.417221 0.095731 0.418685 0.095792 0.419802 0.096292 0.420497 0.096722 0.421510 0.098583 0.419867 0.099921 0.416320 0.105148 0.414081 0.111125 0.413380 0.114856 0.412961 0.117514 0.413055 0.120167 0.413521 0.124231 0.414828 0.127301 0.416648 0.129625 0.418888 0.131037 0.421081 0.131866 0.423555 0.132528 0.426495 0.138421 0.431349 0.148375 0.436622 0.160991 0.437266 0.162546 0.438802 0.166806 0.436849 0.173241 0.429849 0.162083 0.423599 0.151713 0.418880 0.144176 0.416797 0.140426
2 0.414401 0.101620 0.412076 0.079741 0.414831 0.080051 0.417305 0.080361 0.420128 0.080361 0.421836 0.079926 0.423615 0.079185 0.424732 0.078625 0.425951 0.078565 0.427172 0.079431 0.424904 0.095736 0.421510 0.098583 0.420497 0.096722 0.419802 0.096292 0.418685 0.095792 0.417221 0.095731 0.416490 0.096412 0.415758 0.097963 0.415060 0.099574
14 0.417305 0.080361 0.390062 0.070708 0.386229 0.069491 0.385099 0.068560 0.384172 0.066625 0.383768 0.064329 0.383365 0.054000 0.384576 0.043819 0.386510 0.037653 0.388167 0.034282 0.389094 0.034208 0.416443 0.044106 0.425279 0.072074 0.427328 0.078412 0.427172 0.079431 0.425951 0.078565 0.424732 0.078625 0.423615 0.079185 0.421836 0.079926 0.420128 0.080361
14 0.417651 0.044102 0.432294 0.048926 0.427836 0.076398
2 0.377672 0.126222 0.373471 0.117843 0.371513 0.115935 0.369552 0.112866 0.366984 0.106894 0.366237 0.103986 0.364885 0.100833 0.363766 0.098593 0.362643 0.094694 0.361852 0.092204 0.359703 0.086148 0.358398 0.081338 0.360172 0.079759 0.363344 0.077685 0.371745 0.055616 0.383740 0.063912 0.384172 0.066625 0.385099 0.068560 0.386229 0.069491 0.390062 0.070708 0.417305 0.080361 0.414831 0.080051 0.412076 0.079741 0.414401 0.101620 0.414083 0.102361 0.413073 0.105523 0.412201 0.106949 0.410875 0.107880 0.409307 0.107940 0.407633 0.107880 0.405646 0.108125 0.402615 0.113148 0.401443 0.113046 0.398922 0.110972 0.397521 0.109810 0.395187 0.110560 0.392995 0.112801 0.390242 0.115287 0.388469 0.118773 0.388094 0.120269
10 0.388094 0.120269 0.387526 0.124537 0.387526 0.128009 0.387526 0.129491 0.395560 0.129755 0.395560 0.128505 0.402109 0.122037 0.404479 0.119954 0.402266 0.116310 0.402529 0.114509 0.396018 0.115713 0.389378 0.117009 0.388469 0.118773
1 0.378060 0.128218 0.380742 0.129051 0.387526 0.129491 0.395560 0.129755 0.404380 0.129505 0.406966 0.131884 0.405911 0.131815 0.395091 0.131644 0.391003 0.131505 0.386711 0.131870 0.382987 0.131731 0.381138 0.131407 0.379706 0.130898 0.378664 0.130574 0.377883 0.129972
10 0.389424 0.160597 0.387003 0.158231 0.385995 0.156083 0.385229 0.155579 0.384706 0.154648 0.384706 0.152426 0.385229 0.150991 0.386318 0.150704 0.387406 0.148769 0.388617 0.146972 0.391359 0.146185 0.392852 0.146185 0.395521 0.148157 0.397188 0.150009 0.397682 0.154130 0.397208 0.157657 0.395878 0.159167 0.394266 0.160384 0.392490 0.161102 0.391602 0.161245 0.390956 0.163398 0.390232 0.163468 0.389667 0.162537
2 0.335430 0.178296 0.348336 0.175606 0.348227 0.207190
2 0.348331 0.194315 0.363956 0.186856 0.361534 0.191579 0.360492 0.196394 0.360534 0.196903 0.349206 0.206255 0.350586 0.207690 0.360716 0.198755 0.361391 0.206069 0.356833 0.212412 0.355172 0.210991 0.351896 0.209750 0.349385 0.209750 0.348227 0.207190
2 0.335971 0.172569 0.364148 0.167014 0.364669 0.168125 0.367612 0.164931 0.373393 0.163773 0.377065 0.170440 0.377651 0.171241 0.378250 0.170639 0.379057 0.166750 0.379734 0.162306 0.378536 0.159991 0.383198 0.152722 0.384706 0.154648 0.385229 0.155579 0.385995 0.156083 0.387003 0.158231 0.389424 0.160597 0.389667 0.162537 0.388536 0.165361 0.386766 0.168046 0.386560 0.170824 0.386089 0.172676 0.382182 0.176426 0.377104 0.177815 0.376740 0.173370 0.373302 0.173556 0.373484 0.178278 0.365776 0.181194 0.359422 0.183185 0.351128 0.185486 0.348237 0.187106 0.348336 0.175606 0.335430 0.178296
2 0.370130 0.156574 0.369948 0.155556 0.370000 0.153843 0.369427 0.152083 0.367891 0.147546 0.367240 0.145278 0.367604 0.141898 0.370078 0.138056 0.372604 0.134167 0.373698 0.133148 0.378021 0.135417 0.375599 0.137407 0.371250 0.142824 0.370755 0.144259 0.373620 0.150926 0.374479 0.153843 0.378536 0.159991 0.379734 0.162306 0.379057 0.166750 0.378250 0.170639 0.377651 0.171241 0.377065 0.170440 0.373393 0.163773 0.372083 0.160880
14 0.320477 0.140227 0.350953 0.133426 0.353615 0.136079 0.355526 0.139398 0.356786 0.141060 0.358141 0.142384 0.358141 0.144463 0.358047 0.145620 0.358375 0.147861 0.359026 0.146699 0.360240 0.145208 0.361453 0.144542 0.363508 0.145042 0.365841 0.148278 0.365982 0.158153 0.357161 0.161222 0.355620 0.168523 0.335971 0.172569 0.335784 0.169435 0.332471 0.169931
1 0.319875 0.138949 0.322526 0.126843 0.325057 0.119556 0.326323 0.116824 0.327167 0.115273 0.332404 0.108630 0.339305 0.100597 0.343281 0.096894 0.348711 0.092940 0.353591 0.090102 0.354164 0.089833 0.353893 0.091440 0.348919 0.094278 0.343589 0.098296 0.339792 0.101616 0.332953 0.109921 0.327620 0.116454 0.325958 0.119565 0.325268 0.122134 0.323250 0.127597 0.320477 0.140227
2 0.354164 0.089833 0.354375 0.089259 0.355026 0.088981 0.355846 0.089037 0.356448 0.090213 0.357214 0.091898 0.357187 0.093194 0.356979 0.095000 0.357604 0.095926 0.358438 0.096157 0.358411 0.098380 0.358255 0.100278 0.353464 0.107870 0.340625 0.125509 0.336797 0.131389 0.334297 0.134722 0.332135 0.135833 0.331224 0.134352 0.328281 0.136528 0.324010 0.139398 0.320477 0.140227 0.322318 0.131713 0.324375 0.130278 0.330339 0.123935 0.336797 0.118194 0.340417 0.115417 0.341536 0.114907 0.344818 0.110648 0.346771 0.108333 0.349531 0.102593 0.352865 0.096574 0.353893 0.091440
2 0.373698 0.133148 0.365451 0.128454 0.359557 0.124611 0.353492 0.121079 0.350216 0.119468 0.349763 0.118417 0.350112 0.116370 0.351193 0.113954 0.352586 0.112778 0.355620 0.114014 0.363602 0.119347 0.373818 0.127032 0.377883 0.129972 0.378664 0.130574 0.386961 0.136574 0.384695 0.139611 0.377896 0.135458
14 0.346044 0.134597 0.346135 0.129991 0.346888 0.124796 0.347672 0.122227 0.348755 0.119866 0.349763 0.118417 0.350216 0.119468 0.353492 0.121079 0.359557 0.124611 0.365451 0.128454 0.373698 0.133148 0.372604 0.134167 0.370078 0.138056 0.367604 0.141898 0.367240 0.145278 0.367891 0.147546 0.369427 0.152083 0.370000 0.153843 0.369948 0.155556 0.370130 0.156574 0.365948 0.154056 0.365841 0.148278 0.363508 0.145042 0.361453 0.144542 0.360240 0.145208 0.359026 0.146699 0.358375 0.147861 0.358047 0.145620 0.358141 0.144463 0.358141 0.142384 0.356786 0.141060 0.355526 0.139398 0.353615 0.136079 0.350953 0.133426
14 0.385716 0.143083 0.387406 0.148769 0.386318 0.150704 0.385229 0.150991 0.384706 0.152426 0.384706 0.154648 0.383198 0.152722 0.378536 0.159991 0.374479 0.153843 0.373620 0.150926 0.370755 0.144259 0.371250 0.142824 0.375599 0.137407 0.378021 0.135417 0.384695 0.139611 0.382070 0.142847 0.381341 0.143958 0.381289 0.145579 0.382253 0.146597 0.383112 0.146690
10 0.385716 0.143083 0.390716 0.136412 0.395091 0.131644 0.405911 0.131815 0.395651 0.142509 0.395521 0.148157 0.392852 0.146185 0.391359 0.146185 0.388617 0.146972 0.387406 0.148769
1 0.378591 0.186856 0.389914 0.184356 0.400852 0.182616 0.413055 0.180449 0.421875 0.179889 0.419922 0.182370 0.409604 0.183731 0.399919 0.185481 0.379503 0.189403 0.377315 0.189634 0.377081 0.187134
1 0.375049 0.183236 0.382891 0.177130 0.392318 0.168519 0.399479 0.161759 0.398906 0.164074 0.383406 0.178394 0.376378 0.183995
2 0.395495 0.186296 0.384909 0.188343 0.387880 0.189074 0.389703 0.191481 0.385872 0.195056 0.386654 0.201259 0.388633 0.197972 0.389414 0.199824 0.386940 0.203806 0.387122 0.209639 0.387456 0.210843 0.390755 0.210880 0.392995 0.211481 0.395417 0.209444 0.396432 0.208333 0.398307 0.205324 0.407268 0.190551 0.409112 0.192162 0.409742 0.193218 0.413086 0.190301 0.409635 0.183796 0.399919 0.185481
