5 0.401479 0.242486 0.410417 0.259245 0.428984 0.289861 0.433714 0.286722 0.452120 0.324370 0.457219 0.330912 0.462362 0.337662 0.463344 0.339620 0.463221 0.342671 0.464323 0.341366 0.465792 0.339403 0.466159 0.336139 0.468044 0.336921 0.471229 0.337356 0.472576 0.331046 0.474904 0.328866 0.479187 0.327125 0.480169 0.323426 0.481526 0.321991 0.463245 0.289745 0.426005 0.223046 0.418500 0.209634 0.413956 0.216972 0.408875 0.223935 0.404318 0.239370 0.402201 0.236542 0.401562 0.237306 0.402201 0.240111
5 0.403854 0.264519 0.424245 0.301528 0.425026 0.296639 0.428984 0.289861 0.410417 0.259245 0.409159 0.258338 0.404401 0.262731
5 0.396862 0.257787 0.377018 0.283486 0.396703 0.319611 0.444552 0.413426 0.485617 0.488157 0.483911 0.488912 0.497888 0.514259 0.499872 0.509208 0.508435 0.509912 0.499247 0.490380 0.494474 0.477060 0.492190 0.470644 0.482674 0.460144 0.477435 0.451111 0.469404 0.435083 0.464596 0.427556 0.448531 0.397829 0.425935 0.353157 0.412917 0.327759 0.413055 0.323148 0.414367 0.320815 0.416167 0.317315 0.419945 0.308866 0.421586 0.304787 0.424245 0.301528 0.403854 0.264519 0.404401 0.262731 0.399826 0.254306
1 0.548102 0.564523 0.552836 0.569477 0.556737 0.575917 0.562680 0.584667 0.567510 0.591435 0.571503 0.596551 0.576891 0.598370 0.579490 0.600352 0.579677 0.602495 0.578469 0.603981 0.577727 0.603486 0.578005 0.602824 0.578562 0.602000 0.578469 0.600847 0.576146 0.599523 0.573362 0.599194 0.570854 0.597875 0.567883 0.593417 0.565188 0.592259 0.562122 0.586977 0.559245 0.581694 0.555995 0.576574 0.552188 0.571125 0.548008 0.567329 0.546521 0.566009 0.544849 0.565019 0.544570 0.563532 0.544479 0.562213
1 0.566417 0.575329 0.578135 0.591454 0.583594 0.599019 0.589211 0.605296 0.589854 0.607153 0.589052 0.608722 0.588409 0.608722 0.586883 0.607579 0.586081 0.606866 0.585518 0.604440 0.582388 0.600731 0.578135 0.595023 0.567620 0.579185 0.562065 0.571264 0.557331 0.561690 0.551815 0.548676 0.553117 0.547190 0.557852 0.559407 0.560646 0.565671 0.561294 0.567824 0.562685 0.569639
3 0.581521 0.647523 0.583505 0.648782 0.587047 0.657097 0.595831 0.645255 0.595406 0.643241 0.593138 0.642991 0.591297 0.642991 0.589313 0.640218 0.589029 0.636944 0.590164 0.634931 0.592146 0.633671 0.592005 0.631403 0.590589 0.628884 0.589172 0.627375 0.588039 0.626111 0.587755 0.623593 0.587612 0.620824 0.587471 0.617551 0.586195 0.613773 0.583505 0.613014 0.582086 0.614528 0.580529 0.614273 0.579536 0.611250 0.577411 0.609991 0.575854 0.612764 0.574578 0.613519 0.572310 0.613269 0.571177 0.613519 0.568203 0.612509 0.565367 0.611755 0.562250 0.614023 0.560552 0.619060 0.560552 0.624097 0.561685 0.630898 0.562818 0.636694 0.565935 0.634931 0.570893 0.632662 0.572029 0.630144 0.575146 0.629894 0.577552 0.630648 0.579253 0.633417 0.580529 0.636440 0.581945 0.637194 0.582937 0.640472 0.585346 0.645509 0.580953 0.645255
3 0.558568 0.664148 0.562961 0.682032 0.564802 0.680519 0.567352 0.675736 0.569760 0.669940 0.571177 0.666162 0.572029 0.660116 0.572310 0.653569 0.572310 0.650796 0.570753 0.647773 0.569052 0.649537 0.568203 0.650796 0.565367 0.650796 0.561685 0.657852
5 0.483763 0.333079 0.493094 0.327389 0.505599 0.350755 0.536315 0.407005 0.560656 0.452356 0.558706 0.457333 0.556018 0.459579 0.555469 0.460278 0.552232 0.462394 0.551992 0.463366 0.553492 0.463662 0.553339 0.464361 0.550091 0.467870 0.547958 0.470815 0.547401 0.471954 0.545745 0.472509 0.543669 0.476477 0.542846 0.477940 0.541565 0.478426 0.538911 0.481514 0.537906 0.482653 0.536807 0.483144 0.533424 0.486231 0.521167 0.461190 0.491365 0.403380 0.490385 0.396843 0.487331 0.387264 0.485245 0.390532 0.467490 0.357000 0.471625 0.351227 0.476500 0.347472 0.479034 0.342949 0.479776 0.342755 0.481789 0.339745 0.485073 0.337111 0.483271 0.333907
5 0.427292 0.218667 0.435250 0.214532 0.437456 0.216708 0.454354 0.245227 0.475380 0.283065 0.495831 0.320074 0.492034 0.322468 0.489464 0.323338 0.486487 0.329542 0.481526 0.321991 0.463245 0.289745 0.426005 0.223046
5 0.368552 0.280662 0.369820 0.277653 0.372466 0.277088 0.374583 0.279157 0.377018 0.283486 0.396703 0.319611 0.444552 0.413426 0.485617 0.488157 0.483911 0.488912 0.481648 0.491676 0.431948 0.401324 0.369958 0.284463
2 0.485187 0.357009 0.486633 0.362431 0.487758 0.363431 0.488479 0.364574 0.489763 0.364718 0.490646 0.364718 0.491609 0.364718 0.491690 0.363287 0.492172 0.362574 0.492974 0.362431 0.493776 0.361861 0.494177 0.360435 0.494820 0.359866 0.495865 0.361005 0.496586 0.362292 0.498190 0.363287 0.499315 0.362861 0.499716 0.361148 0.500841 0.361292 0.502284 0.363718 0.503167 0.365000 0.504693 0.364718 0.505896 0.365287 0.506859 0.366287 0.508466 0.366144 0.509508 0.363718 0.510552 0.363005 0.512719 0.364005 0.506458 0.352444 0.504612 0.352444 0.502125 0.352870 0.498995 0.352444 0.494901 0.351731 0.492010 0.351731 0.486714 0.351731 0.486633 0.354440 0.486633 0.356153
5 0.412917 0.327759 0.425935 0.353157 0.448531 0.397829 0.464596 0.427556 0.469404 0.435083 0.477435 0.451111 0.482674 0.460144 0.492190 0.470644 0.494474 0.477060 0.499247 0.490380 0.508435 0.509912 0.518437 0.531171 0.536789 0.563815 0.537117 0.559731 0.541711 0.551565 0.542695 0.553315 0.549214 0.544005 0.549828 0.537907 0.554716 0.532676 0.558401 0.529403 0.558401 0.526579 0.552758 0.518736 0.546271 0.507861 0.539169 0.494370 0.535497 0.487819 0.534768 0.486296 0.533424 0.486231 0.521167 0.461190 0.515229 0.451787 0.507292 0.443491 0.505451 0.437190 0.499216 0.425597 0.494951 0.416606 0.491417 0.410546 0.491365 0.403380 0.490385 0.396843 0.487331 0.387264 0.485245 0.390532 0.467490 0.357000 0.461602 0.342227 0.452120 0.324370 0.433714 0.286722 0.428984 0.289861 0.425026 0.296639 0.424245 0.301528 0.421586 0.304787 0.419945 0.308866 0.416167 0.317315 0.414367 0.320815 0.413055 0.323148
5 0.452120 0.324370 0.461602 0.342227 0.467490 0.357000 0.471625 0.351227 0.476500 0.347472 0.479034 0.342949 0.479776 0.342755 0.481789 0.339745 0.485073 0.337111 0.483271 0.333907 0.483763 0.333079 0.493094 0.327389 0.499589 0.338958 0.500234 0.338005 0.500771 0.335139 0.500125 0.331315 0.499375 0.328259 0.496794 0.324440 0.496688 0.323292 0.495831 0.320074 0.492034 0.322468 0.489464 0.323338 0.486487 0.329542 0.481526 0.321991 0.480169 0.323426 0.479187 0.327125 0.474904 0.328866 0.472576 0.331046 0.471229 0.337356 0.468044 0.336921 0.466159 0.336139 0.465792 0.339403 0.464323 0.341366 0.463221 0.342671 0.463344 0.339620 0.462362 0.337662 0.457219 0.330912
5 0.491365 0.403380 0.491417 0.410546 0.494951 0.416606 0.499216 0.425597 0.505451 0.437190 0.507292 0.443491 0.515229 0.451787 0.521167 0.461190
