0 0.510443 0.227546 0.512760 0.230231 0.514729 0.234009 0.516589 0.239444 0.517221 0.242954 0.517932 0.249972 0.518237 0.255912 0.517427 0.265634 0.516719 0.268875 0.516516 0.274278 0.515620 0.279185 0.514313 0.279079 0.509521 0.277481 0.511156 0.288060 0.513427 0.288657 0.512839 0.291560 0.514276 0.294005 0.512474 0.297569 0.504612 0.305523 0.482784 0.325769 0.484818 0.327213 0.487529 0.329139 0.488750 0.330106 0.490510 0.331792 0.491461 0.335648 0.492424 0.335866 0.492628 0.343065 0.492323 0.346486 0.491078 0.345981 0.491078 0.345981 0.490773 0.351565 0.488646 0.360384 0.487841 0.361222 0.486792 0.363338 0.484523 0.364537 0.483612 0.365782 0.481872 0.365917 0.482318 0.371847 0.480352 0.367407 0.476005 0.371532 0.472753 0.373463 0.470719 0.375634 0.469974 0.377625 0.469503 0.377903 0.468641 0.377574 0.468036 0.375963 0.467151 0.371208 0.465583 0.371208 0.464013 0.370653 0.462917 0.370375 0.462130 0.369259 0.461531 0.367704 0.460805 0.367583 0.460805 0.367583 0.458367 0.365074 0.457844 0.363884 0.455122 0.356782 0.453307 0.347750 0.430620 0.360977 0.429034 0.355315 0.428563 0.351412 0.429349 0.345833 0.431073 0.341931 0.437315 0.347477 0.437617 0.345676 0.434682 0.342796 0.432148 0.335597 0.431036 0.333977 0.428721 0.332171 0.426211 0.325477 0.424956 0.320736 0.424938 0.319620 0.424216 0.316481 0.423956 0.311597 0.424099 0.310181 0.423836 0.307079 0.426031 0.287019 0.426008 0.276741 0.423266 0.276148 0.424320 0.274273 0.425492 0.269481 0.425492 0.266565 0.426508 0.261694 0.426307 0.247829 0.425294 0.242250 0.431167 0.228208 0.432990 0.223884 0.434914 0.223884 0.438357 0.223528 0.445344 0.226769 0.446966 0.221727 0.447268 0.218667 0.447065 0.216324 0.474385 0.203162 0.488057 0.211083 0.490893 0.208921 0.492615 0.206583 0.494539 0.205139 0.496159 0.205139 0.498286 0.206222 0.502734 0.214829 0.506581 0.219509 0.506581 0.219509 0.508810 0.223833 0.510339 0.226028 0.510443 0.227546
11 0.320354 0.332056 0.320581 0.327481 0.320966 0.324509 0.321875 0.320477 0.323742 0.317454 0.325383 0.315162 0.327115 0.313745 0.330630 0.310204 0.331451 0.311245 0.330630 0.320620 0.329516 0.323301 0.337411 0.336181 0.339000 0.339681 0.359255 0.377343 0.359255 0.377343 0.372995 0.401282 0.372188 0.401282 0.332594 0.342231 0.323781 0.328907
6 0.362518 0.192162 0.365253 0.191264 0.369201 0.190185 0.370656 0.189287 0.370656 0.189287 0.373820 0.187829 0.374943 0.187352 0.376182 0.187000 0.378164 0.185352 0.385268 0.183134 0.395302 0.179278 0.394487 0.175662 0.385677 0.179278 0.385492 0.178597 0.374419 0.182819 0.372914 0.183630 0.372195 0.183866 0.370953 0.184676 0.364992 0.187606
6 0.426008 0.276741 0.426062 0.287093 0.422224 0.284935 0.421924 0.286157 0.418747 0.284542 0.419633 0.283648 0.406510 0.277606 0.394841 0.272171 0.394010 0.270690 0.393208 0.269236 0.393341 0.261213 0.394513 0.261213 0.398729 0.263296 0.400266 0.263315 0.409286 0.268106 0.410513 0.267792 0.412229 0.269435 0.414359 0.271773 0.423266 0.276148
6 0.326693 0.262083 0.322177 0.268699 0.318703 0.266005 0.325852 0.255380 0.328607 0.252560 0.328758 0.251620 0.330044 0.249065 0.331482 0.247588 0.333070 0.242611 0.335378 0.238431 0.349961 0.207648 0.353057 0.200764 0.357042 0.194097 0.358565 0.189722 0.358565 0.189722 0.360909 0.186181 0.362747 0.182944 0.363578 0.180597 0.365219 0.178722 0.366141 0.175995 0.367057 0.173787 0.368294 0.172106 0.374268 0.160542 0.381315 0.146611 0.384388 0.141032 0.387471 0.133852 0.390622 0.131986 0.390885 0.125759 0.391060 0.122491 0.391672 0.117671 0.391469 0.115528 0.395023 0.093875 0.398049 0.080560 0.399487 0.075315 0.401680 0.071685 0.403799 0.071282 0.405917 0.074375 0.406370 0.078546 0.406521 0.083653 0.406977 0.087019 0.408641 0.092259 0.409547 0.094815 0.406370 0.096565 0.405539 0.096028 0.404177 0.091185 0.403117 0.086611 0.402513 0.084329 0.399109 0.096431 0.395630 0.113644 0.394036 0.117639 0.392984 0.125417 0.392635 0.127597 0.391409 0.136468 0.392372 0.136931 0.390112 0.139468 0.383880 0.150972 0.370818 0.176000 0.369776 0.177704 0.369516 0.178287 0.368664 0.180375 0.362518 0.192162 0.354820 0.208185 0.353909 0.208907 0.340948 0.233931 0.340341 0.236991 0.337549 0.243148 0.329143 0.258815
6 0.307891 0.255509 0.308341 0.257245 0.305815 0.254755 0.296875 0.228565 0.291104 0.207144 0.290294 0.199583 0.290396 0.194361 0.295641 0.185574 0.298880 0.183593 0.301109 0.183236 0.302729 0.183236 0.303234 0.183593 0.302323 0.187194 0.299089 0.186667 0.295641 0.193856 0.292906 0.199259 0.293047 0.205125 0.295174 0.213407 0.295174 0.213407 0.296492 0.219347
8 0.357487 0.300954 0.357721 0.304079 0.357956 0.305120 0.355599 0.308838 0.340307 0.294796 0.333091 0.288958 0.316453 0.273542 0.300875 0.259574 0.293104 0.253009 0.268555 0.231426 0.260352 0.224134 0.251896 0.216301 0.246737 0.211083 0.242482 0.204421 0.238331 0.197398 0.234990 0.184796 0.236914 0.183537 0.238432 0.183356 0.239141 0.183898 0.240458 0.186417 0.243901 0.196681 0.246635 0.201722 0.251698 0.206759 0.253646 0.208333 0.258268 0.212926 0.265182 0.218708 0.273685 0.225324 0.273685 0.225324 0.305815 0.254755 0.311094 0.259676 0.313664 0.261005 0.315305 0.262463 0.318703 0.266005 0.351393 0.295750 0.351393 0.295750
6 0.348661 0.302810 0.344005 0.309829 0.342677 0.307968 0.342073 0.312944 0.340661 0.314870 0.336104 0.308389 0.337117 0.301009 0.341271 0.295787
6 0.405807 0.367130 0.410974 0.381972 0.414648 0.391954 0.416646 0.388727 0.415375 0.383565 0.411526 0.371551 0.409885 0.366343 0.407917 0.360495 0.406078 0.354894 0.403927 0.349282 0.400391 0.350972 0.404120 0.361199
5 0.395828 0.357051 0.392232 0.370931 0.386740 0.367907 0.385971 0.366278 0.388547 0.350449 0.388547 0.350449
6 0.381979 0.371898 0.383802 0.372986 0.391818 0.385481 0.395583 0.391394 0.399190 0.396921 0.402255 0.401898 0.403831 0.405639 0.408484 0.413130 0.406432 0.415741
6 0.360742 0.336236 0.358826 0.336750 0.371086 0.359551 0.371086 0.359551 0.381370 0.379241 0.372036 0.358329
6 0.364872 0.335509 0.367576 0.340889 0.369216 0.345032 0.372977 0.353218 0.373117 0.353394 0.380531 0.368056 0.381177 0.370509 0.390781 0.387963 0.406432 0.415741 0.404841 0.418657 0.395518 0.402583 0.381844 0.378977 0.381370 0.379241 0.372036 0.358329 0.360742 0.336236
6 0.337411 0.336181 0.339000 0.339681 0.345078 0.339074 0.347667 0.338847 0.349839 0.338602 0.350831 0.338431 0.352526 0.338009 0.352526 0.338009 0.354766 0.337593 0.357073 0.337352 0.358826 0.336750 0.366156 0.334824 0.367693 0.334407 0.370807 0.333366 0.381120 0.330870 0.386393 0.329204 0.391708 0.325949 0.395370 0.324671 0.399115 0.323444 0.402161 0.322361 0.404065 0.321417 0.405375 0.320787 0.405375 0.320787 0.405828 0.318773 0.405073 0.317694 0.403937 0.317694 0.402576 0.317829 0.396164 0.320222 0.394289 0.321264 0.390008 0.323056 0.379773 0.327171 0.366695 0.330875 0.355266 0.334032 0.353643 0.334889 0.350714 0.335306
8 0.370807 0.333366 0.367693 0.334407 0.383146 0.347134 0.385034 0.348157 0.388547 0.350449 0.398727 0.359560 0.403716 0.364852 0.405807 0.367130 0.404120 0.361199 0.393737 0.351472 0.388836 0.346801 0.386628 0.345032 0.386628 0.345032 0.384049 0.342949 0.384201 0.342866
6 0.411849 0.344875 0.413357 0.344500 0.415781 0.343194 0.420411 0.341759 0.419823 0.338736 0.413865 0.341083 0.411513 0.342282 0.408935 0.343116 0.407367 0.344199 0.405333 0.345306 0.397659 0.349079 0.397596 0.350269 0.399620 0.351403 0.408578 0.346870 0.408445 0.346083
6 0.421328 0.326944 0.422396 0.334537 0.427927 0.363560 0.425422 0.365477 0.424411 0.365065 0.423471 0.358977 0.422060 0.350931 0.422568 0.350329 0.422849 0.349023 0.422680 0.348218 0.421414 0.347574 0.418612 0.331412 0.417099 0.321866 0.417615 0.321713 0.417615 0.322759 0.417810 0.324847 0.418594 0.326130 0.419969 0.326940
6 0.445367 0.394625 0.462646 0.410255 0.464411 0.410954 0.465299 0.410847 0.465904 0.410171 0.465523 0.406301 0.463758 0.405375 0.446539 0.391750
2 0.513828 0.420491 0.509529 0.433912 0.507706 0.438593 0.506591 0.443991 0.505073 0.444171 0.502625 0.443671 0.500961 0.435583 0.503586 0.436671 0.509984 0.416986 0.515141 0.406486 0.513286 0.419759
8 0.438065 0.433546 0.454633 0.448500 0.468047 0.456667 0.470594 0.455898 0.450245 0.440431 0.448674 0.439472 0.445435 0.436829 0.439307 0.431454 0.438849 0.432731
8 0.470380 0.435583 0.471781 0.444606 0.470992 0.447565 0.469768 0.447718 0.467578 0.446630 0.448674 0.439472 0.445435 0.436829 0.445961 0.430912 0.446753 0.428222 0.448677 0.428222 0.460221 0.432005
8 0.527003 0.315139 0.528042 0.316037 0.536443 0.337042 0.545896 0.358671 0.537732 0.348606 0.529284 0.326250 0.525339 0.313273
8 0.546893 0.290037 0.560359 0.294338 0.561013 0.295384 0.561406 0.297009 0.561536 0.299449 0.561406 0.302241 0.560688 0.303403 0.560034 0.304681 0.558792 0.304796 0.557354 0.304218 0.538719 0.298056
8 0.527138 0.283199 0.514313 0.279079 0.514313 0.279079 0.509521 0.277481 0.511156 0.288060 0.513427 0.288657 0.518656 0.290282 0.522370 0.286241
8 0.381055 0.383454 0.382794 0.387546 0.382794 0.387546 0.385034 0.390236 0.385034 0.392130 0.395568 0.413194 0.400979 0.424648 0.401995 0.422838 0.391372 0.399032 0.381370 0.379241 0.371086 0.359551 0.358826 0.336750 0.357073 0.337352 0.368523 0.359468 0.368523 0.359468 0.378547 0.378440 0.378547 0.378440
8 0.353643 0.334889 0.335365 0.307394 0.334146 0.308745 0.334263 0.310620 0.336138 0.313954 0.350714 0.335306
8 0.350831 0.338431 0.359854 0.359051 0.368044 0.379403 0.369792 0.384028 0.376609 0.402380 0.379771 0.406130 0.377536 0.399972 0.373948 0.390324 0.372500 0.384861 0.370854 0.381694 0.370375 0.380861 0.360544 0.356074 0.352578 0.338102
8 0.382701 0.372384 0.408831 0.389671 0.410063 0.386292 0.400026 0.379444 0.393477 0.374968 0.388560 0.371343 0.385513 0.369259 0.381411 0.366551 0.381177 0.370509
8 0.388560 0.371343 0.385513 0.369259 0.372977 0.353218 0.369216 0.345032 0.381635 0.360657 0.381635 0.360657 0.385971 0.366278
6 0.323995 0.188097 0.305969 0.184676 0.304997 0.188204 0.317859 0.190542 0.327958 0.192681 0.330419 0.194139 0.331474 0.195597 0.336161 0.195806 0.338997 0.195972 0.352471 0.195764 0.357042 0.194097 0.358565 0.189722 0.351885 0.192222 0.347315 0.192222 0.343544 0.192056 0.342841 0.192056 0.331943 0.190806 0.330888 0.189764 0.329161 0.188995
8 0.302182 0.199139 0.331122 0.199764 0.331122 0.199764 0.333841 0.200139 0.353057 0.200764 0.349961 0.207648 0.324339 0.205847 0.300440 0.205306
14 0.311336 0.165593 0.312734 0.165648 0.321565 0.167944 0.326206 0.169190 0.327646 0.170218 0.328385 0.171343 0.327703 0.172125 0.327240 0.172824 0.327682 0.174352 0.331185 0.176032 0.329870 0.185037 0.323995 0.188097 0.305969 0.184676 0.308805 0.172611
14 0.324193 0.149426 0.317802 0.147093 0.316227 0.147560 0.314826 0.149273 0.313865 0.152227 0.313250 0.156583 0.312734 0.165648 0.321565 0.167944 0.326206 0.169190 0.327693 0.170278 0.328385 0.171343 0.332005 0.172593 0.333930 0.165032 0.335448 0.160171 0.336969 0.158912 0.338690 0.160352 0.340815 0.162514 0.343146 0.162875 0.344867 0.163773 0.346073 0.164676 0.347997 0.163120 0.348260 0.160630 0.337846 0.153782 0.338195 0.152074 0.346948 0.157519 0.346859 0.156583 0.345461 0.153940 0.345898 0.152852 0.346073 0.151917 0.343010 0.147403 0.333031 0.144292 0.331107 0.144134 0.328742 0.144134 0.327081 0.144292 0.325943 0.144917 0.324979 0.146005
14 0.332005 0.172593 0.333930 0.165032 0.335448 0.160171 0.336969 0.158912 0.338690 0.160352 0.340815 0.162514 0.343146 0.162875 0.344867 0.163773 0.346979 0.165463 0.348815 0.167912 0.351044 0.170796 0.354385 0.174755 0.354792 0.175833 0.345372 0.176375 0.339802 0.175477
11 0.395542 0.302634 0.396826 0.303708 0.397357 0.305190 0.407945 0.313528 0.413091 0.316620 0.415284 0.319444 0.416117 0.321190 0.417099 0.321866 0.418612 0.331412 0.409839 0.324556 0.405375 0.320787 0.405828 0.318773 0.405073 0.317694 0.403937 0.317694 0.402576 0.317829 0.396984 0.314394 0.394055 0.310644 0.394104 0.306801 0.394557 0.304787
5 0.332112 0.127208 0.335526 0.119583 0.338328 0.114449 0.340953 0.110560 0.342703 0.108069 0.343753 0.106204 0.344716 0.104958 0.345742 0.121620 0.340297 0.127940 0.337932 0.131671 0.336534 0.136185 0.335615 0.135454 0.334826 0.137477 0.335263 0.138875 0.340164 0.143699 0.339464 0.146347 0.333031 0.144292 0.331107 0.144134 0.328742 0.144134 0.328078 0.144245 0.327203 0.139889
5 0.320201 0.127597 0.322310 0.122542 0.323099 0.120051 0.323536 0.113204 0.323885 0.113204 0.326336 0.117093 0.327211 0.120361 0.327823 0.122227 0.328612 0.123005 0.329138 0.124560 0.329138 0.126273 0.329836 0.127361 0.330362 0.127829 0.331500 0.127208 0.332112 0.127208 0.327203 0.139889 0.326852 0.137866 0.326240 0.136778 0.325539 0.134755 0.325102 0.133199 0.324052 0.132106 0.323352 0.130708 0.322477 0.128995 0.321164 0.127597
14 0.308750 0.164954 0.287844 0.159472 0.285716 0.160370 0.284096 0.161991 0.283185 0.165051 0.281969 0.165954 0.281260 0.166491 0.281159 0.166852 0.282375 0.167750 0.297057 0.168292 0.295641 0.185574 0.298880 0.183593 0.301109 0.183236 0.302729 0.183236 0.303234 0.183593
14 0.574039 0.708593 0.573125 0.705222 0.571031 0.701968 0.556714 0.683602 0.553904 0.680000 0.553576 0.718588 0.548542 0.719398 0.552031 0.729398 0.562924 0.728000
11 0.510023 0.324769 0.542669 0.368806 0.552122 0.380319 0.583122 0.421662 0.584961 0.422750 0.588987 0.427574 0.601677 0.445157 0.605195 0.450273 0.613466 0.459921 0.614823 0.461602 0.616724 0.456778 0.617799 0.453653 0.611698 0.447380 0.611698 0.445218 0.611568 0.441361 0.610482 0.439681 0.609396 0.439912 0.608854 0.440630 0.605742 0.437222 0.587596 0.414287 0.572708 0.395023 0.554987 0.371259 0.551911 0.367903 0.551911 0.364634 0.550862 0.363856 0.550599 0.359810 0.549724 0.357787 0.548672 0.357634 0.547974 0.358412 0.547448 0.359657 0.547273 0.359968 0.546221 0.359500 0.537732 0.348606 0.519763 0.325532 0.518951 0.326079 0.517023 0.321940 0.515406 0.319963
11 0.528927 0.307514 0.535229 0.312958 0.536104 0.312181 0.536716 0.310935 0.537331 0.308759 0.538906 0.307671 0.539956 0.307981 0.540482 0.309694 0.540656 0.312806 0.540742 0.314519 0.541620 0.315917 0.542232 0.317472 0.542721 0.318671 0.542143 0.323384 0.541180 0.324319 0.540130 0.324940 0.538906 0.325875 0.538380 0.327120 0.537680 0.328986 0.536716 0.329921 0.535930 0.330231 0.535055 0.329296 0.534617 0.328208 0.534180 0.324630 0.533742 0.322296 0.532253 0.319806 0.531641 0.318407 0.527003 0.315139 0.525339 0.313273 0.524990 0.311093
5 0.524672 0.446097 0.527156 0.453306 0.529117 0.456792 0.532844 0.462370 0.543763 0.473880 0.543211 0.471454 0.543211 0.468185 0.543823 0.465227 0.544612 0.463519 0.545924 0.462426 0.547937 0.461185 0.549513 0.459782 0.550214 0.453870 0.551089 0.450602 0.552052 0.448426 0.552763 0.446745 0.548661 0.452370 0.543740 0.455287 0.539286 0.454245 0.535328 0.454699 0.531013 0.453889 0.526109 0.445171
5 0.398151 0.428565 0.415167 0.403019 0.418711 0.398519 0.428029 0.439565 0.427016 0.440102 0.423471 0.440282 0.419826 0.440463 0.415370 0.437764 0.415065 0.437764 0.414560 0.445324 0.413445 0.448023 0.412331 0.450185 0.411927 0.451986 0.411826 0.454505 0.410406 0.455227 0.407268 0.450005 0.407977 0.446764 0.408180 0.444782 0.406862 0.443884 0.405242 0.444606 0.404229 0.446403 0.395318 0.433801 0.396432 0.431296 0.406052 0.439926 0.407573 0.439023 0.407471 0.436861 0.406760 0.435782
14 0.469792 0.393981 0.468474 0.416306 0.483563 0.424944 0.486398 0.414685 0.485182 0.402259
14 0.491078 0.345981 0.497659 0.350486 0.497862 0.355523 0.496747 0.371546 0.488646 0.360384 0.490773 0.351565
14 0.516516 0.274278 0.520263 0.273917 0.523201 0.272657 0.525833 0.271218 0.527656 0.269236 0.528971 0.266176 0.529883 0.263477 0.530693 0.258435 0.531401 0.252491 0.531401 0.248894 0.531401 0.245833 0.530896 0.243671 0.527453 0.241329 0.527352 0.239171 0.528060 0.235569 0.527958 0.234310 0.527047 0.233407 0.521781 0.230708 0.516820 0.227468 0.510339 0.226028 0.510443 0.227546 0.512760 0.230231 0.514729 0.234009 0.516589 0.239444 0.517221 0.242954 0.517932 0.249972 0.518237 0.255912 0.517427 0.265634 0.516719 0.268875
10 0.606224 0.685046 0.600094 0.692306 0.597219 0.695667 0.596159 0.697954 0.594872 0.701046 0.595630 0.703060 0.597445 0.706157 0.599034 0.708440 0.604708 0.715704 0.608055 0.708477 0.608435 0.705921 0.614487 0.694088 0.608586 0.688306
1 0.508359 0.527412 0.504961 0.524856 0.490906 0.511755 0.485357 0.506880 0.490185 0.513722 0.503005 0.527097 0.506339 0.529773 0.512062 0.534565 0.519505 0.541389 0.517971 0.535782 0.513133 0.532060
14 0.551091 0.676630 0.550698 0.714634 0.546906 0.714750 0.542984 0.705801 0.543833 0.698829 0.544096 0.690343 0.543443 0.683255 0.542724 0.676977 0.545208 0.670005
14 0.573779 0.717889 0.576917 0.721606 0.578094 0.721843 0.579138 0.722190 0.582669 0.734278 0.580120 0.742181 0.579857 0.743926 0.579138 0.745204 0.578224 0.746597 0.576589 0.749269 0.575935 0.750199 0.572862 0.748806 0.569659 0.745667 0.564755 0.739273 0.564951 0.736602 0.565997 0.734509 0.569659 0.725097 0.571359 0.721375
14 0.647318 0.536944 0.638445 0.539699 0.626193 0.543431 0.621904 0.545301 0.619190 0.547634 0.618141 0.549810 0.617177 0.552301 0.616216 0.555259 0.616039 0.556037 0.613503 0.557593 0.611401 0.559301 0.610089 0.561014 0.608602 0.562880 0.607549 0.565838 0.607286 0.568019 0.607727 0.573616 0.608958 0.578148 0.609740 0.580153 0.610615 0.580778 0.614901 0.578907 0.616654 0.578287 0.617440 0.578440 0.620591 0.583731 0.622430 0.586375 0.624880 0.588245 0.626630 0.588556 0.639060 0.585134 0.647813 0.581866 0.654549 0.579685
14 0.659424 0.590829 0.665188 0.589625 0.668240 0.590931 0.670500 0.592032 0.671573 0.592940 0.672195 0.594245 0.672760 0.595954 0.662870 0.613731
14 0.631802 0.608417 0.633695 0.606264 0.635208 0.602903 0.636417 0.599810 0.638385 0.597120 0.643680 0.593620 0.648370 0.591875 0.655935 0.590796 0.660169 0.618769 0.650865 0.635713 0.648596 0.636523 0.646099 0.636657 0.644589 0.636389 0.644510 0.635444 0.641333 0.628319
14 0.610469 0.558611 0.614456 0.551866 0.615568 0.548847 0.618706 0.545477 0.617773 0.539528 0.615833 0.531199 0.613195 0.524343 0.609711 0.518426 0.605792 0.513449 0.602544 0.511458 0.601570 0.512977 0.598203 0.518361 0.586924 0.536060 0.566456 0.567083 0.563174 0.572917 0.562003 0.578333 0.562466 0.581880 0.563292 0.583958 0.563643 0.584782 0.555883 0.595463 0.555164 0.596977 0.554969 0.598838 0.556471 0.604764 0.557648 0.606972 0.558630 0.607551 0.559674 0.606741 0.560068 0.604880 0.560852 0.605227 0.562945 0.609528 0.564253 0.612782 0.564643 0.614875 0.562880 0.616037 0.563010 0.617199 0.564906 0.617546 0.566279 0.616736 0.566867 0.614991 0.570135 0.610227 0.573992 0.606625 0.575891 0.607435 0.577852 0.607671 0.579617 0.607671 0.580859 0.606625 0.585305 0.599648
14 0.651208 0.537537 0.657701 0.578287 0.663654 0.575954 0.664966 0.574708 0.666453 0.572218 0.668466 0.563505 0.668555 0.556968 0.667766 0.548880 0.666367 0.543898 0.665404 0.541565 0.663898 0.540491 0.662760 0.540958 0.661797 0.540181 0.660747 0.539245 0.658909 0.537690 0.657596 0.536134 0.655672 0.534579 0.654883 0.535824 0.654096 0.536755 0.653044 0.537222 0.652258 0.537537
14 0.620477 0.472866 0.638945 0.502431 0.640870 0.504301 0.641484 0.505231 0.647260 0.535884 0.619078 0.510366 0.618203 0.508657 0.618203 0.506167 0.618445 0.503097 0.625948 0.502898 0.627852 0.497921 0.628443 0.494653 0.629055 0.490296 0.628529 0.487963 0.627654 0.486250 0.627130 0.485630 0.622052 0.485782
14 0.601677 0.445157 0.594938 0.453870 0.593099 0.446866 0.591786 0.448889 0.591437 0.450134 0.590826 0.450759 0.592198 0.456718 0.565706 0.485769 0.563604 0.485921 0.560628 0.486236 0.559492 0.485921 0.557828 0.485458 0.557128 0.485458 0.555378 0.487167 0.553451 0.488880 0.551352 0.489037 0.549076 0.488102 0.546362 0.484833 0.543823 0.475185 0.543211 0.471454 0.543211 0.468185 0.543823 0.465227 0.544612 0.463519 0.545924 0.462426 0.547937 0.461185 0.549513 0.459782 0.550214 0.453870 0.551089 0.450602 0.552052 0.448426 0.552763 0.446745 0.570518 0.428972 0.579359 0.421037 0.581109 0.421037 0.583122 0.421662 0.584961 0.422750 0.588987 0.427574
14 0.537763 0.410917 0.533195 0.416125 0.531555 0.420292 0.530148 0.427583 0.530266 0.436333 0.532492 0.444870 0.535422 0.450287 0.539286 0.454245 0.543740 0.455287 0.548661 0.452370 0.552763 0.446745 0.563542 0.434875 0.565651 0.429667 0.566120 0.421958 0.567409 0.419875 0.567760 0.411542 0.565768 0.404671 0.561549 0.400296 0.559674 0.400088 0.557565 0.399880 0.554284 0.399046 0.551591 0.399463 0.549599 0.400505
14 0.282737 0.266403 0.283948 0.264120 0.286068 0.261431 0.288034 0.259412 0.290758 0.258333 0.292875 0.258472 0.295294 0.259546 0.297036 0.261296 0.298776 0.262773 0.307172 0.271917 0.313375 0.279046 0.314661 0.281602 0.315341 0.284157 0.315643 0.285903 0.315948 0.287116 0.317307 0.287921 0.319201 0.289671 0.320258 0.292088 0.321393 0.295454 0.321695 0.298009 0.321846 0.300157 0.321544 0.302444 0.320940 0.302981 0.319956 0.303523 0.316023 0.299352 0.315492 0.299889 0.314510 0.304329 0.313299 0.307019 0.312164 0.309306 0.311409 0.309977
14 0.280552 0.170634 0.273362 0.170093 0.270932 0.172431 0.270221 0.174412 0.269818 0.177116 0.270729 0.188454 0.271943 0.189356 0.274070 0.189894 0.275388 0.190074 0.276198 0.182153 0.277310 0.177833 0.278729 0.174412
14 0.344089 0.094444 0.346576 0.090153 0.349375 0.086523 0.351870 0.085449 0.355805 0.084773 0.358224 0.085449 0.361477 0.088139 0.364201 0.092306 0.365185 0.097148 0.366016 0.103870 0.365789 0.111940 0.351945 0.117319 0.348013 0.120144 0.345896 0.121486 0.345742 0.121620
8 0.404841 0.418657 0.403542 0.420463 0.391372 0.399032 0.381370 0.379241 0.381844 0.378977 0.395518 0.402583
6 0.388430 0.318556 0.390008 0.323056 0.394289 0.321264 0.382339 0.286269 0.381167 0.285644 0.378042 0.288065 0.380229 0.295227
14 0.470719 0.375634 0.470313 0.389611 0.484682 0.396843 0.483151 0.382130 0.476005 0.371532 0.472753 0.373463
5 0.437096 0.415833 0.438154 0.416708 0.454521 0.426667 0.470380 0.435583 0.468747 0.427213 0.438872 0.410829 0.439130 0.412458 0.437911 0.414630
5 0.414839 0.393259 0.405385 0.387968 0.396302 0.381569 0.396302 0.381569 0.401271 0.387968 0.401271 0.387968 0.410286 0.400106 0.415276 0.403060 0.416674 0.401056
2 0.470932 0.429569 0.486224 0.438389 0.485122 0.443019 0.486549 0.444065 0.489284 0.435963 0.490195 0.435241 0.491208 0.435782 0.491208 0.435782 0.491997 0.438750 0.498984 0.445954 0.496755 0.433171 0.490549 0.429444 0.489664 0.430468 0.488604 0.429931 0.487849 0.428718 0.487643 0.427407 0.485784 0.426412 0.483563 0.424944 0.468474 0.416306
6 0.622513 0.465412 0.616724 0.456778 0.614823 0.461602 0.620477 0.472866 0.638945 0.502431 0.640870 0.504301 0.641484 0.505231 0.647260 0.535884 0.647318 0.536944 0.647318 0.536944 0.654549 0.579685 0.655935 0.590796 0.660169 0.618769 0.662870 0.613731 0.659424 0.590829 0.657701 0.578287 0.651208 0.537537 0.644031 0.500347 0.624401 0.468333
2 0.442721 0.400569 0.466620 0.414972 0.468747 0.427213 0.438872 0.410829 0.438724 0.409806 0.436961 0.405708 0.438318 0.405949 0.439810 0.405949 0.441706 0.404986 0.441977 0.402819
14 0.624401 0.468333 0.625562 0.467981 0.651646 0.490231 0.659260 0.497704 0.661185 0.500968 0.661885 0.504236 0.662234 0.506884 0.662411 0.509060 0.669937 0.514972 0.670286 0.516995 0.670549 0.522755 0.669586 0.529755 0.668362 0.534579 0.666174 0.538000 0.663898 0.540491 0.662760 0.540958 0.661797 0.540181 0.660747 0.539245 0.658909 0.537690 0.657596 0.536134 0.655672 0.534579 0.654883 0.535824 0.654096 0.536755 0.653044 0.537222 0.652258 0.537537 0.651208 0.537537 0.644031 0.500347
14 0.609711 0.518426 0.612276 0.516671 0.613414 0.515426 0.615164 0.514958 0.624005 0.514958 0.647273 0.535856 0.647318 0.536944 0.627161 0.543194 0.613240 0.523458 0.612581 0.522616 0.611706 0.521579
6 0.524167 0.545741 0.525729 0.550787 0.526815 0.555347 0.528594 0.561343 0.534583 0.581898 0.537906 0.593194 0.539263 0.599458 0.539263 0.599458 0.540888 0.602111 0.543271 0.611519 0.543271 0.611519 0.546070 0.621477 0.548997 0.630824 0.549766 0.634611 0.550826 0.637301 0.551573 0.640954 0.551505 0.643486 0.551128 0.642412 0.549010 0.641741 0.548328 0.644296 0.546438 0.651421 0.547117 0.644940 0.546914 0.639718 0.544484 0.633778 0.536784 0.604917 0.535208 0.597435 0.533310 0.588278 0.524182 0.556838 0.523003 0.552144 0.519505 0.541389 0.517971 0.535782 0.515029 0.524741 0.513906 0.520694 0.512552 0.515231 0.512706 0.514130 0.511349 0.507190 0.511727 0.507148 0.508789 0.495806 0.507471 0.487523 0.503362 0.466028 0.503362 0.466028 0.502870 0.465144 0.501495 0.460028 0.501383 0.457639 0.500211 0.452435 0.494776 0.420421 0.493794 0.417329 0.493385 0.414676 0.491615 0.405741 0.490854 0.401181 0.488323 0.389120 0.486258 0.376051 0.484523 0.364537 0.486792 0.363338 0.489820 0.380407 0.494510 0.401380 0.494693 0.403306 0.496109 0.409426 0.499956 0.430306 0.503654 0.448134 0.504667 0.453532 0.505471 0.459097 0.507107 0.466569 0.511362 0.489792 0.514591 0.503222 0.516010 0.510065 0.515487 0.511023 0.517052 0.517417 0.522086 0.538111
6 0.609156 0.454995 0.598844 0.464787 0.592167 0.472491 0.582570 0.482431 0.579768 0.479569 0.578104 0.482060 0.580672 0.485106 0.573990 0.492019 0.572503 0.485792 0.581693 0.476301 0.585544 0.472412 0.591932 0.468213 0.593859 0.466343 0.595784 0.462611 0.601474 0.453898 0.605195 0.450273
6 0.618664 0.420616 0.620122 0.417958 0.620500 0.418125 0.621201 0.432130 0.621289 0.439597 0.612799 0.448620 0.611698 0.447380 0.611698 0.445218 0.611568 0.441361 0.611661 0.439750 0.617437 0.432907 0.617875 0.422171
2 0.525729 0.550787 0.528648 0.550417 0.533227 0.549630 0.536615 0.548810 0.545826 0.547199 0.556836 0.544921 0.557099 0.546167 0.557187 0.547722 0.556969 0.559551 0.556771 0.568148 0.555883 0.595463 0.555164 0.596977 0.554969 0.598838 0.555961 0.602491 0.555667 0.610787 0.555531 0.617537 0.555143 0.619389 0.554385 0.652593 0.553904 0.680000 0.553576 0.718588 0.548542 0.719398 0.546906 0.714750 0.550698 0.714634 0.551091 0.676630 0.551870 0.615125 0.553914 0.587315 0.554117 0.572551 0.553766 0.567338 0.554026 0.555833 0.553948 0.550213 0.548667 0.551065 0.541867 0.552458 0.542391 0.557921 0.544091 0.579213 0.544091 0.579213 0.544596 0.585333 0.544901 0.589116 0.545307 0.598296 0.544956 0.599944 0.544956 0.599944 0.546042 0.608134 0.546070 0.621477 0.543271 0.611519 0.542109 0.602352 0.542245 0.596810 0.542065 0.593977 0.541052 0.580477 0.538807 0.553324 0.526815 0.555347
8 0.570234 0.490755 0.569609 0.499944 0.568242 0.541264 0.567716 0.541806 0.566128 0.541662 0.565518 0.540866 0.567484 0.502810 0.568492 0.490218
8 0.644589 0.636389 0.643862 0.638565 0.642737 0.639171 0.641565 0.638648 0.639443 0.633833 0.629609 0.614333 0.627719 0.609514 0.626510 0.607454 0.626510 0.607454 0.624281 0.602264 0.625745 0.602384 0.625745 0.598199 0.621729 0.598046 0.612888 0.579995 0.614901 0.578907 0.616654 0.578287 0.617440 0.578440 0.625443 0.594954 0.628852 0.601431 0.631802 0.608417 0.641333 0.628319
2 0.544484 0.633778 0.544180 0.646921 0.542661 0.660782 0.541414 0.666398 0.540826 0.668722 0.542724 0.676977 0.544383 0.667083 0.545607 0.658009 0.545909 0.654514 0.546438 0.651421 0.547117 0.644940 0.546914 0.639718
8 0.442953 0.471935 0.443555 0.470542 0.448784 0.481347 0.453099 0.490296 0.457461 0.498356 0.461255 0.506792 0.461599 0.514824 0.457284 0.502968 0.448917 0.486463 0.444354 0.476759 0.444003 0.474111 0.443654 0.472870
8 0.359255 0.377343 0.366823 0.390255 0.376625 0.404727 0.385990 0.418264 0.392378 0.427287 0.396432 0.431296 0.406052 0.439926 0.407573 0.439023 0.407471 0.436861 0.406760 0.435782 0.398151 0.428565 0.385901 0.414528 0.379771 0.406130 0.376609 0.402380 0.365685 0.385431 0.361482 0.378741
8 0.392596 0.379282 0.410919 0.404236 0.412844 0.406102 0.414003 0.404968 0.400992 0.387620 0.396302 0.381569
8 0.487849 0.428718 0.488604 0.429931 0.489664 0.430468 0.490549 0.429444 0.488828 0.415042 0.487807 0.408347 0.487500 0.403009 0.487214 0.399352 0.485690 0.385880 0.483612 0.365782 0.481872 0.365917 0.483151 0.382130 0.484682 0.396843 0.485182 0.402259 0.486398 0.414685 0.487005 0.419954
10 0.499661 0.375926 0.500482 0.373009 0.501651 0.370926 0.503760 0.369468 0.504932 0.369884 0.504815 0.372176 0.504464 0.373218 0.516651 0.390713 0.517706 0.389880 0.518758 0.390088 0.518992 0.391130 0.517706 0.394463 0.515938 0.396991 0.514190 0.400296 0.513253 0.401963 0.512432 0.403630 0.511378 0.403838 0.511378 0.401546 0.511612 0.399255 0.509385 0.396546 0.507159 0.394671 0.509385 0.389046
8 0.351094 0.290926 0.351159 0.290333 0.351979 0.288250 0.353268 0.286583 0.354674 0.286167 0.342565 0.277370 0.330500 0.268935 0.331042 0.273657 0.339635 0.280972 0.346510 0.287222
2 0.606068 0.587222 0.606049 0.589662 0.605656 0.593148 0.604482 0.595759 0.602701 0.598787 0.595318 0.598995 0.594289 0.597500 0.593115 0.595060 0.592526 0.592449 0.591958 0.588968 0.595878 0.582347 0.596857 0.583218 0.599503 0.585134 0.601659 0.586176 0.603716 0.586699
10 0.379760 0.307727 0.377406 0.306051 0.375914 0.306051 0.374354 0.305912 0.372661 0.307981 0.373831 0.288588 0.375526 0.287782 0.376940 0.285773 0.376094 0.277222 0.376094 0.277222 0.375539 0.268727 0.374779 0.268574 0.374523 0.259824 0.374154 0.259778 0.374128 0.263241 0.373945 0.268269 0.373542 0.277977 0.372263 0.300019 0.371560 0.309375 0.359240 0.324370 0.360187 0.325815 0.361409 0.326537 0.363578 0.326778 0.365070 0.328708 0.366695 0.330875 0.373745 0.325333 0.375508 0.324130 0.377677 0.323403 0.379711 0.322199 0.380930 0.320995 0.381987 0.318556 0.382104 0.313769 0.381635 0.310852 0.380112 0.308352
7 0.591958 0.588968 0.595878 0.582347 0.596857 0.583218 0.599503 0.585134 0.601659 0.586176 0.603716 0.586699 0.606068 0.587222 0.607620 0.588579 0.608792 0.587537 0.611487 0.584412 0.611370 0.582745 0.610615 0.580778 0.609740 0.580153 0.608958 0.578148 0.607727 0.573616 0.607286 0.568019 0.607549 0.565838 0.608602 0.562880 0.610089 0.561014 0.611401 0.559301 0.610469 0.558611
1 0.309419 0.162505 0.308750 0.164954 0.303234 0.183593 0.302323 0.187194 0.299286 0.199259 0.297201 0.205306 0.295174 0.213407 0.296492 0.219347 0.300440 0.205306 0.302182 0.199139 0.302466 0.197565 0.304997 0.188204 0.305969 0.184676 0.305969 0.184676 0.308805 0.172611 0.311336 0.165593 0.312823 0.162236 0.312292 0.163042 0.311385 0.163310 0.310401 0.163310
8 0.366289 0.267972 0.366695 0.271139 0.362570 0.276269 0.359945 0.277514 0.357669 0.280940 0.357388 0.282810 0.354674 0.286167 0.348255 0.281944 0.357747 0.270625 0.362357 0.265319 0.363849 0.264116 0.365341 0.264356
10 0.354557 0.314074 0.353672 0.312769 0.355599 0.308838 0.357956 0.305120 0.357721 0.304079 0.357487 0.300954 0.351393 0.295750 0.351979 0.293250 0.351042 0.292625 0.351094 0.290926 0.351159 0.290333 0.351979 0.288250 0.353268 0.286583 0.354674 0.286167 0.357388 0.282810 0.357622 0.280889 0.359945 0.277514 0.362570 0.276269 0.362570 0.276269 0.366695 0.271139 0.366289 0.267972 0.369628 0.267875 0.372117 0.267875 0.373945 0.268269 0.373542 0.277977 0.372263 0.300019 0.371823 0.300667 0.371018 0.302750 0.368602 0.305352 0.366628 0.305352 0.362674 0.303792 0.357112 0.311079 0.356745 0.310949
2 0.394036 0.117639 0.399023 0.116394 0.401562 0.115926 0.402875 0.115926 0.404888 0.116704 0.407427 0.116861 0.408391 0.117329 0.408565 0.118569 0.410052 0.118417 0.411279 0.117949 0.412240 0.116551 0.412503 0.117639 0.412154 0.119662 0.408565 0.126352 0.407427 0.128528 0.397451 0.134130 0.392984 0.125417
2 0.336534 0.136185 0.340560 0.140384 0.343708 0.143185 0.347997 0.145986 0.351938 0.146921 0.356227 0.146921 0.358677 0.145208 0.367690 0.143963 0.374167 0.142565 0.387471 0.133852 0.390622 0.131986 0.390885 0.125759 0.391060 0.122491 0.391672 0.117671 0.388609 0.116269 0.387471 0.116579 0.386945 0.117046 0.380820 0.115023 0.377232 0.113625 0.373469 0.110824 0.371630 0.108954 0.370667 0.108644 0.369617 0.109421 0.368042 0.110514 0.365789 0.111940 0.351945 0.117319 0.348013 0.120144 0.345896 0.121486 0.345742 0.121620 0.340297 0.127940 0.337932 0.131671
2 0.518992 0.391130 0.517706 0.394463 0.517706 0.394463 0.515208 0.406616 0.513286 0.419759 0.516120 0.425880 0.522703 0.438662 0.526109 0.445171 0.531013 0.453889 0.535328 0.454699 0.539286 0.454245 0.535422 0.450287 0.532492 0.444870 0.530266 0.436333 0.530148 0.427583 0.531555 0.420292 0.533195 0.416125 0.537763 0.410917 0.544578 0.404995 0.546602 0.403199 0.547513 0.397435 0.549034 0.376551 0.547513 0.375111 0.545995 0.390056 0.542552 0.392935 0.538805 0.392755 0.535766 0.389875 0.534349 0.385912 0.533742 0.381412 0.533234 0.376731 0.532021 0.371690 0.530398 0.368810 0.526146 0.365032 0.523615 0.363769
10 0.588307 0.683380 0.570172 0.660361 0.569341 0.660361 0.568583 0.660495 0.564802 0.656593 0.564120 0.656731 0.563214 0.658477 0.562305 0.660227 0.562229 0.661569 0.562380 0.662917 0.560490 0.666815 0.560490 0.668833 0.561474 0.671792 0.563440 0.674079 0.565406 0.675287 0.566617 0.675690 0.568273 0.676102 0.569242 0.677532 0.582781 0.693213
2 0.360234 0.350833 0.360544 0.356074 0.370375 0.380861 0.372495 0.379403 0.375729 0.376065
3 0.582781 0.693213 0.562924 0.728000 0.563799 0.732259 0.565997 0.734509 0.569659 0.725097 0.571359 0.721375 0.573779 0.717889 0.591320 0.687190 0.600404 0.671282 0.606099 0.680921 0.621552 0.656579 0.613555 0.641398 0.606911 0.629347 0.592406 0.653931 0.592948 0.658269 0.597422 0.666463 0.588307 0.683380
17 0.525570 0.644120 0.527260 0.644620 0.528779 0.645699 0.532729 0.648222 0.535159 0.651639 0.537893 0.657583 0.539781 0.664542 0.540826 0.668722 0.542724 0.676977 0.543443 0.683255 0.544096 0.690343 0.543833 0.698829 0.542984 0.705801 0.531919 0.676847 0.519740 0.641949
10 0.426062 0.287093 0.422224 0.284935 0.420695 0.288894 0.419591 0.295194 0.418672 0.302940 0.418164 0.307440 0.423836 0.307079
3 0.552031 0.729398 0.555503 0.741139 0.564643 0.745722 0.564755 0.739273 0.564951 0.736602 0.565997 0.734509 0.563799 0.732259 0.562924 0.728000
7 0.468622 0.166019 0.467568 0.177681 0.471083 0.182264 0.472255 0.184139 0.473896 0.186014 0.492057 0.196431 0.480690 0.175602
3 0.511544 0.198088 0.509922 0.202407 0.514279 0.208171 0.516102 0.201509 0.518023 0.203310 0.515797 0.212491 0.513164 0.217532 0.510633 0.221671 0.509518 0.222213 0.509214 0.223292 0.508810 0.223833 0.506581 0.219509 0.502734 0.214829 0.506479 0.204931 0.503846 0.201329 0.505164 0.197546 0.507797 0.200426 0.509214 0.196648
2 0.468542 0.393380 0.466208 0.404421 0.465333 0.399440 0.466687 0.392472 0.464211 0.391250 0.462896 0.385963 0.470313 0.389611 0.470313 0.389611 0.484682 0.396843 0.485182 0.402259 0.469792 0.393981
5 0.419633 0.283648 0.415766 0.288435 0.410495 0.293019 0.406745 0.294685 0.404167 0.294894 0.402878 0.293435 0.401940 0.290727 0.401823 0.287810 0.404167 0.281565 0.406510 0.277606
10 0.414635 0.252731 0.417443 0.262940 0.418615 0.262940 0.422596 0.255648 0.421661 0.252944 0.420841 0.248153 0.420021 0.246069 0.415919 0.240028 0.416505 0.236694 0.408771 0.220449 0.405583 0.224343 0.404320 0.226278 0.407130 0.232111 0.406427 0.234194 0.413458 0.250653
2 0.384682 0.276481 0.384448 0.279606 0.384565 0.282315 0.384096 0.282315 0.383276 0.279398 0.380815 0.282315 0.381167 0.285644 0.382339 0.286269 0.394289 0.321264 0.396164 0.320222 0.396984 0.314394 0.394055 0.310644 0.391594 0.310852 0.391125 0.306685 0.394523 0.292519 0.390422 0.286894 0.391828 0.286269 0.391359 0.283148 0.391359 0.276065 0.389250 0.274606 0.388898 0.275231 0.389484 0.282940 0.388664 0.283148 0.387844 0.276898 0.385854 0.274606
2 0.399180 0.170171 0.407854 0.175231 0.413820 0.178120 0.403711 0.188097 0.404060 0.188486 0.398906 0.194509
2 0.385034 0.392130 0.395568 0.413194 0.393904 0.412264 0.377536 0.399972 0.373948 0.390324 0.375174 0.386278
2 0.439307 0.425176 0.446753 0.428222 0.448677 0.428222 0.460221 0.432005 0.459513 0.430560 0.445333 0.423181 0.439359 0.418681 0.436422 0.419759 0.438326 0.422620
2 0.414560 0.445324 0.418180 0.441602 0.419826 0.440463 0.423471 0.440282 0.427016 0.440102 0.428029 0.439565 0.429531 0.445514 0.422398 0.448894 0.418062 0.445352 0.416773 0.448060 0.419117 0.449727 0.417242 0.451394 0.411826 0.454505 0.411927 0.451986 0.412331 0.450185 0.413445 0.448023
2 0.412052 0.458431 0.424003 0.473847 0.433143 0.487384 0.434901 0.486556 0.439714 0.482176 0.439010 0.464491 0.437604 0.466759 0.436073 0.465097 0.422247 0.453019
9 0.410406 0.455227 0.412052 0.458431 0.412052 0.458431 0.422247 0.453019 0.436073 0.465097 0.437604 0.466759 0.439010 0.464491 0.440336 0.459394 0.437362 0.458222 0.434549 0.459264 0.433260 0.448019 0.435956 0.447185 0.438216 0.444870 0.437336 0.440995 0.429531 0.445514 0.422398 0.448894 0.422398 0.448894 0.418062 0.445352 0.416773 0.448060 0.419117 0.449727 0.417242 0.451394 0.411826 0.454505
3 0.555667 0.610787 0.563010 0.617199 0.564906 0.617546 0.566279 0.616736 0.566867 0.614991 0.568953 0.612472 0.579758 0.621639 0.585628 0.626454 0.584948 0.627417 0.577357 0.631514 0.577357 0.635370 0.574240 0.636815 0.555531 0.617537
2 0.488646 0.360384 0.496747 0.371546 0.499661 0.375926 0.509385 0.389046 0.509247 0.389060 0.507159 0.394671 0.503953 0.402375 0.502289 0.405199 0.492380 0.392287 0.486792 0.363338 0.487841 0.361222
10 0.449807 0.383491 0.461229 0.393713 0.461682 0.403801 0.446539 0.391750 0.447266 0.390769 0.447266 0.390769
2 0.373435 0.246093 0.381461 0.273653 0.381607 0.275389 0.381120 0.276347 0.380680 0.277042 0.380815 0.282315 0.381211 0.285644 0.378042 0.288065 0.380229 0.295227 0.377768 0.296060 0.376094 0.277222
2 0.392680 0.280130 0.392906 0.283088 0.393510 0.286449 0.397294 0.291694 0.404857 0.300708 0.406294 0.300032 0.404167 0.294894 0.402878 0.293435 0.401940 0.290727 0.401823 0.287810 0.402437 0.286046 0.402891 0.284838 0.401000 0.282148 0.399229 0.287903 0.396961 0.284407 0.398654 0.277843 0.396008 0.275019 0.394948 0.274884 0.394841 0.272171 0.394010 0.270690 0.393208 0.269236
2 0.366695 0.330875 0.379773 0.327171 0.390008 0.323056 0.388430 0.318556 0.384448 0.318556 0.381987 0.318556 0.380930 0.320995 0.379711 0.322199 0.377677 0.323403 0.375508 0.324130 0.373745 0.325333
2 0.606911 0.629347 0.613555 0.641398 0.617521 0.648519 0.623771 0.637704 0.622664 0.635606 0.620396 0.638296 0.618930 0.635148 0.617263 0.630847 0.610185 0.613685 0.607409 0.614347 0.601031 0.631708 0.592255 0.629958 0.591273 0.635472 0.599745 0.636681 0.596042 0.647639
3 0.589789 0.639292 0.591378 0.639694 0.593271 0.640907 0.594781 0.642116 0.596068 0.643866 0.596826 0.645343 0.596042 0.647639 0.592406 0.653931 0.592406 0.653931 0.592948 0.658269 0.594404 0.661213 0.593422 0.661347 0.592211 0.659731 0.584646 0.660403 0.584948 0.652472 0.586083 0.651796 0.587747 0.650722 0.589411 0.647227
3 0.541867 0.552458 0.542391 0.557921 0.553766 0.567338 0.554026 0.555833 0.548667 0.551065
3 0.537852 0.489625 0.541513 0.510769 0.542560 0.510769 0.553542 0.498912 0.553021 0.489032 0.551352 0.489037 0.549076 0.488102 0.547201 0.486139 0.540466 0.486014
10 0.516164 0.332676 0.518435 0.351773 0.519643 0.356616 0.520401 0.358764 0.521990 0.361185 0.523615 0.363769 0.526146 0.365032 0.530398 0.368810 0.532021 0.371690 0.533234 0.376731 0.533742 0.381412 0.534349 0.385912 0.535766 0.389875 0.538805 0.392755 0.542552 0.392935 0.545995 0.390056 0.547513 0.375111 0.542669 0.368806
10 0.506753 0.327718 0.512448 0.348204 0.517057 0.365796 0.517734 0.369412 0.515836 0.389176 0.504464 0.373218 0.504815 0.372176 0.504932 0.369884 0.503760 0.369468 0.501651 0.370926 0.500482 0.373009 0.499661 0.375926 0.496747 0.371546 0.497862 0.355523 0.497659 0.350486 0.496677 0.345769 0.495362 0.342889 0.494146 0.341806 0.494036 0.339745
3 0.610081 0.586287 0.611576 0.598671 0.621729 0.598046 0.612888 0.579995 0.610615 0.580778 0.611370 0.582745 0.611487 0.584412
3 0.590560 0.636093 0.589388 0.630884 0.587867 0.629426 0.586227 0.629009 0.584703 0.629218 0.583180 0.630051 0.581539 0.630051 0.580484 0.630051 0.577357 0.631514 0.577357 0.635370 0.576969 0.643593 0.576969 0.652759 0.576031 0.655468 0.575914 0.660046 0.576500 0.667338 0.581422 0.667755 0.582945 0.672338 0.585049 0.679139 0.586161 0.670884 0.585630 0.669148 0.585023 0.666051 0.593422 0.664977 0.593497 0.664037 0.595690 0.663366 0.594404 0.661213 0.593422 0.661347 0.592211 0.659731 0.584646 0.660403 0.584948 0.652472 0.586083 0.651796 0.587747 0.650722 0.589411 0.647227 0.589789 0.639292
3 0.548255 0.510787 0.551979 0.517269 0.543383 0.544648 0.533055 0.535046 0.533055 0.535046 0.536849 0.523204
2 0.522836 0.448787 0.521078 0.458162 0.522016 0.460870 0.527385 0.464532 0.532156 0.470227 0.539872 0.478713 0.543010 0.482431 0.546362 0.484833 0.543823 0.475185 0.543763 0.473880 0.532844 0.462370 0.529117 0.456792 0.527156 0.453306
10 0.419117 0.227306 0.420130 0.225685 0.420737 0.222806 0.421445 0.221546 0.422052 0.221546 0.423471 0.221185 0.424990 0.219023 0.424786 0.217403 0.425596 0.215426 0.426711 0.214884 0.428029 0.213083 0.429445 0.212903 0.429922 0.211495 0.430706 0.209269 0.431805 0.208153 0.435016 0.210384 0.437547 0.211463 0.442914 0.212185 0.445852 0.214884 0.447065 0.216324 0.447268 0.218667 0.446966 0.221727 0.445344 0.226769 0.438357 0.223528 0.434914 0.223884 0.432990 0.223884 0.431167 0.228208 0.425294 0.242250 0.426307 0.247829 0.426508 0.261694 0.425492 0.266565 0.424320 0.266356 0.423031 0.270106 0.421508 0.270523 0.419164 0.269690 0.417406 0.267815 0.414359 0.271773 0.412229 0.269435 0.417443 0.262940 0.418615 0.262940 0.422596 0.255648 0.421661 0.252944 0.420841 0.248153 0.420021 0.246069 0.415919 0.240028 0.416505 0.236694 0.418544 0.230403
2 0.404320 0.226278 0.407130 0.232111 0.406427 0.234194 0.413458 0.250653 0.414635 0.252731 0.409979 0.261838 0.404609 0.251157 0.404823 0.247880 0.408807 0.255796 0.409862 0.253921 0.404589 0.242880 0.399901 0.233718
2 0.626510 0.607454 0.607409 0.614347 0.602841 0.615597 0.600380 0.616847 0.599794 0.615389 0.587023 0.619972 0.579758 0.621639 0.577414 0.617264 0.576008 0.611222 0.580109 0.609556 0.580461 0.608097 0.584094 0.605389 0.590536 0.603306 0.613971 0.602681 0.624281 0.602264
2 0.628852 0.601431 0.638385 0.597120 0.643680 0.593620 0.648370 0.591875 0.652638 0.589977 0.652521 0.587060 0.649474 0.581435 0.647813 0.581866 0.641388 0.584144 0.631430 0.590810 0.625443 0.594954
2 0.603440 0.489759 0.602432 0.495931 0.599857 0.504889 0.603440 0.509866 0.602544 0.511458 0.605792 0.513449 0.609711 0.518426 0.615870 0.502102 0.618445 0.503097 0.625948 0.502898 0.627831 0.497921 0.628443 0.494653 0.629055 0.490296 0.628529 0.487963 0.627654 0.486250 0.627130 0.485630 0.622052 0.485782 0.621536 0.483287 0.618411 0.482500 0.616206 0.482593 0.613742 0.484782 0.611615 0.486375 0.607135 0.490157
2 0.593620 0.460477 0.536849 0.523204 0.538596 0.515639 0.556792 0.495157 0.592198 0.456718
3 0.472667 0.443019 0.481680 0.448963 0.477786 0.461667 0.478490 0.462222 0.477729 0.464625 0.476211 0.464083 0.477943 0.474852 0.479766 0.466208 0.480779 0.463329 0.481284 0.460630 0.486146 0.464769 0.486956 0.462968 0.482094 0.457565 0.483208 0.453787 0.484526 0.455046 0.486044 0.454685 0.486651 0.453426 0.486651 0.450907 0.484221 0.449468 0.486549 0.444065 0.485122 0.443019 0.484008 0.443560 0.482896 0.444819 0.472161 0.438880
3 0.592167 0.472491 0.600367 0.478949 0.594141 0.497917 0.596854 0.501657 0.603063 0.483116 0.608922 0.488324 0.611615 0.486375 0.613742 0.484782 0.616206 0.482593 0.618294 0.477907 0.620477 0.472866 0.614823 0.461602 0.613466 0.459921 0.609156 0.454995 0.598844 0.464787
2 0.375227 0.216991 0.378740 0.259898 0.373234 0.242194 0.371477 0.219282
7 0.460990 0.497778 0.463018 0.498019 0.474271 0.509829 0.516568 0.572250 0.531888 0.591773 0.526247 0.613028 0.524893 0.627250 0.524755 0.634236 0.525570 0.644120 0.519740 0.641949 0.493034 0.569648 0.461987 0.527468
3 0.509406 0.542667 0.509508 0.544829 0.509508 0.547528 0.509112 0.550051 0.507685 0.558870 0.486146 0.527259 0.484039 0.511704 0.485357 0.506880
2 0.519505 0.541389 0.523003 0.552144 0.522391 0.556037 0.523003 0.556037 0.521776 0.571597 0.521865 0.573773 0.522651 0.579843 0.516568 0.572250 0.514161 0.568481 0.516174 0.545764
3 0.529664 0.546898 0.530906 0.543685 0.536615 0.548810 0.545826 0.547199 0.533055 0.535046 0.536849 0.523204 0.538596 0.515639 0.538818 0.514653 0.521956 0.499056 0.517052 0.517417 0.522086 0.538111 0.522477 0.537880 0.523591 0.536593 0.523523 0.541245
2 0.605195 0.450273 0.601474 0.453898 0.595784 0.462611 0.594927 0.464662 0.593859 0.466343 0.591932 0.468213 0.585544 0.472412 0.581107 0.474384 0.593620 0.460477 0.592198 0.456718 0.590826 0.450759 0.591437 0.450134 0.591786 0.448889 0.593099 0.446866 0.594938 0.453870 0.601677 0.445157
3 0.628990 0.662046 0.628687 0.662986 0.628081 0.663792 0.627326 0.664602 0.626266 0.669171 0.625510 0.671727 0.625206 0.674417 0.614240 0.688940 0.608490 0.681949 0.609474 0.680875 0.608641 0.676704 0.609927 0.674819 0.611062 0.678588 0.615904 0.672806 0.614768 0.668769 0.613331 0.669579 0.618255 0.661713 0.619383 0.662181 0.620594 0.662315 0.621727 0.662315 0.622484 0.664468 0.624753 0.662181
2 0.312552 0.269954 0.317039 0.282917 0.319201 0.289671 0.320258 0.292088 0.321393 0.295454 0.327115 0.313745 0.330630 0.310204 0.331451 0.311245 0.330630 0.320620 0.336958 0.324787 0.336138 0.313954 0.334263 0.310620 0.334146 0.308745 0.335417 0.307407 0.332813 0.302546 0.333091 0.301870 0.334497 0.301454 0.333091 0.288958
3 0.556367 0.312204 0.542721 0.318671 0.547396 0.347120 0.547974 0.348389 0.549333 0.351278 0.551914 0.349773 0.550734 0.346773 0.550531 0.344435 0.555495 0.337231 0.559341 0.333093
2 0.559341 0.333093 0.556367 0.312204 0.563740 0.306764 0.570987 0.299875 0.571174 0.301319 0.566362 0.306319 0.569049 0.330199 0.568578 0.331005 0.567667 0.333167 0.566755 0.335324 0.566047 0.337306 0.565438 0.338745 0.564021 0.342347 0.563818 0.345046 0.565641 0.349727 0.567260 0.351528 0.568781 0.353148 0.569690 0.355130 0.570198 0.356750 0.569185 0.361250 0.568880 0.364310 0.568964 0.368380 0.565216 0.370000 0.562885 0.358116
2 0.315305 0.262463 0.318807 0.248301 0.321107 0.254755 0.322799 0.256190 0.323849 0.256264 0.324937 0.255042 0.325260 0.252606 0.324138 0.245273 0.323630 0.244194 0.323935 0.243111 0.325250 0.243111 0.327159 0.243648 0.328607 0.252560 0.325852 0.255380 0.318703 0.266005
3 0.532156 0.470227 0.531570 0.486500 0.533268 0.486968 0.528299 0.493824 0.527581 0.476736 0.516271 0.470343 0.516271 0.464069 0.527385 0.464532
3 0.514794 0.490801 0.514591 0.503222 0.516010 0.510065 0.520391 0.504866 0.521956 0.499056 0.521956 0.499056 0.523594 0.500449 0.526273 0.496847
3 0.516271 0.464069 0.515911 0.438472 0.512682 0.438287 0.512880 0.468190 0.507107 0.466569 0.511362 0.489792 0.514794 0.490801 0.526273 0.496847 0.527974 0.497889 0.528299 0.493824 0.527581 0.476736 0.516271 0.470343
3 0.507471 0.487523 0.508789 0.495806 0.511727 0.507148 0.503927 0.509847 0.501193 0.502468 0.499370 0.497968 0.499169 0.495625 0.499370 0.493824 0.498258 0.493463 0.501701 0.486444
3 0.500526 0.465486 0.495057 0.450727 0.493336 0.443704 0.491208 0.435782 0.490195 0.435241 0.489284 0.435963 0.486549 0.444065 0.484221 0.449468 0.486651 0.450907 0.486651 0.453426 0.486044 0.454685 0.484526 0.455046 0.483208 0.453787 0.482094 0.457565 0.486956 0.462968 0.486146 0.464769 0.481284 0.460630 0.480779 0.463329 0.488271 0.469810 0.487359 0.473231 0.479766 0.466208 0.477943 0.474852 0.478448 0.479889 0.479766 0.480250 0.479766 0.487454 0.482703 0.504194 0.485357 0.506880 0.490906 0.511755 0.501701 0.486444 0.505083 0.480069 0.505083 0.480069
3 0.464102 0.457625 0.468047 0.456667 0.472914 0.454731 0.474542 0.475458 0.470745 0.492088 0.471695 0.492810 0.473320 0.493296 0.475760 0.480759 0.476305 0.501245 0.476034 0.503176 0.474271 0.509829 0.463018 0.498019 0.460990 0.497778 0.461255 0.506792 0.457461 0.498356 0.455562 0.489681 0.456104 0.487750 0.456240 0.483653 0.455018 0.475940 0.453529 0.472810 0.451359 0.470880 0.454070 0.467023 0.456104 0.465579 0.457732 0.465097 0.458003 0.463648 0.457052 0.462204 0.456510 0.461481 0.459221 0.459792
10 0.447266 0.390769 0.445367 0.394625 0.444281 0.396551 0.443062 0.399444 0.441977 0.402819 0.441706 0.404986 0.439810 0.405949 0.438318 0.405949 0.436961 0.405708 0.438724 0.409806 0.439130 0.412458 0.437911 0.414630 0.437096 0.415833 0.436148 0.418241 0.434992 0.417042 0.429641 0.396069 0.431133 0.392694 0.432352 0.390287 0.432352 0.387153 0.432352 0.384741 0.434521 0.382333 0.444690 0.376065 0.447130 0.379681 0.447130 0.383537
10 0.504612 0.305523 0.512474 0.297569 0.514276 0.294005 0.515911 0.293074 0.517479 0.292028 0.518656 0.290282 0.522370 0.286241 0.527138 0.283199 0.531318 0.280699 0.537961 0.275394 0.540536 0.273227 0.542435 0.271056 0.544198 0.271056 0.545417 0.273708 0.546367 0.277083 0.547451 0.281181 0.548263 0.285278 0.548536 0.288653 0.536198 0.300699 0.528927 0.307514 0.524990 0.311093 0.525339 0.313273 0.529284 0.326250 0.529419 0.329866 0.534435 0.344324 0.519763 0.325532 0.518951 0.326079 0.517023 0.321940 0.515406 0.319963 0.510023 0.324769 0.506753 0.327718 0.494036 0.339745 0.494036 0.336130 0.491461 0.335648 0.490510 0.331792 0.488750 0.330106 0.487529 0.329139 0.484818 0.327213 0.482784 0.325769
10 0.453307 0.347750 0.430620 0.360977 0.423906 0.366787 0.420276 0.370014 0.414831 0.372917 0.415375 0.383565 0.416646 0.388727 0.414648 0.391954 0.416646 0.401634 0.418711 0.398519 0.428029 0.439565 0.429531 0.445514 0.437336 0.440995 0.437880 0.438736 0.438065 0.433546 0.434992 0.417042 0.429641 0.396069 0.431133 0.392694 0.432352 0.390287 0.432352 0.387153 0.432352 0.384741 0.434521 0.382333 0.444690 0.376065 0.447862 0.373884 0.447500 0.371625 0.457844 0.363884 0.455122 0.356782
2 0.393773 0.335449 0.394125 0.343366 0.394828 0.344222 0.394242 0.348384 0.386628 0.345032 0.384049 0.342949 0.370807 0.333366 0.381120 0.330870 0.386393 0.329204
2 0.506753 0.327718 0.512448 0.348204 0.517057 0.365796 0.517734 0.369412 0.515836 0.389176 0.516651 0.390713 0.517706 0.389880 0.518758 0.390088 0.518992 0.391130 0.520716 0.375681 0.520174 0.367005 0.516107 0.349167 0.510023 0.324769
7 0.399180 0.170171 0.394622 0.162407 0.392589 0.162167 0.385539 0.177352 0.385677 0.179278 0.394487 0.175662 0.395302 0.179278 0.385268 0.183134 0.382964 0.192537 0.391776 0.201454 0.398906 0.194509
1 0.569242 0.677532 0.577109 0.703352 0.574536 0.708194 0.565687 0.679551 0.568273 0.676102
1 0.445971 0.452454 0.455529 0.453287 0.463419 0.453796 0.466336 0.455648 0.456440 0.455093 0.446596 0.454352
1 0.435229 0.185806 0.447753 0.212704 0.448969 0.212704 0.448969 0.210181 0.436208 0.181736 0.431831 0.178722
10 0.270604 0.182315 0.266266 0.182315 0.266401 0.180389 0.262471 0.179667 0.262336 0.182074 0.258255 0.180880 0.253646 0.208333 0.258268 0.212926 0.265182 0.218708 0.265182 0.213407 0.268435 0.210755 0.266807 0.204250 0.266807 0.204250 0.261115 0.204250 0.260844 0.198463 0.274672 0.198944 0.275206 0.190218 0.274070 0.189894 0.271943 0.189356 0.270729 0.188454
10 0.400464 0.132773 0.401875 0.133611 0.403445 0.136681 0.405641 0.143370 0.405641 0.145880 0.405013 0.148949 0.401719 0.153968 0.396229 0.158986 0.372057 0.178287 0.370818 0.176000 0.383880 0.150972 0.390112 0.139468 0.392372 0.136931 0.394648 0.136000 0.395875 0.135065 0.392635 0.127597 0.392984 0.125417 0.397451 0.134130
1 0.331185 0.176032 0.327682 0.174352 0.327240 0.172824 0.327703 0.172125 0.328385 0.171343 0.332005 0.172593 0.339802 0.175477 0.345372 0.176375 0.359245 0.182472 0.359245 0.182472 0.357721 0.184347 0.341318 0.179347
1 0.367057 0.173787 0.362474 0.165926 0.360518 0.163792 0.359216 0.162426 0.354904 0.160542 0.346948 0.157519 0.338195 0.152074 0.337846 0.153782 0.348260 0.160630 0.349078 0.161079 0.359141 0.165250 0.361484 0.167264 0.363982 0.171167 0.364964 0.173722 0.366141 0.175995
1 0.354904 0.160542 0.359216 0.162426 0.349685 0.151667 0.343708 0.143185 0.340560 0.140384 0.336534 0.136185 0.335615 0.135454 0.334826 0.137477 0.335263 0.138875 0.340164 0.143699 0.343010 0.147403 0.346734 0.151667 0.348247 0.153144
1 0.373435 0.246093 0.383276 0.279398 0.384096 0.282315 0.384565 0.282315 0.384448 0.279606 0.378740 0.259898 0.373234 0.242194
1 0.391992 0.258713 0.391997 0.269639 0.391359 0.276065 0.391359 0.283148 0.391828 0.286269 0.392453 0.289273 0.394646 0.291023 0.396310 0.292907 0.397294 0.291694 0.393510 0.286449 0.392906 0.283088 0.392680 0.280130 0.393208 0.269236 0.393341 0.261213 0.393164 0.259338
1 0.535930 0.330231 0.541518 0.340931 0.543008 0.342644 0.545195 0.346065 0.547034 0.350421 0.550271 0.357894 0.551409 0.360847 0.552721 0.364583 0.554987 0.371259 0.555938 0.367995 0.550862 0.354458 0.547974 0.348389 0.544146 0.340778 0.542133 0.337977 0.540820 0.335644 0.539331 0.332528 0.538719 0.331282 0.538018 0.330662 0.536716 0.329921
1 0.460805 0.367583 0.461563 0.379282 0.462273 0.385588 0.462544 0.390167 0.464609 0.401190 0.465523 0.406301 0.466620 0.414972 0.468747 0.427213 0.470380 0.435583 0.471781 0.444606 0.475328 0.466546 0.481797 0.504042 0.482703 0.504194 0.479766 0.487454 0.478448 0.479889 0.477943 0.474852 0.476211 0.464083 0.475344 0.459912 0.472667 0.443019 0.472161 0.438880 0.468474 0.416306 0.466208 0.404421 0.465333 0.399440 0.464211 0.391250 0.463128 0.386431 0.461531 0.367704
1 0.583557 0.602694 0.590536 0.603306 0.613971 0.602681 0.624281 0.602264 0.625745 0.602384 0.625745 0.598199 0.621729 0.598046 0.611576 0.598671 0.602701 0.598787 0.595318 0.598995 0.585659 0.598958
1 0.582570 0.482431 0.579768 0.479569 0.578104 0.482060 0.594297 0.502907 0.601570 0.512977 0.602544 0.511458 0.603440 0.509866 0.599857 0.504889 0.596854 0.501657 0.594193 0.497917 0.586302 0.487731
1 0.578526 0.709403 0.588503 0.743324 0.586401 0.746745 0.576424 0.713606
2 0.349078 0.161079 0.351424 0.167264 0.354385 0.174755 0.354792 0.175833 0.358534 0.176139 0.362922 0.176005 0.358708 0.172579 0.359010 0.171389 0.359518 0.171838 0.363906 0.175199 0.364964 0.173722 0.363982 0.171167 0.361484 0.167264 0.359141 0.165250
7 0.295641 0.185574 0.297057 0.168292 0.282375 0.167750 0.281159 0.166852 0.281281 0.166995 0.275206 0.167537 0.274799 0.170236 0.280552 0.170634 0.277938 0.175995 0.276117 0.182120 0.275206 0.190218 0.273685 0.209301 0.273685 0.225324 0.292318 0.242250 0.298596 0.248190 0.296875 0.228565 0.291104 0.207144 0.290294 0.199583 0.290396 0.194361
2 0.349685 0.151667 0.353617 0.147093 0.356227 0.146921 0.358677 0.145208 0.361940 0.144537 0.364661 0.145481 0.367990 0.148032 0.369352 0.150856 0.370034 0.152875 0.370638 0.154491 0.371622 0.154625 0.374268 0.160542 0.368294 0.172106 0.365646 0.169148 0.359216 0.162426
7 0.420935 0.171227 0.403711 0.188097 0.385784 0.208509 0.384143 0.219343 0.386253 0.231634 0.389766 0.246421 0.391992 0.258713 0.393164 0.259338 0.395625 0.252880 0.397266 0.238718 0.405583 0.224343 0.427260 0.196847 0.429956 0.192889 0.435229 0.185806 0.431831 0.178722
4 0.569609 0.499944 0.572852 0.497245 0.576091 0.495264 0.578422 0.495264 0.580042 0.495264 0.581661 0.495444 0.584701 0.496528 0.587333 0.497968 0.590573 0.500125 0.593104 0.503366 0.594523 0.506069 0.595737 0.510931 0.596346 0.514167 0.595130 0.519931 0.594826 0.523708 0.586924 0.536060 0.566456 0.567083 0.564096 0.570940 0.562786 0.569315 0.561938 0.567801 0.561349 0.566176 0.560956 0.563736 0.560237 0.561412 0.558482 0.552157 0.557883 0.545708 0.557802 0.536963 0.558177 0.531991 0.559018 0.527005 0.560375 0.539644 0.562268 0.540056 0.562948 0.537231 0.560831 0.518542 0.562948 0.511542 0.564536 0.507111 0.567484 0.502810 0.565518 0.540866 0.566128 0.541662 0.567716 0.541806 0.568242 0.541264
1 0.363578 0.180597 0.362747 0.182944 0.359385 0.185556 0.350245 0.190347 0.347315 0.192222 0.343544 0.192056 0.346003 0.190181 0.346003 0.190181 0.348581 0.188722 0.357721 0.184347 0.357721 0.184347 0.359245 0.182472
5 0.312240 0.149444 0.314599 0.141444 0.320201 0.127597 0.321164 0.127597 0.322477 0.128995 0.323352 0.130708 0.324052 0.132106 0.325102 0.133199 0.325539 0.134755 0.326240 0.136778 0.326852 0.137866 0.327203 0.139889 0.328078 0.144245 0.327081 0.144292 0.325943 0.144917 0.324979 0.146005 0.324193 0.149426 0.317802 0.147093 0.316227 0.147560 0.314826 0.149273 0.313865 0.152227 0.313224 0.156556 0.312951 0.162125 0.312292 0.163042 0.311385 0.163310 0.310401 0.163310 0.309419 0.162505 0.310625 0.156111
5 0.335424 0.238190 0.333070 0.242611 0.331482 0.247588 0.330044 0.249065 0.328758 0.251620 0.328607 0.252560 0.327159 0.243648 0.325250 0.243111 0.323935 0.243111 0.323630 0.244194 0.324138 0.245273 0.320086 0.247796 0.319378 0.245634 0.317555 0.244556 0.315732 0.244556 0.311883 0.245995 0.310669 0.246532 0.310060 0.247796 0.310466 0.253917 0.307891 0.255509 0.296492 0.219347 0.300440 0.205306 0.324339 0.205847 0.349961 0.207648
5 0.329870 0.185037 0.323995 0.188097 0.329401 0.188981 0.330888 0.189764 0.331943 0.190806 0.342841 0.192056 0.343544 0.192056 0.346003 0.190181 0.348581 0.188722 0.357721 0.184347 0.341318 0.179347 0.336747 0.180597
5 0.293255 0.253194 0.268555 0.231426 0.266094 0.240787 0.278513 0.258713 0.280388 0.259546 0.281911 0.260588 0.282497 0.261421 0.282737 0.266403 0.283948 0.264120 0.286068 0.261431 0.288034 0.259412 0.290758 0.258333 0.292875 0.258472 0.295294 0.259546 0.297036 0.261296 0.300875 0.259574
5 0.345372 0.176375 0.359245 0.182472 0.363578 0.180597 0.365219 0.178722 0.362922 0.176005 0.358534 0.176139 0.354792 0.175833
5 0.338997 0.195972 0.352471 0.195764 0.357042 0.194097 0.353057 0.200764 0.333841 0.200139
5 0.302466 0.197565 0.302182 0.199139 0.331122 0.199764 0.336161 0.195806 0.331474 0.195597 0.330419 0.194139 0.327958 0.192681 0.317859 0.190542 0.311174 0.194685
5 0.337549 0.243148 0.329143 0.258815 0.330500 0.268935 0.342565 0.277370 0.351784 0.271106 0.353273 0.270139 0.355172 0.270139 0.356799 0.270139 0.357747 0.270625 0.362357 0.265319 0.363849 0.264116 0.365341 0.264356 0.366289 0.267972 0.374128 0.263241 0.374154 0.259778 0.374523 0.259824 0.373435 0.246093 0.373234 0.242194 0.371367 0.238944 0.371328 0.233931 0.370214 0.231412 0.371023 0.226731 0.371227 0.218630 0.371125 0.214847 0.371430 0.211245 0.372544 0.206028 0.373354 0.202245 0.373456 0.200444 0.371328 0.192884 0.370755 0.189352 0.369201 0.190185 0.365253 0.191264 0.362518 0.192162 0.361201 0.201347 0.359276 0.206389 0.358466 0.207648 0.357656 0.213227 0.354315 0.212866 0.354820 0.208185 0.353909 0.208907 0.340948 0.233931 0.340341 0.236991
14 0.605742 0.437222 0.607464 0.437042 0.613641 0.428940 0.620122 0.417958 0.622958 0.411657 0.623464 0.408597 0.622453 0.405898 0.620224 0.402657 0.619617 0.400856 0.619219 0.397963 0.610781 0.382361 0.593047 0.348935 0.587083 0.338194 0.585185 0.337486 0.584273 0.337486 0.582552 0.337847 0.581641 0.338028 0.574349 0.325245 0.573539 0.323806 0.572729 0.324523 0.571615 0.326324 0.570198 0.328125 0.568578 0.331005 0.567667 0.333167 0.566755 0.335324 0.566047 0.337306 0.565438 0.338745 0.564021 0.342347 0.563818 0.345046 0.565641 0.349727 0.567260 0.351528 0.568781 0.353148 0.569690 0.355130 0.570198 0.356750 0.569185 0.361250 0.568880 0.364310 0.568964 0.368380
8 0.450932 0.490134 0.460010 0.524833 0.461987 0.527468 0.461599 0.514824 0.461599 0.514824 0.457284 0.502968
8 0.438646 0.440972 0.439331 0.439634 0.440638 0.439051 0.441815 0.438819 0.442273 0.439634 0.448549 0.461255 0.449596 0.463926 0.449596 0.465435 0.449661 0.466718 0.450802 0.471250 0.455562 0.489681 0.457461 0.498356 0.453099 0.490296 0.448784 0.481347 0.441326 0.452968
14 0.559341 0.333093 0.555495 0.337231 0.550531 0.344435 0.550734 0.346773 0.553570 0.353616 0.555898 0.358838 0.556607 0.361000 0.556708 0.362977 0.556607 0.365500 0.554987 0.371259 0.572708 0.395023 0.587596 0.414287 0.591344 0.413569 0.592891 0.413102 0.568964 0.368380 0.565216 0.370000 0.562885 0.358116
8 0.354766 0.337593 0.368523 0.359468 0.378133 0.377801 0.377182 0.378778 0.376328 0.376852 0.375625 0.375926 0.361094 0.352176 0.352526 0.338009
11 0.447174 0.176139 0.445930 0.178315 0.445120 0.181199 0.444615 0.184616 0.444411 0.185699 0.436208 0.181736 0.431831 0.178722 0.419904 0.171477 0.405727 0.162292 0.399448 0.158153 0.401719 0.153968 0.405013 0.148949 0.405630 0.148704 0.414333 0.155093 0.417253 0.135426 0.421323 0.135648 0.424563 0.137630 0.422133 0.162292
11 0.530896 0.243671 0.533711 0.244755 0.538630 0.247046 0.542146 0.223926 0.531133 0.216634 0.530078 0.223301 0.521367 0.218431 0.516810 0.215551 0.514846 0.214343 0.513164 0.217532 0.510633 0.221671 0.509518 0.222213 0.509214 0.223292 0.516820 0.227468 0.521781 0.230708 0.527047 0.233407 0.527958 0.234310 0.528060 0.235569 0.527352 0.239171 0.527453 0.241329
11 0.505138 0.208546 0.472682 0.190880 0.474385 0.203162 0.488057 0.211083 0.490893 0.208921 0.492615 0.206583 0.494539 0.205139 0.496159 0.205139 0.498286 0.206222 0.502734 0.214829
2 0.472682 0.190880 0.472255 0.184139 0.473896 0.186014 0.492057 0.196431 0.505198 0.203384 0.506479 0.204931 0.505138 0.208546
