0 0.507943 0.321477 0.500508 0.327255 0.492109 0.340648 0.490365 0.349167 0.493667 0.357412 0.500755 0.341806 0.505307 0.342435 0.505370 0.348657 0.508430 0.346435 0.531711 0.377949 0.529917 0.393074 0.525214 0.408005 0.523195 0.408606 0.521521 0.423333 0.523581 0.457278 0.534336 0.456000 0.537786 0.451944 0.540599 0.442361 0.543281 0.435972 0.536503 0.422588 0.538664 0.391611 0.541063 0.386278 0.544839 0.385125 0.548898 0.389931 0.553448 0.400773 0.556703 0.411917 0.558458 0.420833 0.561120 0.429954 0.561328 0.431296 0.558490 0.437731 0.561388 0.445148 0.556870 0.454213 0.559544 0.453023 0.572266 0.439426 0.575458 0.429097 0.575945 0.416370 0.574427 0.405551 0.567906 0.380569 0.566398 0.376417 0.560607 0.372569 0.558932 0.369153 0.555083 0.363352 0.560138 0.361718 0.561263 0.364606 0.563138 0.366606 0.569135 0.365384 0.572635 0.365940 0.577057 0.370352 0.582552 0.379444 0.588411 0.388889 0.589292 0.373981 0.588604 0.362653 0.583406 0.348148 0.574310 0.336861 0.564443 0.333139 0.560906 0.337616 0.549292 0.340704
5 0.543349 0.436023 0.544659 0.437796 0.546211 0.443051 0.546818 0.446870 0.549060 0.450681 0.548177 0.454259 0.548125 0.459907 0.548021 0.465556 0.547456 0.470866 0.546148 0.474602 0.544328 0.479912 0.541203 0.480241 0.539802 0.477588 0.538029 0.473273 0.537375 0.467630 0.537328 0.457838 0.537375 0.453440 0.540734 0.441991
2 0.564138 0.617394 0.566352 0.617778 0.567539 0.623153 0.565380 0.625556 0.553193 0.623847 0.545849 0.623787 0.540307 0.622231 0.541771 0.619074
2 0.574273 0.629727 0.572607 0.631671 0.575359 0.638412 0.576477 0.642106 0.579029 0.645519 0.580414 0.648838 0.581224 0.653921 0.581643 0.660676 0.582794 0.660861 0.584536 0.655472 0.584466 0.651194 0.583734 0.645556 0.582516 0.639667 0.580422 0.635449 0.578320 0.632463 0.576182 0.630745
2 0.575792 0.627764 0.577883 0.625412 0.579906 0.624481 0.582172 0.624046 0.583461 0.625597 0.586732 0.626255 0.587378 0.632060 0.587456 0.638731 0.586732 0.646620 0.585964 0.648412 0.584393 0.640880 0.583023 0.637005 0.580482 0.633282 0.578260 0.630194
2 0.557039 0.578625 0.556315 0.597648 0.561594 0.611014 0.561883 0.616023 0.564138 0.617394 0.566352 0.617778 0.567146 0.618954 0.570513 0.619134 0.574844 0.616782 0.579688 0.611704 0.581893 0.603903 0.581987 0.586528 0.579521 0.580347 0.577786 0.579861 0.565635 0.577583
2 0.563193 0.577407 0.566047 0.574597 0.569208 0.567440 0.570177 0.555657 0.561714 0.564991 0.557039 0.578625
2 0.520635 0.544167 0.524672 0.544032 0.528443 0.545519 0.532820 0.546537 0.533203 0.560819 0.526539 0.561972 0.516638 0.568065
2 0.538984 0.542764 0.533203 0.560819 0.531000 0.562421 0.527930 0.573824 0.529159 0.574310 0.539258 0.562056 0.553576 0.558051 0.561076 0.533352 0.559185 0.531944 0.546786 0.536005
2 0.528333 0.531079 0.536318 0.531444 0.544495 0.533898 0.546786 0.536005 0.538984 0.542764 0.533203 0.560819 0.532820 0.546537 0.528443 0.545519 0.524672 0.544032 0.529357 0.537389
2 0.576773 0.626407 0.579688 0.611704 0.581893 0.603903 0.581987 0.586528 0.585427 0.580602 0.586737 0.582042 0.587927 0.587708 0.585487 0.591486 0.584299 0.602148 0.582865 0.608259 0.582172 0.624046 0.579906 0.624481 0.577883 0.625412
2 0.580083 0.548639 0.578997 0.548421 0.578555 0.575509 0.579521 0.580347 0.581987 0.586528 0.584034 0.583009 0.585169 0.567458 0.581120 0.546912
2 0.556578 0.591843 0.549000 0.596690 0.549341 0.598880 0.557909 0.616731 0.561594 0.617491 0.564138 0.617394 0.561883 0.616023 0.561594 0.611014 0.556315 0.597648
2 0.526289 0.625593 0.529089 0.629907 0.531745 0.627037 0.526380 0.620787 0.521068 0.621736 0.521068 0.621736 0.514966 0.622986 0.511078 0.624810 0.510568 0.632861 0.514688 0.630523 0.523115 0.626287
2 0.501326 0.763347 0.506398 0.767708 0.515510 0.782579 0.516305 0.804199 0.504490 0.806727 0.506109 0.827269 0.504273 0.828231 0.498414 0.829088
2 0.516638 0.568065 0.515745 0.593731 0.512133 0.603514 0.513427 0.606875 0.514779 0.607546 0.514995 0.612347 0.516128 0.613213 0.521203 0.615130 0.524768 0.614843 0.526010 0.615324 0.528440 0.614269 0.540742 0.595481 0.540224 0.587412 0.529159 0.574310 0.527930 0.573824 0.529010 0.568319
2 0.558896 0.563921 0.560128 0.550759 0.573846 0.547727 0.577872 0.551972 0.577599 0.554644 0.575893 0.563986 0.575620 0.568718 0.576711 0.570417 0.578555 0.575509 0.579521 0.580347 0.577786 0.579861 0.571456 0.578542 0.569208 0.567440 0.570177 0.555657 0.561745 0.564861
2 0.556990 0.465542 0.562862 0.473981 0.567268 0.483213 0.571818 0.493880 0.573948 0.504032 0.574529 0.510056 0.573849 0.514009 0.573367 0.515389 0.571721 0.515560 0.572398 0.510912 0.572010 0.504722 0.570753 0.498870 0.566302 0.487000 0.563206 0.480463 0.560740 0.475759 0.555490 0.467875
2 0.565745 0.519144 0.566187 0.522199 0.567688 0.526042 0.569604 0.528708 0.573857 0.533171 0.576055 0.535773 0.577938 0.540546 0.579609 0.540671 0.578914 0.535523 0.578852 0.534394 0.573479 0.530213 0.568776 0.524440 0.567557 0.519366 0.569740 0.501787 0.570753 0.498870 0.570068 0.497306 0.568760 0.501787 0.566495 0.510926
2 0.425445 0.483560 0.428469 0.456875 0.429495 0.430185 0.434680 0.425963 0.434786 0.474250 0.429628 0.480394 0.430487 0.482611
2 0.421594 0.482537 0.420083 0.427333 0.418841 0.408231 0.419279 0.402787 0.422232 0.410870 0.428172 0.406454 0.429896 0.390583 0.424086 0.376741 0.422474 0.377569 0.424766 0.361528 0.427786 0.361389 0.429609 0.361065 0.431612 0.361106 0.434641 0.354556 0.437081 0.383213 0.434766 0.382991 0.433956 0.386218 0.433831 0.390106 0.432745 0.398940 0.433307 0.413829 0.433620 0.423602 0.433680 0.426708 0.429495 0.430185 0.428424 0.456204 0.425445 0.483560
2 0.434786 0.474250 0.435461 0.473769 0.437406 0.453981 0.447833 0.456884 0.450318 0.445556 0.447771 0.440880 0.452760 0.424301 0.450112 0.423782 0.451083 0.407750 0.455177 0.404181 0.454422 0.400148 0.456581 0.393426 0.455393 0.389009 0.448518 0.379176 0.444417 0.369005 0.441120 0.366694 0.439841 0.368852 0.436276 0.373843 0.437081 0.383213 0.434766 0.382991 0.433956 0.386218 0.433831 0.390106 0.432745 0.398940 0.433307 0.413829 0.433620 0.423602 0.433680 0.426708 0.434680 0.425963
1 0.555419 0.629407 0.560992 0.626694 0.565380 0.625556 0.572672 0.626199 0.575792 0.627764 0.578260 0.630194 0.580482 0.633282 0.583023 0.637005 0.584393 0.640880 0.585964 0.648412 0.586060 0.660532 0.584422 0.675718 0.584385 0.678134 0.584734 0.680431 0.586060 0.681296 0.585711 0.684894 0.577938 0.678444 0.579609 0.675162 0.581388 0.673861 0.582784 0.672370 0.583724 0.663694 0.584536 0.655472 0.584466 0.651194 0.583734 0.645556 0.582516 0.639667 0.580422 0.635449 0.578320 0.632463 0.576182 0.630745 0.574273 0.629727 0.568253 0.627588 0.565078 0.627838 0.560271 0.628917 0.555839 0.632319
2 0.534609 0.627593 0.512651 0.654782 0.531625 0.686130 0.533508 0.685745 0.536503 0.681671 0.532229 0.676671 0.530771 0.671681 0.529151 0.668801 0.527799 0.666208 0.526612 0.659875 0.541453 0.646560 0.544638 0.651222 0.547396 0.655787 0.545354 0.645185 0.546987 0.634731 0.546427 0.630750 0.545260 0.630333 0.535740 0.629088
2 0.558896 0.563921 0.553883 0.560880 0.537273 0.571093 0.536388 0.573639 0.540003 0.581157 0.540742 0.595481 0.542380 0.605676 0.544841 0.606398 0.549341 0.598880 0.549000 0.596690 0.556578 0.591843 0.557039 0.578625 0.560417 0.568565
2 0.573836 0.674991 0.575703 0.676486 0.577938 0.678444 0.585711 0.684894 0.586763 0.686278 0.585003 0.709463 0.579622 0.706602 0.579943 0.706810 0.575570 0.705657 0.568299 0.702056 0.561401 0.691264 0.560747 0.688523 0.560492 0.685537 0.564049 0.680505 0.564893 0.681681 0.569953 0.685005 0.575198 0.688324 0.576281 0.685111 0.571341 0.681523 0.566219 0.677292 0.569836 0.672181 0.569836 0.672181 0.573568 0.671565
2 0.424336 0.605634 0.424336 0.605634 0.424844 0.620972 0.417919 0.619218 0.411984 0.617773 0.410922 0.615329 0.409984 0.616995 0.409716 0.641843 0.425651 0.645741
2 0.547773 0.844620 0.550398 0.860167 0.566018 0.858727 0.569578 0.850727 0.569578 0.850727 0.568768 0.843954
2 0.447982 0.652181 0.445182 0.655259 0.439896 0.666583 0.443349 0.669986 0.445917 0.678861 0.447643 0.680023 0.453523 0.679769 0.455492 0.676806 0.461615 0.663032 0.452854 0.656069 0.457104 0.647181 0.458292 0.640519 0.453854 0.635074 0.452104 0.642407
2 0.432867 0.311981 0.427513 0.301870 0.434635 0.281319 0.436172 0.281319 0.437812 0.285861 0.438411 0.288958 0.439714 0.291088 0.443125 0.299329 0.444745 0.300056 0.454581 0.314106 0.449922 0.331685 0.448281 0.332384 0.447807 0.331296 0.435661 0.309060 0.433836 0.309560
2 0.420745 0.667843 0.426297 0.660231 0.433534 0.668870 0.440284 0.673671 0.439896 0.675231 0.437487 0.673505
2 0.468698 0.277458 0.467779 0.286486 0.471562 0.290519 0.487357 0.303958 0.491719 0.279815 0.471021 0.264759
2 0.491562 0.281435 0.498969 0.276704 0.500977 0.277620 0.502190 0.290644 0.492810 0.295125 0.491456 0.292472
2 0.501068 0.278657 0.511883 0.274634 0.512859 0.276120 0.511604 0.282259 0.510349 0.286472 0.502057 0.289074
2 0.492021 0.304690 0.487943 0.301111 0.487357 0.303958 0.485625 0.302454 0.484232 0.305481 0.482794 0.312593 0.484044 0.315037 0.498039 0.330917 0.501477 0.325588 0.504477 0.320366 0.503969 0.317222 0.498414 0.316472 0.497201 0.316144 0.492115 0.307514
2 0.471128 0.294361 0.481146 0.299815 0.483828 0.307361 0.482794 0.312593 0.480617 0.314185 0.470023 0.317505 0.469839 0.319329 0.477253 0.336296 0.477253 0.336296 0.473701 0.342519 0.471055 0.341273 0.469380 0.337144 0.465547 0.335801 0.463385 0.338296 0.461333 0.333208 0.467211 0.328130 0.468799 0.310884 0.469469 0.308444 0.470917 0.299963 0.469974 0.297361
2 0.468661 0.682801 0.467148 0.683074 0.460120 0.671352 0.458299 0.672509 0.453495 0.685954 0.449896 0.689287 0.448810 0.692282 0.446359 0.698977 0.444424 0.703306 0.444505 0.710366 0.444872 0.717218 0.446260 0.721782 0.448799 0.726514 0.452914 0.734403 0.455698 0.738421 0.456268 0.739583 0.464099 0.735167 0.465339 0.726338 0.458320 0.718944 0.457396 0.715602 0.454211 0.713019 0.458583 0.692574 0.460581 0.686333 0.462417 0.686139 0.468286 0.691528 0.469854 0.687532
5 0.569755 0.627884 0.572607 0.631671 0.575359 0.638412 0.576477 0.642106 0.579029 0.645519 0.580414 0.648838 0.581224 0.653921 0.581643 0.660676 0.577487 0.667593 0.575914 0.668958 0.573568 0.671565 0.569836 0.672181 0.563544 0.657981 0.564870 0.658315 0.570471 0.653750 0.571216 0.651593 0.571216 0.648773 0.573177 0.643546 0.572805 0.642134 0.558148 0.634171 0.555839 0.632319 0.560271 0.628917 0.565078 0.627838 0.568253 0.627588
2 0.536341 0.681486 0.532229 0.676671 0.530771 0.671681 0.529151 0.668801 0.527799 0.666208 0.526612 0.659875 0.541453 0.646560 0.544638 0.651222 0.547396 0.655787 0.548633 0.662046 0.546987 0.667204 0.544857 0.671852 0.542438 0.676495 0.538664 0.679935
2 0.547997 0.630069 0.555521 0.629398 0.555839 0.632319 0.558148 0.634171 0.572805 0.642134 0.573177 0.643546 0.571216 0.648773 0.571216 0.651593 0.570471 0.653750 0.564870 0.658315 0.563544 0.657981 0.558336 0.654745 0.558794 0.666889 0.556133 0.666722 0.555219 0.655750 0.553219 0.646630 0.550466 0.639819 0.551008 0.635208
2 0.529159 0.574310 0.537273 0.571093 0.553883 0.560880 0.557604 0.563046 0.559299 0.559389 0.560128 0.550759 0.573846 0.547727 0.577872 0.551972 0.577599 0.554644 0.576523 0.560319 0.578016 0.558167 0.578742 0.557019 0.578997 0.548421 0.580234 0.548417 0.581120 0.546912 0.582828 0.546458 0.584664 0.545597 0.584672 0.543398 0.583703 0.541245 0.580799 0.540671 0.574143 0.540528 0.570151 0.541315 0.570674 0.538019 0.567326 0.535579 0.564945 0.534792 0.560872 0.539810 0.558049 0.543255 0.553576 0.558051 0.539258 0.562056
2 0.463276 0.675685 0.465495 0.665144 0.467997 0.650662 0.471599 0.644926 0.473643 0.646213 0.477435 0.648616 0.476753 0.655606 0.474612 0.663782 0.473203 0.670597 0.471305 0.678269 0.470945 0.681282 0.469854 0.687532 0.468687 0.682954 0.467148 0.683074
2 0.474523 0.697019 0.476458 0.664824 0.474612 0.663782 0.473203 0.670597 0.471305 0.678269 0.470945 0.681282 0.469854 0.687532 0.468286 0.691528 0.462380 0.686120 0.460581 0.686333 0.458583 0.692574 0.454211 0.713019 0.466792 0.723370 0.468224 0.722495 0.472786 0.724176
2 0.425036 0.796824 0.400674 0.801977 0.400320 0.826255 0.401721 0.828579 0.419130 0.825176 0.420203 0.811074 0.426409 0.811819
2 0.419130 0.825176 0.401721 0.828579 0.408563 0.843569 0.417057 0.844648
2 0.424659 0.796833 0.422401 0.795329 0.416875 0.793750 0.410542 0.794181 0.407234 0.796491 0.405208 0.798477 0.405208 0.801079
2 0.452318 0.377611 0.457820 0.382394 0.460026 0.382921 0.462122 0.385750 0.462526 0.388380 0.458859 0.404870 0.456914 0.402852 0.455177 0.404181 0.454422 0.400148 0.456581 0.393426 0.455393 0.389009 0.448518 0.379176 0.451919 0.380421
2 0.581224 0.488250 0.583870 0.500778 0.586578 0.522051 0.584320 0.525458 0.580630 0.531593 0.578852 0.534394 0.573479 0.530213 0.568776 0.524440 0.567557 0.519366 0.569740 0.501787 0.570753 0.498870 0.572010 0.504722 0.572398 0.510912 0.571721 0.515560 0.573367 0.515389 0.573849 0.514009 0.574529 0.510056 0.573948 0.504032 0.572214 0.495801 0.576583 0.491301
2 0.563711 0.475801 0.572669 0.469231 0.576260 0.473444 0.580305 0.480634 0.581073 0.485282 0.579055 0.485838 0.575437 0.489106 0.571818 0.493880 0.567268 0.483213
2 0.436109 0.647250 0.435422 0.638583 0.453854 0.628921 0.460289 0.627477 0.464383 0.668708 0.457266 0.672963 0.461615 0.663032 0.452854 0.656069 0.457104 0.647181 0.458292 0.640519 0.453854 0.635074 0.452104 0.642407 0.447982 0.652181 0.445182 0.655259 0.445182 0.655259 0.443638 0.659190 0.443568 0.650185 0.440529 0.645704
2 0.571641 0.381583 0.571563 0.367574 0.577109 0.370417 0.588190 0.388653 0.590120 0.419944 0.590604 0.430032 0.586555 0.431755 0.584987 0.427722 0.582451 0.424560 0.577099 0.418315 0.575698 0.409394 0.576125 0.390657
2 0.537565 0.404968 0.542096 0.393935 0.549299 0.401231 0.555651 0.415083 0.561125 0.429778 0.561307 0.431171 0.556872 0.441185 0.553398 0.449194 0.552560 0.447532 0.549060 0.450681 0.546818 0.446870 0.546211 0.443051 0.544659 0.437796 0.543349 0.436023 0.541276 0.431991 0.536484 0.422685
2 0.560740 0.475759 0.560365 0.479759 0.559487 0.486000 0.558557 0.487366 0.558438 0.491810 0.556341 0.496111 0.558076 0.512819 0.559768 0.524079 0.561018 0.523792 0.566187 0.522199 0.565745 0.519144 0.566495 0.510926 0.568760 0.501787 0.570068 0.497306 0.566302 0.487000 0.563206 0.480463
2 0.507708 0.685046 0.507846 0.696398 0.509391 0.700449 0.516651 0.694986 0.517076 0.684866 0.510224 0.686579 0.508536 0.683583
2 0.452760 0.424301 0.450112 0.423782 0.451083 0.407750 0.456914 0.402852 0.458859 0.404870 0.456849 0.414398 0.459266 0.411579
2 0.453414 0.458546 0.437406 0.453981 0.435461 0.473769 0.438268 0.470986 0.444312 0.481019 0.446276 0.461894 0.452214 0.462731
2 0.452292 0.462731 0.453021 0.459722 0.475461 0.466130 0.475273 0.470907 0.475023 0.474352 0.467284 0.465866 0.462083 0.475139 0.462974 0.464333
2 0.462109 0.475093 0.467284 0.465866 0.479703 0.479981 0.479229 0.481671 0.475247 0.483273 0.468089 0.476718 0.463984 0.489023 0.462331 0.489954 0.461023 0.487083
2 0.431891 0.483856 0.430487 0.482611 0.426544 0.483472 0.420443 0.482324 0.415422 0.488370 0.415367 0.496625 0.419687 0.496019 0.421516 0.488727 0.426836 0.491384 0.429628 0.491444
2 0.424659 0.796833 0.422401 0.795329 0.416875 0.793750 0.410542 0.794181 0.407234 0.796491 0.405208 0.798477 0.405237 0.789046 0.408383 0.785750 0.412336 0.784171 0.416570 0.783597 0.421292 0.785102 0.424841 0.788042 0.427221 0.790694 0.427302 0.798944
2 0.427221 0.790694 0.424841 0.788042 0.421292 0.785102 0.416570 0.783597 0.412336 0.784171 0.408383 0.785750 0.405237 0.789046 0.405237 0.780231 0.409396 0.775333 0.413878 0.774181 0.418305 0.774375 0.423219 0.776102 0.427594 0.780806
2 0.427594 0.780806 0.423219 0.776102 0.418305 0.774375 0.413878 0.774181 0.409396 0.775333 0.405237 0.780231 0.405570 0.770333 0.408570 0.766778 0.412630 0.764667 0.417753 0.764333 0.422690 0.765889 0.427187 0.769667
2 0.427187 0.769667 0.422690 0.765889 0.417753 0.764333 0.412630 0.764667 0.408570 0.766778 0.405570 0.770333 0.405945 0.761778 0.409568 0.758222 0.415068 0.756889 0.420628 0.757778 0.427187 0.761111
2 0.427187 0.761111 0.427625 0.749560 0.423878 0.745894 0.418065 0.743894 0.411630 0.744338 0.405883 0.749894 0.405945 0.761778 0.409568 0.758222 0.415068 0.756889 0.420628 0.757778
2 0.405883 0.749894 0.411630 0.744338 0.418065 0.743894 0.423878 0.745894 0.427625 0.749560 0.428799 0.735130 0.425625 0.732389 0.420398 0.730231 0.416339 0.729736 0.410690 0.731065 0.406443 0.733884
2 0.431568 0.761884 0.428620 0.802366 0.429099 0.807657 0.430286 0.810940 0.431299 0.811870 0.448466 0.813875 0.449583 0.812014 0.454094 0.769162 0.452854 0.763690 0.449104 0.758356 0.444794 0.754796 0.438672 0.755356 0.434984 0.757245
2 0.431568 0.761884 0.434984 0.757245 0.438672 0.755356 0.444794 0.754796 0.449104 0.758356 0.452854 0.763690 0.454094 0.769162 0.454609 0.756847 0.453156 0.752403 0.451383 0.748102 0.448557 0.744801 0.443354 0.742579 0.438555 0.743366 0.432344 0.751255
2 0.432344 0.751255 0.438555 0.743366 0.443354 0.742579 0.448557 0.744801 0.451383 0.748102 0.453156 0.752403 0.454609 0.756847 0.455094 0.744671 0.452948 0.738532 0.448234 0.733468 0.443099 0.732889 0.438060 0.734630 0.433112 0.738449
2 0.433112 0.738449 0.438060 0.734630 0.443099 0.732889 0.448234 0.733468 0.452948 0.738532 0.455094 0.744671 0.455698 0.738421 0.452914 0.734403 0.448799 0.726514 0.446260 0.721782 0.441135 0.722500 0.436982 0.723718 0.433755 0.727806
2 0.433755 0.727806 0.436982 0.723718 0.441135 0.722500 0.446260 0.721782 0.444896 0.717222 0.444505 0.710366 0.440286 0.711866 0.437878 0.716366 0.434141 0.714329
2 0.454906 0.748870 0.456120 0.746875 0.462747 0.748370 0.463448 0.750032 0.463331 0.768880 0.461474 0.779741 0.459305 0.779370 0.458789 0.789083 0.452583 0.787477 0.454094 0.769162 0.454609 0.756847
2 0.506815 0.759144 0.506398 0.767708 0.515510 0.782579 0.516305 0.804199 0.534953 0.803704 0.536687 0.801051 0.537393 0.798477 0.538279 0.795324 0.538682 0.791523 0.537878 0.785639 0.532352 0.783130 0.527630 0.779116 0.521490 0.776870 0.519622 0.776620 0.518596 0.773968 0.512247 0.768157
2 0.497318 0.862250 0.496633 0.856370 0.502763 0.852352 0.510104 0.849986 0.518898 0.851347 0.521682 0.863019
2 0.518898 0.851347 0.510104 0.849986 0.502763 0.852352 0.496633 0.856370 0.496492 0.847968 0.501531 0.843986 0.505779 0.841995 0.506852 0.844731 0.508672 0.845065 0.518052 0.845398
2 0.521320 0.845750 0.524510 0.862852 0.536523 0.862639 0.548987 0.860847 0.544026 0.845569
2 0.534953 0.803704 0.516305 0.804199 0.504490 0.806727 0.506109 0.827269 0.504273 0.828231 0.505779 0.841995 0.506852 0.844731 0.508672 0.845065 0.518052 0.845398 0.521320 0.845750 0.537159 0.845606 0.538240 0.837639 0.538617 0.828903 0.538456 0.818440 0.537591 0.811333
2 0.534953 0.803704 0.537591 0.811333 0.538456 0.818440 0.538617 0.828903 0.538240 0.837639 0.537159 0.845606 0.544026 0.845569 0.545870 0.841333 0.547130 0.831792 0.547503 0.820588 0.546755 0.812708 0.544703 0.803829
2 0.544703 0.803829 0.546755 0.812708 0.547503 0.820588 0.547130 0.831792 0.545870 0.841333 0.544026 0.845569 0.552495 0.844259 0.554656 0.839940 0.555518 0.830148 0.555896 0.819782 0.555034 0.810468 0.553385 0.803889
2 0.553385 0.803889 0.555034 0.810468 0.555896 0.819782 0.555518 0.830148 0.554656 0.839940 0.552495 0.844259 0.563302 0.844000 0.563979 0.838838 0.564367 0.829204 0.564367 0.818880 0.563010 0.808213 0.562237 0.802194
2 0.562237 0.802194 0.563010 0.808213 0.564367 0.818880 0.564367 0.829204 0.563979 0.838838 0.563302 0.844000 0.568768 0.843954 0.570141 0.840199 0.572141 0.832088 0.572766 0.824981 0.572641 0.818315 0.571766 0.809542 0.569891 0.801542
2 0.569891 0.801542 0.571766 0.809542 0.572641 0.818315 0.572766 0.824981 0.572141 0.832088 0.570141 0.840199 0.568768 0.843954 0.573805 0.843190 0.578969 0.830926 0.579977 0.819954 0.579615 0.811204 0.577961 0.801093
2 0.513427 0.606875 0.511836 0.607046 0.511078 0.617032 0.511078 0.624810 0.514966 0.622986 0.521068 0.621736 0.526380 0.620787 0.540742 0.595481 0.528440 0.614269 0.526010 0.615324 0.524768 0.614843 0.521203 0.615130 0.516128 0.613213 0.514995 0.612347 0.514779 0.607546
2 0.510182 0.663778 0.508596 0.670583 0.508130 0.679718 0.508536 0.683583 0.510224 0.686579 0.517076 0.684866 0.527969 0.685468 0.531625 0.686130 0.527451 0.679213 0.523438 0.680051 0.512424 0.678722 0.511164 0.676981 0.514336 0.663366
2 0.514336 0.663366 0.511164 0.676981 0.512424 0.678722 0.523438 0.680051 0.527451 0.679213 0.517604 0.662963
2 0.408177 0.690519 0.406880 0.679000 0.406826 0.662778 0.408294 0.642875 0.409716 0.641843 0.416789 0.643546 0.416227 0.651764 0.414979 0.666759 0.414260 0.666468
2 0.492810 0.295125 0.491375 0.294315 0.490003 0.293907 0.489089 0.294449 0.487943 0.301111 0.492021 0.304690 0.494214 0.300046 0.495380 0.299380 0.496174 0.300792 0.501448 0.297144 0.505182 0.296727 0.507701 0.298551 0.508635 0.301704 0.508534 0.293296 0.510057 0.289505 0.510349 0.286472 0.502057 0.289074 0.502190 0.290644
2 0.468549 0.292301 0.459042 0.284949 0.455854 0.281486 0.454732 0.275815 0.453432 0.274454 0.452250 0.266894 0.456799 0.269097 0.461464 0.272667 0.465716 0.276343 0.467779 0.286486 0.468904 0.290407
2 0.421516 0.488727 0.417760 0.503875 0.430935 0.506556 0.434115 0.502222 0.426836 0.491384
2 0.431586 0.515236 0.443958 0.509569 0.438063 0.538926 0.434586 0.540338 0.430182 0.516389
9 0.506250 0.696324 0.501320 0.763296 0.502440 0.748028 0.507388 0.748773 0.507760 0.750185 0.506875 0.759398 0.512247 0.768157 0.518596 0.773968 0.519622 0.776620 0.521490 0.776870 0.527630 0.779116 0.532352 0.783130 0.537878 0.785639 0.553784 0.789926 0.571469 0.795523 0.581964 0.790986 0.585003 0.709463 0.579943 0.706810 0.575570 0.705657 0.568299 0.702056 0.561401 0.691264 0.560747 0.688523 0.560521 0.685556 0.557534 0.685972 0.548620 0.685556 0.553896 0.675431 0.554781 0.672523 0.555714 0.670287 0.556133 0.666722 0.555219 0.655750 0.553219 0.646630 0.550466 0.639819 0.551008 0.635208 0.547997 0.630069 0.544133 0.625037 0.540307 0.622231 0.541771 0.619074 0.557909 0.616731 0.549341 0.598880 0.544841 0.606398 0.542380 0.605676 0.540742 0.595481 0.526380 0.620787 0.531745 0.627037 0.529089 0.629907 0.530430 0.632306 0.534609 0.627593 0.535740 0.629088 0.545260 0.630333 0.546427 0.630750 0.546987 0.634731 0.545307 0.645102 0.547276 0.655162 0.548633 0.662046 0.546987 0.667204 0.544857 0.671852 0.542438 0.676495 0.538664 0.679935 0.536341 0.681486 0.533508 0.685745 0.531625 0.686130 0.527969 0.685468 0.517076 0.684866 0.516651 0.694986 0.509391 0.700449 0.507846 0.696398
2 0.530430 0.632306 0.526289 0.625593 0.523115 0.626287 0.514688 0.630523 0.510568 0.632861 0.508031 0.663963 0.517604 0.662963 0.512651 0.654782
2 0.468557 0.780606 0.465531 0.779963 0.463081 0.780083 0.461474 0.779741 0.459305 0.779370 0.458789 0.789083 0.457521 0.814389 0.466531 0.816370
2 0.442185 0.677060 0.437487 0.673505 0.420745 0.667843 0.414260 0.666468 0.404417 0.705773 0.427297 0.730856 0.432648 0.715833
2 0.441773 0.678648 0.446896 0.682667 0.432648 0.715833
2 0.444977 0.687120 0.448526 0.689843 0.448810 0.692282 0.440286 0.711866 0.437878 0.716366 0.434141 0.714329 0.433453 0.713866
2 0.431880 0.605130 0.428208 0.602981 0.424336 0.605634 0.425602 0.643662 0.432086 0.647690 0.435000 0.645481
2 0.481120 0.599366 0.473745 0.599366 0.470492 0.597056 0.465286 0.604764 0.463552 0.612477 0.462831 0.631111 0.467167 0.636894 0.477721 0.642806
2 0.483935 0.600986 0.482367 0.600560 0.480924 0.620222 0.479409 0.643718 0.480581 0.644366
2 0.482818 0.588074 0.472531 0.588000 0.458057 0.591778 0.456609 0.628278 0.460289 0.627477 0.462971 0.627255 0.463552 0.612477 0.465286 0.604764 0.470492 0.597056 0.473745 0.599366 0.481120 0.599366
2 0.455216 0.600565 0.444164 0.609176 0.443398 0.617657 0.448172 0.631852 0.455589 0.627782 0.456943 0.618324 0.457409 0.607620
2 0.435664 0.573134 0.445466 0.570977 0.448453 0.576787 0.449620 0.599190 0.436646 0.601597
2 0.452799 0.541287 0.441245 0.551366 0.439193 0.557222 0.445466 0.570977 0.448453 0.576787 0.452542 0.586032 0.454690 0.586116 0.457487 0.582796 0.468271 0.564796
2 0.483945 0.525199 0.473247 0.533426 0.472018 0.574681 0.475776 0.572236 0.478596 0.567611 0.483005 0.576736 0.485102 0.555917 0.485391 0.541523 0.485247 0.534454
2 0.467365 0.550944 0.472872 0.547870 0.472018 0.574681 0.467969 0.586292 0.457487 0.582796 0.468271 0.564796 0.464411 0.558968
2 0.448453 0.576787 0.452542 0.586032 0.457940 0.595074 0.457940 0.598722 0.455216 0.600565 0.444164 0.609176 0.438526 0.616398 0.435492 0.617560 0.432365 0.609509 0.432133 0.607685 0.434372 0.607685 0.440253 0.601296 0.449620 0.599190
2 0.441802 0.612273 0.442286 0.625972 0.434461 0.639454 0.432365 0.609509 0.435492 0.617560 0.438526 0.616398
2 0.504271 0.436292 0.502068 0.454194 0.505094 0.456713 0.515068 0.459463 0.516813 0.439861
2 0.418854 0.551005 0.412359 0.551079 0.408883 0.569315 0.411372 0.589153 0.418089 0.588079 0.419414 0.584866 0.419112 0.582352 0.418523 0.580787 0.420823 0.568741
2 0.420823 0.568741 0.418523 0.580787 0.419112 0.582352 0.419414 0.584866 0.418089 0.588079 0.418953 0.593028 0.425487 0.594949 0.429591 0.569796 0.427971 0.562407 0.424677 0.562407 0.422896 0.568259
2 0.452542 0.586032 0.457807 0.593671 0.458057 0.591778 0.472531 0.588000 0.474542 0.584810 0.475133 0.581833 0.472026 0.576852 0.467969 0.586292 0.467969 0.586292 0.457487 0.582796 0.454690 0.586116
2 0.428464 0.508347 0.419013 0.505468 0.415609 0.522750 0.418661 0.544273 0.434888 0.542042
2 0.428690 0.543569 0.419240 0.544148 0.420823 0.568741 0.422896 0.568259 0.424677 0.562407
2 0.445029 0.533579 0.434555 0.552778 0.430828 0.559306 0.432555 0.564491 0.437740 0.559898 0.441245 0.551366 0.446401 0.539838
2 0.448625 0.522046 0.450193 0.524157 0.445029 0.533579 0.434555 0.552778 0.430828 0.559306 0.429521 0.559940 0.426393 0.554935 0.428690 0.543569 0.434888 0.542042 0.438063 0.538926 0.441687 0.520713 0.445057 0.523370
2 0.465409 0.555273 0.460820 0.550282 0.454500 0.540968 0.462656 0.523495 0.465138 0.525319 0.470107 0.527144 0.475776 0.531370 0.473247 0.533426 0.472872 0.547870 0.467365 0.550944
2 0.452536 0.510528 0.462971 0.520523 0.462656 0.523495 0.454500 0.540968 0.452799 0.541287 0.450474 0.543403 0.446401 0.539838 0.445029 0.533579 0.450193 0.524157 0.449536 0.522412
2 0.438268 0.470986 0.435461 0.473769 0.429628 0.480394 0.433211 0.484074 0.438716 0.488306 0.438646 0.492106 0.443992 0.493352 0.448529 0.486153 0.444750 0.484042 0.444312 0.481019
2 0.449536 0.522412 0.451453 0.512685 0.452620 0.506542 0.452760 0.495343 0.444826 0.495009 0.441419 0.497333 0.439273 0.505218 0.443958 0.509569 0.441279 0.520815 0.445057 0.523370 0.448701 0.521477
2 0.468354 0.503671 0.480208 0.518194 0.476893 0.528065 0.466812 0.519106 0.462971 0.520523 0.452536 0.510528 0.452909 0.508375 0.453667 0.510292 0.466518 0.515481 0.468190 0.507986 0.467326 0.505106
2 0.468089 0.476718 0.481958 0.489713 0.475961 0.509037 0.461339 0.497042
2 0.446276 0.461894 0.462974 0.464333 0.461023 0.487083 0.444750 0.484042 0.444312 0.481019
2 0.453414 0.499949 0.452620 0.506542 0.452909 0.508375 0.453667 0.510292 0.466518 0.515481 0.468190 0.507986 0.467294 0.506417 0.460602 0.506292
2 0.487766 0.450125 0.474737 0.454569 0.476875 0.467907 0.478578 0.478583 0.482497 0.472940 0.483898 0.472273
2 0.419245 0.378532 0.424086 0.376741 0.429896 0.390583 0.428172 0.406454 0.422232 0.410870 0.416185 0.393106
2 0.447771 0.440880 0.452760 0.424301 0.459266 0.411579 0.480612 0.442218 0.480708 0.443875 0.480708 0.448269 0.478958 0.453204 0.474737 0.454569 0.475633 0.460338 0.472987 0.465324 0.459115 0.461546
2 0.481344 0.390745 0.486042 0.432644 0.489367 0.431486 0.489945 0.421847 0.490812 0.419921 0.491753 0.414264 0.493995 0.409125 0.495151 0.407069 0.496742 0.396917 0.495729 0.375708 0.492982 0.374681 0.488284 0.386120
2 0.483128 0.407787 0.477417 0.410356 0.475898 0.425139 0.482406 0.430023 0.485732 0.431176
2 0.479813 0.428009 0.478208 0.428074 0.476326 0.430120 0.475628 0.434769 0.480612 0.442218 0.483068 0.448694 0.487781 0.449435 0.488995 0.447111 0.489229 0.438403 0.486042 0.432644 0.485732 0.431176 0.482693 0.429940
2 0.481557 0.407981 0.463253 0.386880 0.456753 0.414537 0.459266 0.411579 0.475628 0.434769 0.476326 0.430120 0.478208 0.428074 0.479813 0.428009 0.475898 0.425139 0.477417 0.410356
2 0.484279 0.371778 0.475591 0.382565 0.476901 0.389454 0.477651 0.398333 0.481557 0.407981 0.483128 0.407787 0.481401 0.390111 0.485521 0.386884
2 0.459721 0.355389 0.473591 0.347380 0.478435 0.347514 0.483057 0.372958 0.475591 0.382565 0.476901 0.389454 0.477346 0.395574 0.472286 0.396986 0.463253 0.386880 0.462526 0.388380 0.460940 0.378227 0.465057 0.367306
2 0.448922 0.333259 0.459721 0.355389 0.465057 0.367306 0.460940 0.378227 0.457820 0.382394 0.452318 0.377611 0.451698 0.369838 0.446615 0.350394 0.447599 0.341676 0.445328 0.337449
2 0.438060 0.346634 0.442305 0.338255 0.446615 0.350394 0.451698 0.369838 0.452318 0.377611 0.451919 0.380421 0.448518 0.379176 0.444417 0.369005 0.441120 0.366694 0.442091 0.363907 0.441227 0.361801 0.439393 0.364972
2 0.433836 0.309560 0.426151 0.325000 0.427651 0.346324 0.431612 0.361106 0.438060 0.346634 0.442305 0.338255 0.445328 0.337449 0.447518 0.334764 0.447807 0.331296 0.435661 0.309060
2 0.450661 0.298250 0.455542 0.295667 0.465505 0.292074 0.465987 0.292366 0.470917 0.299963 0.469469 0.308444 0.468799 0.310884 0.467211 0.328130 0.457005 0.336898 0.452487 0.340773 0.448922 0.333259 0.449922 0.331685 0.454581 0.314106 0.453576 0.306565
2 0.445602 0.286167 0.442091 0.295574 0.446250 0.295958 0.450031 0.298454 0.450661 0.298250 0.455542 0.295667 0.459047 0.294231 0.452677 0.286167
2 0.453802 0.259144 0.447995 0.275421 0.452677 0.286167 0.459047 0.294231 0.465505 0.292074 0.465987 0.292366 0.469779 0.298106 0.471128 0.294361 0.471562 0.290519 0.467779 0.286486 0.468698 0.277458
2 0.505182 0.296727 0.501448 0.297144 0.496174 0.300792 0.495380 0.299380 0.494214 0.300046 0.492021 0.304690 0.492115 0.307514 0.497201 0.316144 0.498414 0.316472 0.503969 0.317222 0.508169 0.310667 0.508354 0.305685 0.508635 0.301704 0.507701 0.298551
2 0.483513 0.314431 0.480617 0.314185 0.470023 0.317505 0.469839 0.319329 0.477253 0.336296 0.476562 0.342958 0.490372 0.348958 0.492122 0.340625 0.496370 0.333847
2 0.560560 0.289370 0.567115 0.291727 0.566003 0.305343 0.564930 0.305343 0.559052 0.301528 0.558768 0.300032 0.555690 0.299787
2 0.562703 0.282074 0.563276 0.279824 0.565266 0.278324 0.573253 0.290153 0.580391 0.301111 0.577872 0.304264 0.572737 0.305593 0.567115 0.291727 0.560560 0.289370
2 0.554974 0.300634 0.548909 0.309597 0.555581 0.321296 0.561135 0.310509
2 0.571896 0.303542 0.566003 0.305343 0.564930 0.305343 0.561135 0.310509 0.559878 0.313005 0.559367 0.320162 0.560336 0.331699 0.564677 0.331537 0.565609 0.327056 0.566495 0.326310 0.569109 0.325227 0.576112 0.321495 0.580776 0.318231 0.577872 0.304264 0.572737 0.305593
2 0.580255 0.318657 0.576557 0.321250 0.569161 0.334213 0.578865 0.341944 0.579945 0.341449 0.580643 0.340954 0.583221 0.330787
2 0.548727 0.340995 0.549708 0.335023 0.550547 0.325153 0.553396 0.326551 0.559193 0.329917 0.560336 0.331699 0.564677 0.331537 0.565005 0.333069 0.561875 0.336306 0.556669 0.338528
2 0.554417 0.456477 0.555693 0.462046 0.555331 0.464130 0.545044 0.487792 0.542867 0.486931 0.543029 0.482699 0.548755 0.472019 0.549281 0.462764 0.552854 0.456699
2 0.555490 0.467875 0.552055 0.472093 0.548992 0.479981 0.549242 0.480981 0.556115 0.485981 0.560365 0.479759 0.560740 0.475759
2 0.532964 0.479542 0.531409 0.523995 0.544495 0.533898 0.547604 0.526986 0.547216 0.488986 0.541516 0.488755
2 0.558339 0.654829 0.563544 0.657981 0.569836 0.672181 0.560521 0.685556 0.557534 0.685972 0.548620 0.685556 0.553896 0.675431 0.554781 0.672523 0.555714 0.670287 0.556133 0.666722 0.558794 0.666889
5 0.297013 0.203889 0.288721 0.187306 0.294810 0.183389 0.308674 0.177398 0.311911 0.175097 0.316057 0.171644 0.321370 0.171644 0.331484 0.192037 0.343005 0.212407 0.357388 0.241662 0.371185 0.271329 0.373984 0.280079 0.374555 0.283259 0.376224 0.285444 0.376458 0.288046 0.372870 0.284847 0.369734 0.282472 0.366146 0.278491 0.361979 0.280648 0.359266 0.284731 0.335143 0.254995 0.306938 0.217222
5 0.357547 0.158755 0.356435 0.154731 0.355596 0.153046 0.355523 0.149398 0.359219 0.149204 0.362883 0.148806 0.362883 0.147792 0.358784 0.143718 0.358755 0.142060 0.361227 0.140282 0.364388 0.132481 0.363685 0.130005 0.362427 0.128514 0.362516 0.125519 0.365508 0.125852 0.372786 0.132907 0.378664 0.138218 0.384917 0.144190 0.389536 0.148009 0.395753 0.153481 0.403409 0.161954 0.415229 0.173750 0.423760 0.180292 0.433701 0.189894 0.442901 0.199713 0.447419 0.204171 0.447044 0.206278 0.448794 0.213167 0.449609 0.219051 0.456609 0.225056 0.455227 0.227278 0.454115 0.228287 0.453177 0.229907 0.451172 0.228051 0.449734 0.227046 0.447943 0.231296 0.446706 0.239412 0.439331 0.231185 0.439766 0.240181 0.440266 0.249509 0.434219 0.242505 0.424984 0.232806 0.411701 0.218213 0.396148 0.201894 0.379083 0.182597 0.362451 0.164551
5 0.384917 0.144190 0.377315 0.135782 0.371388 0.129644 0.368401 0.126907 0.368401 0.125662 0.370081 0.123171 0.374234 0.120435 0.375401 0.119190 0.376521 0.112801 0.377409 0.110560 0.381047 0.102597 0.383055 0.102264 0.383570 0.102500 0.384411 0.103250 0.410234 0.129417 0.441930 0.159255 0.468906 0.185454 0.466456 0.189551 0.466456 0.189551 0.465057 0.192620 0.463003 0.198014 0.461883 0.200171 0.461229 0.200088 0.460622 0.199009 0.459596 0.200333 0.460016 0.202412 0.458661 0.206560 0.456328 0.208051 0.456281 0.209546 0.454010 0.212546 0.447419 0.204171 0.442901 0.199713 0.433701 0.189894 0.423760 0.180292 0.415229 0.173750 0.403409 0.161954 0.395753 0.153481 0.389536 0.148009
5 0.464870 0.234852 0.462633 0.232213 0.459487 0.232356 0.457607 0.233384 0.456609 0.233602 0.453638 0.235727 0.452146 0.237019 0.450979 0.238903 0.451461 0.240102 0.462190 0.251861 0.474815 0.265917 0.494823 0.288435 0.498818 0.293671 0.507609 0.302417 0.525440 0.323931 0.533424 0.333111 0.534596 0.334616 0.535724 0.338417 0.535951 0.339593 0.531870 0.341514 0.530984 0.342181 0.531474 0.344005 0.539958 0.353324 0.541630 0.352431 0.541044 0.350500 0.541044 0.345296 0.543135 0.343958 0.546984 0.349014 0.548823 0.347676 0.548992 0.343065 0.552003 0.347676 0.554094 0.347227 0.554010 0.342917 0.556518 0.331167 0.559279 0.325815 0.562307 0.327806 0.563315 0.327157 0.562786 0.326019 0.559375 0.322639 0.557318 0.320694 0.553078 0.316412 0.551865 0.314755 0.550130 0.314398 0.547383 0.311681 0.544583 0.314171 0.542344 0.311602 0.540198 0.310602 0.538469 0.311185 0.536695 0.311269 0.514576 0.287454 0.489557 0.260986
5 0.451461 0.240102 0.449839 0.242657 0.446706 0.239412 0.439331 0.231185 0.439766 0.240181 0.440266 0.249509 0.440211 0.252102 0.437727 0.253926 0.434974 0.255463 0.433948 0.257000 0.436797 0.259120 0.445964 0.269815 0.464237 0.290875 0.480622 0.308231 0.488049 0.313931 0.500633 0.331287 0.511859 0.346162 0.517961 0.354032 0.521133 0.351491 0.526328 0.345542 0.531870 0.341514 0.535951 0.339593 0.535724 0.338417 0.534596 0.334616 0.533424 0.333111 0.525440 0.323931 0.507609 0.302417 0.498818 0.293671 0.494823 0.288435 0.474815 0.265917 0.462190 0.251861
