5 0.404836 0.300426 0.407534 0.303505 0.408867 0.313491 0.408766 0.313273 0.410667 0.329921 0.402773 0.322958 0.402370 0.315694 0.397549 0.316648 0.395893 0.315495 0.395081 0.319157 0.394529 0.312171 0.393492 0.310995 0.392656 0.305343 0.392323 0.301477 0.392323 0.300731 0.392323 0.300731 0.393802 0.300769 0.396068 0.302778 0.399513 0.307134 0.402029 0.310574 0.403578 0.311264 0.404544 0.309542 0.404544 0.303694
5 0.620234 0.637500 0.615690 0.627213 0.612292 0.621588 0.610604 0.646657 0.608701 0.654023 0.613180 0.665569 0.613516 0.648250 0.614523 0.645264 0.616651 0.644667 0.618331 0.643273
5 0.546714 0.722213 0.548375 0.720185 0.549307 0.718157 0.549724 0.714653 0.550346 0.710963 0.550242 0.708565 0.552315 0.708565 0.554909 0.709306 0.556154 0.710412 0.556258 0.712255 0.555844 0.717602 0.554495 0.716681 0.553250 0.717602 0.552419 0.719444 0.552315 0.724241 0.554599 0.726088 0.555427 0.740102
5 0.556154 0.746741 0.556154 0.750431 0.555844 0.753750 0.555117 0.757069 0.554805 0.759648 0.553560 0.772005 0.552214 0.772375 0.544846 0.739366 0.544846 0.733648 0.545159 0.731435 0.552938 0.746556 0.555740 0.744157
11 0.595232 0.423500 0.582107 0.379843 0.580099 0.381477 0.578677 0.383708 0.592982 0.430546 0.597164 0.447500 0.607617 0.476051 0.608120 0.474116 0.609375 0.472630
5 0.513174 0.563273 0.502289 0.568134 0.500258 0.567444 0.498419 0.565037 0.495227 0.562625 0.492516 0.560907 0.487966 0.559356 0.486031 0.556435 0.483708 0.552991 0.483419 0.550926 0.492708 0.545764 0.498612 0.549037 0.496331 0.559130 0.498404 0.560972 0.501125 0.562125 0.509935 0.563046
5 0.511458 0.581574 0.521216 0.599259 0.520432 0.601648 0.519201 0.604037 0.516625 0.607620 0.515953 0.609810 0.516737 0.612000 0.505911 0.620463 0.504596 0.598519 0.503174 0.598815 0.504505 0.621111 0.503424 0.621565 0.487995 0.583843
5 0.608701 0.654023 0.608203 0.656704 0.606945 0.659972 0.606073 0.665477 0.604333 0.666167 0.606133 0.669468 0.613010 0.682375 0.613010 0.680264 0.613180 0.665569
5 0.430063 0.257194 0.428378 0.260880 0.425529 0.264565 0.422937 0.267102 0.421771 0.268250 0.418531 0.277463 0.416331 0.280458 0.405966 0.284833 0.403633 0.285296 0.403516 0.274676 0.407003 0.273319 0.409333 0.273088 0.412055 0.271477 0.414646 0.268944 0.423844 0.260653 0.427083 0.254204 0.429000 0.256185 0.429000 0.256185
13 0.523542 0.265231 0.526000 0.271074 0.528521 0.281741 0.528880 0.285583 0.529841 0.287505 0.531161 0.289208 0.533081 0.289421 0.535057 0.286102 0.534807 0.294278 0.534388 0.297995 0.533385 0.301713 0.530792 0.307218 0.530081 0.306921 0.528281 0.304574 0.526120 0.304148 0.525159 0.305639 0.523719 0.308199 0.522641 0.309907 0.520120 0.310333 0.515797 0.308843 0.513997 0.307560 0.512437 0.305426 0.510638 0.301157 0.509044 0.280005 0.509630 0.279856 0.510049 0.275097 0.510719 0.272718 0.513896 0.268704 0.518497 0.266769
8 0.506227 0.234926 0.507031 0.247269 0.508042 0.263796 0.508458 0.268111 0.509044 0.280005 0.510638 0.301157 0.511716 0.311856 0.511211 0.313144 0.510271 0.313528 0.509549 0.312759 0.509172 0.306829 0.508135 0.293019 0.506620 0.271231 0.504695 0.245060 0.504695 0.245060 0.504391 0.238477
1 0.523542 0.265231 0.521901 0.258912 0.521013 0.253102 0.520409 0.248583 0.519763 0.245500 0.518555 0.238116 0.519844 0.237898 0.523031 0.257907 0.525388 0.265588 0.527393 0.270796 0.529133 0.278412 0.529745 0.278412 0.530406 0.277708 0.531148 0.276514 0.532013 0.275444 0.533021 0.275319 0.534271 0.276046 0.534807 0.278519 0.535057 0.282829 0.535057 0.286102 0.533081 0.289421 0.531161 0.289208 0.529841 0.287505 0.528880 0.285583 0.528521 0.281741 0.526000 0.271074
5 0.383615 0.198977 0.356346 0.232731 0.359776 0.242102 0.367305 0.237343 0.373242 0.235412 0.380268 0.236005 0.387211 0.238977 0.389469 0.241356 0.389469 0.240468 0.378513 0.213106 0.380185 0.211171 0.391060 0.238384 0.391643 0.242102 0.391979 0.244185 0.398083 0.254296 0.402266 0.245671 0.403802 0.242685 0.404776 0.239426 0.409042 0.218162 0.410799 0.220838 0.408708 0.227977 0.408622 0.230949 0.410130 0.234963 0.400544 0.260509 0.402276 0.266815 0.410089 0.240333 0.413266 0.225301 0.417891 0.231218 0.417315 0.235069 0.418109 0.238667 0.419849 0.241625 0.421286 0.245093 0.423312 0.247662 0.424859 0.251352 0.429000 0.256185 0.430948 0.258486 0.433792 0.256644 0.443510 0.245356 0.447526 0.239144 0.449992 0.240528 0.453750 0.238903 0.454526 0.234995 0.453750 0.230162 0.453229 0.225773 0.452711 0.223245 0.453615 0.219560 0.454008 0.217255 0.453357 0.214727 0.451674 0.213806 0.450378 0.212421 0.446622 0.202741 0.445711 0.196986 0.444932 0.196764 0.432370 0.206667 0.429393 0.207588 0.425503 0.202519 0.422651 0.199977 0.411250 0.187782 0.410990 0.177639 0.409435 0.168199 0.408138 0.165894 0.407370 0.162903 0.404122 0.164750 0.404122 0.166356 0.404516 0.167963 0.404643 0.169806 0.403346 0.173731 0.402568 0.177417 0.400885 0.179245 0.396094 0.185940 0.392599 0.189389
2 0.493156 0.326606 0.492508 0.333375 0.490768 0.336986 0.490768 0.342653 0.489807 0.350949 0.487297 0.362843 0.485792 0.373403 0.479435 0.407009 0.475385 0.411051 0.476062 0.416384 0.476547 0.416556 0.478474 0.413343 0.476370 0.424384 0.475859 0.427222 0.472193 0.428773 0.472289 0.433764 0.474930 0.432009 0.472245 0.446449 0.470242 0.455037 0.469240 0.463514 0.468224 0.468000 0.462612 0.483310 0.459961 0.485083 0.460336 0.482639 0.475797 0.401662 0.475797 0.401662 0.483297 0.362157 0.487740 0.338458 0.489961 0.326606 0.491490 0.326606
5 0.495495 0.253093 0.485742 0.265944 0.485742 0.268931 0.486302 0.274903 0.488878 0.277491 0.497724 0.283065 0.500185 0.284259 0.505784 0.294213 0.508135 0.293019 0.506620 0.271231 0.502940 0.264241 0.500263 0.260523 0.498422 0.257995
5 0.389602 0.247866 0.388732 0.254917 0.387474 0.260421 0.386120 0.267819 0.388732 0.267819 0.391539 0.255435 0.392505 0.250787 0.395797 0.256296 0.396474 0.258185 0.396570 0.259389 0.388732 0.277801 0.382828 0.281931 0.375086 0.286745 0.361344 0.246657 0.367344 0.242185 0.372570 0.240468 0.377313 0.240468 0.381172 0.241157 0.383797 0.242875 0.388151 0.246144
5 0.392109 0.281759 0.382383 0.306102 0.384029 0.311093 0.386255 0.307306 0.388383 0.304556 0.390318 0.301972 0.392255 0.300769 0.393802 0.300769 0.396068 0.302778 0.399513 0.307134 0.402029 0.310574 0.403578 0.311264 0.404544 0.309542 0.404544 0.303694 0.404836 0.300426 0.405706 0.295954 0.406383 0.292338 0.406190 0.291134 0.405221 0.290792 0.403964 0.293713 0.403383 0.295435 0.401932 0.293713 0.400674 0.293028 0.399029 0.291995 0.399174 0.290190 0.396078 0.281759
5 0.659245 0.609722 0.653833 0.598745 0.651219 0.598370 0.647070 0.597940 0.646372 0.597505 0.640951 0.588824 0.622297 0.633579 0.621797 0.633727 0.626570 0.639611 0.630443 0.645273 0.630943 0.645495 0.633693 0.649606 0.633630 0.649273 0.639815 0.640944 0.643437 0.635833 0.652685 0.620505
13 0.441781 0.409995 0.441839 0.411662 0.441672 0.413597 0.440919 0.416421 0.440583 0.418653 0.441086 0.420435 0.443677 0.428019 0.443427 0.430102 0.442508 0.433370 0.441589 0.435898 0.437406 0.439769 0.432721 0.441551 0.431133 0.441255 0.420510 0.413296 0.421513 0.410324 0.422685 0.408542 0.428219 0.405171 0.436589 0.405171 0.439612 0.406000 0.441237 0.407514
6 0.564893 0.461708 0.583333 0.473000 0.588206 0.471556 0.563385 0.454356 0.561451 0.456079 0.561258 0.458657 0.561641 0.459653 0.561466 0.459560 0.562797 0.460421
6 0.566961 0.366273 0.558130 0.340685 0.557164 0.340685 0.555531 0.342889 0.555932 0.346458 0.558813 0.355986 0.564839 0.373606 0.566714 0.379319 0.578841 0.414148 0.580958 0.413782 0.583055 0.413787
6 0.593464 0.444116 0.595763 0.441949 0.597164 0.447500 0.607617 0.476051 0.606563 0.478241 0.601380 0.471519 0.599247 0.467375 0.599102 0.464935 0.598380 0.461079 0.597583 0.459921 0.596898 0.460769 0.593969 0.451056
6 0.554599 0.726088 0.563841 0.732542 0.564359 0.748954 0.564049 0.761310 0.564049 0.763523 0.561781 0.781014 0.560107 0.781727 0.558169 0.782560 0.555417 0.783514 0.554349 0.784472 0.553503 0.778204 0.553560 0.772005 0.554805 0.759648 0.555117 0.757069 0.555844 0.753750 0.556154 0.750431 0.556154 0.746741 0.555740 0.744157 0.555427 0.740102
6 0.506008 0.224741 0.507445 0.222106 0.510026 0.227375 0.507516 0.232269 0.503716 0.239829 0.502604 0.242532 0.495495 0.253093 0.485742 0.265944 0.485742 0.265944 0.485852 0.267454 0.485852 0.267454 0.484260 0.265398 0.482763 0.262269 0.483042 0.259292 0.488729 0.252065 0.500021 0.236750
6 0.474091 0.464556 0.473620 0.468264 0.469065 0.479829 0.468198 0.485356 0.466247 0.493838 0.460896 0.516458 0.455836 0.504250 0.459036 0.492657 0.461693 0.484069 0.462612 0.483310 0.468224 0.468000 0.469240 0.463514 0.471414 0.463662 0.473255 0.463958
6 0.562586 0.704250 0.566263 0.701884 0.567716 0.707662 0.568646 0.712208 0.567794 0.714968 0.564539 0.717306 0.563688 0.718407 0.563221 0.720889 0.563229 0.723472 0.555844 0.717602 0.556258 0.712255 0.557552 0.709352 0.559297 0.706806
1 0.596047 0.581764 0.595393 0.578843 0.597914 0.575167 0.602589 0.572477 0.608526 0.569356 0.611883 0.566824 0.614971 0.565787 0.623091 0.566009 0.626104 0.567500 0.630117 0.570620 0.634802 0.577162 0.641016 0.586574 0.647216 0.596000 0.653154 0.596750 0.653833 0.598745 0.651219 0.598370 0.647070 0.597940 0.646372 0.597505 0.640951 0.588824 0.635253 0.580792 0.631833 0.576329 0.628143 0.572315 0.624966 0.569639 0.622372 0.568153 0.618617 0.566963 0.615096 0.567556 0.611388 0.569620 0.604333 0.574199 0.600302 0.576389 0.598958 0.577583
1 0.612552 0.517537 0.613510 0.516870 0.613823 0.518204 0.612573 0.520204 0.611573 0.522537 0.610701 0.523537 0.609583 0.524051 0.604732 0.524199 0.600049 0.525685 0.597953 0.525204 0.596266 0.524870 0.594953 0.523981 0.594206 0.521426 0.594643 0.521648 0.595703 0.522537 0.596641 0.523537 0.598141 0.524093 0.599203 0.524315 0.599755 0.523931 0.600508 0.523931 0.602013 0.523481 0.603435 0.522741 0.605612 0.522444 0.608914 0.522412 0.610630 0.521403
1 0.608706 0.487648 0.609826 0.487329 0.611635 0.487662 0.613760 0.487995 0.616323 0.487995 0.619070 0.487995 0.619570 0.487662 0.619695 0.486995 0.619695 0.486218 0.619070 0.486218 0.615385 0.486106 0.613760 0.486106 0.612510 0.485884 0.611135 0.485440 0.609013 0.485440 0.607576 0.486218 0.603138 0.489880 0.601766 0.491102 0.600516 0.492102 0.599516 0.497102 0.597953 0.501546 0.597016 0.503986 0.596016 0.505986 0.594891 0.506653 0.594081 0.507208 0.594143 0.508431 0.595203 0.508097 0.596391 0.507319 0.597516 0.505875 0.598516 0.503097 0.599766 0.499546 0.600766 0.496657 0.601094 0.493597 0.602977 0.491481 0.605945 0.489134
1 0.506742 0.427069 0.509258 0.430509 0.510727 0.432435 0.513320 0.436301 0.514294 0.436468 0.517263 0.438579 0.520828 0.443380 0.523906 0.448083 0.524716 0.450579 0.525633 0.454995 0.526174 0.458935 0.526120 0.459796 0.528172 0.460565 0.527523 0.455380 0.526745 0.450741 0.525456 0.446773 0.524828 0.445287 0.523328 0.442620 0.523190 0.440389 0.524141 0.440787 0.528419 0.442000 0.534172 0.442065 0.533982 0.440375 0.528203 0.440463 0.523724 0.438704 0.520104 0.436519 0.517935 0.434593 0.516771 0.433519 0.514107 0.430398 0.513409 0.428944 0.512781 0.424611 0.512724 0.418829 0.513536 0.414509 0.513971 0.413065 0.514349 0.411843 0.514406 0.411171 0.513661 0.410727 0.513091 0.412722 0.512219 0.415731 0.511716 0.419051 0.511599 0.422718 0.511784 0.426606 0.512219 0.429273 0.511599 0.429167 0.510536 0.426056 0.509906 0.424384 0.508617 0.423074 0.503339 0.412921 0.501242 0.411255 0.499784 0.410620 0.495477 0.409727 0.492310 0.409694 0.486586 0.407296 0.486531 0.406046 0.484102 0.408065 0.484805 0.409213 0.492318 0.411528 0.496784 0.412292 0.499935 0.412616 0.502174 0.414671 0.507958 0.424954
1 0.498091 0.382194 0.498091 0.385023 0.497872 0.387977 0.497729 0.391190 0.497151 0.393245 0.497367 0.396074 0.497656 0.397491 0.495995 0.400315 0.495995 0.401856 0.496935 0.401472 0.497802 0.400185 0.498885 0.401472 0.498885 0.404171 0.498885 0.406356 0.498523 0.407898 0.494766 0.407898 0.495477 0.409727 0.499784 0.410620 0.501242 0.411255 0.503917 0.409968 0.504641 0.409968 0.505435 0.411639 0.506013 0.413694 0.507026 0.415106 0.508398 0.416134 0.508977 0.417806 0.509875 0.417537 0.510813 0.415736 0.512219 0.415731 0.513091 0.412722 0.513661 0.410727 0.513490 0.409185 0.511826 0.408157 0.509078 0.408542 0.506331 0.408282 0.505031 0.407514 0.504018 0.405972 0.502427 0.406486 0.501271 0.406870 0.500258 0.406356 0.500331 0.402759 0.500693 0.400444 0.501836 0.397343 0.502589 0.394222 0.501198 0.395176 0.500404 0.396718 0.499826 0.398389 0.499102 0.398773 0.498742 0.395944 0.498596 0.393634 0.498812 0.392093 0.499247 0.381810 0.500211 0.381551 0.506958 0.373551 0.509953 0.368690 0.509086 0.367787 0.505544 0.373056 0.499471 0.380255 0.499456 0.374431 0.500354 0.372440 0.500917 0.369856 0.501141 0.366065 0.502484 0.359102 0.501812 0.358306 0.499125 0.367468 0.497779 0.370255 0.497331 0.376028 0.498003 0.380407 0.494201 0.382352 0.491940 0.386532 0.490000 0.390444 0.488836 0.393208 0.488443 0.395977 0.488185 0.397356 0.489180 0.397787 0.491500 0.390579 0.493169 0.386361 0.494102 0.384593
6 0.567057 0.726435 0.555844 0.717602 0.554495 0.716681 0.553250 0.717602 0.552419 0.719444 0.552315 0.724241 0.554599 0.726088 0.563841 0.732542 0.571102 0.737519 0.604539 0.761838 0.614117 0.769176 0.619641 0.763523 0.616435 0.761310 0.607867 0.755148
8 0.599591 0.602333 0.598734 0.597491 0.596047 0.581764 0.595393 0.578843 0.592096 0.557523 0.590875 0.558611 0.589503 0.558611 0.589878 0.560958 0.588857 0.569287 0.591654 0.585991 0.593299 0.598032 0.596299 0.616616 0.601234 0.643282 0.602010 0.644486 0.603945 0.645005 0.605396 0.644486 0.606849 0.642250 0.606753 0.639671
6 0.538312 0.714500 0.545159 0.731435 0.552938 0.746556 0.555740 0.744157 0.555427 0.740102 0.555427 0.740102 0.546714 0.722213 0.539299 0.704727 0.537904 0.702329 0.537904 0.702329 0.525034 0.672565 0.522057 0.666019 0.522057 0.666019 0.517297 0.655000 0.511698 0.641662 0.511094 0.642444 0.536831 0.706440
6 0.516029 0.406606 0.506583 0.407472 0.505031 0.407514 0.504018 0.405972 0.502427 0.406486 0.501271 0.406870 0.500258 0.406356 0.500331 0.402759 0.501326 0.402995 0.502169 0.403588 0.508602 0.402546 0.516271 0.401523 0.518531 0.400926 0.519031 0.401523 0.519031 0.403454 0.518362 0.405537 0.518112 0.406875
6 0.478474 0.413343 0.476547 0.416556 0.476062 0.416384 0.475385 0.411051 0.479435 0.407009 0.483518 0.403574 0.492977 0.396426 0.497151 0.393245 0.497367 0.396074 0.497656 0.397491 0.489125 0.404417 0.486531 0.406046 0.484102 0.408065 0.482049 0.409884 0.482049 0.409884
5 0.467187 0.323644 0.465797 0.326361 0.465104 0.330310 0.464547 0.333028 0.462742 0.335000 0.460242 0.338208 0.458437 0.341667 0.457049 0.348088 0.456909 0.352282 0.457326 0.360926 0.457326 0.366106 0.451909 0.358704 0.449549 0.357222 0.446771 0.356972 0.443578 0.359935 0.443578 0.365120 0.444549 0.369319 0.445661 0.373023 0.448716 0.374255 0.452049 0.375986 0.454966 0.376972 0.456216 0.377958 0.457049 0.380181 0.458299 0.381662 0.463438 0.381167 0.463714 0.382898 0.458576 0.384130 0.458576 0.386847 0.460380 0.387833 0.460938 0.392773 0.460659 0.395981 0.454688 0.402153 0.448716 0.407833 0.447448 0.408981 0.449828 0.413264 0.453716 0.417463 0.454966 0.420176 0.456909 0.421412 0.456492 0.426102 0.454826 0.432273 0.456076 0.436227 0.458716 0.439681 0.460242 0.441407 0.462464 0.439926 0.463297 0.435977 0.464409 0.431782 0.468435 0.421907 0.469826 0.417463 0.470935 0.414005 0.472135 0.411435 0.474427 0.401667 0.475797 0.401662 0.483297 0.362157 0.487740 0.338458 0.487044 0.334755 0.486768 0.328583 0.486073 0.322162 0.484544 0.317718 0.483573 0.316977 0.482602 0.314755 0.480518 0.309569 0.479823 0.307597 0.476352 0.306606 0.475659 0.308829 0.474547 0.316977 0.473018 0.323889 0.470935 0.329569 0.469268 0.331546
5 0.555599 0.481389 0.556836 0.479435 0.575750 0.474829 0.597656 0.469074 0.599070 0.470917 0.599719 0.476213 0.599849 0.487958 0.596349 0.499477 0.592594 0.506384 0.591042 0.510000 0.590391 0.510991 0.589872 0.522509 0.590648 0.532412 0.588706 0.540241 0.588187 0.543468 0.585339 0.543468 0.582875 0.543236 0.578859 0.546463 0.577693 0.548306 0.569273 0.548306 0.565773 0.551069 0.563182 0.552449 0.556964 0.554292 0.554115 0.556366 0.551005 0.558440 0.538698 0.563046 0.534292 0.563046 0.526906 0.564194 0.520430 0.564889 0.516542 0.566500 0.514599 0.565810 0.513174 0.563273 0.509935 0.563046 0.501125 0.562125 0.498404 0.560972 0.496331 0.559130 0.499427 0.545046 0.500089 0.538630 0.500477 0.530338 0.502464 0.520185 0.504487 0.511958 0.505573 0.508102 0.506367 0.506431 0.524393 0.494639 0.538612 0.490176 0.544299 0.487796 0.549320 0.487222 0.554180 0.485125
5 0.453357 0.214727 0.457187 0.214787 0.456964 0.235287 0.457747 0.246236 0.456740 0.251611 0.458643 0.259574 0.460995 0.268532 0.462115 0.277093 0.462227 0.288440 0.456964 0.296403 0.453940 0.297597 0.452708 0.299588 0.451477 0.302176 0.449685 0.302972 0.448341 0.306954 0.448341 0.309741 0.448229 0.312329 0.449237 0.315514 0.446885 0.318102 0.443862 0.320491 0.439943 0.322083 0.438263 0.320093 0.437034 0.318102 0.434794 0.315514 0.437143 0.314319 0.436362 0.311134 0.435242 0.309144 0.433674 0.308546 0.431099 0.309343 0.428971 0.309741 0.428859 0.321884 0.427740 0.323477 0.424828 0.323676 0.423036 0.322880 0.423372 0.318500 0.425836 0.311931 0.426396 0.305759 0.426508 0.299190 0.427068 0.291824 0.426956 0.279282 0.428859 0.272116 0.429531 0.267338 0.430948 0.258486 0.433792 0.256644 0.443510 0.245356 0.447526 0.239144 0.449992 0.240528 0.453750 0.238903 0.454526 0.234995 0.453750 0.230162 0.453229 0.225773 0.452711 0.223245 0.453615 0.219560 0.454008 0.217255
5 0.485935 0.301917 0.483573 0.296241 0.480656 0.291301 0.477323 0.285625 0.475797 0.282907 0.473992 0.281426 0.473159 0.281426 0.471857 0.282667 0.470659 0.289574 0.468992 0.294019 0.467880 0.298954 0.467742 0.302167 0.470242 0.305375 0.469547 0.308829 0.468435 0.311051 0.466630 0.313273 0.465104 0.314509 0.466076 0.319694 0.466771 0.322162 0.469268 0.331546 0.470935 0.329569 0.473018 0.323889 0.474547 0.316977 0.475659 0.308829 0.476352 0.306606 0.479823 0.307597 0.480518 0.309569 0.482602 0.314755 0.483573 0.316977 0.484544 0.317718 0.484268 0.303648 0.484685 0.301671 0.484685 0.301671
5 0.449237 0.315514 0.450883 0.317667 0.449758 0.321949 0.449276 0.326236 0.444776 0.327380 0.444294 0.330519 0.444615 0.333662 0.446544 0.338806 0.446544 0.342806 0.443974 0.345375 0.439956 0.347375 0.439794 0.348231 0.439794 0.350801 0.439956 0.355944 0.440599 0.360227 0.443578 0.365120 0.443578 0.359935 0.446771 0.356972 0.449549 0.357222 0.451909 0.358704 0.457326 0.366106 0.457326 0.360926 0.456909 0.352282 0.457049 0.348088 0.458437 0.341667 0.460242 0.338208 0.462742 0.335000 0.464547 0.333028 0.465104 0.330310 0.465797 0.326361 0.467187 0.323644 0.466771 0.322162 0.466076 0.319694 0.465104 0.314509 0.466630 0.313273 0.468435 0.311051 0.469547 0.308829 0.470242 0.305375 0.467742 0.302167 0.467880 0.298954 0.468992 0.294019 0.470659 0.289574 0.471857 0.282667 0.464466 0.288440 0.462339 0.295009 0.456964 0.296403 0.453940 0.297597 0.452708 0.299588 0.451477 0.302176 0.449685 0.302972 0.448341 0.306954 0.448341 0.309741 0.448229 0.312329
5 0.438263 0.320093 0.438862 0.323352 0.441503 0.323778 0.443302 0.324630 0.444263 0.326551 0.444776 0.327380 0.444294 0.330519 0.444615 0.333662 0.446544 0.338806 0.446544 0.342806 0.443974 0.345375 0.439956 0.347375 0.439794 0.348231 0.431659 0.349384 0.428898 0.351088 0.427818 0.352583 0.426859 0.357491 0.425539 0.359625 0.422898 0.359625 0.420497 0.360690 0.419656 0.364106 0.417497 0.367093 0.413417 0.369227 0.411375 0.370296 0.410174 0.372644 0.408974 0.374134 0.406453 0.374991 0.395651 0.345116 0.404294 0.341699 0.408495 0.339139 0.413294 0.337861 0.416307 0.335685 0.417990 0.334829 0.419909 0.333551 0.422070 0.330991 0.427740 0.323477 0.428859 0.321884 0.428971 0.309741 0.431099 0.309343 0.433674 0.308546 0.435242 0.309144 0.436362 0.311134 0.437143 0.314319 0.434794 0.315514 0.437034 0.318102
5 0.592096 0.557523 0.595393 0.578843 0.597914 0.575167 0.602589 0.572477 0.608526 0.569356 0.611883 0.566824 0.614971 0.565787 0.610534 0.535458 0.612708 0.534421 0.612289 0.532926 0.608706 0.532926 0.606023 0.533088 0.604763 0.533088 0.603924 0.534875 0.603174 0.535912 0.601586 0.535458 0.600161 0.533380 0.598828 0.531435 0.597492 0.531597 0.599044 0.537019 0.602659 0.547171 0.602516 0.548588 0.599260 0.551412 0.597310 0.552315 0.595576 0.554500 0.593839 0.556042
5 0.640951 0.588824 0.635253 0.580792 0.631833 0.576329 0.628143 0.572315 0.624966 0.569639 0.622372 0.568153 0.618617 0.566963 0.615096 0.567556 0.619781 0.600125 0.622039 0.612167 0.623292 0.618856 0.622792 0.624213 0.621964 0.627630 0.621703 0.630903 0.621703 0.633431 0.621797 0.633727 0.622297 0.633579
5 0.621797 0.633727 0.626570 0.639611 0.630443 0.645273 0.630943 0.645495 0.633693 0.649606 0.633818 0.651162 0.630818 0.657718 0.629818 0.661269 0.630193 0.663713 0.637065 0.681042 0.642253 0.692037 0.641190 0.694037 0.647813 0.707255 0.647562 0.708366 0.645875 0.707255 0.644687 0.706921 0.644062 0.707810 0.642190 0.714810 0.642253 0.716917 0.642753 0.718139 0.642128 0.721472 0.637628 0.721917 0.636440 0.723361 0.635690 0.725583 0.633755 0.729361 0.632693 0.733912 0.632380 0.735468 0.631630 0.733690 0.629505 0.734134 0.627328 0.734199 0.626799 0.728116 0.626083 0.724241 0.625669 0.722583 0.625669 0.718338 0.623508 0.714588 0.627005 0.708810 0.624070 0.701699 0.613010 0.682375 0.613010 0.680264 0.613180 0.665569 0.613516 0.648250 0.614523 0.645264 0.616651 0.644667 0.618331 0.643273 0.620234 0.637500
11 0.612971 0.499991 0.625352 0.529579 0.626690 0.532556 0.627776 0.533745 0.628445 0.535824 0.629784 0.543856 0.633464 0.555306 0.638232 0.566162 0.644263 0.577597 0.649568 0.591181 0.653154 0.596750 0.653828 0.598648 0.659245 0.609722 0.662557 0.617171 0.662120 0.619282 0.661557 0.621838 0.661370 0.624394 0.661870 0.626060 0.663661 0.627292 0.666159 0.625407 0.668883 0.623394 0.669638 0.620972 0.669714 0.617338 0.670036 0.614685 0.669714 0.612245 0.669109 0.612171 0.667211 0.613606 0.666365 0.614685 0.666206 0.615042 0.662081 0.605282 0.656854 0.596093 0.646490 0.567616 0.628971 0.525120 0.619622 0.501324 0.615648 0.492968 0.613760 0.487995 0.611635 0.487662 0.609826 0.487329 0.609826 0.487329 0.608706 0.487648
1 0.604818 0.686991 0.606258 0.687171 0.607003 0.687361 0.607003 0.687361 0.606036 0.685815 0.602938 0.680481 0.595138 0.666681 0.593299 0.661694 0.591268 0.653606 0.587492 0.642250 0.585750 0.637778 0.582750 0.635199 0.579750 0.633648 0.577294 0.634241 0.575836 0.635389 0.574865 0.637792 0.574758 0.639134 0.574109 0.643167 0.574898 0.648384 0.576836 0.655051 0.571711 0.655940 0.568385 0.656417 0.567143 0.657565 0.566224 0.658144 0.564875 0.658718 0.563471 0.658620 0.562500 0.657250 0.556901 0.660634 0.553073 0.663009 0.548549 0.668093 0.545260 0.673769 0.542646 0.680995 0.539839 0.690801 0.537904 0.702329 0.539299 0.704727 0.541091 0.692583 0.543219 0.683824 0.544958 0.678968 0.548346 0.672255 0.552315 0.666750 0.556380 0.663481 0.560638 0.660727 0.562185 0.659870 0.564526 0.660972 0.565865 0.660972 0.567453 0.659630 0.572052 0.657995 0.577073 0.657102 0.578411 0.656657 0.582552 0.655324 0.582083 0.653051 0.578211 0.653940 0.576711 0.649495 0.575898 0.643389 0.575898 0.640278 0.576086 0.638278 0.577586 0.635944 0.579458 0.635944 0.581646 0.636944 0.584083 0.638944 0.585490 0.640477 0.591102 0.658889 0.594393 0.668523
6 0.673198 0.583139 0.677518 0.598912 0.681245 0.618208 0.679896 0.619356 0.675414 0.599102 0.672227 0.586333
6 0.672523 0.581542 0.668898 0.567880 0.666089 0.562102 0.661776 0.554662 0.654542 0.544185 0.640297 0.524972 0.639078 0.522306 0.618034 0.493736 0.616221 0.492069 0.615648 0.492968 0.619622 0.501324 0.630250 0.517259 0.644924 0.537310 0.647312 0.539366 0.655698 0.550671 0.662781 0.561727 0.667815 0.572227 0.670995 0.582782 0.671497 0.584421 0.672323 0.583028
1 0.511396 0.437856 0.510276 0.449801 0.509839 0.461194 0.510344 0.469806 0.510560 0.473019 0.512078 0.474176 0.511677 0.464213 0.512294 0.450486 0.512294 0.442903 0.512620 0.437139
6 0.408622 0.230949 0.404776 0.239426 0.403802 0.242685 0.402266 0.245671 0.398083 0.254296 0.396570 0.259389 0.388732 0.277801 0.379854 0.300921 0.381617 0.306824 0.382383 0.306102 0.392109 0.281759 0.399271 0.264208 0.400544 0.260509 0.410130 0.234963
2 0.484128 0.244199 0.476451 0.284250 0.475797 0.282907 0.473992 0.281426 0.473159 0.281426 0.471857 0.282667 0.472753 0.276296 0.480479 0.234093 0.482495 0.227727 0.487724 0.229032
13 0.427083 0.254204 0.423844 0.260653 0.420125 0.264120 0.415674 0.263435 0.413062 0.260852 0.412964 0.248639 0.415674 0.247606 0.418771 0.246056 0.421286 0.245093 0.423312 0.247662 0.424859 0.251352
2 0.507188 0.391394 0.508016 0.393329 0.516966 0.383898 0.525664 0.375722 0.532724 0.369810 0.531615 0.363741 0.531615 0.363741 0.531286 0.360699 0.528414 0.363477 0.523602 0.368144 0.507732 0.382694 0.504797 0.385917 0.505109 0.387694 0.506234 0.386917 0.507982 0.388472 0.507794 0.390468
5 0.605945 0.489134 0.608706 0.487648 0.612971 0.499991 0.613055 0.515009 0.612552 0.517537 0.610630 0.521403 0.608914 0.522412 0.608831 0.520333 0.602977 0.491481
5 0.608914 0.522412 0.605612 0.522444 0.603435 0.522741 0.602013 0.523481 0.600508 0.523931 0.599755 0.523931 0.599755 0.520657 0.599672 0.514708 0.599755 0.505935 0.600591 0.497759 0.601094 0.493597 0.602977 0.491481 0.608831 0.520333
5 0.591042 0.510000 0.599044 0.537019 0.602659 0.547171 0.602516 0.548588 0.599260 0.551412 0.597310 0.552315 0.595576 0.554500 0.593839 0.556042 0.590875 0.558611 0.589503 0.558611 0.586539 0.543444 0.588187 0.543468 0.588706 0.540241 0.590648 0.532412 0.589872 0.522509 0.590391 0.510991
7 0.478018 0.162065 0.475987 0.144000 0.478987 0.142106 0.495341 0.161546 0.495341 0.163782
10 0.534807 0.278519 0.546602 0.291454 0.547604 0.291454 0.552792 0.297255 0.555133 0.301120 0.555049 0.302755 0.549362 0.315843 0.545513 0.324912 0.530792 0.307218 0.533385 0.301713 0.534388 0.297995 0.534807 0.294278 0.535057 0.286102 0.535057 0.282829
10 0.500021 0.236750 0.492326 0.228125 0.489565 0.229032 0.487724 0.229032 0.484128 0.244199 0.488729 0.252065
10 0.504695 0.245060 0.502604 0.242532 0.495495 0.253093 0.498422 0.257995 0.500263 0.260523 0.502940 0.264241 0.506620 0.271231
2 0.432370 0.206667 0.430763 0.165815 0.431659 0.165417 0.433674 0.165815 0.434234 0.166014 0.434346 0.168005 0.435018 0.169000 0.435914 0.169199 0.436362 0.166014 0.436810 0.165417 0.437815 0.165417 0.439943 0.200852
5 0.457187 0.214787 0.473312 0.219565 0.486078 0.223546 0.493021 0.223546 0.494477 0.224343 0.497948 0.229718 0.500857 0.230514 0.503544 0.229917 0.506008 0.224741 0.506008 0.222352 0.506680 0.216977 0.510487 0.206227 0.512391 0.202245 0.514742 0.198662 0.514406 0.193088 0.514742 0.181940 0.515526 0.178157 0.514742 0.171389 0.513622 0.170194 0.507799 0.166810 0.495341 0.163782 0.478018 0.162065 0.474432 0.161037 0.463458 0.162630 0.460323 0.163824 0.453380 0.168204 0.446885 0.173380 0.442966 0.179949 0.441063 0.183931 0.439159 0.188111 0.439943 0.200852 0.444932 0.196764 0.445711 0.196986 0.446622 0.202741 0.450378 0.212421 0.451674 0.213806 0.453357 0.214727
5 0.410667 0.329921 0.408867 0.313491 0.410427 0.308583 0.412589 0.309866 0.414388 0.310931 0.417148 0.310931 0.419310 0.310292 0.421109 0.310079 0.421349 0.314134 0.422549 0.315199 0.423750 0.316694 0.423372 0.318500 0.423036 0.322880 0.424828 0.323676 0.427740 0.323477 0.422070 0.330991 0.419909 0.333551 0.417990 0.334829 0.416307 0.335685
5 0.408867 0.313491 0.407534 0.303505 0.408255 0.302653 0.411375 0.301588 0.414016 0.301157 0.417255 0.300731 0.419776 0.299241 0.420977 0.297319 0.421096 0.294116 0.420737 0.293051 0.422177 0.290491 0.421096 0.288356 0.421578 0.286435 0.423617 0.286861 0.424938 0.286009 0.425177 0.281954 0.426956 0.279282 0.427068 0.291824 0.426508 0.299190 0.426396 0.305759 0.425836 0.311931 0.423750 0.316694 0.422549 0.315199 0.421349 0.314134 0.421109 0.310079 0.419310 0.310292 0.417148 0.310931 0.414388 0.310931 0.412589 0.309866 0.410427 0.308583
5 0.405966 0.284833 0.406190 0.291134 0.406383 0.292338 0.405706 0.295954 0.404836 0.300426 0.407534 0.303505 0.408255 0.302653 0.411375 0.301588 0.414016 0.301157 0.417255 0.300731 0.419776 0.299241 0.420977 0.297319 0.421096 0.294116 0.420737 0.293051 0.422177 0.290491 0.421096 0.288356 0.421578 0.286435 0.423617 0.286861 0.424938 0.286009 0.425177 0.281954 0.426956 0.279282 0.428859 0.272116 0.429531 0.267338 0.430948 0.258486 0.430063 0.257194 0.428378 0.260880 0.425529 0.264565 0.422937 0.267102 0.421771 0.268250 0.418531 0.277463 0.416331 0.280458
1 0.389469 0.241356 0.389836 0.244898 0.389602 0.247866 0.388732 0.254917 0.387474 0.260421 0.386120 0.267819 0.388732 0.267819 0.391539 0.255435 0.392505 0.250787 0.392437 0.246958 0.391979 0.244185 0.391643 0.242102 0.391060 0.238384 0.380185 0.211171 0.378513 0.213106 0.389469 0.240468
1 0.389469 0.241356 0.389836 0.244898 0.389602 0.247866 0.388151 0.246144 0.383797 0.242875 0.381172 0.241157 0.377313 0.240468 0.372570 0.240468 0.367344 0.242185 0.361344 0.246657 0.359776 0.242102 0.367305 0.237343 0.373242 0.235412 0.380268 0.236005 0.387211 0.238977
5 0.388732 0.277801 0.379854 0.300921 0.375086 0.286745 0.375086 0.286745 0.382828 0.281931
5 0.554391 0.331574 0.555664 0.335269 0.555732 0.338245 0.555732 0.341102 0.555531 0.342889 0.555932 0.346458 0.558813 0.355986 0.553253 0.353245 0.551914 0.353481 0.550307 0.352769 0.549370 0.351699 0.548096 0.349912 0.547359 0.350866 0.547964 0.352412 0.547427 0.354315 0.546758 0.357532 0.545820 0.363245 0.540128 0.358486 0.536443 0.355745 0.535706 0.355269 0.535310 0.353375 0.534581 0.348222 0.533760 0.344421 0.534846 0.340977 0.535000 0.336569 0.534148 0.331884 0.535310 0.330370 0.537169 0.329130 0.538953 0.330370 0.540115 0.332301 0.541820 0.332852 0.544143 0.332713 0.546237 0.331199 0.552125 0.327338 0.552745 0.325685
10 0.523594 0.265370 0.507031 0.247269 0.508042 0.263796 0.515234 0.264241 0.518497 0.266769
2 0.443307 0.430787 0.454987 0.431287 0.454826 0.432273 0.456076 0.436227 0.458716 0.439681 0.460242 0.441407 0.462464 0.439926 0.463297 0.441065 0.460547 0.443398 0.458612 0.443843 0.457799 0.440287 0.456862 0.441176 0.457737 0.445505 0.453737 0.447171 0.453112 0.444065 0.450615 0.443509 0.448990 0.442843 0.448365 0.442398 0.447188 0.440185 0.445490 0.437731 0.444055 0.437398 0.442617 0.438398 0.441589 0.435898 0.442508 0.433370
1 0.475859 0.427222 0.480755 0.425343 0.491661 0.419199 0.491661 0.419199 0.491229 0.425056 0.491174 0.425014 0.490367 0.424190 0.480430 0.429662 0.474930 0.432009 0.472289 0.433764 0.472193 0.428773
1 0.475797 0.401662 0.474427 0.401667 0.472135 0.411435 0.467534 0.435806 0.466083 0.441662 0.464003 0.451440 0.460773 0.468199 0.457898 0.481528 0.460336 0.482639
1 0.428789 0.388426 0.435737 0.387403 0.458576 0.384130 0.463714 0.382898 0.463438 0.381167 0.458299 0.381662 0.457667 0.380926 0.435193 0.384097 0.428039 0.385671 0.420635 0.387181 0.420536 0.390296
2 0.428789 0.388426 0.435737 0.387403 0.436201 0.388917 0.437208 0.391398 0.437208 0.392361 0.435193 0.393324 0.433799 0.394704 0.432094 0.396495 0.431474 0.397736 0.430544 0.399662 0.429461 0.401181 0.428763 0.402833 0.428297 0.404347 0.428219 0.405171 0.425388 0.405769 0.425789 0.405148 0.424638 0.403190 0.423687 0.400880 0.423036 0.397676 0.428891 0.390028 0.428990 0.389139
1 0.402891 0.327454 0.413294 0.337861 0.416307 0.335685 0.410667 0.329921 0.402773 0.322958 0.397549 0.316648 0.395893 0.315495 0.395081 0.319157 0.395206 0.320454
2 0.553758 0.428662 0.554404 0.429528 0.555484 0.430296 0.556781 0.430106 0.557698 0.429722 0.560122 0.433176 0.560453 0.438745 0.556133 0.439991 0.555378 0.441338 0.551440 0.437764 0.550141 0.436866 0.547971 0.435838 0.545586 0.434810 0.544573 0.434681 0.543424 0.434810 0.544049 0.432481 0.545055 0.431736 0.546977 0.430843 0.547729 0.428912 0.548701 0.428167 0.550508 0.428296 0.548242 0.429949 0.548784 0.431773
1 0.535703 0.458148 0.530628 0.492801 0.529096 0.493120 0.531419 0.478324 0.533073 0.464815 0.534380 0.456532 0.535148 0.452167
1 0.561042 0.575486 0.559750 0.574699 0.554885 0.576542 0.574164 0.586620 0.574865 0.584125 0.575026 0.582782 0.574758 0.581917
1 0.549755 0.578944 0.570599 0.596125 0.570438 0.598046 0.569844 0.598815 0.569086 0.599296 0.553966 0.586815 0.545974 0.580958 0.546557 0.580343 0.546557 0.580343
1 0.499427 0.545046 0.487354 0.538560 0.476221 0.533421 0.475138 0.535093 0.474922 0.536250 0.484609 0.541259 0.486922 0.542287 0.492708 0.545764 0.498612 0.549037
2 0.497805 0.348968 0.496875 0.349106 0.497031 0.357370 0.508266 0.357648 0.522370 0.357782 0.526477 0.357921 0.528336 0.358611 0.529807 0.359713 0.531125 0.360815 0.532674 0.360542 0.534380 0.361093 0.536318 0.363431 0.538797 0.368116 0.539648 0.370597 0.544453 0.375829 0.549878 0.385338 0.552901 0.389745 0.557781 0.399250 0.559719 0.403384 0.561193 0.408204 0.561656 0.411375 0.563052 0.413301 0.567312 0.424324 0.568552 0.428181 0.568010 0.430384 0.569792 0.433690 0.571109 0.434931 0.573745 0.442370 0.575294 0.446639 0.576844 0.448019 0.579247 0.448292 0.581107 0.450634 0.582424 0.454630 0.582888 0.458898 0.583276 0.463032 0.583896 0.464824 0.586685 0.466616 0.587615 0.465514 0.587073 0.462204 0.585987 0.457245 0.585214 0.453801 0.585135 0.451185 0.585445 0.448569 0.585987 0.446917 0.577698 0.431759 0.573203 0.420602 0.568630 0.407241 0.566693 0.402005 0.566312 0.397296 0.565039 0.393130 0.563701 0.390153 0.560620 0.385273 0.559482 0.383606 0.557607 0.380750 0.555596 0.375509 0.554190 0.372417 0.551982 0.369676 0.549167 0.366819 0.547495 0.364676 0.545820 0.363245 0.540128 0.358486 0.536443 0.355745 0.535706 0.355269 0.535310 0.353375 0.532365 0.354204
5 0.521372 0.358426 0.519805 0.360824 0.518560 0.364329 0.518560 0.367648 0.518560 0.370968 0.518664 0.372810 0.514826 0.375208 0.501133 0.357505 0.508266 0.357648
5 0.503544 0.229917 0.500021 0.236750 0.492326 0.228125 0.489565 0.229032 0.487724 0.229032 0.482495 0.227727 0.480479 0.234093 0.472753 0.276296 0.471857 0.282667 0.464466 0.288440 0.462339 0.295009 0.456964 0.296403 0.462227 0.288440 0.462115 0.277093 0.460995 0.268532 0.458643 0.259574 0.456740 0.251611 0.457747 0.246236 0.456964 0.235287 0.457187 0.214787 0.473312 0.219565 0.486078 0.223546 0.493021 0.223546 0.494477 0.224343 0.497948 0.229718 0.500857 0.230514
5 0.523719 0.308199 0.523531 0.309431 0.520201 0.316319 0.518341 0.323898 0.516479 0.330648 0.515240 0.334088 0.513458 0.335745 0.511909 0.336981 0.510513 0.338361 0.510466 0.338255 0.510055 0.338718 0.510055 0.338718 0.509260 0.338333 0.510607 0.343792 0.509661 0.345384 0.507880 0.339875 0.507492 0.337810 0.505547 0.336528 0.501602 0.334639 0.500052 0.337120 0.499820 0.341255 0.497805 0.348968 0.532365 0.354204 0.535310 0.353375 0.534612 0.348278 0.533760 0.344421 0.534846 0.340977 0.535000 0.336569 0.534148 0.331884 0.535310 0.330370 0.537169 0.329130 0.538953 0.330370 0.540115 0.332301 0.541820 0.332852 0.544143 0.332713 0.546237 0.331199 0.552125 0.327338 0.552745 0.325685 0.552513 0.323069 0.551427 0.321968 0.550807 0.319074 0.550109 0.316731 0.549362 0.315843 0.545513 0.324912 0.530792 0.307218 0.530081 0.306921 0.528281 0.304574 0.526120 0.304148 0.525159 0.305639
5 0.535042 0.589894 0.535552 0.588926 0.539917 0.587255 0.544398 0.585338 0.545208 0.581977 0.545974 0.580958 0.553966 0.586815 0.569086 0.599296 0.569844 0.598815 0.570438 0.598046 0.570599 0.596125 0.549755 0.578944 0.554885 0.576542 0.574164 0.586620 0.574865 0.584125 0.575026 0.582782 0.574758 0.581917 0.561042 0.575486 0.567305 0.574333 0.569086 0.574431 0.570060 0.576829 0.571948 0.578269 0.573570 0.576926 0.574000 0.575005 0.584638 0.577407 0.583451 0.588829 0.582880 0.595338 0.582880 0.595338 0.581977 0.603366 0.580526 0.605431 0.580427 0.608528 0.580526 0.613690 0.580622 0.619023 0.579846 0.627477 0.579945 0.632102 0.579750 0.633648 0.577294 0.634241 0.575836 0.635389 0.574865 0.637792 0.574758 0.639134 0.574109 0.643167 0.574000 0.645181 0.570438 0.653440 0.568385 0.656417 0.567143 0.657565 0.566224 0.658144 0.564875 0.658718 0.563471 0.658620 0.562500 0.657250 0.561716 0.651676 0.560820 0.648690 0.558133 0.644310 0.556341 0.638537 0.555669 0.632963 0.555333 0.625398 0.554214 0.620222 0.553318 0.613852 0.551526 0.602704 0.548615 0.590361 0.544583 0.591755 0.544023 0.596532 0.543971 0.597958 0.542159 0.595847 0.541409 0.594958 0.539784 0.594736 0.537786 0.594736 0.535448 0.595338 0.534440 0.592949 0.533117 0.591083 0.533117 0.591083
5 0.558813 0.355986 0.564839 0.373606 0.566714 0.379319 0.565375 0.380630 0.566714 0.385273 0.568656 0.387537 0.570130 0.397296 0.569260 0.398370 0.567719 0.398606 0.566917 0.398727 0.566312 0.397296 0.565039 0.393130 0.563701 0.390153 0.560620 0.385273 0.559482 0.383606 0.557607 0.380750 0.555596 0.375509 0.554190 0.372417 0.551982 0.369676 0.549167 0.366819 0.547495 0.364676 0.545820 0.363245 0.546758 0.357532 0.547427 0.354315 0.547964 0.352412 0.547359 0.350866 0.548096 0.349912 0.549370 0.351699 0.550307 0.352769 0.551914 0.353481 0.553253 0.353245
2 0.496906 0.304139 0.484685 0.301671 0.484268 0.303648 0.484544 0.317718 0.486073 0.322162 0.486768 0.328583 0.487044 0.334755 0.487740 0.338458 0.489961 0.326606 0.491490 0.326606 0.493156 0.326606 0.494128 0.326361 0.494266 0.322657 0.495378 0.320190 0.497461 0.317472 0.498849 0.315991 0.499266 0.314755 0.498711 0.309079
10 0.428039 0.385671 0.428190 0.383181 0.427789 0.380245 0.426940 0.378468 0.425990 0.376778 0.424789 0.375977 0.423187 0.375889 0.421487 0.376690 0.420885 0.377398 0.421036 0.375264 0.420185 0.373662 0.418685 0.371972 0.417534 0.370907 0.416734 0.369218 0.416234 0.368505 0.415633 0.368148 0.413417 0.369227 0.411375 0.370296 0.410174 0.372644 0.408974 0.374134 0.406453 0.374991 0.418734 0.407458 0.420135 0.404972 0.421737 0.404259 0.423086 0.406037 0.423286 0.406662 0.425388 0.405769 0.425789 0.405148 0.424638 0.403190 0.423687 0.400880 0.423036 0.397676 0.428891 0.390028 0.428990 0.389139 0.428789 0.388426 0.420536 0.390296 0.420635 0.387181
5 0.571419 0.784440 0.596740 0.832926 0.595943 0.833403 0.595198 0.832926 0.594534 0.830773 0.593190 0.830074 0.591315 0.829833 0.589846 0.829593 0.588977 0.828162 0.588240 0.826264 0.586760 0.826375 0.584484 0.827329 0.581677 0.826963 0.578997 0.826134 0.576586 0.825546 0.574638 0.825069 0.572094 0.825069 0.567404 0.825069 0.565065 0.824477 0.563987 0.823634 0.554349 0.784472 0.555417 0.783514 0.558169 0.782560 0.560107 0.781727 0.561781 0.781014 0.563521 0.781014 0.564867 0.781602 0.566875 0.783162 0.568750 0.784472 0.569888 0.784949
5 0.574375 0.778843 0.579609 0.779815 0.582995 0.779676 0.582648 0.776356 0.588388 0.767750 0.590362 0.765190 0.592151 0.765190 0.600315 0.767903 0.603268 0.769653 0.606323 0.772370 0.608471 0.774597 0.610172 0.775713 0.612685 0.772046 0.614117 0.769176 0.614661 0.768380 0.624880 0.758333 0.627578 0.759440 0.630172 0.760722 0.633078 0.761653 0.634630 0.762750 0.635878 0.764227 0.617305 0.822505 0.604448 0.834495
3 0.567057 0.726639 0.573073 0.708380 0.578260 0.700819 0.579401 0.698792 0.580542 0.695472 0.582721 0.694551 0.588427 0.691231 0.589870 0.690310 0.590708 0.687171 0.592057 0.685514 0.595169 0.684222 0.603055 0.686250 0.604818 0.686991 0.606258 0.687171 0.608438 0.688097 0.611352 0.691231 0.613841 0.695472 0.616643 0.698421 0.618719 0.703403 0.622971 0.713731 0.625669 0.718338 0.625669 0.722583 0.626083 0.724241 0.626799 0.728116 0.627328 0.734199 0.627846 0.744157 0.627951 0.751537 0.627328 0.757255 0.626799 0.759282 0.624880 0.758333 0.619641 0.763523 0.616435 0.761310 0.618198 0.752644 0.618615 0.742130 0.616852 0.729037 0.615708 0.723134 0.614870 0.721843 0.613208 0.722398 0.610513 0.715204 0.611560 0.713361 0.609070 0.709486 0.606052 0.706537 0.602638 0.703588 0.599734 0.701926 0.595583 0.700634 0.591227 0.701005 0.587391 0.702296 0.584276 0.704139 0.580023 0.708199 0.577120 0.713546 0.574102 0.720185 0.573385 0.722764 0.574620 0.724056 0.572763 0.730329
3 0.572763 0.730329 0.607867 0.755148 0.608594 0.753306 0.609734 0.749801 0.611187 0.744454 0.611706 0.738551 0.612432 0.727486 0.611602 0.718634 0.610513 0.715204 0.611560 0.713361 0.609070 0.709486 0.606052 0.706537 0.602638 0.703588 0.599734 0.701926 0.595583 0.700634 0.591227 0.701005 0.587391 0.702296 0.584276 0.704139 0.580023 0.708199 0.577120 0.713546 0.574102 0.720185 0.573385 0.722764 0.574620 0.724056
3 0.563841 0.732542 0.571102 0.737519 0.570896 0.740287 0.570792 0.746190 0.571102 0.752273 0.573490 0.763153 0.576497 0.771083 0.578260 0.774588 0.582648 0.776356 0.583031 0.779750 0.579609 0.779935 0.574479 0.778843 0.566331 0.763708 0.564049 0.763523 0.564049 0.761310 0.564359 0.748954
3 0.604539 0.761838 0.602388 0.765185 0.600315 0.767903 0.592151 0.765190 0.590362 0.765190 0.588388 0.767750 0.582648 0.776356 0.578260 0.774588 0.576497 0.771083 0.573490 0.763153 0.571102 0.752273 0.570792 0.746190 0.570896 0.740287 0.571102 0.737519
3 0.595182 0.684259 0.590482 0.681519 0.584826 0.680829 0.581029 0.682069 0.575836 0.684134 0.571807 0.688269 0.568320 0.692403 0.566383 0.695292 0.564602 0.699153 0.562586 0.704250 0.566263 0.701884 0.567716 0.707662 0.568258 0.706699 0.572289 0.697472 0.577169 0.690995 0.582672 0.686861 0.588018 0.684657
2 0.495339 0.440833 0.496841 0.440167 0.500104 0.440315 0.501276 0.440019 0.504789 0.436898 0.507547 0.434667 0.510727 0.432435 0.513320 0.436301 0.508469 0.440468 0.507547 0.442250 0.507214 0.444630 0.507047 0.447306 0.506711 0.448347 0.502112 0.449833
5 0.484260 0.265398 0.477323 0.285625 0.480656 0.291301 0.483573 0.296241 0.485935 0.301917 0.496906 0.304139 0.492839 0.292708 0.493727 0.291546 0.496102 0.296565 0.497042 0.296181 0.498198 0.296051 0.503724 0.290463 0.500185 0.284259 0.497724 0.283065 0.488878 0.277491 0.486302 0.274903 0.485638 0.268764 0.485852 0.267454
2 0.428128 0.358157 0.431693 0.356505 0.436651 0.361875 0.437659 0.365319 0.435875 0.367250 0.434945 0.369866 0.434945 0.373032 0.434482 0.376204 0.434482 0.378269 0.434714 0.379782 0.434714 0.381301 0.431383 0.381991 0.428516 0.369454 0.427893 0.363806
5 0.647562 0.708366 0.648018 0.710546 0.648018 0.714116 0.648604 0.716046 0.649440 0.717833 0.650193 0.719171 0.644086 0.739394 0.639737 0.752778 0.639404 0.747722 0.641409 0.727944 0.642128 0.721472 0.642753 0.718139 0.642253 0.716917 0.642190 0.714810 0.644062 0.707810 0.644687 0.706921 0.645875 0.707255
2 0.428128 0.358157 0.425539 0.359625 0.422898 0.359625 0.420497 0.360690 0.419656 0.364106 0.417497 0.367093 0.415633 0.368148 0.416234 0.368505 0.416734 0.369218 0.417534 0.370907 0.418685 0.371972 0.420185 0.373662 0.421036 0.375264 0.420885 0.377398 0.421487 0.376690 0.423187 0.375889 0.424789 0.375977 0.425990 0.376778 0.426940 0.378468 0.427789 0.380245 0.428190 0.383181 0.428039 0.385671 0.435193 0.384097 0.434714 0.381301 0.431383 0.381991 0.428516 0.369454 0.427893 0.363806
5 0.436651 0.361875 0.444549 0.369319 0.445661 0.373023 0.448716 0.374255 0.452049 0.375986 0.454966 0.376972 0.456216 0.377958 0.457049 0.380181 0.457667 0.380926 0.435193 0.384097 0.434714 0.381301 0.434714 0.379782 0.434482 0.378269 0.434482 0.376204 0.434945 0.373032 0.434945 0.369866 0.435875 0.367250 0.437659 0.365319
5 0.458576 0.384130 0.435737 0.387403 0.436201 0.388917 0.437208 0.391398 0.437208 0.392361 0.435193 0.393324 0.433799 0.394704 0.432094 0.396495 0.431474 0.397736 0.430544 0.399662 0.429461 0.401181 0.428763 0.402833 0.428297 0.404347 0.428219 0.405171 0.436589 0.405171 0.439612 0.406000 0.441237 0.407514 0.441781 0.409995 0.448135 0.414954 0.449065 0.414681 0.450234 0.413704 0.449828 0.413264 0.447448 0.408981 0.448716 0.407833 0.454688 0.402153 0.460659 0.395981 0.460938 0.392773 0.460380 0.387833 0.458576 0.386847
2 0.479435 0.407009 0.485792 0.373403 0.487297 0.362843 0.489807 0.350949 0.490768 0.342653 0.490768 0.336986 0.492508 0.333375 0.493156 0.326606 0.494128 0.326361 0.494266 0.322657 0.495378 0.320190 0.497461 0.317472 0.498849 0.315991 0.499266 0.314755 0.502563 0.306148 0.505784 0.294213 0.508135 0.293019 0.509172 0.306829 0.506846 0.315810 0.505935 0.318815 0.506193 0.325032 0.505414 0.328259 0.507552 0.337685 0.501602 0.334639 0.500052 0.337120 0.499820 0.341255 0.497805 0.348968 0.496875 0.349106 0.497031 0.357370 0.497646 0.357505 0.494792 0.381000 0.494273 0.382384 0.491940 0.386532 0.490000 0.390444 0.488836 0.393208 0.488443 0.395977 0.488185 0.397356 0.486888 0.397356 0.485727 0.398278 0.484169 0.399884 0.483518 0.403574
2 0.492318 0.411528 0.491661 0.419199 0.480755 0.425343 0.481023 0.420542 0.482049 0.409884 0.484102 0.408065 0.484805 0.409213
2 0.484589 0.433792 0.483052 0.436454 0.481930 0.439120 0.481180 0.440787 0.480555 0.442676 0.479992 0.444120 0.480055 0.445120 0.479742 0.446671 0.478742 0.447782 0.477430 0.448227 0.474930 0.447782 0.473057 0.447005 0.472245 0.446449 0.474930 0.432009 0.480430 0.429662 0.480323 0.432255 0.481510 0.432926 0.483185 0.433694
2 0.455625 0.420394 0.452820 0.430611 0.450253 0.429611 0.441573 0.422181 0.441086 0.420435 0.440583 0.418653 0.440919 0.416421 0.441672 0.413597 0.441839 0.411662 0.441781 0.409995 0.448135 0.414954 0.449065 0.414681 0.450234 0.413704 0.453716 0.417463 0.454966 0.420176
5 0.460773 0.468199 0.460336 0.465644 0.459773 0.464644 0.458461 0.464755 0.456773 0.464532 0.455961 0.463644 0.454589 0.461981 0.453964 0.459759 0.453526 0.459093 0.451464 0.457315 0.449776 0.455870 0.448026 0.454870 0.446654 0.454981 0.442654 0.457981 0.441279 0.459759 0.440529 0.461204 0.439966 0.463310 0.448214 0.484528 0.449526 0.485639 0.450464 0.487528 0.451464 0.488639 0.453151 0.488306 0.454151 0.487639 0.456211 0.486861 0.458086 0.486194 0.459961 0.485083 0.460336 0.482639 0.457898 0.481528
2 0.470242 0.455037 0.483042 0.449088 0.489732 0.456824 0.488393 0.457713 0.486469 0.457713 0.485047 0.457565 0.483961 0.458755 0.483042 0.460542 0.482203 0.462917 0.480698 0.463958 0.476516 0.464407 0.474091 0.464556 0.473255 0.463958 0.471414 0.463662 0.469240 0.463514
2 0.495339 0.440833 0.489664 0.432829 0.486154 0.428894 0.485128 0.430718 0.484589 0.433792 0.483052 0.436454 0.481930 0.439120 0.481180 0.440787 0.480555 0.442676 0.479992 0.444120 0.480055 0.445120 0.483042 0.449088 0.489732 0.456824 0.490086 0.455773 0.491328 0.455296 0.493216 0.456065 0.493919 0.456829 0.495539 0.454528 0.496565 0.453375 0.499427 0.451069 0.501479 0.448769
5 0.502112 0.449833 0.502102 0.450782 0.500367 0.453481 0.498922 0.455796 0.498055 0.457338 0.498487 0.458880 0.499789 0.461838 0.501091 0.465051 0.501885 0.466593 0.499354 0.469032 0.498706 0.470319 0.497982 0.472505 0.497549 0.475074 0.496247 0.475972 0.495307 0.476231 0.493500 0.478546 0.492128 0.480088 0.491331 0.481884 0.490102 0.483556 0.488294 0.485227 0.487211 0.485486 0.486849 0.483171 0.486055 0.479315 0.485477 0.476616 0.485547 0.474301 0.486776 0.473273 0.486633 0.472120 0.485693 0.472505 0.484464 0.473019 0.482583 0.472120 0.480198 0.471347 0.481138 0.468778 0.482078 0.466977 0.482078 0.464667 0.482203 0.462917 0.483042 0.460542 0.483961 0.458755 0.485047 0.457565 0.486469 0.457713 0.488393 0.457713 0.489732 0.456824 0.490086 0.455773 0.491328 0.455296 0.493216 0.456065 0.493919 0.456829 0.495539 0.454528 0.496565 0.453375 0.499427 0.451069 0.501479 0.448769
2 0.502112 0.449833 0.502969 0.451171 0.504128 0.453611 0.504995 0.455667 0.509839 0.461194 0.510344 0.469806 0.510560 0.473019 0.509404 0.471606 0.507812 0.469676 0.506294 0.467880 0.504198 0.466977 0.501885 0.466593 0.501091 0.465051 0.499789 0.461838 0.498487 0.458880 0.498055 0.457338 0.498922 0.455796 0.500367 0.453481 0.502102 0.450782
2 0.516799 0.394458 0.516130 0.392375 0.516464 0.389551 0.516799 0.386431 0.516966 0.383898 0.525664 0.375722 0.529094 0.374384 0.530935 0.374088 0.532273 0.374088 0.533109 0.374681 0.535703 0.385088 0.537375 0.394606 0.537708 0.402338 0.538547 0.406949 0.538880 0.409181 0.539133 0.411407 0.538630 0.411560 0.537005 0.408935 0.519367 0.386801
2 0.537005 0.408935 0.540786 0.444523 0.544299 0.487796 0.538612 0.490176 0.533930 0.439023 0.532331 0.422787 0.531245 0.410444
2 0.641409 0.727944 0.634630 0.762750 0.633078 0.761653 0.630172 0.760722 0.628695 0.759912 0.632380 0.735468 0.632693 0.733912 0.633755 0.729361 0.635690 0.725583 0.636440 0.723361 0.637628 0.721917 0.642128 0.721472
2 0.532331 0.422787 0.529411 0.426088 0.527573 0.427426 0.525312 0.424449 0.523641 0.422815 0.522638 0.422519 0.521716 0.423407 0.520880 0.425046 0.520211 0.427426 0.519542 0.430250 0.518789 0.432181 0.516693 0.433611 0.514107 0.430398 0.514607 0.429356 0.515359 0.425787 0.515862 0.422222 0.516029 0.419694 0.515779 0.413745 0.516029 0.409282 0.516029 0.406606 0.518112 0.406875
5 0.510638 0.301157 0.511716 0.311856 0.511211 0.313144 0.510271 0.313528 0.509549 0.312759 0.509172 0.306829 0.506846 0.315810 0.505935 0.318815 0.506193 0.325032 0.505935 0.327023 0.509260 0.338333 0.510055 0.338718 0.510466 0.338255 0.511909 0.336981 0.513458 0.335745 0.515240 0.334088 0.516479 0.330648 0.518341 0.323898 0.520201 0.316319 0.523531 0.309431 0.522641 0.309907 0.520120 0.310333 0.515797 0.308843 0.513997 0.307560 0.512437 0.305426
5 0.502589 0.394222 0.501836 0.397343 0.501417 0.400468 0.501326 0.402995 0.502169 0.403588 0.508602 0.402546 0.516271 0.401523 0.515018 0.399736 0.516799 0.394458 0.516799 0.394458 0.516130 0.392375 0.516464 0.389551 0.516799 0.386431 0.516966 0.383898 0.508016 0.393329 0.507188 0.391394
2 0.491661 0.419199 0.491229 0.425056 0.491042 0.427139 0.494224 0.436005 0.497982 0.433819 0.505138 0.429838 0.507958 0.424954 0.502174 0.414671 0.499935 0.412616 0.498271 0.413259
2 0.434143 0.448764 0.442255 0.443856 0.453549 0.448315 0.459237 0.449060 0.459906 0.451292 0.464003 0.451440 0.460773 0.468199 0.460336 0.465644 0.459773 0.464644 0.458461 0.464755 0.456773 0.464532 0.455961 0.463644 0.454589 0.461981 0.453964 0.459759 0.453526 0.459093 0.451464 0.457315 0.449776 0.455870 0.448026 0.454870 0.446654 0.454981 0.442654 0.457981 0.441279 0.459759 0.440529 0.461204 0.439966 0.463310
5 0.599591 0.602333 0.599591 0.602333 0.598734 0.597491 0.602094 0.599481 0.604221 0.601273 0.605677 0.602667 0.609148 0.604259 0.611214 0.605509 0.611836 0.607444 0.612396 0.621773 0.610604 0.646657 0.608701 0.654023 0.608203 0.656704 0.606945 0.659972 0.606073 0.665477 0.604333 0.666167 0.602396 0.666509 0.599492 0.666509 0.598138 0.666509 0.596977 0.665995 0.594268 0.641907 0.593203 0.618162 0.596299 0.616616 0.601234 0.643282 0.602010 0.644486 0.603945 0.645005 0.605396 0.644486 0.606849 0.642250 0.606753 0.639671
5 0.593299 0.598032 0.591654 0.585991 0.590784 0.586162 0.589622 0.589602 0.588268 0.594764 0.586331 0.598551 0.584784 0.600787 0.581977 0.603366 0.580526 0.605431 0.580427 0.608528 0.580526 0.613690 0.580622 0.619023 0.579945 0.627625 0.579945 0.632102 0.579750 0.633648 0.582750 0.635199 0.585750 0.637778 0.587492 0.642250 0.591268 0.653606 0.593299 0.661694 0.595138 0.666681 0.596977 0.665995 0.594268 0.641907 0.593203 0.618162 0.596299 0.616616
5 0.540365 0.617361 0.536107 0.630315 0.536161 0.650028 0.538099 0.646931 0.548503 0.627588 0.545703 0.626991 0.544359 0.625796 0.544695 0.619824
15 0.526938 0.589963 0.519734 0.579037 0.519734 0.579037 0.519125 0.581181 0.511458 0.581574 0.521216 0.599259 0.521786 0.593745 0.525930 0.591157
15 0.535974 0.611176 0.536104 0.604972 0.535560 0.599319 0.542568 0.607083 0.542568 0.607083 0.544023 0.608676 0.545367 0.610468 0.546039 0.611662 0.545591 0.615644 0.544695 0.619824 0.540365 0.617361
2 0.535974 0.611176 0.536104 0.604972 0.535560 0.599319 0.533992 0.600514 0.532424 0.602903 0.531081 0.605491 0.529737 0.608875 0.529177 0.610866 0.528841 0.613056 0.528940 0.632106 0.530081 0.679023 0.532424 0.678426 0.534516 0.676199 0.535685 0.672032 0.536065 0.661213 0.536161 0.650028 0.536107 0.630315
2 0.595232 0.423500 0.594143 0.415616 0.594479 0.413537 0.594310 0.410861 0.594060 0.409074 0.595648 0.408032 0.596904 0.408032 0.597490 0.410560 0.598659 0.414727 0.599747 0.419486 0.600919 0.423051 0.601922 0.425880 0.602841 0.429444 0.605352 0.439111 0.608445 0.454130 0.608362 0.457106 0.606690 0.458593 0.605938 0.458296 0.605018 0.457106
10 0.531419 0.478324 0.529096 0.493120 0.524393 0.494639 0.524354 0.494667 0.522227 0.496218 0.522419 0.493463 0.513437 0.488148 0.513453 0.482528 0.513711 0.481935 0.513669 0.481630 0.513596 0.480213 0.513307 0.476745 0.512078 0.474176 0.511677 0.464213
10 0.583055 0.413787 0.587320 0.418028 0.589849 0.421625 0.592813 0.431648 0.593464 0.444116 0.593969 0.451056 0.592740 0.464421 0.595055 0.465579 0.596284 0.465704 0.596789 0.461208 0.597583 0.459921 0.598380 0.461079 0.599102 0.464935 0.599247 0.467375 0.599070 0.470917 0.597656 0.469074 0.596065 0.469046 0.594404 0.468148 0.592596 0.467764 0.590932 0.467764 0.589633 0.468662 0.588766 0.468792 0.587753 0.467889 0.587615 0.465514 0.587073 0.462204 0.585987 0.457245 0.585440 0.455940 0.586596 0.454139 0.588115 0.452981 0.589776 0.451954 0.590284 0.451056 0.589995 0.445398 0.589055 0.446426 0.587826 0.447843 0.586740 0.448870 0.585872 0.449255 0.585445 0.448569 0.585987 0.446917 0.585440 0.446042 0.587680 0.439616 0.588477 0.434861 0.587826 0.427662 0.587680 0.423421 0.585221 0.420981 0.581536 0.418412 0.579945 0.417125 0.578862 0.416870 0.577633 0.416995 0.577271 0.418282 0.576836 0.429722 0.576187 0.428306 0.575753 0.427148 0.576042 0.419310 0.576115 0.416356 0.576620 0.414556 0.578065 0.414296 0.580958 0.413782
2 0.579945 0.417125 0.580872 0.425847 0.578745 0.425847 0.578841 0.433764 0.585440 0.446042 0.587680 0.439616 0.588477 0.434861 0.587826 0.427662 0.587680 0.423421 0.585221 0.420981 0.581536 0.418412
15 0.533073 0.464815 0.531411 0.462870 0.528172 0.460565 0.528172 0.460565 0.526120 0.459796 0.512294 0.450486 0.511677 0.464213 0.531419 0.478324
15 0.542734 0.471148 0.556836 0.479435 0.555599 0.481389 0.554180 0.485125 0.549320 0.487222 0.549320 0.487222 0.543797 0.484051
5 0.585490 0.640477 0.582198 0.657514 0.581521 0.662671 0.580844 0.669037 0.580070 0.673338 0.580359 0.676611 0.582198 0.677296 0.586458 0.677125 0.587424 0.672653 0.588102 0.672481 0.589263 0.673338 0.592070 0.672310 0.593812 0.670931 0.594393 0.668523 0.591102 0.658889
5 0.577073 0.657102 0.572052 0.657995 0.567453 0.659630 0.565865 0.660972 0.564526 0.660972 0.566281 0.666620 0.566784 0.670782 0.566784 0.673463 0.566198 0.675097 0.565695 0.678069 0.565279 0.679556 0.564443 0.681046 0.563773 0.682532 0.562685 0.684912 0.562182 0.686102 0.560260 0.695171 0.560260 0.697847 0.558586 0.701120 0.557500 0.703796 0.556664 0.703944 0.555492 0.704093 0.554990 0.703051 0.549219 0.698440 0.545286 0.695171 0.549307 0.718157 0.549724 0.714653 0.550346 0.710963 0.550242 0.708565 0.552315 0.708565 0.554909 0.709306 0.556154 0.710412 0.556258 0.712255 0.557552 0.709352 0.559297 0.706806 0.562586 0.704250 0.564602 0.699153 0.566383 0.695292 0.568320 0.692403 0.571807 0.688269 0.575836 0.684134 0.576404 0.673759 0.576737 0.669000 0.576990 0.666620 0.577573 0.664537 0.578411 0.656657
5 0.556380 0.663481 0.560638 0.660727 0.562185 0.659870 0.564526 0.660972 0.566281 0.666620 0.566784 0.670782 0.566784 0.673463 0.566198 0.675097 0.565695 0.678069 0.565279 0.679556 0.564443 0.681046 0.563773 0.682532 0.562685 0.684912 0.562182 0.686102 0.560260 0.695171 0.560260 0.697847 0.558586 0.701120 0.557500 0.703796 0.556664 0.703944 0.555492 0.704093 0.554990 0.703051 0.549219 0.698440 0.545234 0.695171 0.549307 0.718157 0.548375 0.720185 0.546714 0.722213 0.539299 0.704727 0.541091 0.692583 0.543219 0.683824 0.544958 0.678968 0.548346 0.672255 0.552315 0.666750
5 0.553073 0.663009 0.548549 0.668093 0.545260 0.673769 0.542646 0.680995 0.539839 0.690801 0.537904 0.702329 0.525034 0.672565 0.526484 0.664653 0.529677 0.663102 0.530081 0.679023 0.532424 0.678426 0.534516 0.676199 0.535685 0.672032 0.536065 0.661213 0.537227 0.661384 0.538969 0.659662 0.540518 0.659491 0.542549 0.660352 0.547099 0.661727 0.549846 0.662824
2 0.567820 0.842292 0.570414 0.842144 0.572169 0.841102 0.574596 0.842144 0.576937 0.842144 0.577104 0.838722 0.577021 0.836940 0.589846 0.829593 0.591315 0.829833 0.593190 0.830074 0.594534 0.830773 0.595198 0.832926 0.595943 0.833403 0.596740 0.832926 0.599690 0.838722 0.592664 0.846009 0.568406 0.847347
2 0.653094 0.584421 0.659953 0.576093 0.662297 0.574458 0.666310 0.572227 0.667815 0.572227 0.670995 0.582782 0.671497 0.584421 0.668654 0.588731 0.666393 0.589921 0.663885 0.586352 0.662297 0.584718 0.661711 0.580704 0.657276 0.587245 0.654768 0.589625
2 0.532273 0.374088 0.532872 0.372514 0.533065 0.371310 0.531615 0.363741 0.531125 0.360815 0.532674 0.360542 0.534380 0.361093 0.536318 0.363431 0.538797 0.368116 0.539648 0.370597 0.545841 0.382662 0.564326 0.419829 0.563453 0.421375 0.561615 0.421718 0.559195 0.423097 0.557065 0.423269
3 0.595078 0.684213 0.588018 0.684657 0.582672 0.686861 0.577169 0.690995 0.572289 0.697472 0.568258 0.706699 0.567716 0.707662 0.568646 0.712208 0.567794 0.714968 0.564539 0.717306 0.563688 0.718407 0.563221 0.720889 0.563229 0.723426 0.567057 0.726639 0.573073 0.708380 0.578260 0.700819 0.579401 0.698792 0.580542 0.695472 0.582721 0.694551 0.588427 0.691231 0.589870 0.690310 0.590708 0.687171 0.592057 0.685514
2 0.533109 0.374681 0.546388 0.402333 0.554990 0.418657 0.554990 0.421352 0.554195 0.424310 0.552893 0.427009 0.550508 0.428296 0.548701 0.428167 0.547729 0.428912 0.546977 0.430843 0.545055 0.431736 0.544049 0.432481 0.545974 0.421181 0.543966 0.420435 0.541206 0.439171 0.540104 0.438889 0.537005 0.408935 0.538630 0.411560 0.539133 0.411407 0.538880 0.409181 0.538547 0.406949 0.537708 0.402338 0.537375 0.394606 0.535703 0.385088
5 0.528940 0.632106 0.522057 0.666019 0.517297 0.655000 0.511698 0.641662 0.506563 0.629306 0.505911 0.620185 0.516737 0.612000 0.515953 0.609810 0.516625 0.607620 0.519201 0.604037 0.520432 0.601648 0.521216 0.599259 0.521786 0.593745 0.525930 0.591157 0.526938 0.589963 0.527721 0.587375 0.528617 0.586579 0.530969 0.588171 0.532201 0.589764 0.534440 0.592949 0.535448 0.595338 0.535560 0.599319 0.533992 0.600514 0.532424 0.602903 0.531081 0.605491 0.529737 0.608875 0.529177 0.610866 0.528841 0.613056
5 0.582630 0.655324 0.578411 0.656657 0.577573 0.664537 0.576990 0.666620 0.576737 0.669000 0.576404 0.673759 0.575836 0.684134 0.581029 0.682069 0.584826 0.680829 0.586190 0.680745 0.586458 0.677125 0.582198 0.677296 0.580359 0.676611 0.580070 0.673338 0.580844 0.669037 0.581521 0.662671 0.582198 0.657514
5 0.588857 0.569287 0.591654 0.585991 0.590784 0.586162 0.589622 0.589602 0.588268 0.594764 0.586331 0.598551 0.584784 0.600787 0.581977 0.603366 0.582880 0.595338 0.583451 0.588829 0.584638 0.577407 0.584503 0.572505 0.587750 0.574894 0.588422 0.572903 0.588422 0.572903
5 0.582552 0.655324 0.585490 0.640477 0.584083 0.638944 0.581646 0.636944 0.579458 0.635944 0.577586 0.635944 0.576086 0.638278 0.575898 0.640278 0.575898 0.643389 0.576711 0.649495 0.578211 0.653940 0.582083 0.653051
1 0.529495 0.647810 0.525034 0.672565 0.521945 0.666218 0.528940 0.632106
2 0.672227 0.586333 0.675414 0.599102 0.679896 0.619356 0.676956 0.628866 0.676271 0.627500 0.675263 0.614162 0.675586 0.611653 0.675706 0.609074 0.675021 0.605991 0.674375 0.603551 0.672398 0.597958 0.671268 0.595736 0.669414 0.594657 0.667841 0.593296 0.667156 0.591431 0.668948 0.590481 0.671948 0.586926
1 0.591948 0.470366 0.567451 0.453153 0.565612 0.453153 0.563385 0.454356 0.588206 0.471556
5 0.510560 0.473019 0.512078 0.474176 0.513307 0.476745 0.513596 0.480213 0.513669 0.481630 0.513453 0.482528 0.512078 0.482912 0.510995 0.485611 0.510560 0.489338 0.510128 0.494481 0.509766 0.497824 0.509042 0.500519 0.507885 0.502579 0.506875 0.504120 0.506367 0.506431 0.505573 0.508102 0.504487 0.511958 0.502464 0.520185 0.501596 0.522370 0.500802 0.525454 0.499935 0.529949 0.498560 0.530981 0.495451 0.529949 0.491982 0.527769 0.487862 0.529565 0.487354 0.538560 0.476221 0.533421 0.475138 0.535093 0.474922 0.536250 0.484609 0.541259 0.486922 0.542287 0.482440 0.549356 0.479042 0.554500 0.477669 0.558481 0.461693 0.518898 0.465018 0.508616 0.466464 0.504634 0.466464 0.501551 0.468487 0.494481 0.466247 0.495894 0.466247 0.493838 0.468198 0.485356 0.468198 0.485356 0.469065 0.479829 0.473620 0.468264 0.474091 0.464556 0.476516 0.464407 0.478898 0.464329 0.480698 0.463958 0.482203 0.462917 0.482078 0.464667 0.482078 0.466977 0.481138 0.468778 0.480198 0.471347 0.482583 0.472120 0.484464 0.473019 0.485693 0.472505 0.486633 0.472120 0.486776 0.473273 0.485547 0.474301 0.485477 0.476616 0.486055 0.479315 0.486849 0.483171 0.487211 0.485486 0.488294 0.485227 0.490102 0.483556 0.491331 0.481884 0.492128 0.480088 0.493500 0.478546 0.495307 0.476231 0.496247 0.475972 0.497549 0.475074 0.497982 0.472505 0.498706 0.470319 0.499354 0.469032 0.501885 0.466593 0.504198 0.466977 0.506294 0.467880 0.507812 0.469676 0.509404 0.471606
5 0.612708 0.534421 0.614227 0.533148 0.617154 0.532704 0.618576 0.532852 0.621669 0.530472 0.623844 0.529431 0.625352 0.529579 0.626690 0.532556 0.627776 0.533745 0.628445 0.535824 0.629784 0.543856 0.633464 0.555306 0.638156 0.566051 0.644263 0.577597 0.649568 0.591181 0.643669 0.583259 0.643669 0.583259 0.641016 0.586574 0.634802 0.577162 0.630117 0.570620 0.626104 0.567500 0.623091 0.566009 0.614971 0.565787 0.610534 0.535458
5 0.633693 0.649606 0.633630 0.649273 0.639815 0.640944 0.643437 0.635833 0.652685 0.620505 0.659245 0.609722 0.662557 0.617171 0.662120 0.619282 0.661557 0.621838 0.661370 0.624394 0.661870 0.626060 0.661932 0.628171 0.662432 0.629060 0.663057 0.629171 0.664182 0.628838 0.665057 0.628282 0.665370 0.628394 0.665370 0.630060 0.663745 0.634167 0.662807 0.638722 0.662807 0.642833 0.662870 0.647718 0.663370 0.654273 0.664495 0.658718 0.666557 0.661380 0.665372 0.664931 0.659169 0.681204 0.651310 0.691259 0.649688 0.694704 0.648062 0.699259 0.648000 0.702588 0.647813 0.707255 0.641190 0.694037 0.642253 0.692037 0.637065 0.681042 0.630193 0.663713 0.629818 0.661269 0.630818 0.657718 0.633818 0.651162
2 0.532331 0.422787 0.533930 0.439023 0.533982 0.440375 0.528203 0.440463 0.523724 0.438704 0.520104 0.436519 0.517935 0.434593 0.516771 0.433519 0.518789 0.432181 0.519542 0.430250 0.520211 0.427426 0.520880 0.425046 0.521716 0.423407 0.522638 0.422519 0.523641 0.422815 0.525312 0.424449 0.527573 0.427426 0.529411 0.426088
2 0.512620 0.437139 0.512294 0.442903 0.512294 0.450486 0.526120 0.459796 0.526174 0.458935 0.525633 0.454995 0.524716 0.450579 0.523906 0.448083 0.520828 0.443380 0.517263 0.438579 0.514294 0.436468 0.513320 0.436301
2 0.524141 0.440787 0.523190 0.440389 0.523328 0.442620 0.524828 0.445287 0.525456 0.446773 0.526745 0.450741 0.527523 0.455380 0.528172 0.460565 0.531411 0.462870 0.533073 0.464815 0.534380 0.456532 0.535148 0.452167 0.534766 0.447588 0.531380 0.456880 0.530612 0.455824 0.534516 0.445417 0.534172 0.442065 0.528419 0.442000
10 0.675120 0.625944 0.674031 0.625796 0.672698 0.625796 0.671409 0.625796 0.670844 0.625079 0.670924 0.622926 0.671409 0.621421 0.671529 0.618625 0.670805 0.616403 0.670036 0.614685 0.669714 0.617338 0.669638 0.620972 0.668883 0.623394 0.666159 0.625407 0.663661 0.627292 0.661870 0.626060 0.661932 0.628171 0.662432 0.629060 0.663057 0.629171 0.664182 0.628838 0.665057 0.628282 0.665370 0.628394 0.665370 0.630060 0.663745 0.634167 0.662807 0.638722 0.662807 0.642833 0.662870 0.647718 0.663370 0.654273 0.664495 0.658718 0.666557 0.661380 0.676956 0.628866 0.676271 0.627500
10 0.567896 0.615773 0.566479 0.620278 0.564961 0.620458 0.563745 0.618116 0.563341 0.611995 0.562227 0.608755 0.560404 0.607676 0.559594 0.605875 0.560099 0.602634 0.560404 0.601375 0.561922 0.601731 0.563846 0.600833 0.565365 0.599032 0.566479 0.598310 0.567391 0.598134 0.569086 0.599296 0.569844 0.598815 0.570438 0.598046 0.571036 0.600292 0.571341 0.603352 0.571443 0.606593 0.571036 0.608574 0.569820 0.610014 0.569112 0.612176 0.568607 0.613616
5 0.402891 0.327454 0.403711 0.342245 0.395339 0.345139 0.388224 0.324079 0.388474 0.320806 0.388977 0.319319 0.392070 0.314264 0.393492 0.310995 0.394529 0.312171 0.395081 0.319157 0.395125 0.320292
5 0.548503 0.627588 0.538099 0.646931 0.536161 0.650028 0.536065 0.661213 0.537227 0.661384 0.538969 0.659662 0.540518 0.659491 0.542549 0.660352 0.547099 0.661727 0.546807 0.658630 0.550292 0.653296 0.551357 0.646417 0.553583 0.628005 0.553292 0.621639 0.550292 0.624222
5 0.595138 0.666681 0.602938 0.680481 0.606036 0.685815 0.607003 0.687361 0.608438 0.688097 0.611352 0.691231 0.613841 0.695472 0.616643 0.698421 0.618719 0.703403 0.622971 0.713731 0.623508 0.714588 0.627005 0.708810 0.624070 0.701699 0.613010 0.682375 0.606133 0.669468 0.604333 0.666167 0.602396 0.666509 0.599492 0.666509 0.598138 0.666509 0.596977 0.665995
1 0.571419 0.784440 0.563203 0.769875 0.564049 0.763523 0.566331 0.763708 0.566130 0.763481 0.574479 0.778843 0.604448 0.834495 0.609794 0.844819 0.607201 0.853000
5 0.596047 0.581764 0.598734 0.597491 0.602094 0.599481 0.604221 0.601273 0.605677 0.602667 0.609148 0.604259 0.611276 0.605653 0.611836 0.607444 0.612292 0.621588 0.615690 0.627213 0.620234 0.637500 0.621797 0.633727 0.621703 0.630903 0.621964 0.627630 0.622792 0.624213 0.623292 0.618856 0.622039 0.612167 0.619781 0.600125 0.615096 0.567556 0.611388 0.569620 0.604333 0.574199 0.600302 0.576389 0.598958 0.577583
2 0.537005 0.408935 0.519367 0.386801 0.515018 0.399736 0.516271 0.401523 0.518531 0.400926 0.519031 0.401523 0.519031 0.403454 0.518362 0.405537 0.518112 0.406875 0.532331 0.422787 0.531245 0.410444
5 0.544023 0.596532 0.544583 0.591755 0.548615 0.590361 0.551526 0.602704 0.553318 0.613852 0.554214 0.620222 0.555333 0.625398 0.555669 0.632963 0.556341 0.638537 0.558133 0.644310 0.560820 0.648690 0.561716 0.651676 0.562500 0.657250 0.556901 0.660634 0.553073 0.663009 0.549846 0.662824 0.547159 0.661431 0.546823 0.658644 0.548279 0.655856 0.549846 0.653866 0.550966 0.648889 0.551638 0.640727 0.553318 0.628782 0.553094 0.621815 0.550406 0.624403 0.548503 0.627588 0.545703 0.626991 0.544359 0.625796 0.544695 0.619824 0.545591 0.615644 0.546039 0.611662 0.545367 0.610468 0.544023 0.608676 0.542568 0.607083 0.543240 0.604694 0.543576 0.602106 0.543799 0.599519
10 0.549643 0.455389 0.550805 0.454699 0.552063 0.451259 0.553128 0.448681 0.554966 0.447301 0.556417 0.447648 0.557677 0.446787 0.558547 0.443347 0.559708 0.441796 0.562997 0.439731 0.564451 0.439389 0.566773 0.439218 0.569677 0.439731 0.571516 0.441111 0.572870 0.443519 0.572482 0.446444 0.572289 0.447991 0.570451 0.450398 0.568612 0.452463 0.567451 0.453153 0.565612 0.453153 0.563385 0.454356 0.561451 0.456079 0.561258 0.458657 0.562516 0.463301 0.563289 0.468120 0.562805 0.471731 0.561836 0.474144 0.559997 0.476037 0.559031 0.475690 0.558063 0.474144 0.555451 0.469324 0.553031 0.469324 0.550224 0.470014 0.549836 0.468463 0.551773 0.467431 0.553612 0.466398 0.554773 0.464162 0.555643 0.460380 0.554578 0.461412 0.553031 0.463301 0.551870 0.464509 0.550901 0.463477 0.550997 0.462097 0.552935 0.460032 0.553805 0.457968 0.552354 0.457111 0.550708 0.457968 0.549740 0.458144
5 0.483708 0.552991 0.482258 0.559014 0.481581 0.562282 0.480901 0.564690 0.481042 0.567269 0.484948 0.576759 0.505854 0.574384 0.516708 0.573472 0.518445 0.565560 0.518445 0.565560 0.516542 0.566500 0.514599 0.565810 0.513174 0.563273 0.503979 0.567097 0.502289 0.568134 0.500258 0.567444 0.498419 0.565037 0.495227 0.562625 0.492516 0.560907 0.487966 0.559356 0.486031 0.556435
2 0.487995 0.583843 0.484948 0.576759 0.505964 0.574398 0.516708 0.573472 0.516708 0.574815 0.517464 0.574912 0.518435 0.574620 0.518867 0.574718 0.519299 0.575870 0.519401 0.577699 0.519734 0.579037 0.519125 0.581181 0.511458 0.581574
10 0.541190 0.450602 0.542734 0.471148 0.548591 0.474731 0.548505 0.455282 0.549643 0.455389 0.550805 0.454699 0.552063 0.451259 0.552500 0.450185 0.549740 0.447500 0.546641 0.445324 0.544818 0.443889 0.542552 0.442083 0.542297 0.445514 0.541695 0.450630
5 0.589503 0.558611 0.589878 0.560958 0.588422 0.572903 0.587750 0.574894 0.584503 0.572505 0.581703 0.568921 0.579911 0.566333 0.577560 0.561556 0.577112 0.558375 0.577448 0.554991 0.575320 0.552801 0.573305 0.552005 0.570841 0.550412 0.568266 0.548819 0.569273 0.548306 0.577693 0.548306 0.578859 0.546463 0.582875 0.543236 0.585339 0.543468 0.586539 0.543444
5 0.528359 0.574968 0.527604 0.575833 0.528359 0.578616 0.528953 0.580440 0.531708 0.581593 0.534464 0.582361 0.537326 0.583898 0.538945 0.586106 0.539917 0.587255 0.544398 0.585338 0.545208 0.581977 0.546557 0.580343 0.576776 0.567741 0.573099 0.565657 0.570836 0.565657 0.568411 0.565356 0.566404 0.564324 0.564901 0.561644 0.563562 0.558667 0.563060 0.556894 0.562896 0.555394 0.540143 0.567292
5 0.564232 0.555097 0.573305 0.552005 0.575320 0.552801 0.577448 0.554991 0.577112 0.558375 0.577560 0.561556 0.578453 0.562977 0.576276 0.565954 0.574271 0.564616 0.572180 0.564019 0.569919 0.563870 0.567745 0.562829 0.566909 0.561787 0.564901 0.558815 0.564148 0.557181
5 0.538388 0.584986 0.535042 0.589894 0.533117 0.591083 0.532201 0.589764 0.530969 0.588171 0.528617 0.586579 0.527721 0.587375 0.526938 0.589963 0.519734 0.579037 0.519401 0.577699 0.523081 0.578292 0.524922 0.564352 0.525964 0.564352 0.534792 0.571009 0.528359 0.574968 0.527604 0.575833 0.528359 0.578616 0.528953 0.580440 0.531708 0.581593 0.534464 0.582361 0.537326 0.583898
5 0.297013 0.203889 0.288721 0.187306 0.294810 0.183389 0.308674 0.177398 0.311911 0.175097 0.316057 0.171644 0.321370 0.171644 0.331484 0.192037 0.343005 0.212407 0.357388 0.241662 0.371185 0.271329 0.373984 0.280079 0.374555 0.283259 0.376224 0.285444 0.376458 0.288046 0.372870 0.284847 0.369734 0.282472 0.366146 0.278491 0.361979 0.280648 0.359266 0.284731 0.335143 0.254995 0.306938 0.217222
5 0.357547 0.158755 0.356435 0.154731 0.355596 0.153046 0.355523 0.149398 0.359219 0.149204 0.362883 0.148806 0.362883 0.147792 0.358784 0.143718 0.358755 0.142060 0.361227 0.140282 0.364388 0.132481 0.363685 0.130005 0.362427 0.128514 0.362516 0.125519 0.365508 0.125852 0.372786 0.132907 0.378664 0.138218 0.384917 0.144190 0.389536 0.148009 0.395753 0.153481 0.403409 0.161954 0.415229 0.173750 0.423760 0.180292 0.433701 0.189894 0.442901 0.199713 0.447419 0.204171 0.447044 0.206278 0.448794 0.213167 0.449609 0.219051 0.456609 0.225056 0.455227 0.227278 0.454115 0.228287 0.453177 0.229907 0.451172 0.228051 0.449734 0.227046 0.447943 0.231296 0.446706 0.239412 0.439331 0.231185 0.439766 0.240181 0.440266 0.249509 0.434219 0.242505 0.424984 0.232806 0.411701 0.218213 0.396148 0.201894 0.379083 0.182597 0.362451 0.164551
5 0.384917 0.144190 0.377315 0.135782 0.371388 0.129644 0.368401 0.126907 0.368401 0.125662 0.370081 0.123171 0.374234 0.120435 0.375401 0.119190 0.376521 0.112801 0.377409 0.110560 0.381047 0.102597 0.383055 0.102264 0.383570 0.102500 0.384411 0.103250 0.410234 0.129417 0.441930 0.159255 0.468906 0.185454 0.466456 0.189551 0.466456 0.189551 0.465057 0.192620 0.463003 0.198014 0.461883 0.200171 0.461229 0.200088 0.460622 0.199009 0.459596 0.200333 0.460016 0.202412 0.458661 0.206560 0.456328 0.208051 0.456281 0.209546 0.454010 0.212546 0.447419 0.204171 0.442901 0.199713 0.433701 0.189894 0.423760 0.180292 0.415229 0.173750 0.403409 0.161954 0.395753 0.153481 0.389536 0.148009
5 0.464870 0.234852 0.462633 0.232213 0.459487 0.232356 0.457607 0.233384 0.456609 0.233602 0.453638 0.235727 0.452146 0.237019 0.450979 0.238903 0.451461 0.240102 0.462190 0.251861 0.474815 0.265917 0.494823 0.288435 0.498818 0.293671 0.507609 0.302417 0.525440 0.323931 0.533424 0.333111 0.534596 0.334616 0.535724 0.338417 0.535951 0.339593 0.531870 0.341514 0.530984 0.342181 0.531474 0.344005 0.539958 0.353324 0.541630 0.352431 0.541044 0.350500 0.541044 0.345296 0.543135 0.343958 0.546984 0.349014 0.548823 0.347676 0.548992 0.343065 0.552003 0.347676 0.554094 0.347227 0.554010 0.342917 0.556518 0.331167 0.559279 0.325815 0.562307 0.327806 0.563315 0.327157 0.562786 0.326019 0.559375 0.322639 0.557318 0.320694 0.553078 0.316412 0.551865 0.314755 0.550130 0.314398 0.547383 0.311681 0.544583 0.314171 0.542344 0.311602 0.540198 0.310602 0.538469 0.311185 0.536695 0.311269 0.514576 0.287454 0.489557 0.260986
5 0.451461 0.240102 0.449839 0.242657 0.446706 0.239412 0.439331 0.231185 0.439766 0.240181 0.440266 0.249509 0.440211 0.252102 0.437727 0.253926 0.434974 0.255463 0.433948 0.257000 0.436797 0.259120 0.445964 0.269815 0.464237 0.290875 0.480622 0.308231 0.488049 0.313931 0.500633 0.331287 0.511859 0.346162 0.517961 0.354032 0.521133 0.351491 0.526328 0.345542 0.531870 0.341514 0.535951 0.339593 0.535724 0.338417 0.534596 0.334616 0.533424 0.333111 0.525440 0.323931 0.507609 0.302417 0.498818 0.293671 0.494823 0.288435 0.474815 0.265917 0.462190 0.251861
