0 0.487448 0.363083 0.487362 0.367736 0.484943 0.369111 0.484070 0.375134 0.485523 0.375995 0.485716 0.378574 0.487070 0.378921 0.487362 0.381500 0.489781 0.382361 0.489586 0.383394 0.488909 0.393546 0.490651 0.398361 0.490747 0.403694 0.491812 0.410921 0.493266 0.413329 0.497034 0.410991 0.502216 0.406843 0.506784 0.414412 0.509807 0.417199 0.512604 0.424352 0.515563 0.428032 0.517763 0.437019 0.517893 0.444157 0.516987 0.450144 0.515302 0.451296 0.512581 0.463042 0.512062 0.464657 0.503253 0.459130 0.451042 0.422046 0.451560 0.417898 0.452992 0.415949 0.454000 0.414157 0.457471 0.409380 0.461279 0.408583 0.465422 0.411569 0.474940 0.417940 0.474828 0.413759 0.472141 0.408185 0.471021 0.397037 0.472177 0.394509 0.473339 0.392097 0.472466 0.387282 0.472466 0.381088 0.474016 0.378162 0.475854 0.377991 0.477500 0.379713 0.479047 0.376269 0.477305 0.374032 0.476435 0.368870 0.475081 0.367324
5 0.565799 0.475972 0.567904 0.475940 0.565182 0.492296 0.563240 0.498282 0.515029 0.467134 0.519578 0.467648 0.527482 0.468111 0.545359 0.472028 0.558315 0.475250 0.559760 0.479190 0.563341 0.477968
5 0.714870 0.550787 0.712581 0.547389 0.711349 0.542611 0.709669 0.540023 0.704745 0.538630 0.700826 0.537634 0.697354 0.540421 0.694779 0.544602 0.694667 0.546991 0.692875 0.552565 0.691656 0.558833 0.688755 0.563259 0.694661 0.560417 0.705521 0.555185 0.709714 0.552824 0.711224 0.550926 0.713255 0.550602
2 0.451560 0.417898 0.446747 0.413037 0.436193 0.404042 0.432508 0.401727 0.428169 0.400056 0.425279 0.400315 0.423542 0.398644 0.422674 0.398514 0.421302 0.399926 0.422313 0.400829 0.424628 0.401597 0.426794 0.403014 0.431206 0.404167 0.435964 0.406991 0.451042 0.422046
5 0.559760 0.479190 0.554922 0.465426 0.555018 0.460093 0.557245 0.459060 0.558211 0.457685 0.558307 0.449769 0.559083 0.448222 0.558503 0.439792 0.558695 0.438069 0.560438 0.439273 0.560534 0.442889 0.561018 0.446157 0.564018 0.443921 0.566341 0.446843 0.570018 0.449940 0.573310 0.453898 0.576310 0.459231 0.578922 0.460264 0.579018 0.465255 0.582599 0.471620 0.584437 0.474370 0.589276 0.479190 0.592789 0.481755 0.599953 0.484333 0.601859 0.486519 0.602643 0.490509 0.602758 0.493884 0.602198 0.497273 0.601635 0.499269 0.603510 0.505569 0.604245 0.508009 0.604956 0.511736 0.610365 0.518778 0.614401 0.525542 0.615406 0.527727 0.619888 0.528532 0.620555 0.529926 0.619771 0.531907 0.614961 0.530926 0.609359 0.527727 0.598279 0.520171 0.590099 0.513204 0.579464 0.501657 0.576552 0.498477 0.575990 0.493694 0.575206 0.490509 0.574760 0.473185 0.569052 0.469005 0.568711 0.466028 0.567589 0.467611 0.567367 0.473583 0.565799 0.475972 0.563341 0.477968
5 0.484943 0.369111 0.487362 0.367736 0.489781 0.368597 0.490555 0.373069 0.490651 0.376509 0.491909 0.381500 0.491716 0.399736 0.493266 0.407824 0.494039 0.411954 0.493266 0.413329 0.491812 0.410921 0.490747 0.403694 0.490651 0.398361 0.488909 0.393546 0.489586 0.383394 0.489781 0.382361 0.487362 0.381500 0.487070 0.378921 0.485716 0.378574 0.485523 0.375995 0.484070 0.375134
5 0.469453 0.381310 0.469466 0.362333 0.471404 0.362162 0.475081 0.367324 0.476435 0.368870 0.477305 0.374032 0.479047 0.376269 0.477500 0.379713 0.475854 0.377991 0.474016 0.378162 0.472466 0.381088 0.472466 0.387282 0.473339 0.392097 0.472177 0.394509 0.471016 0.388144
1 0.428578 0.373810 0.430852 0.368014 0.432982 0.359407 0.433174 0.355968 0.432208 0.355625 0.431143 0.362681 0.428047 0.372653 0.424422 0.382870 0.423047 0.386759 0.419047 0.399153 0.420594 0.400185 0.421320 0.397741 0.423547 0.391185 0.425289 0.384819 0.426932 0.380866 0.427513 0.376565
15 0.379456 0.349981 0.392081 0.349796 0.391977 0.361394 0.368617 0.361019
5 0.424422 0.382870 0.422492 0.381773 0.421242 0.381106 0.417995 0.381218 0.417870 0.379995 0.420180 0.379218 0.417932 0.376551 0.416495 0.376218 0.414807 0.377551 0.413245 0.379551 0.409497 0.378773 0.411120 0.377218 0.412870 0.377551 0.409872 0.374773 0.409060 0.376106 0.407622 0.374662 0.406060 0.366556 0.406810 0.364667 0.409310 0.363667 0.412995 0.365556 0.417120 0.367889 0.420430 0.368778 0.422617 0.369778 0.423930 0.372333 0.425242 0.373444 0.426492 0.371222 0.427802 0.370778 0.428047 0.372653
5 0.421320 0.397741 0.429159 0.398088 0.439128 0.396194 0.440578 0.398944 0.445156 0.402940 0.448398 0.410079 0.449172 0.390032 0.444768 0.386130 0.444120 0.385199 0.444518 0.378750 0.441536 0.377370 0.440628 0.373449 0.438807 0.369079 0.435701 0.366773 0.434154 0.367704 0.433630 0.371384 0.430776 0.371847 0.428578 0.373810 0.427513 0.376565 0.426932 0.380866 0.425289 0.384819 0.423547 0.391185
2 0.375042 0.254116 0.379966 0.250889 0.386315 0.243060 0.397708 0.253657 0.413651 0.268167 0.438914 0.289125 0.440469 0.292810 0.436971 0.331273 0.424922 0.344171 0.411839 0.331736 0.408857 0.329204 0.401602 0.322981 0.370896 0.293731 0.371156 0.290736
5 0.514401 0.424648 0.514276 0.423315 0.513401 0.422093 0.513339 0.420537 0.514836 0.419870 0.515461 0.420981 0.517023 0.421537 0.518148 0.419981 0.519898 0.419537 0.523208 0.419648 0.524896 0.420537 0.529146 0.417537 0.531768 0.413431 0.532956 0.414653 0.534018 0.416208 0.534768 0.415542 0.534893 0.416981 0.535456 0.419093 0.537581 0.418759 0.540641 0.422204 0.540891 0.424648 0.545365 0.429676 0.537630 0.435324 0.536456 0.433644 0.531581 0.430204 0.525833 0.425759 0.519086 0.425426 0.516586 0.422870
3 0.663940 0.585931 0.664724 0.576176 0.674813 0.570995 0.679750 0.568069 0.688755 0.563259 0.694661 0.560417 0.705521 0.555185 0.709714 0.552824 0.711224 0.550926 0.713255 0.550602 0.714870 0.550787 0.716198 0.552593 0.718023 0.555870 0.720151 0.562241 0.719591 0.567218 0.710521 0.587921 0.696638 0.619569 0.681745 0.625741 0.677266 0.623352 0.672003 0.610014 0.664836 0.590509
13 0.408857 0.329204 0.408885 0.361648 0.393786 0.380056 0.366398 0.359065 0.328560 0.329301 0.332237 0.320009 0.337464 0.314847 0.353914 0.297986 0.364753 0.286287 0.371156 0.290736 0.370896 0.293731 0.375664 0.298338 0.401602 0.322981
5 0.449172 0.390032 0.445378 0.377926 0.445938 0.376528 0.469453 0.381310 0.471021 0.397037 0.472141 0.408185 0.474828 0.413759 0.474940 0.417940 0.465422 0.411569 0.461279 0.408583 0.457471 0.409380 0.454000 0.414157 0.452992 0.415949 0.448289 0.413958 0.448398 0.410079
15 0.516987 0.450144 0.530445 0.440764 0.537630 0.435324 0.545365 0.429676 0.550062 0.426102 0.550409 0.431593 0.551917 0.431741 0.553755 0.430704 0.553922 0.432931 0.554091 0.439921 0.553672 0.440963 0.549271 0.443287 0.526070 0.459551 0.515029 0.467134 0.512062 0.464657 0.512581 0.463042 0.515302 0.451296
5 0.639349 0.544537 0.641776 0.536264 0.642943 0.533269 0.645404 0.527051 0.653695 0.533500 0.667948 0.542944 0.677276 0.548699 0.689065 0.556301 0.691656 0.558833 0.688755 0.563259 0.679750 0.568069 0.674813 0.570995 0.662326 0.564986 0.654589 0.560148 0.652453 0.554296 0.644135 0.548977
14 0.549271 0.443287 0.555336 0.448991 0.558307 0.449769 0.558211 0.457685 0.557245 0.459060 0.555018 0.460093 0.554922 0.465426 0.558315 0.475250 0.545359 0.472028 0.527482 0.468111 0.519578 0.467648 0.515029 0.467134 0.526070 0.459551
14 0.512604 0.424352 0.514401 0.424648 0.516586 0.422870 0.519086 0.425426 0.525833 0.425759 0.531581 0.430204 0.536456 0.433644 0.537630 0.435324 0.530445 0.440764 0.516987 0.450144 0.517893 0.444157 0.517763 0.437019 0.515563 0.428032
1 0.641776 0.536264 0.608187 0.504931 0.609531 0.502940 0.642943 0.533269
5 0.297013 0.203889 0.288721 0.187306 0.294810 0.183389 0.308674 0.177398 0.311911 0.175097 0.316057 0.171644 0.321370 0.171644 0.331484 0.192037 0.343005 0.212407 0.357388 0.241662 0.371185 0.271329 0.373984 0.280079 0.374555 0.283259 0.376224 0.285444 0.376458 0.288046 0.372870 0.284847 0.369734 0.282472 0.366146 0.278491 0.361979 0.280648 0.359266 0.284731 0.335143 0.254995 0.306938 0.217222
5 0.357547 0.158755 0.356435 0.154731 0.355596 0.153046 0.355523 0.149398 0.359219 0.149204 0.362883 0.148806 0.362883 0.147792 0.358784 0.143718 0.358755 0.142060 0.361227 0.140282 0.364388 0.132481 0.363685 0.130005 0.362427 0.128514 0.362516 0.125519 0.365508 0.125852 0.372786 0.132907 0.378664 0.138218 0.384917 0.144190 0.389536 0.148009 0.395753 0.153481 0.403409 0.161954 0.415229 0.173750 0.423760 0.180292 0.433701 0.189894 0.442901 0.199713 0.447419 0.204171 0.447044 0.206278 0.448794 0.213167 0.449609 0.219051 0.456609 0.225056 0.455227 0.227278 0.454115 0.228287 0.453177 0.229907 0.451172 0.228051 0.449734 0.227046 0.447943 0.231296 0.446706 0.239412 0.439331 0.231185 0.439766 0.240181 0.440266 0.249509 0.434219 0.242505 0.424984 0.232806 0.411701 0.218213 0.396148 0.201894 0.379083 0.182597 0.362451 0.164551
5 0.384917 0.144190 0.377315 0.135782 0.371388 0.129644 0.368401 0.126907 0.368401 0.125662 0.370081 0.123171 0.374234 0.120435 0.375401 0.119190 0.376521 0.112801 0.377409 0.110560 0.381047 0.102597 0.383055 0.102264 0.383570 0.102500 0.384411 0.103250 0.410234 0.129417 0.441930 0.159255 0.468906 0.185454 0.466456 0.189551 0.466456 0.189551 0.465057 0.192620 0.463003 0.198014 0.461883 0.200171 0.461229 0.200088 0.460622 0.199009 0.459596 0.200333 0.460016 0.202412 0.458661 0.206560 0.456328 0.208051 0.456281 0.209546 0.454010 0.212546 0.447419 0.204171 0.442901 0.199713 0.433701 0.189894 0.423760 0.180292 0.415229 0.173750 0.403409 0.161954 0.395753 0.153481 0.389536 0.148009
5 0.464870 0.234852 0.462633 0.232213 0.459487 0.232356 0.457607 0.233384 0.456609 0.233602 0.453638 0.235727 0.452146 0.237019 0.450979 0.238903 0.451461 0.240102 0.462190 0.251861 0.474815 0.265917 0.494823 0.288435 0.498818 0.293671 0.507609 0.302417 0.525440 0.323931 0.533424 0.333111 0.534596 0.334616 0.535724 0.338417 0.535951 0.339593 0.531870 0.341514 0.530984 0.342181 0.531474 0.344005 0.539958 0.353324 0.541630 0.352431 0.541044 0.350500 0.541044 0.345296 0.543135 0.343958 0.546984 0.349014 0.548823 0.347676 0.548992 0.343065 0.552003 0.347676 0.554094 0.347227 0.554010 0.342917 0.556518 0.331167 0.559279 0.325815 0.562307 0.327806 0.563315 0.327157 0.562786 0.326019 0.559375 0.322639 0.557318 0.320694 0.553078 0.316412 0.551865 0.314755 0.550130 0.314398 0.547383 0.311681 0.544583 0.314171 0.542344 0.311602 0.540198 0.310602 0.538469 0.311185 0.536695 0.311269 0.514576 0.287454 0.489557 0.260986
5 0.451461 0.240102 0.449839 0.242657 0.446706 0.239412 0.439331 0.231185 0.439766 0.240181 0.440266 0.249509 0.440211 0.252102 0.437727 0.253926 0.434974 0.255463 0.433948 0.257000 0.436797 0.259120 0.445964 0.269815 0.464237 0.290875 0.480622 0.308231 0.488049 0.313931 0.500633 0.331287 0.511859 0.346162 0.517961 0.354032 0.521133 0.351491 0.526328 0.345542 0.531870 0.341514 0.535951 0.339593 0.535724 0.338417 0.534596 0.334616 0.533424 0.333111 0.525440 0.323931 0.507609 0.302417 0.498818 0.293671 0.494823 0.288435 0.474815 0.265917 0.462190 0.251861
