0 0.440810 0.432153 0.440125 0.436176 0.437656 0.443000 0.433474 0.457630 0.429036 0.457509 0.427615 0.473912 0.428133 0.483125 0.433445 0.499245 0.437203 0.509153 0.443674 0.509903 0.445354 0.504986 0.447826 0.502472 0.449122 0.493949 0.451065 0.488190 0.452750 0.482435 0.452620 0.481282 0.449102 0.466917 0.447911 0.459023 0.450927 0.449866 0.453625 0.440273 0.457193 0.434250 0.462250 0.428889 0.466711 0.432477 0.467984 0.435685 0.466711 0.437194 0.470370 0.461014 0.468297 0.466079 0.466224 0.470458 0.463763 0.474833 0.463417 0.476472 0.465633 0.485319 0.469620 0.478792 0.474099 0.487750 0.476719 0.485426 0.474773 0.473681 0.475292 0.466310 0.474516 0.464468 0.475292 0.462625 0.475682 0.448574 0.474904 0.437060 0.474763 0.416829 0.475073 0.414250 0.478083 0.399866 0.478289 0.394884 0.477563 0.386032 0.477253 0.374046 0.476112 0.373306 0.474451 0.374597 0.453185 0.397468 0.450281 0.399495 0.442552 0.399616 0.437516 0.400491 0.436115 0.399384 0.432826 0.398505 0.431674 0.402602 0.428523 0.409421 0.428651 0.420014 0.439924 0.420477 0.446789 0.418634 0.446789 0.422088 0.447698 0.423468 0.445495 0.429917 0.441997 0.429458
2 0.444479 0.701111 0.454219 0.694630 0.455831 0.703449 0.454659 0.705088 0.455831 0.714306 0.456589 0.720880 0.453286 0.720292 0.446297 0.719458 0.445740 0.717824 0.445297 0.715028 0.444974 0.710296
2 0.471146 0.678935 0.470023 0.669028 0.469438 0.668579 0.452711 0.673787 0.452208 0.674972 0.452042 0.675866 0.453542 0.690509 0.457734 0.687778 0.457813 0.678394 0.458732 0.677949 0.459151 0.676759 0.463081 0.677056 0.463081 0.677949 0.469104 0.678245 0.468932 0.680324
2 0.469687 0.684352 0.471458 0.683194 0.472474 0.690218 0.473562 0.694972 0.474315 0.699139 0.474315 0.700329 0.473813 0.701069 0.474065 0.705977 0.474065 0.718468 0.456917 0.723972 0.455831 0.714306 0.454659 0.705088 0.455831 0.703449 0.454193 0.694722 0.457729 0.692370 0.457477 0.707838 0.458565 0.712745 0.469438 0.709324
16 0.497518 0.245935 0.498867 0.247532 0.510112 0.253130 0.511760 0.253931 0.519104 0.257657 0.540690 0.267787 0.542789 0.271782 0.543690 0.280579 0.544289 0.289639 0.544138 0.297366 0.543240 0.307495 0.542341 0.309894 0.501568 0.303495 0.501073 0.297421 0.502810 0.295875 0.503096 0.293185 0.494701 0.285454 0.494701 0.279940 0.493471 0.272477 0.492753 0.267681 0.493997 0.255690 0.494685 0.249639 0.495826 0.246574
16 0.520065 0.469870 0.524862 0.462940 0.532656 0.457079 0.540451 0.453880 0.545698 0.456278 0.548547 0.458676 0.550495 0.461875 0.551245 0.466139 0.554841 0.476796 0.562635 0.500782 0.565336 0.510106 0.567284 0.521301 0.566833 0.527699 0.564750 0.533000 0.560867 0.540356 0.558273 0.542194 0.554138 0.546806 0.548560 0.551176 0.542086 0.556931 0.539492 0.557866 0.538458 0.561542 0.536388 0.565005 0.532760 0.567083 0.530302 0.566847 0.525505 0.575588 0.521234 0.530681 0.520844 0.520102 0.519794 0.512028 0.519031 0.501208 0.520844 0.496838 0.521609 0.491986 0.521099 0.482315
16 0.518734 0.391977 0.521521 0.394042 0.523378 0.396931 0.529648 0.423347 0.530810 0.434495 0.531273 0.444815 0.529182 0.453481 0.524862 0.462940 0.519898 0.467231 0.520049 0.459769 0.520349 0.450440 0.519750 0.443778 0.518701 0.436315 0.518250 0.424593 0.518250 0.409403
16 0.510021 0.390106 0.512570 0.390106 0.511969 0.403167 0.511969 0.417556 0.512719 0.430880 0.512719 0.441542 0.513469 0.447671 0.514068 0.463394 0.515268 0.469787 0.511969 0.470856 0.509570 0.470856 0.508073 0.449000 0.507471 0.446069 0.505823 0.417023
16 0.422388 0.542032 0.423438 0.539370 0.425385 0.535907 0.427185 0.532972 0.430633 0.529241 0.435729 0.524977 0.438427 0.523912 0.440375 0.523912 0.447427 0.525481 0.451299 0.528755 0.455169 0.533912 0.458557 0.540796 0.461073 0.549227 0.461557 0.558519 0.460880 0.565917 0.463107 0.596884 0.464073 0.607722 0.463784 0.613056 0.461169 0.615810 0.459430 0.617875 0.434750 0.616671 0.429523 0.610477 0.427299 0.598088 0.424104 0.582949 0.420911 0.567981 0.420523 0.556282 0.421299 0.547162
16 0.469620 0.478792 0.474099 0.487750 0.477794 0.498699 0.481826 0.509444 0.483953 0.514819 0.484289 0.517407 0.487424 0.525370 0.490224 0.554634 0.489104 0.560009 0.485521 0.565185 0.479474 0.573347 0.474188 0.576315 0.469128 0.577685 0.464727 0.577685 0.461747 0.574699 0.460880 0.565917 0.461557 0.558519 0.461073 0.549227 0.458557 0.540796 0.455169 0.533912 0.451299 0.528755 0.447427 0.525481 0.443674 0.509903 0.445354 0.504986 0.453797 0.497421 0.465633 0.485319
16 0.462250 0.428889 0.466711 0.432477 0.467984 0.435685 0.466711 0.437194 0.465755 0.458343 0.463417 0.476472 0.462461 0.476847 0.457354 0.470449 0.453539 0.469880 0.449102 0.466917 0.447911 0.459023 0.450927 0.449866 0.453625 0.440273 0.457193 0.434250
16 0.437862 0.428616 0.440810 0.432153 0.440125 0.436176 0.437656 0.443000 0.433474 0.457630 0.429036 0.457509 0.430023 0.440468 0.429654 0.437407
16 0.443518 0.340306 0.437102 0.341769 0.426740 0.344690 0.417031 0.347032 0.411768 0.349079 0.411604 0.359898 0.412591 0.381250 0.413414 0.385639 0.414401 0.403185 0.431674 0.402602 0.432826 0.398505 0.436115 0.399384 0.436937 0.393532 0.439734 0.390315 0.442367 0.387977 0.437924 0.387977 0.436609 0.385931 0.436609 0.384468 0.439734 0.381542 0.442203 0.382125 0.446315 0.382713 0.447302 0.383005 0.445987 0.378032 0.446315 0.375986 0.448453 0.375106 0.446643 0.362532 0.444177 0.348199
16 0.445352 0.339917 0.449122 0.340824 0.449451 0.347509 0.450534 0.348699 0.450706 0.351815 0.450875 0.356574 0.451458 0.362389 0.451714 0.365806 0.450789 0.373375 0.449122 0.368333 0.447443 0.360009 0.445776 0.348245 0.445352 0.343204
2 0.556669 0.649426 0.557422 0.648088 0.568797 0.640356 0.581763 0.641250 0.582349 0.641694 0.582682 0.643181 0.583102 0.668315 0.582682 0.669500 0.582096 0.670245 0.569049 0.669500 0.563695 0.677384 0.558091 0.676935 0.557505 0.675745 0.557255 0.673667
2 0.438578 0.518583 0.418789 0.529241 0.422388 0.542032 0.423438 0.539370 0.425385 0.535907 0.427185 0.532972 0.430633 0.529241 0.435729 0.524977 0.438427 0.523912 0.440375 0.523912
2 0.585562 0.736861 0.581008 0.750227 0.572115 0.752157 0.571755 0.743801 0.574357 0.733907 0.574935 0.733134 0.575875 0.733134 0.585273 0.736477
2 0.420724 0.281991 0.422224 0.280657 0.424172 0.286787 0.425221 0.288120 0.425521 0.291852 0.431367 0.294514 0.436763 0.298778 0.435565 0.303042 0.433615 0.305440 0.432266 0.310241 0.430167 0.321431 0.428818 0.328093 0.428219 0.328894 0.416378 0.330759 0.413828 0.329426 0.411729 0.327560 0.415776 0.322764 0.416826 0.314505 0.414578 0.305977 0.418174 0.299847 0.416977 0.289185 0.418924 0.284389
2 0.446716 0.291667 0.447555 0.294495 0.447211 0.300338 0.443857 0.305528 0.443482 0.309273 0.438461 0.318005 0.432591 0.328440 0.430167 0.321431 0.434214 0.315296 0.432807 0.308963 0.433615 0.305440 0.434589 0.304352 0.436104 0.311639 0.439667 0.306269 0.435292 0.294315 0.433284 0.295981 0.431367 0.294514 0.464685 0.228634 0.492094 0.261630 0.492753 0.267681 0.493471 0.272477 0.494701 0.279940 0.494701 0.285454 0.494469 0.285722 0.488799 0.281023 0.476964 0.267102 0.475607 0.262120 0.485669 0.274153 0.489935 0.263875 0.467201 0.236815 0.467964 0.243815 0.466232 0.244398 0.465589 0.245648 0.465747 0.247565 0.465589 0.247759 0.462182 0.245065 0.460234 0.244963 0.458888 0.246213 0.457917 0.251208 0.455148 0.250671 0.454521 0.251981 0.454279 0.254509 0.453927 0.256681 0.452112 0.258477 0.452044 0.261079 0.437609 0.291310 0.440870 0.302213
8 0.531333 0.567139 0.532641 0.568231 0.536839 0.614602 0.534891 0.615134 0.531742 0.579690 0.531586 0.572787
8 0.531333 0.567139 0.530302 0.566847 0.529854 0.567986 0.530104 0.600403 0.531823 0.601296 0.531526 0.582407
11 0.544734 0.756944 0.545380 0.754722 0.546188 0.753144 0.547638 0.750560 0.550492 0.747454 0.553674 0.745139 0.556495 0.744755 0.559818 0.745523 0.562927 0.748481 0.565096 0.753236 0.564833 0.753676
11 0.560260 0.701009 0.563581 0.702162 0.566474 0.703968 0.569289 0.709231 0.570888 0.717079 0.570518 0.746167 0.569578 0.748866 0.569143 0.751949 0.565096 0.753236 0.562927 0.748481 0.559818 0.745523 0.556495 0.744755 0.553674 0.745139 0.550492 0.747454 0.551940 0.743468 0.552518 0.740000 0.551940 0.733444 0.550422 0.730361 0.548326 0.727792 0.547818 0.717639 0.549047 0.711338 0.549987 0.708769 0.553385 0.704144 0.556565 0.700931
11 0.548326 0.727792 0.550422 0.730361 0.551940 0.733444 0.552518 0.740000 0.551940 0.743468 0.550492 0.747454 0.547638 0.750560 0.546188 0.753144 0.545380 0.754722 0.544734 0.756944 0.537997 0.757806 0.535943 0.755509 0.534852 0.739806 0.535740 0.734139 0.537919 0.729981 0.540500 0.727255 0.543404 0.726181 0.546188 0.726324
11 0.529070 0.696037 0.530581 0.694213 0.533120 0.693157 0.536521 0.692486 0.539599 0.693639 0.542786 0.696324 0.544784 0.700551 0.545917 0.707366 0.544674 0.713796 0.543380 0.716579 0.541544 0.718981 0.539276 0.720806 0.536737 0.722051 0.533984 0.721667 0.531768 0.720611 0.529503 0.719269 0.528693 0.718019 0.528247 0.707375 0.530234 0.707620 0.529818 0.698759
11 0.527917 0.693630 0.529581 0.692343 0.531531 0.690287 0.534495 0.689005 0.536375 0.689005 0.538833 0.689259 0.541724 0.690931 0.544617 0.693500 0.546352 0.696069 0.548375 0.701213 0.549242 0.707125 0.549047 0.711338 0.547818 0.717639 0.548326 0.727792 0.546188 0.726324 0.543404 0.726181 0.540500 0.727255 0.537919 0.729981 0.535740 0.734139 0.534852 0.739806 0.535943 0.755509 0.533635 0.754440 0.531393 0.754190 0.528667 0.722620 0.528247 0.707375 0.530234 0.707620 0.529818 0.698759
16 0.426531 0.461926 0.420672 0.465046 0.416570 0.468796 0.418789 0.529241 0.438578 0.518583 0.440375 0.523912 0.443049 0.524204 0.438482 0.509417 0.437203 0.509153 0.433445 0.499245 0.428133 0.483125 0.427615 0.473912 0.428872 0.461301
5 0.513461 0.522620 0.515219 0.524051 0.517427 0.525833 0.518935 0.527352 0.520289 0.528870 0.521234 0.530681 0.523383 0.553218 0.522430 0.555269 0.521625 0.556519 0.520370 0.557856 0.519016 0.559199 0.518161 0.560000 0.517409 0.560806 0.516453 0.560713
5 0.519445 0.576796 0.520049 0.576532 0.520552 0.575995 0.521354 0.575458 0.522156 0.574745 0.522760 0.573676 0.523914 0.571889 0.524417 0.570727 0.524870 0.568676 0.525505 0.575588 0.529854 0.567986 0.530000 0.596852 0.527057 0.599954 0.522898 0.601542 0.519151 0.601278 0.518565 0.592153 0.520771 0.593495 0.521932 0.593699 0.520771 0.589157 0.520307 0.588537 0.519552 0.586884 0.518622 0.584718 0.518505 0.583477 0.518565 0.581824 0.518565 0.580792 0.518565 0.579759 0.519435 0.578315
5 0.531831 0.315597 0.537992 0.314421 0.540602 0.315704 0.543195 0.319167 0.544784 0.323162 0.545083 0.328440 0.544063 0.335500 0.542401 0.338833 0.540091 0.342431 0.536404 0.345787 0.532565 0.348347 0.528594 0.349759 0.522297 0.349625 0.519271 0.348347 0.516451 0.346431 0.514638 0.344616 0.515297 0.342431 0.516737 0.342565 0.520935 0.341417 0.526854 0.336782 0.530333 0.332037 0.532133 0.326361 0.532565 0.321111
5 0.501849 0.313528 0.504234 0.314685 0.507922 0.314940 0.511102 0.315329 0.516091 0.315329 0.519633 0.315069 0.523464 0.314685 0.526716 0.313657 0.529247 0.312755 0.530115 0.312755 0.530188 0.313782 0.530982 0.313398 0.531831 0.315597 0.532068 0.319181 0.531922 0.322523 0.530766 0.328176 0.527945 0.333319 0.525055 0.337046 0.520716 0.340514 0.516813 0.341417 0.513417 0.341931 0.509729 0.341542 0.506547 0.340389 0.504091 0.338718 0.501849 0.324838
11 0.520870 0.624597 0.533919 0.625338 0.534589 0.634111 0.533919 0.647199 0.533417 0.647644 0.523966 0.647792 0.521289 0.632773
5 0.555326 0.629144 0.558461 0.627352 0.562044 0.627352 0.565625 0.628546 0.567865 0.630537 0.569656 0.633125 0.571000 0.636111 0.572008 0.637903 0.572344 0.640491 0.568797 0.640356 0.564974 0.642718 0.564104 0.638245 0.563039 0.635319 0.560716 0.632394 0.558201 0.630676 0.555974 0.629986
5 0.487469 0.660069 0.496148 0.659653 0.496708 0.666875 0.497828 0.677412 0.498062 0.677991 0.497922 0.679815 0.492089 0.676333 0.491573 0.674792 0.489466 0.670954 0.487143 0.667870 0.483742 0.666343 0.479529 0.667111 0.476237 0.669222 0.474779 0.671338 0.473320 0.674023 0.472617 0.677097 0.471367 0.655755 0.475659 0.654926 0.475893 0.654593 0.478786 0.654259 0.478646 0.650528 0.478740 0.646630 0.479346 0.644639 0.479721 0.643889 0.480141 0.643889 0.479721 0.645718 0.479534 0.647542 0.479393 0.649282 0.479393 0.651190 0.479487 0.652519 0.480188 0.653431 0.480932 0.654926 0.481820 0.655093 0.482708 0.653847 0.484573 0.654014 0.485508 0.654343 0.486154 0.654884 0.487714 0.654995 0.487839 0.657551 0.487000 0.657745
2 0.564974 0.642718 0.557422 0.648088 0.556669 0.649426 0.557255 0.673667 0.557505 0.675745 0.558091 0.676935 0.562266 0.677269 0.561393 0.682634 0.541456 0.686245 0.541263 0.678847 0.541844 0.669903 0.541844 0.660440 0.542521 0.650458 0.542909 0.643579 0.544070 0.637042 0.546005 0.633773 0.548521 0.631019 0.551521 0.629468 0.554135 0.629125 0.555974 0.629986 0.558201 0.630676 0.560716 0.632394 0.563039 0.635319 0.564104 0.638245
2 0.427734 0.707593 0.473698 0.677222 0.483734 0.707361 0.480497 0.707130 0.472734 0.682407 0.431005 0.709894 0.442018 0.744671 0.441500 0.751120
11 0.566417 0.673361 0.569802 0.671810 0.574159 0.670949 0.577740 0.671981 0.580836 0.674565 0.583063 0.678005 0.584805 0.682306 0.585771 0.689190 0.585190 0.692630 0.578909 0.722343 0.577536 0.724148 0.574284 0.725181 0.572766 0.726194 0.571031 0.726194 0.570729 0.726296 0.570888 0.717079 0.569289 0.709231 0.566474 0.703968 0.563581 0.702162 0.560260 0.701009 0.563581 0.678519
11 0.429010 0.711898 0.427367 0.712139 0.425693 0.713690 0.424682 0.715546 0.423740 0.718338 0.423776 0.721065 0.423846 0.723231 0.424542 0.741269 0.430146 0.751639 0.431870 0.751556 0.433737 0.750310 0.434810 0.747819 0.435417 0.743505 0.435604 0.732968 0.434159 0.727824
5 0.469714 0.684398 0.469438 0.709324 0.458565 0.712745 0.457477 0.707838 0.457729 0.692370
5 0.492188 0.677546 0.498672 0.681991 0.499440 0.693741 0.493836 0.694782 0.492500 0.697009 0.491661 0.699690 0.494005 0.729426 0.491760 0.725347 0.489789 0.723389 0.489323 0.722870 0.488456 0.709083 0.487708 0.693843 0.488977 0.692824 0.490870 0.689866 0.492273 0.685639 0.492599 0.682278 0.492328 0.678431
5 0.487708 0.693843 0.486117 0.694944 0.483904 0.695519 0.481529 0.695912 0.479909 0.695431 0.483734 0.707361 0.485203 0.707921 0.486198 0.715361 0.488359 0.719583 0.488466 0.721699 0.489323 0.722870 0.488456 0.709083
5 0.487708 0.693843 0.486117 0.694944 0.483904 0.695519 0.481628 0.695912 0.479740 0.695509 0.483734 0.707361 0.485260 0.708231 0.486198 0.715361 0.488359 0.719583 0.488466 0.721699 0.489323 0.722870 0.488456 0.709083
10 0.499440 0.693741 0.493836 0.694782 0.492500 0.697009 0.491661 0.699690 0.494005 0.729426 0.501115 0.723926
2 0.519031 0.501208 0.519794 0.512028 0.520844 0.520102 0.521234 0.530681 0.520289 0.528870 0.518935 0.527352 0.517427 0.525833 0.515219 0.524051 0.513461 0.522620 0.513081 0.517847 0.513622 0.515449 0.516141 0.508569
2 0.514638 0.344616 0.516451 0.346431 0.519271 0.348347 0.522297 0.349625 0.528594 0.349759 0.532565 0.348347 0.536404 0.345787 0.537914 0.345347 0.543914 0.359282 0.542852 0.362208 0.540721 0.365648 0.537044 0.369778 0.533753 0.373222 0.529979 0.375287 0.526495 0.376662 0.522818 0.376144 0.521464 0.372190 0.521948 0.370468 0.511688 0.342940
2 0.511688 0.342940 0.521948 0.370468 0.521464 0.372190 0.517206 0.375287 0.516044 0.369778 0.508883 0.351028 0.507622 0.351370 0.507526 0.350338 0.508203 0.348963 0.506753 0.345005 0.505687 0.345694 0.504430 0.340875
2 0.518039 0.377940 0.542883 0.375880 0.543346 0.372574 0.545901 0.370514 0.554841 0.476796 0.551245 0.466139 0.550495 0.461875 0.548547 0.458676 0.545698 0.456278 0.540451 0.453880 0.532656 0.457079 0.524862 0.462940 0.529182 0.453481 0.531273 0.444815 0.530810 0.434495 0.529648 0.423347 0.523378 0.396931 0.521521 0.394042 0.518734 0.391977
10 0.527266 0.688231 0.541456 0.686245 0.561393 0.682634 0.562471 0.684889 0.560260 0.701009 0.556565 0.700931 0.553385 0.704144 0.549987 0.708769 0.549047 0.711338 0.549242 0.707125 0.548375 0.701213 0.546352 0.696069 0.544617 0.693500 0.541724 0.690931 0.538833 0.689259 0.536375 0.689005 0.534495 0.689005 0.531531 0.690287 0.529581 0.692343 0.527917 0.693630
2 0.488484 0.733741 0.494005 0.729426 0.501115 0.723926 0.501448 0.730764 0.499440 0.732551 0.499776 0.737310 0.496013 0.740880 0.489570 0.745935
10 0.495510 0.742810 0.500695 0.739690 0.501031 0.747273 0.502953 0.746824 0.503539 0.754111 0.501784 0.755005 0.502620 0.761694 0.503792 0.761991 0.503958 0.763181 0.497349 0.764370
2 0.412583 0.270833 0.410706 0.281245 0.410487 0.289856 0.411065 0.297051 0.411932 0.304634 0.413307 0.308875 0.414969 0.310032 0.414578 0.305977 0.414969 0.303736 0.413018 0.270963
2 0.489214 0.620560 0.491964 0.621782 0.494219 0.622083 0.495773 0.637000 0.495961 0.642444 0.497148 0.658995 0.493651 0.657662 0.487839 0.657551 0.487714 0.654995 0.486154 0.654884 0.486029 0.645778 0.488214 0.624671
2 0.490224 0.554634 0.489104 0.560009 0.485521 0.565185 0.479474 0.573347 0.477620 0.575005 0.479286 0.578519 0.481367 0.582222 0.484180 0.586106 0.485323 0.587958 0.487615 0.589069 0.489281 0.588144 0.491362 0.582222 0.492299 0.581667
2 0.461747 0.574699 0.464727 0.577685 0.469128 0.577685 0.474188 0.576315 0.477620 0.575005 0.480328 0.580185 0.480432 0.592403 0.474497 0.588514 0.469396 0.588699 0.466690 0.591662 0.463107 0.596884
2 0.429523 0.610477 0.434750 0.616671 0.459430 0.617875 0.481888 0.617940 0.480432 0.592403 0.480328 0.580185 0.481367 0.582222 0.484180 0.586106 0.485323 0.587958 0.487615 0.589069 0.489281 0.588144 0.491362 0.582222 0.492299 0.581667 0.492716 0.597028 0.490945 0.594620 0.490424 0.595361 0.491674 0.597954 0.483034 0.622199 0.484701 0.623310 0.486573 0.623310 0.488240 0.616463 0.488865 0.615167 0.489799 0.611648 0.490945 0.610352 0.493029 0.605542 0.493445 0.612019 0.494219 0.622083 0.491964 0.621782 0.489214 0.620560 0.488214 0.624671 0.487198 0.632750 0.468562 0.633116 0.463565 0.625528 0.449927 0.633671 0.429315 0.635153
2 0.532760 0.567083 0.536388 0.565005 0.538458 0.561542 0.539492 0.557866 0.542086 0.556931 0.548560 0.551176 0.554138 0.546806 0.558273 0.542194 0.560073 0.541847 0.561422 0.565032 0.565320 0.614866 0.564870 0.624194 0.560823 0.625792 0.554677 0.626324 0.533919 0.625338 0.520870 0.624597 0.519151 0.601278 0.522898 0.601542 0.527057 0.599954 0.530000 0.596852 0.530000 0.600463 0.531823 0.601296 0.531742 0.579690 0.534891 0.615134 0.536839 0.614602 0.532641 0.568231
2 0.444820 0.647380 0.464750 0.647157 0.466875 0.644606 0.470372 0.651824 0.465500 0.665819 0.456190 0.672597 0.452711 0.673787 0.452208 0.674972 0.452042 0.675866 0.451943 0.678481 0.449443 0.680593 0.447005 0.681259 0.445008 0.680148 0.443383 0.670375 0.443070 0.659819
2 0.438503 0.634389 0.445846 0.637079 0.449927 0.633671 0.463565 0.625528 0.468562 0.633116 0.470823 0.639852 0.470271 0.643560 0.466875 0.644606 0.464750 0.647157 0.444820 0.647380 0.437198 0.645227 0.437477 0.642329 0.443125 0.639093 0.437570 0.637435
2 0.472617 0.677097 0.473320 0.674023 0.474779 0.671338 0.476237 0.669222 0.479529 0.667111 0.483742 0.666343 0.487143 0.667870 0.489466 0.670954 0.491573 0.674792 0.492328 0.678431 0.492599 0.682278 0.492273 0.685639 0.490870 0.689866 0.488979 0.692838 0.486117 0.694944 0.483904 0.695519 0.481628 0.695912 0.479792 0.695556 0.478789 0.688912 0.480583 0.689120 0.482958 0.689019 0.485448 0.687986 0.487010 0.686134 0.488341 0.683255 0.488341 0.681505 0.488224 0.678315 0.486721 0.674815 0.484346 0.673171 0.482148 0.672657 0.480122 0.673171 0.478674 0.674403 0.477227 0.676463 0.476648 0.678829 0.476534 0.683977 0.476128 0.684282 0.473698 0.677222 0.472422 0.678056
2 0.444516 0.677620 0.445008 0.680148 0.447005 0.681259 0.449443 0.680593 0.451943 0.678481 0.452042 0.675866 0.453594 0.690463 0.444323 0.696667
5 0.297013 0.203889 0.288721 0.187306 0.294810 0.183389 0.308674 0.177398 0.311911 0.175097 0.316057 0.171644 0.321370 0.171644 0.331484 0.192037 0.343005 0.212407 0.357388 0.241662 0.371185 0.271329 0.373984 0.280079 0.374555 0.283259 0.376224 0.285444 0.376458 0.288046 0.372870 0.284847 0.369734 0.282472 0.366146 0.278491 0.361979 0.280648 0.359266 0.284731 0.335143 0.254995 0.306938 0.217222
5 0.357547 0.158755 0.356435 0.154731 0.355596 0.153046 0.355523 0.149398 0.359219 0.149204 0.362883 0.148806 0.362883 0.147792 0.358784 0.143718 0.358755 0.142060 0.361227 0.140282 0.364388 0.132481 0.363685 0.130005 0.362427 0.128514 0.362516 0.125519 0.365508 0.125852 0.372786 0.132907 0.378664 0.138218 0.384917 0.144190 0.389536 0.148009 0.395753 0.153481 0.403409 0.161954 0.415229 0.173750 0.423760 0.180292 0.433701 0.189894 0.442901 0.199713 0.447419 0.204171 0.447044 0.206278 0.448794 0.213167 0.449609 0.219051 0.456609 0.225056 0.455227 0.227278 0.454115 0.228287 0.453177 0.229907 0.451172 0.228051 0.449734 0.227046 0.447943 0.231296 0.446706 0.239412 0.439331 0.231185 0.439766 0.240181 0.440266 0.249509 0.434219 0.242505 0.424984 0.232806 0.411701 0.218213 0.396148 0.201894 0.379083 0.182597 0.362451 0.164551
5 0.384917 0.144190 0.377315 0.135782 0.371388 0.129644 0.368401 0.126907 0.368401 0.125662 0.370081 0.123171 0.374234 0.120435 0.375401 0.119190 0.376521 0.112801 0.377409 0.110560 0.381047 0.102597 0.383055 0.102264 0.383570 0.102500 0.384411 0.103250 0.410234 0.129417 0.441930 0.159255 0.468906 0.185454 0.466456 0.189551 0.466456 0.189551 0.465057 0.192620 0.463003 0.198014 0.461883 0.200171 0.461229 0.200088 0.460622 0.199009 0.459596 0.200333 0.460016 0.202412 0.458661 0.206560 0.456328 0.208051 0.456281 0.209546 0.454010 0.212546 0.447419 0.204171 0.442901 0.199713 0.433701 0.189894 0.423760 0.180292 0.415229 0.173750 0.403409 0.161954 0.395753 0.153481 0.389536 0.148009
5 0.464870 0.234852 0.462633 0.232213 0.459487 0.232356 0.457607 0.233384 0.456609 0.233602 0.453638 0.235727 0.452146 0.237019 0.450979 0.238903 0.451461 0.240102 0.462190 0.251861 0.474815 0.265917 0.494823 0.288435 0.498818 0.293671 0.507609 0.302417 0.525440 0.323931 0.533424 0.333111 0.534596 0.334616 0.535724 0.338417 0.535951 0.339593 0.531870 0.341514 0.530984 0.342181 0.531474 0.344005 0.539958 0.353324 0.541630 0.352431 0.541044 0.350500 0.541044 0.345296 0.543135 0.343958 0.546984 0.349014 0.548823 0.347676 0.548992 0.343065 0.552003 0.347676 0.554094 0.347227 0.554010 0.342917 0.556518 0.331167 0.559279 0.325815 0.562307 0.327806 0.563315 0.327157 0.562786 0.326019 0.559375 0.322639 0.557318 0.320694 0.553078 0.316412 0.551865 0.314755 0.550130 0.314398 0.547383 0.311681 0.544583 0.314171 0.542344 0.311602 0.540198 0.310602 0.538469 0.311185 0.536695 0.311269 0.514576 0.287454 0.489557 0.260986
5 0.451461 0.240102 0.449839 0.242657 0.446706 0.239412 0.439331 0.231185 0.439766 0.240181 0.440266 0.249509 0.440211 0.252102 0.437727 0.253926 0.434974 0.255463 0.433948 0.257000 0.436797 0.259120 0.445964 0.269815 0.464237 0.290875 0.480622 0.308231 0.488049 0.313931 0.500633 0.331287 0.511859 0.346162 0.517961 0.354032 0.521133 0.351491 0.526328 0.345542 0.531870 0.341514 0.535951 0.339593 0.535724 0.338417 0.534596 0.334616 0.533424 0.333111 0.525440 0.323931 0.507609 0.302417 0.498818 0.293671 0.494823 0.288435 0.474815 0.265917 0.462190 0.251861
