0 0.460784 0.296171 0.448951 0.288657 0.445711 0.287157 0.444161 0.287157 0.443458 0.288907 0.441628 0.288657 0.437120 0.298926 0.435008 0.319208 0.436745 0.323065 0.435448 0.325829 0.433117 0.330894 0.431044 0.335269 0.429229 0.339185 0.426768 0.343792 0.425602 0.348815 0.431063 0.381560 0.433362 0.380898 0.440333 0.380366 0.440852 0.372995 0.443573 0.364245 0.442536 0.350657 0.445646 0.343745 0.452122 0.332231 0.456659 0.330389 0.462747 0.323708 0.464495 0.321750 0.464367 0.333958 0.462940 0.334417 0.462682 0.362056 0.454648 0.371731 0.454779 0.389926 0.458018 0.397528 0.461557 0.401968 0.463023 0.402269 0.467719 0.403903 0.472388 0.402981 0.476432 0.398556 0.480479 0.393023 0.479544 0.368125 0.476122 0.364255 0.474151 0.361116 0.473839 0.315565 0.471826 0.307815 0.468573 0.291287
5 0.531758 0.316394 0.534880 0.315949 0.538193 0.315060 0.539443 0.316282 0.540440 0.316282 0.542253 0.318060 0.544190 0.322616 0.544940 0.326167 0.544878 0.330278 0.544440 0.333722 0.542940 0.338167 0.540128 0.342718 0.536693 0.346273 0.532818 0.348384 0.528383 0.349718 0.523820 0.349829 0.519135 0.348384 0.516385 0.346162 0.514513 0.343384 0.515638 0.342273 0.518698 0.341162 0.522198 0.339606 0.524883 0.337611 0.527758 0.333833 0.529383 0.330611 0.530883 0.326944 0.531695 0.323505 0.532193 0.319838
2 0.472299 0.677245 0.472299 0.675338 0.472831 0.673574 0.474742 0.670162 0.477812 0.667120 0.482065 0.665796 0.486406 0.667199 0.489391 0.670551 0.491495 0.675227 0.492721 0.680060 0.492372 0.685366 0.491013 0.689495 0.488469 0.693005 0.484961 0.695264 0.481276 0.695731 0.479299 0.695435 0.478490 0.692500 0.478826 0.688671 0.479344 0.689287 0.480036 0.689671 0.481159 0.689824 0.482672 0.689593 0.484187 0.689056 0.486003 0.687287 0.487214 0.685750 0.488078 0.683981 0.488250 0.681370 0.487992 0.677986 0.487083 0.675528 0.485310 0.673759 0.483755 0.673065 0.481852 0.672606 0.480294 0.672681 0.478565 0.673759 0.477052 0.675449 0.476273 0.677602 0.476232 0.680218 0.476404 0.682366 0.476664 0.684060 0.475799 0.684060 0.473247 0.676602
2 0.543589 0.371755 0.546724 0.371954 0.553891 0.475069 0.552211 0.473079 0.550643 0.467704 0.550083 0.463324 0.548852 0.460537 0.546948 0.458347 0.543812 0.455958 0.540565 0.455560 0.536760 0.456556 0.533289 0.458347 0.530052 0.459778 0.532404 0.455000 0.533523 0.450222 0.533299 0.443657 0.532068 0.433306 0.530836 0.423153 0.529940 0.415588 0.528372 0.408620 0.526021 0.398468 0.524901 0.394486 0.523333 0.392495 0.521094 0.390505 0.518406 0.388912 0.523323 0.383894 0.533401 0.381509 0.534969 0.378125 0.542805 0.375935
16 0.518406 0.388912 0.521094 0.390505 0.523333 0.392495 0.524901 0.394486 0.526021 0.398468 0.528372 0.408620 0.529940 0.415588 0.530836 0.423153 0.532068 0.433306 0.533299 0.443657 0.533523 0.450222 0.532404 0.455000 0.530052 0.459778 0.525125 0.464556 0.522885 0.467343 0.520534 0.470130 0.519190 0.470926 0.517510 0.451019 0.518182 0.448037 0.518854 0.445449 0.516951 0.427532 0.517510 0.414394 0.518070 0.403843 0.518630 0.395481
11 0.428346 0.711519 0.425984 0.713458 0.424693 0.715417 0.423664 0.718310 0.423529 0.720977 0.424036 0.739551 0.428284 0.747440 0.430904 0.746940 0.432958 0.745856 0.435003 0.743287 0.435378 0.741880 0.435432 0.733505 0.433513 0.727282 0.428620 0.711343
11 0.524443 0.698931 0.525206 0.696903 0.526503 0.694116 0.528122 0.692019 0.531411 0.689509 0.535417 0.688356 0.538810 0.689236 0.540870 0.690384 0.543396 0.692481 0.546208 0.696051 0.548151 0.700935 0.548526 0.703907 0.549500 0.709778 0.548138 0.713824 0.547542 0.718625 0.547867 0.727843 0.547003 0.726690 0.545060 0.725921 0.541872 0.726495 0.539010 0.728032 0.537120 0.730625 0.535932 0.733120 0.534854 0.736292 0.534690 0.740514 0.535833 0.755278 0.533016 0.754338 0.529076 0.730051 0.527078 0.722657 0.525888 0.720259
5 0.482346 0.654144 0.480206 0.654287 0.478776 0.652681 0.471333 0.655380 0.472299 0.675338 0.472857 0.673593 0.474742 0.670162 0.477812 0.667120 0.482065 0.665796 0.486406 0.667199 0.489391 0.670551 0.491495 0.675227 0.498141 0.679981 0.496398 0.659509 0.495622 0.658995 0.486622 0.658134 0.485945 0.655898 0.485143 0.655565 0.485143 0.652866 0.484159 0.653500
16 0.495307 0.248255 0.496651 0.245866 0.498555 0.247458 0.510422 0.253426 0.511318 0.253227 0.511878 0.254222 0.516469 0.256213 0.525703 0.260880 0.534273 0.264375 0.540544 0.268755 0.542336 0.271144 0.543232 0.276917 0.543680 0.283884 0.543680 0.292245 0.543232 0.299611 0.542784 0.304787 0.542560 0.308171 0.541810 0.310023 0.501107 0.300269 0.493805 0.269551 0.494130 0.263620
2 0.574125 0.733236 0.575805 0.732639 0.585547 0.736620 0.580620 0.750356 0.575245 0.750755 0.571549 0.751153 0.571102 0.739606
2 0.420219 0.552708 0.434117 0.552588 0.435747 0.572755 0.434526 0.588088 0.419716 0.590023 0.419854 0.571787 0.419854 0.553310
2 0.454740 0.476713 0.455734 0.475421 0.459664 0.476398 0.464380 0.476398 0.467052 0.477796 0.464617 0.493444 0.463753 0.494981 0.458958 0.493727 0.454005 0.492046 0.453885 0.480444 0.454482 0.478556
2 0.421414 0.281856 0.427409 0.281856 0.426211 0.303708 0.428010 0.304241 0.426211 0.309306 0.421865 0.312769 0.420365 0.312769 0.419164 0.308773 0.413919 0.306375 0.414219 0.281856
2 0.418995 0.319380 0.421846 0.319606 0.425862 0.319606 0.431174 0.319380 0.434542 0.321222 0.436745 0.323065 0.435448 0.325829 0.433117 0.330894 0.431044 0.335269 0.429229 0.339185 0.426768 0.343792 0.425602 0.348815 0.418878 0.350194 0.418878 0.343032 0.417984 0.329097
2 0.556628 0.647912 0.568003 0.640921 0.568589 0.639583 0.581052 0.640329 0.581971 0.641069 0.582807 0.642708 0.583060 0.667093 0.582641 0.668880 0.581971 0.670069 0.579714 0.673935 0.577789 0.672597 0.576034 0.671704 0.574443 0.671704 0.571935 0.671704 0.567836 0.672444 0.565242 0.674528 0.564490 0.675866 0.557883 0.676315 0.557130 0.675569
5 0.555266 0.629477 0.558357 0.627537 0.562451 0.627537 0.565997 0.628829 0.568724 0.631579 0.570906 0.636588 0.571453 0.639500 0.568589 0.639583 0.568003 0.640921 0.564766 0.642963 0.564359 0.639824 0.563268 0.636588 0.560813 0.633356 0.557539 0.630769
2 0.550174 0.630125 0.553812 0.629477 0.557539 0.630769 0.560813 0.633356 0.563268 0.636588 0.564359 0.639824 0.564792 0.642824 0.556628 0.647912 0.557130 0.675569 0.557883 0.676315 0.564490 0.675866 0.562177 0.682986 0.555630 0.683310 0.542081 0.685736 0.542354 0.657931 0.543536 0.640468 0.545263 0.635296 0.547719 0.632222
5 0.492083 0.677412 0.498299 0.681394 0.498781 0.693593 0.495185 0.694037 0.492758 0.696417 0.491419 0.698352 0.493427 0.729727 0.492083 0.725606 0.490635 0.724060 0.489047 0.722005 0.488583 0.717347 0.487484 0.693681 0.488469 0.692958 0.491013 0.689495 0.492372 0.685366 0.492721 0.680060
5 0.457062 0.692861 0.469120 0.684750 0.469245 0.708968 0.459062 0.711968 0.457187 0.707634 0.457375 0.701968 0.456000 0.697083 0.455687 0.693972
5 0.486760 0.564903 0.484573 0.571278 0.483573 0.577907 0.483664 0.584051 0.485117 0.589222 0.488211 0.595366 0.491302 0.598759 0.493120 0.599731 0.493237 0.595903 0.491534 0.593398 0.489891 0.589639 0.488656 0.585463 0.488247 0.580245 0.488893 0.574403 0.490091 0.571546 0.488935 0.569736 0.487849 0.567921
5 0.505891 0.314171 0.509576 0.315060 0.513076 0.315505 0.517385 0.315505 0.521448 0.314727 0.525195 0.313838 0.527945 0.313282 0.529820 0.312727 0.530133 0.313838 0.530945 0.313505 0.531633 0.314838 0.532193 0.319838 0.531695 0.323505 0.530883 0.326944 0.529383 0.330611 0.527758 0.333833 0.524883 0.337611 0.522198 0.339606 0.518698 0.341162 0.513951 0.342162 0.510138 0.341495 0.506328 0.339829 0.505578 0.335833 0.505266 0.330389 0.504953 0.326722 0.504953 0.322838 0.505266 0.321060 0.506453 0.321060 0.506953 0.319171
11 0.520102 0.625981 0.533255 0.625796 0.533885 0.630472 0.533885 0.638889 0.533990 0.644875 0.533885 0.647681 0.532833 0.648431 0.523154 0.647681 0.522839 0.640574 0.522521 0.634963 0.521680 0.633093 0.520312 0.630287
2 0.494612 0.621375 0.491359 0.621250 0.488828 0.619833 0.487745 0.624588 0.488464 0.625056 0.487612 0.635444 0.485143 0.652866 0.485143 0.655565 0.488107 0.656463 0.491286 0.656079 0.496997 0.658264 0.497216 0.656204 0.496492 0.650037 0.495625 0.645926 0.496203 0.641042
10 0.498781 0.693593 0.495185 0.694037 0.492758 0.696417 0.491419 0.698352 0.493427 0.729727 0.500536 0.724370
10 0.494932 0.741620 0.495602 0.748907 0.495938 0.754259 0.495938 0.755597 0.495268 0.757384 0.494932 0.758870 0.492924 0.758870 0.494263 0.761546 0.495794 0.761653 0.496070 0.763898 0.501766 0.763556 0.502143 0.761324 0.501674 0.754931 0.502370 0.754426 0.501951 0.747463 0.500930 0.746958 0.500596 0.740653 0.501482 0.740162 0.501583 0.738917 0.500177 0.738588 0.497099 0.740653 0.496214 0.742574
10 0.524081 0.688819 0.542081 0.685736 0.555630 0.683310 0.556521 0.684421 0.557117 0.688750 0.557117 0.690292 0.559826 0.690292 0.560148 0.689509 0.560253 0.684329 0.561328 0.684236 0.561328 0.688449 0.561924 0.688935 0.561974 0.689995 0.561172 0.689995 0.561172 0.692296 0.561703 0.692690 0.561495 0.695750 0.558036 0.696144 0.558411 0.700356 0.556146 0.701602 0.554370 0.702477 0.553451 0.703630 0.552414 0.704875 0.551068 0.706417 0.549500 0.709778 0.548526 0.703907 0.548151 0.700935 0.546208 0.696051 0.543396 0.692481 0.540870 0.690384 0.538810 0.689236 0.535417 0.688356 0.531411 0.689509 0.528122 0.692019 0.526503 0.694116 0.525206 0.696903 0.524443 0.698931
16 0.462747 0.323708 0.456659 0.330389 0.452122 0.332231 0.445646 0.343745 0.442536 0.350657 0.443573 0.364245 0.440852 0.372995 0.440333 0.380366 0.445516 0.381981 0.450245 0.385551 0.450763 0.390616 0.454130 0.394301 0.458018 0.397528 0.454779 0.389926 0.454648 0.371731 0.462682 0.362056 0.462940 0.334417 0.464367 0.333958 0.464495 0.321750
2 0.558896 0.556458 0.562578 0.616125 0.559315 0.615750 0.558896 0.621176 0.551846 0.620616 0.551320 0.626602 0.533255 0.625796 0.520102 0.625981 0.518492 0.614815 0.518070 0.606773 0.517693 0.601468 0.521956 0.600384 0.525456 0.598579 0.527333 0.596685 0.527596 0.600106 0.528266 0.600255 0.529435 0.599361 0.529185 0.589398 0.529185 0.579880 0.529669 0.583361 0.530534 0.594495 0.532154 0.613218 0.532586 0.614370 0.533286 0.615042 0.533880 0.614657 0.534474 0.613120 0.533990 0.612644 0.533016 0.600065 0.532357 0.589245 0.533630 0.586046 0.534201 0.583162 0.534201 0.579968 0.533630 0.576926 0.533323 0.574120 0.533060 0.571310 0.533391 0.570630 0.533841 0.566097 0.536089 0.562634 0.536990 0.558903 0.539086 0.558903 0.542685 0.556773 0.547482 0.553306 0.551229 0.550907 0.557826 0.547176
2 0.477495 0.492912 0.480052 0.493125 0.480417 0.491829 0.486625 0.502218 0.488208 0.506977 0.489693 0.528856 0.488510 0.531282 0.487237 0.535162 0.486693 0.538556 0.486784 0.542759 0.487146 0.545833 0.486966 0.549083 0.486490 0.553431 0.486151 0.557537 0.486557 0.560676 0.486898 0.562611 0.486760 0.564903 0.484573 0.571278 0.483573 0.577907 0.483664 0.584051 0.485117 0.589222 0.488211 0.595366 0.491302 0.598759 0.484445 0.622676 0.488464 0.625056 0.487612 0.635444 0.481281 0.635014 0.481526 0.632630 0.467526 0.633713 0.460951 0.624843 0.451943 0.630685 0.450969 0.629819 0.448779 0.632847 0.427109 0.630903 0.425927 0.630792 0.426646 0.601880 0.427560 0.601880 0.427633 0.609690 0.431648 0.614949 0.479128 0.617157 0.478531 0.596426 0.478286 0.553810 0.477398 0.549417 0.477812 0.546495 0.477812 0.544722 0.478932 0.540653 0.479333 0.533880 0.478323 0.526630 0.477299 0.524292 0.477471 0.512236
2 0.469120 0.684750 0.471615 0.683366 0.472427 0.690472 0.473549 0.696917 0.473737 0.698579 0.474237 0.699912 0.474299 0.700690 0.473737 0.702023 0.473862 0.714907 0.455557 0.717574 0.455120 0.714130 0.454995 0.710023 0.454557 0.702690 0.454432 0.699023 0.453870 0.694917 0.455687 0.693972 0.456000 0.697083 0.457375 0.701968 0.457187 0.707634 0.459062 0.711968 0.469245 0.708968
2 0.470870 0.677866 0.470057 0.669093 0.469120 0.668537 0.452437 0.673977 0.452063 0.674977 0.452000 0.675866 0.453375 0.689750 0.455125 0.688639 0.455125 0.684750 0.457062 0.683972 0.457562 0.677977 0.458625 0.677977 0.459000 0.675755 0.462872 0.675977 0.463372 0.677088 0.469182 0.676532 0.469057 0.678866 0.469120 0.679310
2 0.489534 0.732847 0.493427 0.729727 0.500536 0.724370 0.500781 0.728685 0.498711 0.730926 0.499070 0.737806 0.490164 0.745324
16 0.519190 0.470926 0.520534 0.470130 0.522885 0.467343 0.525125 0.464556 0.530052 0.459778 0.533289 0.458347 0.536760 0.456556 0.540565 0.455560 0.543812 0.455958 0.546948 0.458347 0.548852 0.460537 0.550083 0.463324 0.550643 0.467704 0.552211 0.473079 0.553891 0.475069 0.559773 0.492815 0.562622 0.504537 0.565469 0.514134 0.565469 0.517866 0.567419 0.526125 0.565169 0.536519 0.562172 0.542380 0.557826 0.547176 0.551229 0.550907 0.547482 0.553306 0.542685 0.556773 0.539086 0.558903 0.536990 0.558903 0.536089 0.562634 0.533841 0.566097 0.533391 0.570630 0.530542 0.572759 0.530242 0.567963 0.529044 0.566630 0.527695 0.566366 0.527396 0.567167 0.527094 0.573560 0.524695 0.573560 0.522747 0.572227 0.520799 0.544778 0.519151 0.513866 0.517052 0.489083 0.519750 0.481620
16 0.427016 0.383894 0.433362 0.380898 0.436602 0.380898 0.441135 0.381130 0.445154 0.382509 0.447354 0.411069 0.448651 0.427194 0.448909 0.440782 0.450594 0.455292 0.452148 0.466347 0.454740 0.476713 0.454482 0.478556 0.453885 0.480444 0.441966 0.480444 0.434206 0.480838 0.422286 0.488667 0.416326 0.463792 0.414513 0.447898 0.413734 0.432926 0.413242 0.417958 0.412466 0.400843 0.412128 0.393681 0.419333 0.393819 0.425513 0.388245
16 0.438602 0.552491 0.438479 0.544051 0.438357 0.534745 0.439818 0.526954 0.441643 0.521324 0.444443 0.516995 0.448096 0.513537 0.454060 0.510287 0.460148 0.509421 0.465992 0.510722 0.470617 0.513537 0.473904 0.517648 0.475852 0.520894 0.478286 0.526736 0.479260 0.534097 0.478896 0.540370 0.477799 0.544481 0.477799 0.546648 0.477313 0.549463 0.477677 0.551407 0.478286 0.554005 0.478531 0.596426 0.476826 0.598806 0.473539 0.600537 0.471227 0.602269 0.468547 0.608111 0.466234 0.612440 0.464773 0.614602 0.464044 0.614819 0.452966 0.615468 0.447122 0.605949 0.443469 0.601403 0.439940 0.597722 0.438602 0.552491
16 0.447289 0.398611 0.452924 0.404120 0.459263 0.404120 0.464193 0.403620 0.467755 0.403995 0.472503 0.412884 0.475461 0.421648 0.476729 0.435421 0.476305 0.444940 0.475461 0.452699 0.475180 0.461713 0.469263 0.465472 0.462078 0.467222 0.453768 0.465722 0.452148 0.466347 0.450594 0.455292 0.448909 0.440782 0.448651 0.427194 0.447354 0.411069
2 0.427620 0.707167 0.473271 0.676653 0.482401 0.704375 0.479357 0.704810 0.472297 0.682519 0.430664 0.709333 0.441862 0.744847 0.441742 0.748722 0.440401 0.749370 0.427497 0.707838
11 0.562177 0.682986 0.564490 0.675866 0.565242 0.674528 0.567836 0.672444 0.571935 0.671704 0.574443 0.671704 0.576034 0.671704 0.577789 0.672597 0.579714 0.673935 0.582336 0.677231 0.583885 0.681532 0.584852 0.685315 0.584852 0.688412 0.584562 0.690995 0.579529 0.716630 0.575367 0.720069 0.572271 0.720417 0.570240 0.720417 0.570336 0.713361 0.569174 0.709921 0.567529 0.706653 0.565206 0.702523 0.563078 0.702176 0.559979 0.701319 0.561495 0.695750 0.561703 0.692690 0.561974 0.689995 0.561924 0.688935 0.562398 0.683426
11 0.549500 0.709778 0.551068 0.706417 0.552414 0.704875 0.553451 0.703630 0.554370 0.702477 0.556146 0.701602 0.558411 0.700356 0.559979 0.701319 0.563078 0.702176 0.565206 0.702523 0.567529 0.706653 0.569174 0.709921 0.570336 0.713361 0.570240 0.720417 0.567685 0.752032 0.564930 0.752801 0.561745 0.747426 0.558560 0.745218 0.555643 0.744931 0.553214 0.745218 0.551216 0.746560 0.550026 0.747329 0.551810 0.742051 0.552133 0.737347 0.551745 0.734398 0.550458 0.730819 0.549326 0.729185 0.547867 0.727843 0.547542 0.718625 0.548138 0.713824
11 0.532339 0.692759 0.536102 0.692014 0.540284 0.693801 0.543714 0.697963 0.545721 0.704505 0.545469 0.709861 0.544299 0.714023 0.542208 0.717593 0.539698 0.719972 0.536521 0.721458 0.532086 0.720861 0.529495 0.719375 0.527737 0.716995 0.525982 0.712833 0.525479 0.706884 0.525898 0.702574 0.527320 0.698259 0.529411 0.694991
11 0.544641 0.756162 0.545813 0.752597 0.547401 0.750662 0.550026 0.747329 0.551216 0.746560 0.553214 0.745218 0.555643 0.744931 0.558560 0.745218 0.561745 0.747426 0.564930 0.752801
11 0.534690 0.740514 0.534854 0.736292 0.535932 0.733120 0.537120 0.730625 0.539010 0.728032 0.541872 0.726495 0.545060 0.725921 0.547003 0.726690 0.547867 0.727843 0.549326 0.729185 0.550458 0.730819 0.551745 0.734398 0.552133 0.737347 0.551810 0.742051 0.550026 0.747329 0.547401 0.750662 0.545813 0.752597 0.544641 0.756162 0.537932 0.757602 0.535833 0.755278 0.535771 0.754722
2 0.525888 0.720259 0.527078 0.722657 0.529076 0.730051 0.533016 0.754338 0.530654 0.754116 0.528318 0.755278 0.528667 0.752241 0.528065 0.744741
16 0.453885 0.480444 0.454060 0.510287 0.448096 0.513537 0.444443 0.516995 0.441643 0.521324 0.439818 0.526954 0.438357 0.534745 0.438479 0.544051 0.438602 0.552491 0.420219 0.552708 0.417661 0.482801 0.419974 0.480639 0.422286 0.488667 0.434206 0.480838 0.441966 0.480444
2 0.448779 0.632847 0.450969 0.629819 0.451943 0.630685 0.460951 0.624843 0.467526 0.633713 0.474234 0.647282 0.474234 0.653880 0.471333 0.655380 0.468430 0.655310 0.465687 0.662477 0.462302 0.666491 0.461172 0.668787 0.452437 0.673977 0.452063 0.674977 0.452000 0.675866 0.451982 0.678532 0.447143 0.681398 0.436500 0.661333 0.436500 0.646995 0.436823 0.634958 0.446982 0.636389
8 0.530242 0.567963 0.530542 0.572759 0.531938 0.588065 0.533016 0.600065 0.533990 0.612644 0.534474 0.613120 0.533880 0.614657 0.533286 0.615042 0.532586 0.614370 0.532154 0.613218 0.530534 0.594495 0.529669 0.583361 0.529182 0.575681 0.528935 0.572296 0.529021 0.567523
8 0.527396 0.567167 0.529044 0.566630 0.528935 0.572296 0.529185 0.579880 0.529185 0.589398 0.529435 0.599361 0.528266 0.600255 0.527596 0.600106 0.527177 0.588208 0.527177 0.577801
2 0.506216 0.341458 0.508977 0.342204 0.511068 0.341903 0.512156 0.343838 0.521773 0.369264 0.521857 0.372241 0.516505 0.376551 0.511904 0.365250 0.508810 0.353949 0.507305 0.347111
2 0.512656 0.343690 0.514497 0.344282 0.516672 0.347407 0.519266 0.349639 0.522945 0.351421 0.527378 0.352611 0.532565 0.350528 0.536693 0.346273 0.537667 0.345921 0.543940 0.359449 0.542266 0.363319 0.539589 0.367333 0.535826 0.371199 0.534070 0.373130 0.529635 0.374917 0.525789 0.375958 0.522359 0.375509 0.521857 0.372241 0.521773 0.369264 0.512156 0.343838
2 0.430987 0.307991 0.430016 0.319417 0.425862 0.319606 0.421846 0.319606 0.418995 0.319380 0.417984 0.329097 0.416406 0.330264 0.414086 0.328532 0.412250 0.322389 0.411331 0.310199 0.413906 0.306370 0.419164 0.308773 0.420365 0.312769 0.421865 0.312769 0.426211 0.309306 0.428010 0.304241
2 0.414763 0.368204 0.415844 0.368361 0.424766 0.365319 0.429271 0.382463 0.427016 0.383894 0.425513 0.388245 0.419333 0.393819 0.413591 0.392556 0.413859 0.380699
2 0.517052 0.489083 0.519151 0.513866 0.519984 0.531852 0.517977 0.528731 0.515552 0.525903 0.512456 0.523972 0.511201 0.503301
5 0.515115 0.561116 0.517219 0.559806 0.519219 0.556810 0.521323 0.553444 0.522424 0.567801 0.521813 0.569616 0.520724 0.572028 0.519503 0.574444 0.518008 0.576255 0.516107 0.578431 0.515630 0.574204
5 0.522424 0.567801 0.521813 0.569616 0.520724 0.572028 0.519503 0.574444 0.518008 0.576255 0.516107 0.578431 0.517693 0.601468 0.521956 0.600384 0.525456 0.598579 0.527333 0.596685 0.527177 0.588208 0.527177 0.577801 0.527094 0.573560 0.524695 0.573560 0.522747 0.572227
5 0.512456 0.523972 0.515552 0.525903 0.517977 0.528731 0.519984 0.531852 0.520799 0.544778 0.521323 0.553444 0.519219 0.556810 0.517219 0.559806 0.515115 0.561116
5 0.297013 0.203889 0.288721 0.187306 0.294810 0.183389 0.308674 0.177398 0.311911 0.175097 0.316057 0.171644 0.321370 0.171644 0.331484 0.192037 0.343005 0.212407 0.357388 0.241662 0.371185 0.271329 0.373984 0.280079 0.374555 0.283259 0.376224 0.285444 0.376458 0.288046 0.372870 0.284847 0.369734 0.282472 0.366146 0.278491 0.361979 0.280648 0.359266 0.284731 0.335143 0.254995 0.306938 0.217222
5 0.357547 0.158755 0.356435 0.154731 0.355596 0.153046 0.355523 0.149398 0.359219 0.149204 0.362883 0.148806 0.362883 0.147792 0.358784 0.143718 0.358755 0.142060 0.361227 0.140282 0.364388 0.132481 0.363685 0.130005 0.362427 0.128514 0.362516 0.125519 0.365508 0.125852 0.372786 0.132907 0.378664 0.138218 0.384917 0.144190 0.389536 0.148009 0.395753 0.153481 0.403409 0.161954 0.415229 0.173750 0.423760 0.180292 0.433701 0.189894 0.442901 0.199713 0.447419 0.204171 0.447044 0.206278 0.448794 0.213167 0.449609 0.219051 0.456609 0.225056 0.455227 0.227278 0.454115 0.228287 0.453177 0.229907 0.451172 0.228051 0.449734 0.227046 0.447943 0.231296 0.446706 0.239412 0.439331 0.231185 0.439766 0.240181 0.440266 0.249509 0.434219 0.242505 0.424984 0.232806 0.411701 0.218213 0.396148 0.201894 0.379083 0.182597 0.362451 0.164551
5 0.384917 0.144190 0.377315 0.135782 0.371388 0.129644 0.368401 0.126907 0.368401 0.125662 0.370081 0.123171 0.374234 0.120435 0.375401 0.119190 0.376521 0.112801 0.377409 0.110560 0.381047 0.102597 0.383055 0.102264 0.383570 0.102500 0.384411 0.103250 0.410234 0.129417 0.441930 0.159255 0.468906 0.185454 0.466456 0.189551 0.466456 0.189551 0.465057 0.192620 0.463003 0.198014 0.461883 0.200171 0.461229 0.200088 0.460622 0.199009 0.459596 0.200333 0.460016 0.202412 0.458661 0.206560 0.456328 0.208051 0.456281 0.209546 0.454010 0.212546 0.447419 0.204171 0.442901 0.199713 0.433701 0.189894 0.423760 0.180292 0.415229 0.173750 0.403409 0.161954 0.395753 0.153481 0.389536 0.148009
5 0.464870 0.234852 0.462633 0.232213 0.459487 0.232356 0.457607 0.233384 0.456609 0.233602 0.453638 0.235727 0.452146 0.237019 0.450979 0.238903 0.451461 0.240102 0.462190 0.251861 0.474815 0.265917 0.494823 0.288435 0.498818 0.293671 0.507609 0.302417 0.525440 0.323931 0.533424 0.333111 0.534596 0.334616 0.535724 0.338417 0.535951 0.339593 0.531870 0.341514 0.530984 0.342181 0.531474 0.344005 0.539958 0.353324 0.541630 0.352431 0.541044 0.350500 0.541044 0.345296 0.543135 0.343958 0.546984 0.349014 0.548823 0.347676 0.548992 0.343065 0.552003 0.347676 0.554094 0.347227 0.554010 0.342917 0.556518 0.331167 0.559279 0.325815 0.562307 0.327806 0.563315 0.327157 0.562786 0.326019 0.559375 0.322639 0.557318 0.320694 0.553078 0.316412 0.551865 0.314755 0.550130 0.314398 0.547383 0.311681 0.544583 0.314171 0.542344 0.311602 0.540198 0.310602 0.538469 0.311185 0.536695 0.311269 0.514576 0.287454 0.489557 0.260986
5 0.451461 0.240102 0.449839 0.242657 0.446706 0.239412 0.439331 0.231185 0.439766 0.240181 0.440266 0.249509 0.440211 0.252102 0.437727 0.253926 0.434974 0.255463 0.433948 0.257000 0.436797 0.259120 0.445964 0.269815 0.464237 0.290875 0.480622 0.308231 0.488049 0.313931 0.500633 0.331287 0.511859 0.346162 0.517961 0.354032 0.521133 0.351491 0.526328 0.345542 0.531870 0.341514 0.535951 0.339593 0.535724 0.338417 0.534596 0.334616 0.533424 0.333111 0.525440 0.323931 0.507609 0.302417 0.498818 0.293671 0.494823 0.288435 0.474815 0.265917 0.462190 0.251861
