0 0.576854 0.165245 0.573784 0.164407 0.571776 0.165245 0.568706 0.168185 0.564216 0.169444 0.561500 0.170704 0.558310 0.175116 0.557130 0.180782 0.556893 0.185616 0.556422 0.189394 0.554768 0.193801 0.553349 0.198843 0.544409 0.203338 0.539378 0.208042 0.536023 0.214005 0.533638 0.219653 0.532138 0.224208 0.532055 0.226875 0.532763 0.230153 0.531440 0.236597 0.531370 0.242542 0.531701 0.247810 0.534487 0.254593 0.538102 0.258519 0.538372 0.261500 0.538102 0.266519 0.538810 0.267778 0.541456 0.269500 0.541456 0.269500 0.543747 0.270593 0.545518 0.269963 0.546216 0.266833 0.545862 0.260093 0.544456 0.251148 0.549924 0.235315 0.549393 0.231852 0.557341 0.228870 0.558487 0.228407 0.586896 0.250352 0.591620 0.251611 0.593628 0.251611 0.594573 0.258120 0.594099 0.260431 0.598352 0.283949 0.597526 0.289829 0.591703 0.303287 0.594206 0.325019 0.595435 0.331551 0.596250 0.333190 0.598292 0.333736 0.599818 0.333903 0.601552 0.333356 0.602781 0.331741 0.603703 0.328819 0.610435 0.329199 0.613706 0.324833 0.616117 0.316875 0.616919 0.307782 0.618857 0.302449 0.619826 0.290981 0.618940 0.289259 0.616565 0.287222 0.611841 0.249532 0.611013 0.248060 0.607589 0.248694 0.605581 0.242602 0.606526 0.239032 0.608651 0.238194 0.611013 0.239245 0.612667 0.241343 0.612667 0.243861 0.612904 0.245125 0.615029 0.244912 0.619872 0.247431 0.624479 0.251843 0.627667 0.259403 0.629320 0.272630 0.624362 0.280190 0.622117 0.283551 0.621172 0.287537 0.621172 0.290477 0.622234 0.291741 0.627195 0.292157 0.631482 0.289847 0.638924 0.280190 0.641758 0.271162 0.642115 0.264653 0.641404 0.258560 0.642349 0.252681 0.642232 0.245125 0.640294 0.236472 0.636315 0.229208 0.629570 0.221037 0.624667 0.213245 0.621513 0.212514 0.619979 0.212514 0.617828 0.204532 0.619966 0.193889 0.619695 0.188556 0.617781 0.184898 0.607943 0.177130
2 0.570232 0.634102 0.564586 0.623653 0.559909 0.611421 0.557086 0.605616 0.555146 0.605144 0.551263 0.606088 0.548263 0.607810 0.547557 0.609694 0.551263 0.616750 0.552320 0.620829 0.552234 0.622556 0.555852 0.634005 0.558807 0.642458 0.565594 0.642324 0.575508 0.638255 0.579937 0.636046 0.579497 0.632218 0.576497 0.631593
2 0.478826 0.741134 0.480063 0.729218 0.476885 0.725296 0.476620 0.722630 0.472120 0.724824 0.465062 0.733449 0.462354 0.736681 0.462221 0.743597 0.463271 0.750282 0.465380 0.753088 0.466523 0.758833 0.468464 0.755750 0.472120 0.745843 0.476797 0.741134
2 0.476620 0.722630 0.476268 0.718708 0.481284 0.714134 0.478120 0.711593 0.472385 0.711806 0.465945 0.716352 0.462240 0.720431 0.459945 0.726060 0.461198 0.728403 0.459646 0.737514 0.461826 0.735741 0.462354 0.736681 0.465062 0.733449 0.472120 0.724824
2 0.478120 0.711593 0.476896 0.706329 0.473974 0.701454 0.470885 0.700667 0.464357 0.702079 0.459437 0.706296 0.459951 0.712171 0.459380 0.716019 0.458958 0.719028 0.459617 0.719028 0.459945 0.726060 0.462240 0.720431 0.465945 0.716352 0.472385 0.711806
2 0.472534 0.681287 0.475003 0.687870 0.473630 0.689500 0.473630 0.691532 0.474544 0.693023 0.473859 0.697495 0.473974 0.701454 0.476896 0.706329 0.478326 0.700704 0.480776 0.698528 0.484654 0.699250 0.487128 0.682583 0.484612 0.682181 0.484000 0.678245 0.471799 0.675403 0.470953 0.676019 0.472206 0.678829
2 0.484000 0.678245 0.484154 0.671875 0.484229 0.658046 0.484917 0.655880 0.484992 0.652083 0.491703 0.650319 0.487128 0.682583 0.484612 0.682181
2 0.477596 0.658995 0.474708 0.656343 0.473128 0.656343 0.472469 0.654352 0.471281 0.644981 0.468315 0.647676 0.466326 0.646958 0.465219 0.646384 0.464690 0.657282 0.464495 0.667111 0.465021 0.674259 0.467065 0.675079 0.469107 0.675079 0.470953 0.676019 0.471799 0.675403 0.484000 0.678245 0.484154 0.671875 0.482477 0.672690 0.479807 0.672958 0.478435 0.670116
2 0.484992 0.652083 0.482815 0.652597 0.481630 0.643574 0.480378 0.637014 0.476818 0.627171 0.476357 0.627171 0.475565 0.633616 0.472732 0.641347 0.471281 0.644981 0.472469 0.654352 0.473128 0.656343 0.474708 0.656343 0.477596 0.658995 0.481867 0.662523 0.484229 0.658046 0.484917 0.655880
2 0.494966 0.680625 0.500753 0.635269 0.502997 0.619102 0.500044 0.619519 0.491776 0.681255
2 0.491703 0.650319 0.495865 0.617681 0.492503 0.619435 0.482617 0.605847 0.481167 0.605847 0.479453 0.605847 0.477279 0.607602 0.475633 0.610417 0.474247 0.611000 0.476445 0.613616 0.476357 0.627171 0.476818 0.627171 0.480378 0.637014 0.481630 0.643574 0.482815 0.652597 0.484992 0.652083
2 0.472273 0.611032 0.474247 0.611000 0.476445 0.613616 0.476357 0.627171 0.475565 0.633616 0.472732 0.641347 0.471281 0.644981 0.468315 0.647676 0.466326 0.646958 0.466555 0.645333 0.467164 0.636926 0.468232 0.636384 0.469299 0.626894 0.469758 0.624051 0.471815 0.621745 0.472807 0.617949
2 0.427388 0.771245 0.424180 0.767116 0.418156 0.763755 0.411305 0.763755 0.405044 0.767324 0.404651 0.799778 0.426620 0.798019
2 0.427388 0.771245 0.427518 0.749144 0.424417 0.745699 0.418273 0.743810 0.412133 0.743810 0.405521 0.747176 0.405044 0.767324 0.411305 0.763755 0.418156 0.763755 0.424180 0.767116
2 0.427518 0.749144 0.428792 0.741421 0.428716 0.734236 0.425971 0.730713 0.421471 0.729625 0.415677 0.729083 0.408812 0.730306 0.405458 0.733421 0.405521 0.747176 0.412133 0.743810 0.418273 0.743810 0.424417 0.745699
2 0.419581 0.729421 0.418437 0.725764 0.415310 0.721694 0.411651 0.716407 0.406159 0.710444 0.405458 0.733421 0.408812 0.730306 0.415677 0.729083
2 0.421445 0.565644 0.418424 0.549542 0.411932 0.550653 0.409026 0.570097 0.411875 0.587718 0.414039 0.588157 0.416510 0.586431 0.418995 0.585995 0.419393 0.582856
2 0.422924 0.564528 0.423378 0.540106 0.427039 0.544310 0.428182 0.544718 0.432453 0.545259 0.434284 0.547968 0.433596 0.550815 0.427654 0.566046 0.424919 0.572023 0.423667 0.570097
2 0.414349 0.669653 0.415982 0.643157 0.409654 0.640616 0.407612 0.642972 0.406487 0.663662 0.406591 0.671829 0.412102 0.673644 0.413122 0.669653
2 0.415982 0.643157 0.418227 0.642792 0.417513 0.618838 0.410266 0.616296 0.409654 0.640616
2 0.423479 0.606037 0.428271 0.602792 0.432154 0.605458 0.435771 0.615653 0.436828 0.616597 0.436917 0.620671 0.434711 0.622398 0.434622 0.639653 0.434182 0.644986 0.432859 0.646241 0.430784 0.647329 0.426190 0.644426 0.424802 0.639764 0.424891 0.621880
2 0.442969 0.615796 0.446763 0.624106 0.449049 0.627764 0.453911 0.625995 0.451919 0.631565 0.449526 0.637542 0.446221 0.640171 0.437964 0.647667 0.430273 0.650231 0.430784 0.647329 0.432859 0.646241 0.434182 0.644986 0.434622 0.639653 0.436307 0.633991 0.442794 0.625176
2 0.442969 0.615796 0.442672 0.612093 0.436828 0.616597 0.436917 0.620671 0.434711 0.622398 0.434622 0.639653 0.436307 0.633991 0.442794 0.625176
2 0.455927 0.603032 0.442672 0.612093 0.442969 0.615796 0.446763 0.624106 0.449049 0.627764 0.453911 0.625995 0.454708 0.625593 0.455109 0.623769 0.456388 0.615806 0.458497 0.607134
2 0.459419 0.598699 0.456930 0.589995 0.453500 0.586199 0.452661 0.593111 0.450297 0.595824 0.442898 0.599620 0.441070 0.600435 0.432154 0.605458 0.435771 0.615653 0.436828 0.616597 0.442672 0.612093 0.455927 0.603032 0.459682 0.601042
2 0.442898 0.599620 0.432792 0.587685 0.429630 0.592370 0.427258 0.598815 0.426016 0.604352 0.428271 0.602792 0.432154 0.605458 0.441070 0.600435
2 0.427258 0.598815 0.428279 0.587921 0.428906 0.586704 0.430331 0.566958 0.427654 0.566046 0.424919 0.572023 0.423667 0.570097 0.422924 0.564528 0.421445 0.565644 0.419393 0.582856 0.418995 0.585995 0.416510 0.586431 0.417393 0.593806 0.419510 0.594588
2 0.434284 0.547968 0.437792 0.549324 0.439698 0.549597 0.440383 0.548917 0.437867 0.543495 0.436799 0.530616 0.434435 0.518009 0.430164 0.515977 0.422922 0.513806 0.419336 0.528856 0.423378 0.540106 0.427039 0.544310 0.428182 0.544718 0.432453 0.545259
2 0.440383 0.548917 0.443357 0.549056 0.447628 0.524380 0.448846 0.515843 0.443432 0.508116 0.442747 0.507843 0.441070 0.509468 0.439620 0.505810 0.433828 0.509352 0.432224 0.510556 0.429404 0.513130 0.430164 0.515977 0.434435 0.518009 0.436799 0.530616 0.437867 0.543495
2 0.423630 0.489676 0.420961 0.494435 0.418445 0.499588 0.417750 0.522472 0.417828 0.528708 0.419336 0.528856 0.422922 0.513806
2 0.435656 0.495370 0.436646 0.488593 0.451669 0.503231 0.453193 0.504861 0.452128 0.511097 0.448846 0.515843 0.443432 0.508116 0.442747 0.507843 0.441070 0.509468 0.439620 0.505810 0.433828 0.509352 0.434130 0.502556 0.434130 0.502556
2 0.448211 0.520917 0.451034 0.521074 0.454034 0.523741 0.454474 0.534093 0.450768 0.542093 0.441945 0.557148 0.433122 0.567185 0.430286 0.559352 0.433596 0.550815 0.434284 0.547968 0.437792 0.549324 0.439698 0.549597 0.440383 0.548917 0.443357 0.549056 0.447628 0.524380
2 0.450768 0.542093 0.452279 0.542412 0.454185 0.546616 0.453651 0.550412 0.444729 0.570745 0.441755 0.571014 0.434740 0.570472 0.433122 0.567185 0.441945 0.557148
2 0.444729 0.570745 0.453193 0.582403 0.453500 0.586199 0.452661 0.593111 0.450297 0.595824 0.442898 0.599620 0.432792 0.587685 0.432224 0.584028 0.432529 0.574269 0.435198 0.572912 0.441755 0.571014
2 0.454185 0.546616 0.456240 0.546481 0.456857 0.554009 0.464534 0.565620 0.466474 0.560912 0.467357 0.563106 0.465240 0.570639 0.463044 0.596472 0.462318 0.598231 0.459419 0.598699 0.456930 0.589995 0.453500 0.586199 0.453193 0.582403 0.444729 0.570745 0.453651 0.550412
2 0.456240 0.546481 0.456167 0.542412 0.466005 0.531296 0.472563 0.538889 0.474698 0.548514 0.474544 0.551495 0.470198 0.562745 0.469664 0.567222 0.467357 0.563106 0.466474 0.560912 0.464534 0.565620 0.456857 0.554009
2 0.467651 0.533370 0.467956 0.529708 0.448846 0.515843 0.448211 0.520917 0.451034 0.521074 0.454034 0.523741 0.454474 0.534093 0.450768 0.542093 0.452279 0.542412 0.454185 0.546616 0.456240 0.546481 0.456167 0.542412 0.466005 0.531296
2 0.472563 0.538889 0.477443 0.530347 0.452128 0.511097 0.448846 0.515843 0.467956 0.529708 0.467651 0.533370
2 0.474708 0.591667 0.474680 0.571653 0.474544 0.551495 0.470198 0.562745 0.469664 0.567222 0.467357 0.563106 0.465240 0.570639 0.463044 0.596472 0.472865 0.595417 0.474247 0.594713
2 0.476422 0.591435 0.478661 0.589801 0.478661 0.581815 0.488359 0.603773 0.491219 0.602866 0.500099 0.587620 0.496919 0.612292 0.482750 0.603736 0.480180 0.601042 0.479521 0.598347 0.476951 0.593426
2 0.478661 0.581815 0.474680 0.571653 0.474698 0.566134 0.484458 0.557051 0.486898 0.562069 0.490482 0.569116 0.493151 0.574949 0.494448 0.575898 0.501388 0.581588 0.500099 0.587620 0.491219 0.602866 0.488359 0.603773
2 0.423073 0.372144 0.418557 0.378310 0.415656 0.390847 0.416318 0.393074 0.420174 0.402236 0.422997 0.407662 0.428716 0.401153 0.431156 0.386782 0.429096 0.379870
2 0.501388 0.581588 0.507107 0.551903 0.504591 0.544579 0.501617 0.536991 0.493380 0.545259 0.491628 0.546750 0.488203 0.539769 0.485221 0.541190 0.484078 0.540648 0.482857 0.540648 0.481789 0.541731 0.481255 0.544310 0.484458 0.557051 0.486898 0.562069 0.490482 0.569116 0.493151 0.574949 0.494448 0.575898
2 0.477443 0.530347 0.480229 0.529083 0.482393 0.522199 0.483474 0.519060 0.482336 0.517134 0.473792 0.510856 0.470203 0.508125 0.469065 0.506199 0.462854 0.504884 0.459266 0.502856 0.452089 0.496477 0.451177 0.496986 0.449924 0.501542 0.451669 0.503231 0.453193 0.504861 0.452128 0.511097
2 0.501617 0.536991 0.497547 0.518838 0.502448 0.515394 0.507961 0.509222 0.509388 0.513394 0.508776 0.535356 0.507107 0.551903 0.504591 0.544579
2 0.488281 0.539769 0.484112 0.525843 0.480229 0.529083 0.477443 0.530347 0.472563 0.538889 0.474698 0.548514 0.474544 0.551495 0.474698 0.566134 0.484458 0.557051 0.481255 0.544310 0.481789 0.541731 0.482857 0.540648 0.484078 0.540648 0.485221 0.541190
2 0.502448 0.515394 0.500531 0.513856 0.498943 0.508366 0.500354 0.501620 0.497620 0.498171 0.494971 0.495347 0.490648 0.493778 0.488708 0.492838 0.483414 0.492838 0.476531 0.492838 0.475651 0.498014 0.472651 0.503190 0.471414 0.509153 0.473792 0.510856 0.482336 0.517134 0.483474 0.519060 0.482393 0.522199 0.480229 0.529083 0.484112 0.525843 0.488281 0.539769 0.491628 0.546750 0.493380 0.545259 0.501617 0.536991 0.497547 0.518838
2 0.489076 0.481648 0.488359 0.468750 0.482031 0.469838 0.467432 0.473648 0.464573 0.474375 0.464573 0.477824 0.465083 0.495611 0.471005 0.494523 0.476531 0.492838 0.483414 0.492838 0.488708 0.492838
2 0.474492 0.499894 0.464143 0.498134 0.456432 0.495440 0.455997 0.491375 0.454865 0.488139 0.453685 0.487616 0.450336 0.485069 0.448565 0.494176 0.448070 0.499778 0.449924 0.501542 0.451177 0.496986 0.452089 0.496477 0.459266 0.502856 0.462854 0.504884 0.469065 0.506199 0.470203 0.508125 0.471414 0.509153 0.472651 0.503190
2 0.464573 0.477824 0.460862 0.477542 0.460292 0.481898 0.454596 0.482199 0.450552 0.482301 0.450336 0.485069 0.453685 0.487616 0.454865 0.488139 0.455997 0.491375 0.456432 0.495440 0.464143 0.498134 0.474492 0.499894 0.475651 0.498014 0.476531 0.492838 0.471005 0.494523 0.465083 0.495611
2 0.450552 0.482301 0.447589 0.479769 0.437906 0.476023 0.434260 0.475819 0.435656 0.495370 0.436646 0.488593 0.448070 0.499778 0.448565 0.494176 0.450336 0.485069
2 0.460862 0.477542 0.461487 0.470454 0.456531 0.465694 0.453172 0.466000 0.449411 0.465593 0.446906 0.469139 0.445880 0.472579 0.445938 0.477037 0.447589 0.479769 0.450552 0.482301 0.454596 0.482199 0.460292 0.481898
2 0.453172 0.466000 0.452943 0.446958 0.451576 0.441694 0.432721 0.451819 0.432987 0.457546 0.434260 0.475819 0.437906 0.476023 0.447589 0.479769 0.445938 0.477037 0.445880 0.472579 0.446906 0.469139 0.449411 0.465593
2 0.452969 0.449398 0.456167 0.444806 0.456779 0.440060 0.460133 0.432333 0.448846 0.419588 0.442138 0.412810 0.440154 0.414574 0.439086 0.419426 0.448086 0.443694 0.451576 0.441694 0.452943 0.446958
2 0.464906 0.435921 0.466404 0.440523 0.462583 0.444861 0.468448 0.465481 0.469172 0.469935 0.471281 0.472630 0.467432 0.473648 0.456594 0.455037 0.452969 0.449398 0.456167 0.444806 0.456779 0.440060 0.460133 0.432333
2 0.466404 0.440523 0.467841 0.448426 0.467943 0.453144 0.470393 0.458042 0.473865 0.466028 0.475599 0.471472 0.471281 0.472630 0.469172 0.469935 0.468448 0.465481 0.462583 0.444861
2 0.478151 0.439167 0.476823 0.445884 0.476417 0.452597 0.471924 0.455139 0.473148 0.457315 0.482031 0.469838 0.475599 0.471472 0.473865 0.466028 0.470393 0.458042 0.467943 0.453144 0.467841 0.448426 0.466404 0.440523 0.464906 0.435921 0.465076 0.430250 0.465247 0.428630 0.469862 0.424481 0.472435 0.421926 0.475802 0.436264
2 0.482031 0.427370 0.482477 0.432741 0.487432 0.436537 0.495516 0.441417 0.489339 0.446972 0.488654 0.448194 0.476417 0.452597 0.476823 0.445884 0.478151 0.439167 0.478865 0.428824
2 0.487432 0.436537 0.493380 0.433009 0.496279 0.432606 0.500016 0.428810 0.502682 0.431519 0.503141 0.436398 0.502073 0.442500 0.495516 0.441417
2 0.502073 0.442500 0.502682 0.447245 0.507336 0.454296 0.506953 0.458093 0.495820 0.480866 0.492768 0.483523 0.490461 0.482588 0.489076 0.481648 0.488359 0.468750 0.482031 0.469838 0.473148 0.457315 0.471924 0.455139 0.476417 0.452597 0.488654 0.448194 0.489339 0.446972 0.495516 0.441417
2 0.510625 0.463250 0.506953 0.458093 0.495820 0.480866 0.492768 0.483523 0.497052 0.490435 0.497578 0.490204 0.499292 0.489032 0.501701 0.485676 0.504951 0.480074 0.506089 0.477542 0.510318 0.472528
2 0.526786 0.383019 0.521352 0.381759 0.518990 0.393097 0.522771 0.408218
2 0.528393 0.379259 0.519651 0.367079 0.516344 0.361412 0.518471 0.354481 0.521779 0.352593 0.523797 0.345139 0.527578 0.336319 0.533247 0.324139 0.547422 0.343458 0.543169 0.364667 0.541279 0.365505 0.539034 0.355426 0.537971 0.355426 0.537380 0.362565 0.535609 0.361097 0.533602 0.361097 0.531477 0.362986
2 0.527578 0.336319 0.525852 0.332537 0.523206 0.329398 0.518971 0.324694 0.517823 0.323750 0.515089 0.322653 0.509089 0.323593 0.509266 0.334102 0.508911 0.337556 0.508737 0.346653 0.507060 0.349944 0.508560 0.351514 0.509971 0.354023 0.511294 0.355278 0.512617 0.356222 0.513943 0.356532 0.518471 0.354481 0.521779 0.352593 0.523797 0.345139
2 0.533247 0.324139 0.533490 0.322120 0.547674 0.320356 0.551562 0.322255 0.547422 0.343458
2 0.546445 0.320546 0.545836 0.316630 0.539508 0.312153 0.533255 0.309296 0.529977 0.314051 0.527992 0.317833 0.522427 0.321769 0.518971 0.324694 0.523206 0.329398 0.525852 0.332537 0.527578 0.336319 0.533247 0.324139 0.533490 0.322120
2 0.533255 0.309296 0.532651 0.305986 0.528763 0.297718 0.520909 0.303954 0.518773 0.312088 0.521594 0.322389 0.522427 0.321769 0.527992 0.317833 0.529977 0.314051
2 0.520909 0.303954 0.521089 0.301792 0.517383 0.295046 0.513148 0.296458 0.508826 0.302579 0.506706 0.308852 0.507589 0.309949 0.510326 0.314343 0.512794 0.313713 0.517294 0.310106 0.518773 0.312088
2 0.513148 0.296458 0.512443 0.289556 0.506089 0.282343 0.501500 0.294889 0.502471 0.301792 0.508294 0.303986 0.508826 0.302579
2 0.501500 0.294889 0.497443 0.287676 0.494531 0.289556 0.486237 0.298343 0.483854 0.302579 0.494971 0.306968 0.495591 0.317009 0.507589 0.309949 0.506706 0.308852 0.508294 0.303986 0.502471 0.301792
2 0.475435 0.337769 0.475461 0.327269 0.474089 0.312764 0.473021 0.302597 0.473859 0.300565 0.483854 0.302579 0.494971 0.306968 0.495591 0.317009 0.498060 0.337870 0.497711 0.339528 0.485057 0.337769 0.476490 0.335662
2 0.475104 0.341162 0.473604 0.341162 0.471221 0.343199 0.471310 0.347750 0.476604 0.349162 0.479161 0.350417 0.490190 0.355435 0.493013 0.350574 0.481102 0.343509 0.478401 0.343042 0.475104 0.343394
2 0.469576 0.399264 0.475385 0.398102 0.489854 0.399824 0.491620 0.391824 0.494003 0.376611 0.489943 0.372532 0.487826 0.377708 0.481737 0.375981 0.477063 0.377866 0.477768 0.385394 0.477503 0.390884 0.466828 0.397157
2 0.477063 0.377866 0.477672 0.362926 0.488500 0.358991 0.493456 0.359671 0.493914 0.363736 0.489943 0.372532 0.487826 0.377708 0.481737 0.375981
2 0.477672 0.362926 0.478586 0.352620 0.473172 0.355333 0.470352 0.356144 0.473021 0.359264 0.468904 0.368213 0.467607 0.379190 0.465013 0.383667 0.460633 0.392278 0.464565 0.395519 0.466828 0.397157 0.477503 0.390884 0.477768 0.385394 0.477063 0.377866
2 0.470352 0.356144 0.466081 0.351944 0.455635 0.364417 0.457464 0.368347 0.462115 0.371736 0.463794 0.371329 0.464557 0.373227 0.464479 0.376074 0.459828 0.381227 0.454083 0.386102 0.460633 0.392278 0.465013 0.383667 0.467607 0.379190 0.468904 0.368213 0.473021 0.359264
2 0.455635 0.364417 0.448211 0.354181 0.438659 0.366653 0.436297 0.370856 0.438672 0.375787 0.439391 0.373500 0.440536 0.373227 0.441909 0.375398 0.441771 0.376454 0.449888 0.382569 0.454083 0.386102 0.459828 0.381227 0.464479 0.376074 0.464557 0.373227 0.463794 0.371329 0.462115 0.371736 0.457464 0.368347
2 0.426201 0.347333 0.423911 0.330796 0.424216 0.327949 0.429708 0.314528 0.431003 0.311407 0.432604 0.310731 0.433901 0.313037 0.435352 0.314662 0.436341 0.316694 0.437943 0.319000 0.442518 0.327407 0.442672 0.329981 0.440992 0.336894 0.437669 0.344014 0.434466 0.350519 0.432102 0.359736 0.432406 0.361500 0.430318 0.361028 0.430318 0.359130 0.429935 0.357773 0.427878 0.355333
2 0.437943 0.319000 0.439299 0.307440 0.439034 0.303676 0.437711 0.298185 0.444682 0.290028 0.447857 0.288301 0.449974 0.285481 0.450505 0.286421 0.451034 0.290968 0.452094 0.308380 0.448740 0.314968 0.448034 0.306810 0.447857 0.298185 0.446182 0.298028
2 0.448740 0.314968 0.449622 0.320301 0.450164 0.326782 0.447201 0.333023 0.439880 0.347810 0.437669 0.344014 0.440992 0.336894 0.442672 0.329981 0.442518 0.327407 0.437943 0.319000 0.446182 0.298028 0.447857 0.298185 0.448034 0.306810
2 0.451034 0.290968 0.456680 0.279833 0.457740 0.279676 0.467698 0.299722 0.463810 0.297556 0.462589 0.299181 0.465333 0.313824 0.462240 0.308852 0.458005 0.305556 0.454917 0.303046 0.451828 0.304458
2 0.464620 0.643009 0.465589 0.635819 0.463654 0.630856 0.461544 0.627412 0.458698 0.624981 0.455109 0.623769 0.454708 0.625593 0.453911 0.625995 0.451919 0.631565 0.457672 0.633995 0.461432 0.637639
2 0.462854 0.660528 0.463654 0.657792 0.463938 0.652931 0.464279 0.648981 0.464620 0.643009 0.461432 0.637639 0.457672 0.633995 0.451919 0.631565 0.449526 0.637542 0.449070 0.644324 0.447875 0.648171 0.449242 0.647667 0.454766 0.648171 0.458013 0.650806 0.460862 0.654250
2 0.462385 0.672972 0.462846 0.665120 0.462854 0.660528 0.460862 0.654250 0.458013 0.650806 0.454766 0.648171 0.449242 0.647667 0.447875 0.648171 0.446336 0.653338 0.443203 0.655769 0.442862 0.659009 0.445711 0.656375 0.449469 0.655157 0.453398 0.655565 0.457216 0.657792 0.460349 0.661639 0.462000 0.666907
2 0.461943 0.676324 0.462385 0.672972 0.462000 0.666907 0.460349 0.661639 0.457216 0.657792 0.453398 0.655565 0.449469 0.655157 0.445711 0.656375 0.442862 0.659009 0.441779 0.663060 0.439159 0.670148 0.439615 0.671769 0.444172 0.666199 0.448044 0.664880 0.453742 0.665083 0.456247 0.666806 0.459437 0.671361
2 0.461375 0.691412 0.461461 0.686912 0.461792 0.678361 0.461943 0.676324 0.459437 0.671361 0.456247 0.666806 0.453742 0.665083 0.448044 0.664880 0.444172 0.666199 0.439615 0.671769 0.441211 0.675917 0.441552 0.678347 0.442065 0.679870 0.444685 0.676829 0.448216 0.675514 0.454255 0.676528 0.458698 0.680778 0.460633 0.686148
2 0.460521 0.700727 0.461375 0.691412 0.460633 0.686148 0.458698 0.680778 0.454255 0.676528 0.448216 0.675514 0.444685 0.676829 0.442065 0.679870 0.441951 0.681792 0.445654 0.684222 0.445711 0.686958 0.450211 0.686653 0.453000 0.687769 0.456646 0.690398 0.459380 0.695056
2 0.459437 0.706296 0.460521 0.700727 0.459380 0.695056 0.456646 0.690398 0.453000 0.687769 0.450211 0.686653 0.445711 0.686958 0.445711 0.688579 0.448615 0.689389 0.449185 0.691412 0.447305 0.696477 0.449982 0.696676 0.456932 0.701741
2 0.458867 0.721083 0.458958 0.719028 0.459380 0.716019 0.459951 0.712171 0.459437 0.706296 0.456932 0.701741 0.449982 0.696676 0.447305 0.696477 0.441323 0.711667 0.443602 0.710856 0.448216 0.710551 0.452375 0.711667 0.456247 0.716426
2 0.458302 0.734505 0.458867 0.721083 0.456247 0.716426 0.452375 0.711667 0.448216 0.710551 0.443602 0.710856 0.441323 0.711667 0.439729 0.715917 0.437849 0.715412 0.435456 0.715412 0.434969 0.729898 0.438935 0.724745 0.443128 0.721630 0.448620 0.721764 0.453117 0.724745 0.456396 0.729218
2 0.457693 0.747116 0.458198 0.737278 0.458302 0.734505 0.456396 0.729218 0.453117 0.724745 0.448620 0.721764 0.443128 0.721630 0.438935 0.724745 0.434969 0.729898 0.434284 0.740199 0.438935 0.735454 0.443815 0.733287 0.448695 0.734102 0.452583 0.736269 0.456016 0.741421
2 0.456724 0.756273 0.456786 0.754343 0.457466 0.750296 0.457693 0.747116 0.456016 0.741421 0.452583 0.736269 0.448695 0.734102 0.443815 0.733287 0.438935 0.735454 0.434284 0.740199 0.434664 0.751319 0.439122 0.747097 0.444417 0.744431 0.449799 0.746000 0.453945 0.749764
2 0.455870 0.766907 0.456443 0.764069 0.456672 0.760431 0.456724 0.756273 0.453945 0.749764 0.449799 0.746000 0.444417 0.744431 0.439122 0.747097 0.434664 0.751319 0.433745 0.761847 0.437828 0.757491 0.441604 0.755856 0.447117 0.756218 0.452120 0.760394
2 0.453258 0.806435 0.430737 0.799782 0.432698 0.773602 0.433745 0.761847 0.437828 0.757491 0.441604 0.755856 0.447117 0.756218 0.452120 0.760394 0.455870 0.766907 0.456258 0.769731 0.455815 0.774435 0.454935 0.778514 0.454581 0.783690
2 0.575940 0.369639 0.580378 0.364065 0.581083 0.336144 0.579320 0.334731 0.577820 0.331593 0.577115 0.327361 0.571997 0.335204 0.571203 0.332380 0.573232 0.327046 0.572260 0.323907 0.570409 0.322495 0.565909 0.348380 0.566526 0.356065 0.566880 0.368769 0.572578 0.365185 0.572646 0.361204 0.571656 0.361907 0.570602 0.361319 0.570273 0.359565 0.570799 0.356282 0.570865 0.354407 0.570602 0.352181 0.570273 0.350426 0.570141 0.348667 0.570734 0.346907 0.572315 0.346556 0.574227 0.347847 0.574755 0.348903 0.575612 0.351125 0.576336 0.353472 0.576862 0.356750 0.576732 0.359796 0.576138 0.363310 0.575742 0.364250
2 0.569086 0.392454 0.566846 0.381708 0.566880 0.368769 0.572578 0.365185 0.572646 0.361204 0.571656 0.361907 0.570602 0.361319 0.570273 0.359565 0.570799 0.356282 0.570865 0.354407 0.570602 0.352181 0.570273 0.350426 0.570141 0.348667 0.570734 0.346907 0.572315 0.346556 0.574227 0.347847 0.574755 0.348903 0.575612 0.351125 0.576336 0.353472 0.576862 0.356750 0.576732 0.359796 0.576138 0.363310 0.575742 0.364250 0.575940 0.369639 0.575086 0.389005
2 0.572990 0.438296 0.573143 0.424199 0.573948 0.421329 0.575070 0.416972 0.577682 0.412671 0.578711 0.415389 0.580768 0.415523 0.581378 0.414708 0.581456 0.411727 0.579625 0.406981 0.576576 0.398713 0.571846 0.405625 0.568797 0.404134 0.567042 0.405356 0.565747 0.414440 0.564451 0.421352 0.563003 0.429352 0.561628 0.438838 0.561477 0.440736 0.561781 0.446023 0.565443 0.433958
2 0.558120 0.462157 0.553898 0.482907 0.552672 0.489986 0.552469 0.499060 0.566659 0.499060 0.570844 0.483630 0.575049 0.467171 0.575049 0.463241 0.572927 0.458352 0.570068 0.457079 0.566596 0.457986 0.565576 0.449819 0.563432 0.450912 0.560180 0.454699
2 0.575172 0.469602 0.577943 0.453611 0.579471 0.443583 0.578937 0.442093 0.572990 0.438296 0.565443 0.433958 0.561781 0.446023 0.560180 0.454634 0.563432 0.450912 0.565576 0.449819 0.566596 0.457986 0.570068 0.457079 0.572927 0.458352 0.575049 0.463241 0.575049 0.467171 0.570844 0.483630 0.572784 0.482907
2 0.576151 0.478551 0.575234 0.469657 0.572784 0.482907 0.570844 0.483630 0.566659 0.499060 0.552469 0.499060 0.551958 0.507949 0.557266 0.506319 0.559716 0.506681 0.567883 0.502505 0.569005 0.504319 0.572885 0.502870 0.575336 0.503778 0.576151 0.500690 0.576969 0.492708
2 0.582276 0.495245 0.583159 0.493671 0.582453 0.487241 0.582805 0.477356 0.583951 0.467477 0.581367 0.461514 0.582867 0.461514 0.583750 0.459162 0.584367 0.456968 0.585336 0.453829 0.580307 0.453671 0.577943 0.453611 0.575234 0.469657 0.576151 0.478551 0.576151 0.478551 0.576969 0.492708 0.576151 0.500690
2 0.538646 0.655181 0.537323 0.647338 0.535294 0.642634 0.531057 0.639653 0.525766 0.639181 0.524706 0.648593 0.529911 0.648750 0.535823 0.651102
2 0.539706 0.664750 0.538646 0.655181 0.535823 0.651102 0.529911 0.648750 0.524706 0.648593 0.523294 0.661144 0.529383 0.658944 0.535734 0.660514
2 0.540674 0.677769 0.539706 0.664750 0.535734 0.660514 0.529383 0.658944 0.523294 0.661144 0.521354 0.676671 0.523029 0.674315 0.527000 0.669926 0.532911 0.669139 0.538206 0.672593
2 0.541911 0.687806 0.540674 0.677769 0.538206 0.672593 0.532911 0.669139 0.527000 0.669926 0.523029 0.674315 0.521354 0.676671 0.520581 0.685167 0.520646 0.691847 0.523560 0.685769 0.529117 0.682005 0.535469 0.681060 0.539529 0.683884
2 0.541911 0.696903 0.541911 0.687806 0.539529 0.683884 0.535469 0.681060 0.529117 0.682005 0.523560 0.685769 0.520646 0.691847 0.520052 0.697120 0.521568 0.704264 0.522677 0.700292 0.525766 0.695273 0.531146 0.692449 0.536174 0.691977 0.540234 0.694176
2 0.543323 0.707727 0.541117 0.699412 0.541911 0.696903 0.540234 0.694176 0.536174 0.691977 0.531146 0.692449 0.525766 0.695273 0.522677 0.700292 0.521568 0.704264 0.521898 0.713991 0.521971 0.715884 0.524089 0.711333 0.527971 0.706000 0.534057 0.703176 0.539352 0.703648
2 0.545448 0.722991 0.547125 0.721731 0.547214 0.717657 0.546057 0.718551 0.542174 0.713060 0.541911 0.710551 0.543323 0.707727 0.539352 0.703648 0.534057 0.703176 0.527971 0.706000 0.524089 0.711333 0.521971 0.715884 0.522029 0.718324 0.522885 0.724769 0.523151 0.730509 0.524146 0.725435 0.527221 0.720171 0.532690 0.716222 0.537190 0.715718 0.541802 0.718245
2 0.528026 0.774097 0.527560 0.770014 0.526948 0.764023 0.525826 0.753495 0.524667 0.743634 0.523346 0.733907 0.523151 0.730509 0.524146 0.725435 0.527221 0.720171 0.532690 0.716222 0.537190 0.715718 0.541802 0.718245 0.545448 0.722991 0.542625 0.728949 0.542714 0.731144 0.546323 0.736116 0.547029 0.745056 0.548352 0.758389 0.548969 0.763407 0.548174 0.769213 0.546234 0.774074 0.542969 0.778782 0.540411 0.779722 0.536221 0.779412 0.533474 0.777444 0.532518 0.777380
2 0.545174 0.515583 0.543792 0.516662 0.543893 0.521560 0.542872 0.524282 0.540320 0.541343 0.539299 0.550236 0.541547 0.549329 0.546445 0.556042 0.551549 0.552051 0.546987 0.535130 0.547750 0.531606 0.545563 0.522343
2 0.539299 0.550236 0.541547 0.549329 0.546445 0.556042 0.551549 0.552051 0.554385 0.561565 0.554352 0.563579 0.549497 0.567657 0.547380 0.567185 0.543411 0.567815 0.541380 0.570481 0.536969 0.570009 0.537258 0.563120
2 0.582901 0.566125 0.584115 0.560579 0.583503 0.522287 0.580849 0.518477 0.578500 0.516662 0.577888 0.540435 0.576646 0.543889
2 0.576646 0.543889 0.577888 0.540435 0.578500 0.516662 0.573089 0.509949 0.569005 0.504319 0.565638 0.508134 0.564411 0.519204 0.563698 0.536986 0.562880 0.540981 0.562115 0.547111 0.564674 0.553699 0.567349 0.552713 0.568109 0.548106 0.571008 0.547157 0.574742 0.548236 0.574813 0.543889
2 0.549885 0.529301 0.552674 0.539736 0.554352 0.543347 0.559557 0.561227 0.554352 0.563579 0.554385 0.561565 0.546987 0.535130 0.547750 0.531606
2 0.426620 0.798019 0.404651 0.799778 0.400977 0.800500 0.400159 0.827000 0.407714 0.843514 0.414247 0.845329 0.411490 0.839519 0.411695 0.837523 0.413122 0.837162 0.418737 0.838796
2 0.432698 0.773602 0.434664 0.751319 0.430784 0.750051 0.427518 0.749144 0.427388 0.771245
2 0.430737 0.799782 0.426620 0.798019 0.427388 0.771245 0.432698 0.773602
2 0.474271 0.769583 0.471169 0.793884 0.468344 0.811769 0.453258 0.806435 0.454581 0.783690 0.454935 0.778514 0.455815 0.774435 0.456258 0.769731 0.455870 0.766907 0.456443 0.764069 0.456672 0.760431 0.456724 0.756273 0.456786 0.754343 0.457466 0.750296 0.458198 0.737278 0.459646 0.737514 0.461826 0.735741 0.462354 0.736681 0.462221 0.743597 0.463271 0.750282 0.465380 0.753088 0.466523 0.758833
2 0.478365 0.744315 0.476018 0.746676 0.468464 0.755750 0.466523 0.758833 0.474281 0.769542 0.475406 0.768815
2 0.536174 0.626005 0.533797 0.619685 0.529372 0.614667 0.535549 0.576708 0.536312 0.571963 0.541076 0.578662 0.539495 0.581944 0.539628 0.588037 0.541273 0.593190 0.543120 0.598699 0.540219 0.597880 0.537846 0.598583 0.535539 0.600222 0.534419 0.603852 0.534419 0.607954 0.535276 0.611940 0.536396 0.615569 0.538557 0.619264 0.537763 0.626477 0.537763 0.631338
2 0.541911 0.687806 0.540674 0.677769 0.539706 0.664750 0.538646 0.655181 0.541997 0.654556 0.543940 0.655495 0.545086 0.655181 0.547380 0.659102 0.544201 0.660398 0.544201 0.663120 0.549508 0.675639 0.548693 0.678181 0.546242 0.678546 0.544711 0.679088 0.543323 0.686236
2 0.543852 0.626949 0.540234 0.621301 0.538557 0.619264 0.537763 0.626477 0.537763 0.631338 0.541997 0.654556 0.543940 0.655495 0.545086 0.655181 0.547380 0.659102 0.548487 0.658583 0.553693 0.656222 0.556367 0.657236 0.558349 0.651269 0.552234 0.645769 0.547117 0.639495 0.545440 0.634634 0.543674 0.631028
2 0.545440 0.623338 0.543852 0.626949 0.543674 0.631028 0.545440 0.634634 0.547117 0.639495 0.552234 0.645769 0.558349 0.651269 0.560029 0.651269 0.562086 0.654389 0.565594 0.655472 0.565060 0.645713 0.560484 0.647069 0.558807 0.642458 0.555852 0.634005 0.555234 0.631968 0.552234 0.630556 0.548529 0.627259
2 0.560177 0.582236 0.561297 0.585519 0.561693 0.589852 0.560979 0.594481 0.564146 0.594301 0.566391 0.594509 0.572177 0.591361 0.576784 0.589051 0.577115 0.593944 0.582497 0.570731 0.582901 0.566125 0.576646 0.543889 0.574813 0.543889 0.574742 0.548236 0.573977 0.555148 0.572836 0.560023 0.569937 0.563551 0.565667 0.568023 0.563531 0.575079
2 0.577115 0.593944 0.576784 0.589051 0.572177 0.591361 0.566391 0.594509 0.564146 0.594301 0.563674 0.598500 0.560956 0.599343 0.557086 0.605616 0.559909 0.611421 0.564586 0.623653 0.570232 0.634102 0.570320 0.633000 0.572260 0.630333 0.571909 0.626102 0.571909 0.621866 0.572349 0.620296 0.577292 0.615435
2 0.555797 0.525167 0.559909 0.520444 0.557615 0.511977 0.552586 0.514644 0.550203 0.513231 0.546146 0.508838 0.545617 0.515269 0.545174 0.515583 0.545563 0.522343 0.553503 0.523282
2 0.576576 0.398713 0.576143 0.393551 0.575878 0.390102 0.575086 0.389005 0.575940 0.369639 0.578862 0.366042 0.579625 0.373093 0.579854 0.390171 0.579625 0.406981
2 0.435456 0.715412 0.440003 0.703056 0.445711 0.688579 0.448615 0.689389 0.449185 0.691412 0.447305 0.696477 0.441323 0.711667 0.439729 0.715917 0.437849 0.715412
2 0.441951 0.681792 0.445654 0.684222 0.445711 0.686958 0.445711 0.688579 0.440003 0.703056 0.435456 0.715412
2 0.432721 0.451819 0.434893 0.428375 0.435154 0.422884 0.436828 0.423824 0.439211 0.430255 0.446711 0.444370
2 0.497755 0.336014 0.495591 0.317009 0.507589 0.309949 0.510326 0.314343 0.512794 0.313713 0.517294 0.310106 0.518773 0.312088 0.521594 0.322389 0.518971 0.324694 0.517823 0.323750 0.515089 0.322653 0.509089 0.323593 0.509266 0.334102 0.508911 0.337556 0.505271 0.333199 0.500656 0.332968
2 0.466081 0.351944 0.470971 0.349269 0.471310 0.347750 0.471221 0.343199 0.471711 0.341130 0.471909 0.328352 0.468385 0.325833 0.467630 0.329074 0.461385 0.328676 0.460560 0.330773 0.468674 0.340690
2 0.509083 0.442616 0.506839 0.423194 0.506576 0.413472 0.509344 0.413120 0.513099 0.408667 0.517911 0.403394 0.521799 0.404449 0.522721 0.408199 0.521633 0.413458 0.520581 0.425644 0.519802 0.428824 0.515820 0.441167 0.513471 0.426829 0.511227 0.426829
2 0.459083 0.320912 0.457039 0.316222 0.455589 0.312241 0.456578 0.306731 0.457964 0.305444 0.462240 0.308852 0.465333 0.313824 0.470443 0.323718 0.475461 0.327269 0.475500 0.331093 0.474247 0.330153 0.468385 0.325833 0.463630 0.321611 0.463630 0.321611
2 0.505883 0.492431 0.504961 0.491375 0.503708 0.489148 0.501664 0.488213 0.499292 0.489032 0.497578 0.490204 0.497052 0.490435 0.492768 0.483523 0.490461 0.482588 0.489076 0.481648 0.488708 0.492838 0.490648 0.493778 0.494971 0.495347 0.497620 0.498171 0.500354 0.501620 0.498943 0.508366 0.500531 0.513856 0.502448 0.515394 0.505151 0.495968 0.505875 0.497958
2 0.520701 0.848250 0.524721 0.863565 0.516792 0.863699 0.506497 0.863292 0.502422 0.863190 0.502883 0.861199 0.503872 0.859324 0.504398 0.856157 0.504729 0.851588 0.501302 0.844796 0.510232 0.852949 0.515901 0.855407 0.517021 0.854005 0.518932 0.847912
2 0.433828 0.509352 0.434130 0.502556 0.435656 0.495370 0.432987 0.457546 0.431766 0.426097 0.430242 0.425690 0.428792 0.429079 0.426581 0.434907 0.423227 0.438977 0.424521 0.464597 0.422922 0.513806 0.430164 0.515977 0.429404 0.513130 0.432224 0.510556
2 0.558716 0.561579 0.561477 0.565005 0.561581 0.566903 0.558612 0.572088 0.556607 0.573940 0.554315 0.574634 0.552857 0.573616 0.550227 0.570236 0.548768 0.570005 0.547154 0.569634 0.545018 0.571301 0.543195 0.572690 0.541815 0.573523 0.541242 0.576301 0.540232 0.575231 0.536969 0.570009 0.541380 0.570481 0.543411 0.567815 0.547380 0.567185 0.549497 0.567657 0.554352 0.563579
2 0.553299 0.541343 0.558214 0.544222 0.561563 0.549218 0.564102 0.558046 0.563560 0.568606 0.560591 0.577153 0.557674 0.581185 0.554703 0.583009 0.551411 0.582815 0.546604 0.580606 0.542932 0.578306 0.540232 0.575231 0.536969 0.570009 0.536312 0.571963 0.541076 0.578662 0.546745 0.583352 0.551885 0.584523 0.556234 0.584755 0.560177 0.582236 0.563531 0.575079 0.565667 0.568023 0.565732 0.558560 0.564674 0.553699 0.562115 0.547111 0.559997 0.543972 0.554435 0.539903 0.552674 0.539736
2 0.461385 0.328676 0.467630 0.329074 0.468385 0.325833 0.463630 0.321611 0.459083 0.320912 0.457039 0.316222 0.455589 0.312241 0.456578 0.306731 0.457964 0.305444 0.454917 0.303046 0.451828 0.304458 0.452094 0.308380 0.450398 0.311782 0.453576 0.317588 0.456750 0.323704
2 0.481102 0.343509 0.478401 0.343042 0.475104 0.343394 0.475435 0.337769 0.476490 0.335662 0.485057 0.337769 0.497711 0.339528 0.498021 0.337769 0.497755 0.336014 0.500656 0.332968 0.505271 0.333199 0.508911 0.337556 0.508737 0.346653 0.507060 0.349944 0.508560 0.351514 0.509141 0.360463 0.509102 0.361667 0.506250 0.358750 0.505190 0.357231 0.502224 0.356412 0.503120 0.361361 0.502096 0.359944 0.500672 0.363185 0.495716 0.362676 0.493893 0.363690 0.493456 0.359671 0.488500 0.358991 0.490190 0.355435 0.493013 0.350574
2 0.449888 0.382569 0.454083 0.386102 0.460633 0.392278 0.464565 0.395519 0.469576 0.399264 0.469862 0.407671 0.469690 0.411620 0.469862 0.424481 0.465247 0.428630 0.465076 0.430250 0.464906 0.435921 0.460133 0.432333 0.448846 0.419588
2 0.448846 0.419588 0.449888 0.382569 0.441771 0.376454 0.441299 0.386782 0.441299 0.398713 0.440688 0.404134 0.440154 0.414574 0.442138 0.412810
2 0.430273 0.650231 0.437964 0.647667 0.440354 0.649389 0.442122 0.652829 0.441951 0.658907 0.441779 0.663060 0.439159 0.670148 0.436195 0.659491 0.433948 0.657310 0.433133 0.657310 0.433438 0.664389 0.434664 0.663662 0.434867 0.661847 0.435479 0.661847 0.439870 0.675458 0.439667 0.676185 0.429966 0.669106
2 0.423479 0.606037 0.420568 0.605255 0.419510 0.594588 0.417393 0.593806 0.416510 0.586431 0.414039 0.588157 0.413068 0.592708 0.414128 0.607296 0.412099 0.612157 0.410266 0.616296 0.417513 0.618838 0.418156 0.642630 0.415982 0.643157 0.414349 0.669653 0.414349 0.669653 0.419555 0.670560 0.420779 0.669106 0.424760 0.662394 0.429966 0.669106 0.430273 0.650231 0.430784 0.647329 0.426016 0.644259 0.424802 0.639764 0.424891 0.621880
2 0.428716 0.734236 0.429966 0.732991 0.432315 0.726458 0.435456 0.715412 0.441951 0.681792 0.442065 0.679870 0.441552 0.678315 0.439714 0.676574 0.429966 0.669106 0.426771 0.673565 0.420779 0.669106 0.419555 0.670560 0.414349 0.669653 0.413122 0.669653 0.404141 0.708125 0.404344 0.709940 0.406159 0.710444 0.411651 0.716407 0.415310 0.721694 0.418437 0.725764 0.419581 0.729421 0.421471 0.729625 0.425971 0.730713
2 0.585336 0.453829 0.584523 0.447519 0.583604 0.439894 0.585034 0.418662 0.582685 0.419204 0.580745 0.421384 0.577682 0.412671 0.575070 0.416972 0.573948 0.421329 0.576901 0.434097 0.575490 0.436449 0.574255 0.439116 0.578937 0.442093 0.579471 0.443583 0.577943 0.453611 0.580255 0.453546
2 0.502073 0.442500 0.506633 0.442074 0.509219 0.442639 0.506839 0.423194 0.506576 0.413472 0.509344 0.413120 0.513099 0.408667 0.517911 0.403394 0.521799 0.404449 0.522721 0.408199 0.518990 0.393097 0.515922 0.379097 0.512555 0.371838 0.509102 0.361667 0.506250 0.358750 0.507109 0.360856 0.506596 0.365616 0.504544 0.368148 0.504773 0.372907 0.503406 0.374324 0.502779 0.374120 0.502664 0.371588 0.502552 0.368046 0.503234 0.361361 0.503120 0.361361 0.502096 0.359944 0.500672 0.363185 0.495716 0.362676 0.493893 0.363690 0.489943 0.372532 0.494003 0.376611 0.491620 0.391824 0.489854 0.399824 0.475385 0.398102 0.469576 0.399264 0.476620 0.401602 0.478763 0.403597 0.480091 0.407773 0.482133 0.410676 0.483357 0.409949 0.484479 0.413037 0.484990 0.417574 0.485909 0.420296 0.487339 0.423380 0.485807 0.427370 0.482031 0.427370 0.482477 0.432741 0.487432 0.436537 0.493380 0.433009 0.496279 0.432606 0.500016 0.428810 0.502682 0.431519 0.503141 0.436398
2 0.447201 0.333023 0.450133 0.326685 0.449622 0.320301 0.448740 0.314968 0.450398 0.311782 0.453576 0.317588 0.456750 0.323704 0.461385 0.328676 0.460560 0.330773 0.450862 0.335963
2 0.447201 0.333023 0.450862 0.335963 0.453224 0.338481 0.448211 0.354181 0.438659 0.366653 0.439880 0.347810
2 0.508560 0.351514 0.509219 0.361944 0.512555 0.371838 0.515922 0.379097 0.522354 0.376921 0.525211 0.374921 0.519651 0.367079 0.516344 0.361412 0.518471 0.354481 0.513943 0.356532 0.512617 0.356222 0.511294 0.355278 0.509971 0.354023
2 0.513779 0.469847 0.516943 0.460764 0.517250 0.448606 0.514799 0.445519 0.514492 0.443704 0.515820 0.441167 0.513471 0.426829 0.511227 0.426829 0.509083 0.442616 0.506633 0.442074 0.502073 0.442500 0.502682 0.447245 0.507336 0.454296 0.506953 0.458093 0.510625 0.463250 0.510318 0.472528 0.513437 0.468731
2 0.475495 0.406157 0.476620 0.401602 0.478763 0.403597 0.480091 0.407773 0.482133 0.410676 0.483357 0.409949 0.484479 0.413037 0.484990 0.417574 0.485909 0.420296 0.487339 0.423380 0.485807 0.427370 0.482031 0.427370 0.478865 0.428824 0.478151 0.439167 0.475802 0.436264 0.472435 0.421926 0.469862 0.424481 0.469690 0.411620 0.471458 0.413333
2 0.436297 0.370856 0.438672 0.375787 0.437180 0.380005 0.437029 0.385699 0.435198 0.392204 0.435807 0.409394 0.434893 0.428375 0.432721 0.451819 0.431766 0.426097 0.430242 0.425690 0.428792 0.429079 0.426581 0.434907 0.423227 0.438977 0.424521 0.464597 0.423630 0.489676 0.420961 0.494435 0.421396 0.458634 0.419414 0.458227 0.419031 0.444398 0.420708 0.441958 0.418880 0.406981 0.420174 0.402236 0.422997 0.407662 0.428716 0.401153 0.431156 0.386782 0.429096 0.379870 0.423073 0.372144 0.424521 0.359671 0.432406 0.361500
2 0.439880 0.347810 0.438659 0.366653 0.436297 0.370856 0.432406 0.361500 0.432102 0.359736 0.434466 0.350519 0.437669 0.344014
2 0.439086 0.419426 0.440154 0.414574 0.440688 0.404134 0.441299 0.398713 0.441299 0.386782 0.441909 0.375398 0.440536 0.373227 0.439391 0.373500 0.437180 0.380005 0.437029 0.385699 0.435198 0.392204 0.435807 0.409394 0.438172 0.412782
2 0.467432 0.473648 0.456594 0.455037 0.452969 0.449398 0.453172 0.466000 0.456531 0.465694 0.461487 0.470454 0.460862 0.477542 0.464573 0.477824 0.464573 0.474375
2 0.464495 0.646144 0.466326 0.646958 0.466555 0.645333 0.467164 0.636926 0.468232 0.636384 0.469299 0.626894 0.469758 0.624051 0.471815 0.621745 0.472807 0.617949 0.472273 0.611032 0.467849 0.610764 0.467089 0.615509 0.466172 0.617000 0.465589 0.635819 0.464620 0.643009
2 0.580849 0.518477 0.584422 0.500509 0.582276 0.495245 0.576151 0.500690 0.575336 0.503778 0.572885 0.502870 0.569005 0.504319 0.573089 0.509949 0.578500 0.516662
2 0.582497 0.570731 0.583378 0.583278 0.583115 0.599435 0.582672 0.607593 0.583995 0.609005 0.582937 0.620296 0.580643 0.626569 0.579497 0.632218 0.576497 0.631593 0.570232 0.634102 0.570320 0.633000 0.572260 0.630333 0.571909 0.626102 0.571909 0.621866 0.572349 0.620296 0.577292 0.615435 0.577115 0.593944
2 0.530091 0.838269 0.521109 0.836634 0.516107 0.840810 0.513247 0.845347 0.515049 0.846597 0.518932 0.847912 0.520701 0.848250 0.521971 0.847653 0.528049 0.847889 0.531419 0.839722
2 0.468674 0.340690 0.460560 0.330773 0.450862 0.335963 0.453224 0.338481 0.448211 0.354181 0.455635 0.364417 0.466081 0.351944 0.466081 0.351944
2 0.473263 0.305551 0.467698 0.299722 0.463810 0.297556 0.462589 0.299181 0.465333 0.313824 0.470443 0.323718 0.475461 0.327269 0.474089 0.312764
5 0.550370 0.606667 0.548326 0.604440 0.544911 0.606556 0.543763 0.610167 0.543323 0.613931 0.543586 0.619417 0.545440 0.623338 0.548529 0.627259 0.552234 0.630556 0.555234 0.631968 0.552234 0.622556 0.552320 0.620829 0.551263 0.616750 0.547557 0.609694 0.548263 0.607810
5 0.548326 0.604440 0.547930 0.601630 0.545755 0.600106 0.543120 0.598699 0.540219 0.597880 0.537846 0.598583 0.535539 0.600222 0.534419 0.603852 0.534419 0.607954 0.535276 0.611940 0.536396 0.615569 0.538557 0.619264 0.540234 0.621301 0.543852 0.626949 0.545440 0.623338 0.543586 0.619417 0.543323 0.613931 0.543763 0.610167 0.544911 0.606556
5 0.560177 0.582236 0.556234 0.584755 0.551885 0.584523 0.546745 0.583352 0.541076 0.578662 0.539495 0.581944 0.539628 0.588037 0.541273 0.593190 0.543120 0.598699 0.545755 0.600106 0.547930 0.601630 0.548854 0.601509 0.554521 0.601509 0.556565 0.600574 0.558740 0.599167 0.560320 0.596824 0.560979 0.594481 0.561693 0.589852 0.561297 0.585519
5 0.574742 0.548236 0.571008 0.547157 0.568109 0.548106 0.567349 0.552713 0.564674 0.553699 0.565732 0.558560 0.565667 0.568023 0.569937 0.563551 0.572836 0.560023 0.573977 0.555148
5 0.517547 0.758398 0.517560 0.755255 0.515883 0.750861 0.511911 0.746000 0.509883 0.757921 0.507464 0.774097 0.513529 0.773157 0.516362 0.767065 0.517482 0.763667
2 0.566404 0.390667 0.566969 0.388060 0.566880 0.368769 0.566526 0.356065 0.565909 0.348380 0.560086 0.374259 0.560969 0.380060 0.563349 0.380690 0.562380 0.387593 0.560880 0.392296 0.560755 0.397097 0.563932 0.394588
2 0.554081 0.803102 0.555234 0.803250 0.557164 0.804583 0.561706 0.805000 0.563763 0.810963 0.564146 0.820593 0.563841 0.830218 0.561706 0.840653 0.559203 0.844815 0.552250 0.844181 0.554156 0.836995 0.555680 0.829671 0.556292 0.818556 0.555758 0.810153
2 0.521109 0.836634 0.509177 0.834907 0.505948 0.833500 0.504763 0.827523 0.504763 0.822954 0.502323 0.821898 0.500544 0.833500 0.500544 0.838421 0.499523 0.847269 0.501302 0.844796 0.510232 0.852949 0.515901 0.855407 0.517021 0.854005 0.518932 0.847912 0.515086 0.846616 0.513247 0.845347 0.516107 0.840810
2 0.521971 0.847653 0.525326 0.863847 0.537320 0.863144 0.539758 0.862324 0.551094 0.860917 0.548786 0.853537 0.547534 0.849551 0.545294 0.842523 0.537122 0.842639 0.531419 0.839722 0.528049 0.847889
2 0.547534 0.849551 0.548086 0.843875 0.559203 0.844815 0.569792 0.846384 0.569349 0.850935 0.565555 0.859403 0.551094 0.860917 0.548786 0.853537
2 0.551872 0.784194 0.559018 0.779801 0.558578 0.782310 0.559724 0.786231 0.564135 0.793134 0.568195 0.796269 0.573753 0.794704 0.573930 0.807722 0.564930 0.805208 0.557164 0.804583 0.556812 0.798625 0.556107 0.792662
2 0.551872 0.784194 0.547997 0.785681 0.545174 0.785681 0.542706 0.781449 0.542969 0.778782 0.540411 0.779722 0.538734 0.780819 0.539706 0.781134 0.539706 0.782074 0.539263 0.782704 0.536263 0.782546 0.535206 0.786468 0.534411 0.790856 0.534146 0.794935 0.534323 0.799329 0.538469 0.800898 0.546323 0.802153 0.555234 0.803250 0.556203 0.798546 0.556107 0.792662
2 0.532224 0.780319 0.532518 0.777380 0.528026 0.774097 0.523479 0.770231 0.520909 0.757222 0.520117 0.757222 0.520383 0.760505 0.518734 0.760037 0.517547 0.758398 0.517482 0.763667 0.516362 0.767065 0.513529 0.773157 0.507464 0.774097 0.502323 0.821898 0.504763 0.822954 0.506146 0.812644 0.504828 0.810769 0.505091 0.804676 0.506477 0.800343 0.509638 0.795069 0.512870 0.795421 0.528357 0.798231 0.531453 0.793546 0.534091 0.788037 0.535206 0.786468 0.535737 0.784523 0.533070 0.782088
2 0.528357 0.798231 0.534323 0.799329 0.537305 0.800528 0.538982 0.806222 0.539591 0.814218 0.538753 0.827773 0.536846 0.836588 0.534635 0.841333 0.531419 0.839722 0.530091 0.838269 0.521109 0.836634 0.509177 0.834907 0.505948 0.833500 0.504763 0.827523 0.504763 0.822954 0.506146 0.812644 0.504828 0.810769 0.505091 0.804676 0.506477 0.800343 0.509638 0.795069 0.512870 0.795421
2 0.537305 0.800528 0.538469 0.800898 0.546323 0.802153 0.547521 0.809611 0.547826 0.820185 0.547065 0.829130 0.545005 0.838755 0.543937 0.842551 0.537122 0.842639 0.534635 0.841333 0.536846 0.836588 0.538753 0.827773 0.539591 0.814218 0.538982 0.806222
2 0.472273 0.611032 0.474247 0.611000 0.475633 0.610417 0.477279 0.607602 0.479453 0.605847 0.481167 0.605847 0.482617 0.605847 0.482750 0.603736 0.480180 0.601042 0.479521 0.598347 0.476951 0.593426 0.476422 0.591435 0.474708 0.591667 0.474247 0.594713 0.472865 0.595417 0.463044 0.596472 0.462318 0.598231 0.459419 0.598699 0.459682 0.601042 0.455927 0.603032 0.458497 0.607134 0.460737 0.606898 0.463307 0.608542 0.465284 0.612875 0.466172 0.617000 0.467089 0.615509 0.467849 0.610764
2 0.546323 0.802153 0.554081 0.803102 0.555758 0.810153 0.556292 0.818556 0.555680 0.829671 0.554156 0.836995 0.552250 0.844181 0.548086 0.843875 0.545294 0.842523 0.543937 0.842551 0.545005 0.838755 0.547065 0.829130 0.547826 0.820185 0.547521 0.809611
2 0.561706 0.805000 0.564930 0.805208 0.569177 0.806491 0.571846 0.815306 0.572305 0.823435 0.571542 0.835505 0.570016 0.841194 0.567576 0.846213 0.559203 0.844815 0.561706 0.840653 0.563841 0.830218 0.564146 0.820593 0.563763 0.810963
2 0.569177 0.806491 0.573930 0.807722 0.575125 0.807032 0.577565 0.809745 0.579016 0.817338 0.579471 0.825472 0.578557 0.834417 0.575279 0.843231 0.573448 0.846079 0.569792 0.846384 0.567576 0.846213 0.570016 0.841194 0.571542 0.835505 0.572305 0.823435 0.571846 0.815306
2 0.567409 0.768583 0.565469 0.767644 0.557615 0.769843 0.554792 0.763407 0.548969 0.763407 0.548174 0.769213 0.546234 0.774074 0.542969 0.778782 0.542706 0.781449 0.545174 0.785681 0.547997 0.785681 0.551872 0.784194 0.559018 0.779801 0.565469 0.773292 0.566437 0.772819
2 0.572703 0.743958 0.556292 0.740824 0.552320 0.740194 0.546323 0.736116 0.547029 0.745056 0.548352 0.758389 0.548969 0.763407 0.554792 0.763407 0.557615 0.769843 0.565469 0.767644 0.567409 0.768583 0.570497 0.767019 0.571732 0.765449 0.573232 0.750079 0.574380 0.747412
2 0.576065 0.705421 0.579771 0.731144 0.578711 0.744162 0.577820 0.748977 0.575615 0.745056 0.572703 0.743958 0.556292 0.740824 0.552320 0.740194 0.546323 0.736116 0.542714 0.731144 0.542625 0.728949 0.545448 0.722991 0.547125 0.721731 0.547214 0.717657 0.549065 0.720634 0.549948 0.724088 0.555682 0.729574 0.560625 0.731144 0.575534 0.730986 0.575094 0.706991
2 0.576065 0.705421 0.579055 0.695181 0.578878 0.684356 0.575878 0.681060 0.575260 0.687338 0.571115 0.687648 0.570586 0.692981 0.567674 0.687338 0.558497 0.687338 0.555234 0.684671 0.549146 0.689060 0.544203 0.691102 0.543323 0.686236 0.541911 0.687806 0.541911 0.696903 0.541117 0.699412 0.543323 0.707727 0.541911 0.710551 0.542174 0.713060 0.546057 0.718551 0.547214 0.717657 0.549065 0.720634 0.549948 0.724088 0.555682 0.729574 0.560625 0.731144 0.575534 0.730986 0.575094 0.706991
2 0.579055 0.695181 0.580115 0.697690 0.583203 0.697060 0.586820 0.697060 0.587701 0.668829 0.587172 0.652829 0.583378 0.654708 0.582672 0.651574 0.580909 0.653611 0.579760 0.659102 0.579232 0.660986 0.577466 0.659102 0.575966 0.659102 0.575966 0.663338 0.578526 0.663653 0.578615 0.665690 0.575878 0.681060 0.578878 0.684356
2 0.575966 0.663338 0.553693 0.656222 0.548487 0.658583 0.544201 0.660398 0.544201 0.663120 0.549508 0.675639 0.548693 0.678181 0.546242 0.678546 0.544711 0.679088 0.543323 0.686236 0.544203 0.691102 0.549146 0.689060 0.555234 0.684671 0.558497 0.687338 0.567674 0.687338 0.570586 0.692981 0.571115 0.687648 0.575260 0.687338 0.575878 0.681060 0.578615 0.665690 0.578526 0.663653
2 0.573753 0.794704 0.576760 0.790389 0.578190 0.782194 0.581299 0.757662 0.577820 0.748977 0.575615 0.745056 0.572703 0.743958 0.574380 0.747412 0.573232 0.750079 0.571732 0.765449 0.570497 0.767019 0.567409 0.768583 0.566437 0.772819 0.565396 0.773199 0.559018 0.779801 0.558578 0.782310 0.559724 0.786231 0.564135 0.793134 0.568195 0.796269
2 0.575966 0.659102 0.575508 0.638255 0.565594 0.642324 0.558807 0.642458 0.560484 0.647069 0.565060 0.645713 0.565594 0.655472 0.562086 0.654389 0.560029 0.651269 0.558349 0.651269 0.556367 0.657236 0.575966 0.663338
5 0.297013 0.203889 0.288721 0.187306 0.294810 0.183389 0.308674 0.177398 0.311911 0.175097 0.316057 0.171644 0.321370 0.171644 0.331484 0.192037 0.343005 0.212407 0.357388 0.241662 0.371185 0.271329 0.373984 0.280079 0.374555 0.283259 0.376224 0.285444 0.376458 0.288046 0.372870 0.284847 0.369734 0.282472 0.366146 0.278491 0.361979 0.280648 0.359266 0.284731 0.335143 0.254995 0.306938 0.217222
5 0.357547 0.158755 0.356435 0.154731 0.355596 0.153046 0.355523 0.149398 0.359219 0.149204 0.362883 0.148806 0.362883 0.147792 0.358784 0.143718 0.358755 0.142060 0.361227 0.140282 0.364388 0.132481 0.363685 0.130005 0.362427 0.128514 0.362516 0.125519 0.365508 0.125852 0.372786 0.132907 0.378664 0.138218 0.384917 0.144190 0.389536 0.148009 0.395753 0.153481 0.403409 0.161954 0.415229 0.173750 0.423760 0.180292 0.433701 0.189894 0.442901 0.199713 0.447419 0.204171 0.447044 0.206278 0.448794 0.213167 0.449609 0.219051 0.456609 0.225056 0.455227 0.227278 0.454115 0.228287 0.453177 0.229907 0.451172 0.228051 0.449734 0.227046 0.447943 0.231296 0.446706 0.239412 0.439331 0.231185 0.439766 0.240181 0.440266 0.249509 0.434219 0.242505 0.424984 0.232806 0.411701 0.218213 0.396148 0.201894 0.379083 0.182597 0.362451 0.164551
5 0.384917 0.144190 0.377315 0.135782 0.371388 0.129644 0.368401 0.126907 0.368401 0.125662 0.370081 0.123171 0.374234 0.120435 0.375401 0.119190 0.376521 0.112801 0.377409 0.110560 0.381047 0.102597 0.383055 0.102264 0.383570 0.102500 0.384411 0.103250 0.410234 0.129417 0.441930 0.159255 0.468906 0.185454 0.466456 0.189551 0.466456 0.189551 0.465057 0.192620 0.463003 0.198014 0.461883 0.200171 0.461229 0.200088 0.460622 0.199009 0.459596 0.200333 0.460016 0.202412 0.458661 0.206560 0.456328 0.208051 0.456281 0.209546 0.454010 0.212546 0.447419 0.204171 0.442901 0.199713 0.433701 0.189894 0.423760 0.180292 0.415229 0.173750 0.403409 0.161954 0.395753 0.153481 0.389536 0.148009
5 0.464870 0.234852 0.462633 0.232213 0.459487 0.232356 0.457607 0.233384 0.456609 0.233602 0.453638 0.235727 0.452146 0.237019 0.450979 0.238903 0.451461 0.240102 0.462190 0.251861 0.474815 0.265917 0.494823 0.288435 0.498818 0.293671 0.507609 0.302417 0.525440 0.323931 0.533424 0.333111 0.534596 0.334616 0.535724 0.338417 0.535951 0.339593 0.531870 0.341514 0.530984 0.342181 0.531474 0.344005 0.539958 0.353324 0.541630 0.352431 0.541044 0.350500 0.541044 0.345296 0.543135 0.343958 0.546984 0.349014 0.548823 0.347676 0.548992 0.343065 0.552003 0.347676 0.554094 0.347227 0.554010 0.342917 0.556518 0.331167 0.559279 0.325815 0.562307 0.327806 0.563315 0.327157 0.562786 0.326019 0.559375 0.322639 0.557318 0.320694 0.553078 0.316412 0.551865 0.314755 0.550130 0.314398 0.547383 0.311681 0.544583 0.314171 0.542344 0.311602 0.540198 0.310602 0.538469 0.311185 0.536695 0.311269 0.514576 0.287454 0.489557 0.260986
5 0.451461 0.240102 0.449839 0.242657 0.446706 0.239412 0.439331 0.231185 0.439766 0.240181 0.440266 0.249509 0.440211 0.252102 0.437727 0.253926 0.434974 0.255463 0.433948 0.257000 0.436797 0.259120 0.445964 0.269815 0.464237 0.290875 0.480622 0.308231 0.488049 0.313931 0.500633 0.331287 0.511859 0.346162 0.517961 0.354032 0.521133 0.351491 0.526328 0.345542 0.531870 0.341514 0.535951 0.339593 0.535724 0.338417 0.534596 0.334616 0.533424 0.333111 0.525440 0.323931 0.507609 0.302417 0.498818 0.293671 0.494823 0.288435 0.474815 0.265917 0.462190 0.251861
