2 0.407810 0.280056 0.408411 0.279583 0.408776 0.278148 0.409167 0.277454 0.409505 0.277269 0.410026 0.277639 0.410495 0.277870 0.410833 0.277778 0.411146 0.276852 0.412682 0.277440 0.413151 0.280231 0.413750 0.280880 0.414635 0.281065 0.415286 0.281343 0.415885 0.280602 0.416120 0.279352 0.416120 0.277731 0.415964 0.276667 0.415781 0.274583 0.415768 0.273634 0.413714 0.270231 0.404583 0.260370 0.402370 0.266389 0.405286 0.277917
2 0.414328 0.264630 0.415404 0.262120 0.417620 0.255810 0.418508 0.251366 0.418831 0.248926 0.417477 0.246259 0.417383 0.244685 0.417755 0.243856 0.418503 0.242778 0.419294 0.241861 0.420445 0.243838 0.421359 0.241120 0.420237 0.241153 0.419349 0.240935 0.418664 0.240218 0.415357 0.236491 0.414419 0.236870 0.413500 0.236491 0.412799 0.236296 0.412474 0.236778 0.412367 0.237639 0.412206 0.238792 0.410938 0.240000 0.409997 0.240681 0.408828 0.240324 0.407995 0.240694 0.407076 0.240903 0.406146 0.241250 0.405117 0.242116 0.404229 0.242977 0.403503 0.244338 0.402453 0.245556 0.401568 0.246347 0.400477 0.247565 0.407464 0.250912 0.407734 0.253912 0.407945 0.256111 0.408490 0.258157
8 0.411622 0.288685 0.426214 0.315662 0.427049 0.316329 0.427424 0.317565 0.427284 0.318977 0.427049 0.320060 0.426448 0.320718 0.425693 0.321296 0.424531 0.321384 0.409883 0.293065 0.406102 0.280551 0.407146 0.281481 0.407984 0.282472 0.409099 0.284579 0.411294 0.288361
8 0.409883 0.293065 0.418687 0.325829 0.418177 0.326343 0.417526 0.326065 0.412734 0.314769 0.403417 0.277699 0.404880 0.279495 0.406102 0.280551
2 0.415654 0.234398 0.417172 0.233991 0.419602 0.232843 0.420792 0.231403 0.422357 0.227463 0.423815 0.224199 0.424464 0.220458 0.425542 0.217769 0.426622 0.215463 0.427326 0.213546 0.428242 0.212296 0.429646 0.212491 0.430997 0.214505 0.431914 0.215463 0.432076 0.218343 0.431430 0.220843 0.429701 0.222954 0.428404 0.225736 0.427271 0.229866 0.426352 0.232264 0.424948 0.234759 0.421487 0.239625 0.419573 0.238630 0.418312 0.237551 0.417052 0.236306
2 0.530880 0.556792 0.510625 0.546898 0.510573 0.549954 0.510391 0.553194 0.532068 0.562361
2 0.553404 0.402111 0.552531 0.404866 0.552242 0.406241 0.549919 0.409167 0.548758 0.408477 0.550112 0.406069 0.550305 0.404005 0.549339 0.403491 0.546724 0.403319 0.545482 0.397532 0.544651 0.391750 0.544870 0.389722 0.546599 0.386801 0.548466 0.387023 0.549406 0.387023 0.550008 0.387111
8 0.408776 0.224583 0.399896 0.207787 0.383057 0.177792 0.382081 0.177667 0.381523 0.177917 0.381349 0.178782 0.381487 0.180273 0.382115 0.182255 0.405391 0.224259 0.406878 0.223944 0.407865 0.224120
8 0.453646 0.303472 0.443638 0.266495 0.442188 0.271014 0.447833 0.293028
8 0.435326 0.296481 0.436047 0.300208 0.437422 0.304838 0.439951 0.312292 0.446333 0.330380 0.444380 0.331495 0.438143 0.312032 0.435831 0.304838 0.435253 0.302778 0.434974 0.301528 0.434768 0.298449
8 0.439659 0.299472 0.446333 0.330380 0.447753 0.329315 0.440992 0.294801
8 0.565622 0.473000 0.566703 0.473370 0.567260 0.473370 0.567643 0.472750 0.567677 0.470083 0.568930 0.421106 0.569201 0.415245 0.569688 0.408907 0.570253 0.399569 0.570253 0.394681 0.570370 0.388843 0.568307 0.383194 0.568065 0.391153 0.568065 0.395662 0.567630 0.407412 0.567378 0.416042 0.565719 0.467778 0.565656 0.470889
8 0.395740 0.025833 0.394875 0.026125 0.394497 0.026699 0.394445 0.027949 0.393435 0.075852 0.393753 0.079931 0.395286 0.090347 0.402734 0.128708 0.409117 0.147144 0.416315 0.164833 0.435857 0.205519 0.436146 0.204167 0.427211 0.184134 0.426846 0.183023 0.426560 0.181819 0.417221 0.162134 0.411422 0.148023 0.405753 0.132569 0.401513 0.113542 0.398555 0.098949 0.395523 0.079713 0.395357 0.074796 0.396021 0.044278 0.396156 0.030606 0.395966 0.027611
8 0.569740 0.369074 0.570477 0.367755 0.570750 0.367144 0.570208 0.367144 0.569349 0.366806 0.563672 0.363287 0.560339 0.360926 0.556154 0.355565 0.552779 0.349083 0.549526 0.338801 0.547477 0.332801 0.546813 0.329852 0.546005 0.327852 0.545849 0.329852 0.546120 0.333551 0.547898 0.340190 0.550458 0.348065 0.554044 0.355778 0.556818 0.359852 0.559740 0.362796 0.562005 0.364815 0.564505 0.366343
8 0.558878 0.303319 0.557958 0.304060 0.557625 0.305551 0.557708 0.308523 0.561664 0.358606 0.563672 0.363287 0.564599 0.364046 0.561169 0.316287 0.559917 0.303958 0.559539 0.303514
8 0.534464 0.256875 0.535016 0.264625 0.535953 0.274519 0.536211 0.283491 0.534781 0.280574 0.534557 0.276681 0.533750 0.265708 0.533510 0.261120 0.533188 0.257750 0.531331 0.252514 0.528427 0.245773 0.522013 0.234583 0.517898 0.227986 0.517333 0.225907 0.517940 0.225694 0.518583 0.226125 0.526047 0.238671 0.532299 0.250292 0.533711 0.254662
8 0.533510 0.261120 0.531398 0.255472 0.529346 0.251653 0.526966 0.247755 0.524352 0.243690 0.521365 0.238708 0.515531 0.228338 0.512638 0.222944 0.507878 0.213736 0.504797 0.208343 0.503070 0.204856 0.502370 0.203032 0.502651 0.200130 0.501531 0.197556 0.501250 0.200542 0.501576 0.204361 0.502138 0.206685 0.509745 0.221120 0.519685 0.239787 0.529206 0.254972 0.533750 0.265708
2 0.562477 0.385222 0.564828 0.396769 0.566844 0.402542 0.567630 0.407412 0.567378 0.416042 0.566060 0.411898 0.564716 0.416676 0.562477 0.417671 0.560685 0.417671 0.558557 0.416676 0.557102 0.409907 0.554414 0.399755 0.555758 0.400551 0.556206 0.401745 0.556878 0.395375 0.557885 0.392588 0.556654 0.389204 0.555646 0.384824 0.555247 0.380009 0.556182 0.379181 0.556555 0.377523 0.556229 0.374782 0.557885 0.376264
2 0.413385 0.192454 0.411323 0.193384 0.409768 0.196380 0.410674 0.197759 0.408859 0.199370 0.407305 0.201213 0.408602 0.206741 0.408401 0.210347 0.408885 0.215167 0.410654 0.214051 0.411354 0.212801 0.412758 0.211935 0.413893 0.211171 0.415404 0.208866 0.417781 0.204833 0.418698 0.203875 0.418753 0.205792 0.420909 0.207662 0.424279 0.207435 0.425573 0.207204 0.424797 0.200755 0.425961 0.200523 0.424974 0.196944 0.420010 0.196880 0.417411 0.195227 0.417023 0.192231 0.415469 0.191079
10 0.549661 0.621713 0.550599 0.622083 0.551589 0.622500 0.552031 0.622685 0.552917 0.623472 0.554714 0.626481 0.554393 0.627551 0.553635 0.629856 0.552609 0.632449 0.551354 0.634583 0.549128 0.635389 0.546586 0.636394 0.542471 0.638903 0.539687 0.640764 0.539685 0.628505 0.546057 0.617676 0.546146 0.617546
11 0.539872 0.531806 0.537159 0.538213 0.533453 0.536417 0.533143 0.505648 0.533388 0.505648 0.534120 0.505523 0.534885 0.504903 0.535792 0.504347 0.537013 0.504287 0.539034 0.503977 0.540115 0.503787 0.540151 0.505338 0.539872 0.506704 0.539732 0.507940 0.539836 0.509676 0.540151 0.511782
8 0.521169 0.435065 0.522826 0.432815 0.524271 0.431111 0.526198 0.429583 0.528125 0.429583 0.531198 0.430509 0.533359 0.430880 0.541667 0.432454 0.542682 0.432593 0.543125 0.431204 0.542760 0.430509 0.541747 0.430139 0.540841 0.429843 0.535919 0.428449 0.534411 0.428125 0.532049 0.427593 0.529609 0.427269 0.527005 0.426667 0.525365 0.427269 0.524661 0.427500 0.523750 0.428287 0.522396 0.429630 0.520112 0.433269
8 0.434036 0.219398 0.426253 0.195361 0.425526 0.192204 0.424883 0.189838 0.424156 0.188046 0.423307 0.186968 0.422461 0.185250 0.421896 0.183815 0.421776 0.181949 0.421896 0.181088 0.422503 0.180514 0.423510 0.180944 0.425326 0.184171 0.431255 0.199806 0.434115 0.208472 0.434271 0.209676 0.434375 0.213333
8 0.514104 0.458394 0.518539 0.457963 0.519388 0.456889 0.519953 0.456384 0.520638 0.456171 0.521526 0.456602 0.537995 0.455194 0.539677 0.455116 0.548357 0.454032 0.552083 0.453056 0.552484 0.453875 0.552484 0.454644 0.551081 0.456463 0.549135 0.458287 0.547354 0.458958 0.545570 0.459440 0.541737 0.460403 0.540156 0.460972 0.533836 0.461597 0.531276 0.461574 0.529687 0.462685 0.526406 0.463194 0.523805 0.463583 0.522404 0.464167 0.521005 0.464833 0.520302 0.465829 0.519836 0.466074 0.519089 0.465412 0.518016 0.464667 0.517318 0.463505 0.517036 0.463255 0.512505 0.463060
8 0.505625 0.402083 0.518305 0.427815 0.516055 0.433255 0.501693 0.403194
8 0.469036 0.459954 0.468516 0.444954 0.467930 0.426329 0.467690 0.425736 0.467297 0.425630 0.466635 0.425898 0.466365 0.426593 0.466273 0.427773 0.468052 0.461093
8 0.452055 0.336278 0.455750 0.353620 0.456049 0.355657 0.457044 0.358069 0.460807 0.375556 0.460052 0.377315 0.457375 0.368352 0.453701 0.353569 0.450417 0.337407
8 0.518021 0.247870 0.524201 0.274023 0.529331 0.293130 0.529870 0.295046 0.530464 0.298986 0.528466 0.295144 0.522258 0.272296 0.517234 0.251944 0.515833 0.245417
8 0.483779 0.279815 0.483508 0.277787 0.482656 0.273472 0.482148 0.271532 0.481401 0.268796 0.480555 0.265255 0.479651 0.260912 0.478927 0.258236 0.478047 0.255463 0.477365 0.253537 0.478271 0.259551 0.480755 0.271111 0.481875 0.276157 0.482576 0.280037 0.482966 0.284106 0.482724 0.286412 0.482544 0.287269 0.482805 0.288741 0.483237 0.288019 0.483930 0.285769
8 0.498940 0.254843 0.497440 0.255625 0.496630 0.257181 0.496065 0.258954 0.495378 0.260403 0.495003 0.261398 0.494568 0.262287 0.494068 0.263069 0.493721 0.262375 0.493810 0.261199 0.494503 0.259639 0.495557 0.257338 0.495826 0.255352 0.497190 0.252236 0.497937 0.251736 0.498823 0.251569 0.499990 0.252069 0.501224 0.253102 0.504190 0.255801 0.507177 0.260449 0.510398 0.266505 0.512310 0.271236 0.513479 0.275134 0.511531 0.272861 0.510117 0.269079 0.506477 0.262356 0.503490 0.257630 0.501250 0.256051 0.499945 0.255625
8 0.485781 0.302731 0.487651 0.306870 0.491667 0.316157 0.499529 0.334810 0.508529 0.353681 0.528661 0.398208 0.527742 0.402144 0.526273 0.405824 0.517565 0.387588 0.508411 0.367315 0.489680 0.325472 0.487734 0.316574 0.486784 0.310583 0.485997 0.308231
8 0.469818 0.315139 0.471857 0.318560 0.479443 0.332620 0.487187 0.349444 0.487813 0.356065 0.488724 0.365093 0.486042 0.360231 0.482109 0.352361 0.477865 0.342870 0.469320 0.315630
8 0.459648 0.194032 0.451250 0.225028 0.452216 0.227750 0.453385 0.230116 0.453880 0.231574 0.456589 0.221806 0.456706 0.218255 0.457497 0.214602 0.461180 0.200273 0.460617 0.199051 0.460414 0.197977 0.460414 0.195824 0.460253 0.194824
8 0.450833 0.327454 0.448320 0.328894 0.446333 0.330380 0.444380 0.331495 0.442531 0.332551 0.441208 0.333356 0.439922 0.333843 0.429878 0.340111 0.429635 0.340602 0.429773 0.341292 0.431586 0.348602 0.432318 0.349222 0.432805 0.349162 0.433747 0.348787 0.448385 0.337407
8 0.488646 0.351713 0.497711 0.372116 0.498857 0.377690 0.501589 0.390370 0.490719 0.366958 0.489484 0.357491
8 0.422682 0.267454 0.421115 0.273477 0.421443 0.274389 0.421536 0.275468 0.421630 0.276546 0.421443 0.277542 0.421161 0.278287 0.420836 0.278870 0.420042 0.279199 0.419482 0.279199 0.416682 0.293222 0.419716 0.297704 0.426995 0.267449 0.425844 0.267449 0.424763 0.267449
8 0.464115 0.148241 0.465263 0.148560 0.465867 0.149097 0.466586 0.150005 0.467102 0.151079 0.466979 0.152778 0.450625 0.223657 0.450130 0.222431 0.449573 0.221935 0.448979 0.220819 0.448596 0.219704 0.448107 0.218528 0.447849 0.216491
8 0.469401 0.276389 0.483333 0.310463 0.483177 0.302130 0.482839 0.298981 0.482448 0.295880 0.472552 0.272222 0.471562 0.272407 0.471016 0.272685 0.470651 0.272685 0.470260 0.273056 0.469948 0.274120
8 0.478635 0.135454 0.479646 0.135574 0.480760 0.136194 0.481318 0.136815 0.481492 0.137560 0.481529 0.138241 0.474870 0.164028 0.469036 0.186713 0.464505 0.203889 0.456193 0.234931 0.455234 0.234352 0.454688 0.233519 0.453880 0.231574 0.456589 0.221806 0.456706 0.218255 0.457497 0.214602 0.469862 0.166292 0.474542 0.149551 0.478091 0.136523
8 0.449583 0.142454 0.450914 0.143171 0.451758 0.143866 0.452299 0.144458 0.452570 0.145153 0.452810 0.146171 0.440836 0.200523 0.439479 0.199222 0.437945 0.195319
8 0.463958 0.128241 0.464766 0.127963 0.465573 0.128611 0.466417 0.129602 0.466958 0.130148 0.467245 0.131218 0.467167 0.132421 0.465885 0.136204 0.445466 0.211454 0.445099 0.211264 0.444789 0.210852 0.444526 0.210250 0.444240 0.209602 0.443852 0.208676 0.443146 0.207338 0.442859 0.206778 0.442732 0.206130 0.442966 0.205528 0.449786 0.179069 0.462977 0.130986
8 0.580065 0.439519 0.580018 0.443083 0.580904 0.452708 0.582971 0.473120 0.586081 0.506282 0.584180 0.506833 0.580661 0.467264 0.578346 0.448269 0.578411 0.440713 0.579159 0.440380
8 0.586081 0.506282 0.587005 0.506343 0.585755 0.493102 0.584409 0.465690 0.583151 0.453380 0.582346 0.443366 0.581534 0.440144 0.581221 0.438032 0.580065 0.439519 0.580018 0.443083 0.580904 0.452708 0.582971 0.473120
5 0.493625 0.529588 0.493810 0.532579 0.493625 0.539051 0.493909 0.551833 0.494594 0.558167 0.495094 0.565722 0.495836 0.600023 0.497333 0.600579 0.499018 0.601583 0.500768 0.602694 0.502273 0.604356 0.503146 0.606472 0.504208 0.605134 0.505268 0.602139 0.506458 0.600356 0.507393 0.599028 0.510677 0.594398 0.510599 0.584907 0.510182 0.568935 0.510156 0.559213 0.510391 0.553194 0.510573 0.549954 0.510625 0.546898 0.510747 0.545398 0.511089 0.498931 0.510716 0.490708 0.510523 0.488486 0.510151 0.487713 0.509505 0.487407 0.508646 0.486713 0.507966 0.486046 0.507602 0.483236 0.506302 0.483704 0.499953 0.506310
8 0.511089 0.498931 0.513620 0.497681 0.520677 0.498102 0.529115 0.498125 0.533349 0.497801 0.535995 0.497319 0.538102 0.497319 0.539990 0.497319 0.544484 0.496792 0.544859 0.503565 0.540115 0.503787 0.539034 0.503977 0.537013 0.504287 0.535792 0.504347 0.534885 0.504903 0.534120 0.505523 0.533388 0.505648 0.533143 0.505648 0.529615 0.505009 0.527177 0.503565 0.521979 0.503102 0.511120 0.503565
8 0.508646 0.486713 0.517044 0.485676 0.520570 0.485356 0.521500 0.484843 0.523062 0.484889 0.530313 0.483843 0.533013 0.483481 0.533453 0.483394 0.533406 0.488120 0.510716 0.490708 0.510523 0.488486 0.510151 0.487713 0.509505 0.487407
8 0.510982 0.518528 0.523776 0.519208 0.528727 0.519394 0.533294 0.520819 0.533294 0.522616 0.528518 0.521810 0.524299 0.521500 0.515617 0.521005 0.513107 0.520944 0.510945 0.520324
8 0.503701 0.400153 0.502919 0.396458 0.499956 0.390569 0.492146 0.375449 0.488151 0.366944 0.481172 0.353519 0.475378 0.343222 0.457396 0.310278 0.456510 0.313565 0.456042 0.315093 0.459583 0.321343 0.462839 0.328102 0.479073 0.358403 0.483919 0.367269 0.491354 0.381296 0.495773 0.390880 0.500724 0.400861 0.501354 0.400417
8 0.488661 0.439718 0.488977 0.440662 0.489023 0.441824 0.488977 0.443815 0.488370 0.446056 0.486771 0.448611 0.480495 0.460231 0.472734 0.474181 0.470586 0.472606 0.483802 0.447685 0.487997 0.440681
8 0.553109 0.538366 0.557839 0.529120 0.563229 0.516806 0.566089 0.509787 0.567651 0.510454 0.568969 0.510856 0.565521 0.520139 0.560208 0.532731 0.554167 0.544815 0.551253 0.541662
8 0.568125 0.504213 0.570594 0.499884 0.570937 0.498884 0.570979 0.497949 0.571383 0.497231 0.571906 0.497093 0.572591 0.498162 0.572711 0.499310 0.572591 0.501394 0.585258 0.510500 0.590286 0.514537 0.598333 0.521250 0.603599 0.525014 0.607307 0.527519 0.610576 0.529954 0.612310 0.532111 0.613237 0.533042 0.613682 0.534403 0.613560 0.535407 0.613336 0.536500 0.611771 0.536500 0.595948 0.525171 0.588490 0.519815 0.585573 0.517639 0.571388 0.506551 0.571052 0.507014
8 0.565591 0.562171 0.565201 0.562926 0.565138 0.564097 0.565411 0.565278 0.565982 0.566134 0.572159 0.563694 0.575565 0.562556 0.585659 0.559764 0.587630 0.559310 0.591680 0.558449 0.611648 0.552722 0.614086 0.552162 0.615461 0.552162 0.616336 0.551944 0.617208 0.551500 0.617521 0.550500 0.617586 0.549056 0.617586 0.547829 0.617521 0.546505 0.617208 0.544722 0.616958 0.543505 0.616461 0.542389 0.615771 0.541167 0.615023 0.540833 0.614273 0.541060 0.613836 0.542389 0.613961 0.544060 0.615273 0.545500 0.615961 0.546171 0.616086 0.546722 0.615648 0.547394 0.613023 0.548500 0.609167 0.549398 0.590078 0.555000 0.587719 0.555833 0.585221 0.556273 0.582721 0.557389 0.576661 0.558940 0.573302 0.560028 0.569711 0.561102
8 0.547187 0.611759 0.542531 0.596694 0.541443 0.591889 0.539091 0.583125 0.538073 0.579259 0.535461 0.570000 0.534495 0.566560 0.534010 0.563977 0.532917 0.557870 0.530156 0.543472 0.529185 0.538657 0.528578 0.535755 0.527737 0.536088 0.526990 0.536500 0.526852 0.537412 0.532677 0.565255 0.533932 0.570273 0.537141 0.582023 0.540365 0.594167 0.541773 0.599519 0.545263 0.610917 0.546596 0.612644
8 0.521365 0.529532 0.527245 0.532769 0.533453 0.536417 0.537159 0.538213 0.539026 0.539125 0.542320 0.540319 0.546719 0.541019 0.550365 0.540741 0.552240 0.542685 0.554115 0.544769 0.555391 0.544352 0.556719 0.544815 0.558781 0.546111 0.559156 0.547000 0.559029 0.547338 0.558250 0.547194 0.554810 0.545995 0.552990 0.545296 0.550385 0.544606 0.543008 0.542282 0.539273 0.541125 0.536099 0.539546 0.528578 0.535755 0.525971 0.534736 0.523872 0.533324 0.522237 0.532329 0.521492 0.531745 0.521258 0.530833
8 0.525695 0.337741 0.524927 0.338287 0.524365 0.339287 0.524052 0.340731 0.524052 0.342620 0.525365 0.351394 0.526052 0.352727 0.526615 0.353394 0.526927 0.354171 0.527115 0.355394 0.527240 0.357616 0.527240 0.359282 0.529490 0.369500 0.530240 0.369944 0.530703 0.371157 0.530573 0.371991 0.534674 0.387940 0.539859 0.403264 0.548802 0.427236 0.550339 0.426435 0.546302 0.414398 0.538255 0.392176 0.536674 0.386718 0.532862 0.374056 0.531276 0.367315 0.527615 0.348060 0.527214 0.342454 0.526740 0.338954
8 0.419792 0.167546 0.419516 0.165449 0.416948 0.159306 0.416247 0.158310 0.415969 0.155741 0.409667 0.136491 0.409107 0.134667 0.408687 0.134000 0.408081 0.133588 0.407708 0.133505 0.407474 0.134500 0.407521 0.136074 0.407708 0.137903 0.411422 0.148023 0.417221 0.162134
5 0.483880 0.405370 0.484596 0.407519 0.485846 0.412630 0.485971 0.416407 0.486159 0.418852 0.486909 0.421736 0.488182 0.428491 0.489029 0.430329 0.489482 0.432991 0.489760 0.435593 0.489656 0.436833 0.489099 0.437144 0.488510 0.437361 0.488505 0.437329 0.488117 0.436824 0.487336 0.437574 0.486190 0.438861 0.484654 0.440523 0.482755 0.442505 0.478570 0.405667 0.479620 0.405597 0.481432 0.405454 0.483281 0.405463
8 0.479073 0.358403 0.479164 0.361671 0.481758 0.373194 0.484187 0.382310 0.484836 0.385097 0.484997 0.388551 0.485375 0.392296 0.486833 0.397481 0.486779 0.399782 0.486508 0.401417 0.486563 0.402185 0.489307 0.402218 0.489102 0.400458 0.488292 0.396810 0.487266 0.393449 0.486401 0.387880 0.484888 0.379625 0.482490 0.369472
8 0.546719 0.541019 0.546727 0.535889 0.546773 0.530245 0.546380 0.526435 0.546120 0.522528 0.545701 0.518213 0.544859 0.503565 0.544484 0.496792 0.543628 0.474097 0.544094 0.471361 0.545120 0.470616 0.546008 0.470449 0.546708 0.471111 0.547221 0.472940 0.548294 0.497167 0.548622 0.501977 0.548698 0.509815 0.550130 0.533843 0.550451 0.540787
8 0.556328 0.492731 0.573307 0.488949 0.582487 0.487921 0.582917 0.492593 0.560078 0.496273
8 0.458568 0.475093 0.459305 0.474556 0.465737 0.507972 0.466893 0.514269 0.467922 0.520954 0.469758 0.530074 0.476076 0.558606 0.476076 0.564903 0.475281 0.563231 0.474557 0.560407 0.470003 0.538431 0.463930 0.509898 0.458542 0.481296 0.458411 0.479306
6 0.450068 0.257755 0.451901 0.256657 0.455328 0.254222 0.457828 0.251898 0.462292 0.249259 0.465573 0.247481 0.467510 0.246907 0.468034 0.246833 0.468680 0.246977 0.469164 0.247481 0.469607 0.248056 0.470010 0.249056 0.470294 0.249847 0.470495 0.250778 0.470576 0.251708 0.470333 0.251852 0.469810 0.251782 0.469245 0.251282 0.468841 0.250852 0.468318 0.250708 0.467510 0.250995 0.465492 0.251639 0.463411 0.252963 0.459966 0.255296 0.457909 0.256588 0.455005 0.258736 0.453190 0.259958 0.452141 0.260963 0.451464 0.261657
8 0.479138 0.446468 0.474870 0.436852 0.470182 0.425231 0.466875 0.414722 0.466576 0.413380 0.465859 0.411250 0.465339 0.411250 0.464818 0.411019 0.464609 0.410278 0.464427 0.409213 0.464531 0.406019 0.462635 0.405940 0.465284 0.415796 0.465651 0.417407 0.468984 0.428519 0.473594 0.439259 0.477875 0.448287
8 0.529039 0.299255 0.503516 0.294556 0.501526 0.296106 0.502773 0.296685 0.508904 0.298120 0.511727 0.298838 0.513380 0.299125 0.514089 0.298519 0.516602 0.298815 0.521732 0.299778 0.527076 0.300931 0.528427 0.301120
8 0.488370 0.446056 0.488510 0.452574 0.488841 0.457449 0.488992 0.460343 0.488880 0.465556 0.489474 0.474750 0.489505 0.480162 0.489414 0.484444 0.489656 0.487551 0.489745 0.494463 0.489956 0.500838 0.490107 0.506620 0.491667 0.507546 0.491737 0.506819 0.491404 0.501361 0.491242 0.498060 0.491068 0.489440 0.490789 0.487704 0.490474 0.484667 0.490685 0.479153 0.490510 0.476611 0.490195 0.473639 0.490161 0.470847 0.490021 0.467750 0.489792 0.465069 0.490107 0.461403 0.490294 0.459407 0.490107 0.456630 0.489732 0.451301 0.489969 0.447931 0.489760 0.444704 0.489023 0.441824 0.488977 0.443815
8 0.434766 0.234306 0.435312 0.233935 0.437969 0.233981 0.439453 0.234213 0.442656 0.234352 0.444010 0.234444 0.447734 0.234491 0.448672 0.234907 0.449844 0.235046 0.450490 0.234884 0.456193 0.234931 0.459870 0.235556 0.464375 0.236667 0.466823 0.237130 0.469844 0.237824 0.469896 0.238333 0.469609 0.238935 0.466016 0.238565 0.459167 0.237500 0.456146 0.237037 0.451328 0.236667 0.447354 0.236093 0.443891 0.235907 0.442708 0.235787 0.440964 0.235787 0.438854 0.235556 0.437943 0.235324 0.436667 0.235185 0.435807 0.235231 0.435365 0.235741 0.434635 0.236296 0.432708 0.236991 0.431042 0.238102 0.429818 0.238843 0.429250 0.238852 0.428964 0.239130 0.428490 0.239537 0.426724 0.241028 0.425656 0.241583 0.424615 0.241769 0.423651 0.241722 0.422531 0.241444 0.421359 0.241120 0.420237 0.241153 0.419349 0.240935 0.418664 0.240218 0.415357 0.236491 0.412734 0.232690 0.408164 0.226764 0.406615 0.226204 0.404544 0.226931 0.397161 0.229352 0.395398 0.229505 0.394745 0.229588 0.394279 0.229005 0.394604 0.228259 0.395398 0.227509 0.398570 0.226102 0.402539 0.225190 0.404638 0.224440 0.405677 0.224213 0.406878 0.223944 0.407865 0.224120 0.408776 0.224583 0.409844 0.226065 0.410799 0.227843 0.412151 0.229833 0.414112 0.232407 0.415654 0.234398 0.417052 0.236306 0.418312 0.237551 0.419573 0.238630 0.421487 0.239625 0.423867 0.239875 0.424987 0.239792 0.425734 0.239458 0.426435 0.238963 0.427180 0.238296 0.428021 0.237718 0.428859 0.237634 0.429701 0.237384 0.432135 0.235833 0.432734 0.235278 0.433151 0.234861 0.433802 0.234907 0.434453 0.234769
8 0.485997 0.308231 0.486784 0.310583 0.487734 0.316574 0.490740 0.330208 0.491768 0.336352 0.492885 0.342324 0.494474 0.348463 0.495500 0.352944 0.497305 0.360495 0.498229 0.366528 0.499948 0.375046 0.502370 0.386250 0.505474 0.399991 0.503701 0.400153 0.498857 0.377690 0.496411 0.365301 0.495526 0.359574 0.493062 0.349148 0.491224 0.341176 0.489323 0.331667 0.488294 0.327185 0.487219 0.322458 0.486172 0.315694
2 0.500448 0.645810 0.515576 0.663306 0.516052 0.661977 0.511859 0.657116 0.519698 0.640171 0.516862 0.637940 0.509531 0.653935 0.500948 0.643917
2 0.504914 0.606556 0.526745 0.631500 0.526102 0.635944 0.522672 0.631856 0.521664 0.634148 0.519081 0.632856 0.520695 0.629634 0.506198 0.612829 0.505964 0.611583 0.505964 0.610505 0.505776 0.609593 0.505544 0.608431 0.505125 0.607847 0.504448 0.607361
2 0.542531 0.596694 0.549471 0.579194 0.560406 0.592963 0.561333 0.592245 0.562341 0.591102 0.562503 0.590023 0.551245 0.575968 0.545518 0.569657 0.544151 0.570449 0.543263 0.572454 0.547174 0.576472 0.541443 0.591889
2 0.573302 0.560028 0.561766 0.547699 0.565927 0.537542 0.565227 0.536213 0.564898 0.535468 0.564807 0.534472 0.565042 0.533810 0.566065 0.534056 0.567143 0.534801 0.574701 0.516301 0.588633 0.528125 0.589930 0.536185 0.584313 0.549681 0.586016 0.552218 0.594320 0.529653 0.556328 0.492731 0.548698 0.509815 0.549047 0.513819 0.555107 0.499597 0.558232 0.499375 0.564529 0.506454 0.566089 0.509787 0.567651 0.510454 0.569711 0.511120 0.572648 0.512565 0.559716 0.543662 0.558906 0.545218 0.558781 0.546111 0.559156 0.547000 0.559216 0.548111 0.559091 0.549444 0.559406 0.550333 0.569711 0.561102
8 0.634151 0.557773 0.630099 0.545102 0.621406 0.521389 0.618435 0.514667 0.618005 0.515051 0.617708 0.515926 0.619031 0.519370 0.631018 0.553259 0.633341 0.561130
8 0.559984 0.335968 0.547677 0.308310 0.542833 0.298412 0.540828 0.292759 0.534781 0.280574 0.535281 0.283347 0.540755 0.299352 0.543099 0.303426 0.560523 0.344440
8 0.535281 0.283347 0.540339 0.302870 0.543911 0.317417 0.542745 0.314917 0.539320 0.307338 0.535378 0.291019 0.534516 0.285833 0.532732 0.280648 0.528792 0.272491 0.522604 0.259630 0.518047 0.247870 0.514643 0.244074 0.512753 0.242440 0.511836 0.241097 0.512159 0.238889 0.512753 0.238310 0.514156 0.238694 0.517292 0.243102 0.520745 0.250120 0.525549 0.260583 0.529818 0.269222 0.534781 0.280574
8 0.547677 0.308310 0.546422 0.300384 0.540286 0.271255 0.538266 0.262329 0.535685 0.250926 0.534604 0.252722 0.534359 0.254333 0.534464 0.256875 0.542135 0.289352 0.545026 0.302917
8 0.535016 0.264625 0.542135 0.289352 0.545000 0.302824 0.542833 0.298412 0.540828 0.292759 0.535953 0.274519
8 0.474870 0.164028 0.477674 0.162981 0.480253 0.162546 0.481997 0.161926 0.482974 0.160375 0.484227 0.158394 0.484646 0.157153 0.485029 0.152755 0.484438 0.147176 0.482833 0.136269 0.478997 0.115565 0.478651 0.112097 0.478651 0.110421 0.479068 0.109926 0.479799 0.110917 0.485482 0.143954 0.486284 0.151144 0.486354 0.157093 0.486354 0.160315 0.486076 0.161676 0.485344 0.162981 0.484193 0.163787 0.479193 0.165046 0.477708 0.165458 0.476698 0.166324 0.475164 0.167505 0.473872 0.168000
8 0.488135 0.541597 0.488536 0.543106 0.488901 0.544037 0.489344 0.543963 0.489747 0.543176 0.490312 0.541815 0.499953 0.506310 0.507161 0.480648 0.509266 0.474394 0.509719 0.473991 0.510169 0.472972 0.510292 0.471903 0.510445 0.470620 0.510565 0.469815 0.511167 0.467829 0.512505 0.463060 0.514104 0.458394 0.515091 0.456292 0.515516 0.455491 0.516385 0.455273 0.516750 0.455060 0.519609 0.448426 0.521016 0.445046 0.522448 0.442315 0.524062 0.439491 0.525635 0.438171 0.527833 0.436681 0.529089 0.435875 0.530604 0.435329 0.533044 0.434958 0.534510 0.434708 0.535034 0.434583 0.535417 0.434213 0.535695 0.433407 0.535664 0.432477 0.533953 0.432356 0.531979 0.432315 0.529740 0.432454 0.527969 0.432870 0.526383 0.433884 0.524219 0.435366 0.522708 0.437685 0.522349 0.438329 0.520443 0.441620 0.517578 0.447917 0.516250 0.450648 0.515104 0.452972 0.512786 0.457824 0.510898 0.462644 0.508542 0.469352 0.504437 0.483199 0.500151 0.498079 0.494576 0.519505 0.493172 0.524106 0.491549 0.529394
8 0.460807 0.375556 0.462438 0.369208 0.463161 0.369583 0.463552 0.369801 0.464396 0.370227 0.464969 0.370815 0.465240 0.371245 0.465542 0.371889 0.465510 0.372532 0.465180 0.373120 0.464818 0.373657 0.464518 0.374458 0.464336 0.375477 0.463464 0.377500 0.461458 0.383519 0.460260 0.386620 0.458464 0.390972 0.457083 0.395185 0.455495 0.400046 0.451797 0.398750 0.452448 0.396944 0.453151 0.395185 0.457083 0.384259 0.458333 0.381574 0.460052 0.377315
8 0.506638 0.367162 0.511016 0.375787 0.516094 0.384491 0.517565 0.387588 0.522682 0.398426 0.522474 0.398935 0.521432 0.398565 0.512318 0.382130 0.508125 0.372130 0.505208 0.365231
8 0.479193 0.165046 0.475190 0.177005 0.472589 0.187931 0.470203 0.199755 0.467888 0.207593 0.466552 0.212120 0.466646 0.210213 0.466599 0.208389 0.465992 0.207639 0.467167 0.203736 0.468974 0.196796 0.470781 0.188958 0.472516 0.180347 0.474755 0.173537 0.476346 0.167625 0.476698 0.166324 0.477708 0.165458
8 0.508411 0.367315 0.507969 0.367593 0.507404 0.367593 0.506638 0.367162 0.505208 0.365231 0.491768 0.336352 0.490740 0.330208 0.489680 0.325472
8 0.491768 0.336352 0.505208 0.365231 0.524414 0.410917 0.524198 0.412356 0.523151 0.414907 0.495500 0.352944 0.494474 0.348463 0.492885 0.342324
8 0.498229 0.366528 0.499049 0.367144 0.502362 0.373093 0.508464 0.387287 0.510693 0.392556 0.512682 0.397407 0.517760 0.408009 0.517737 0.409227 0.517352 0.409597 0.517073 0.409722 0.511940 0.399398 0.505135 0.384611 0.499323 0.371991
8 0.468982 0.374213 0.469047 0.375926 0.469346 0.377264 0.469737 0.377801 0.470247 0.377856 0.470854 0.377481 0.471393 0.376731 0.471698 0.375500 0.471664 0.374106 0.471365 0.373032 0.470612 0.370144 0.468036 0.361023 0.467187 0.357963 0.467240 0.356574 0.459714 0.331019 0.456823 0.333056 0.465529 0.362833 0.468039 0.370523
8 0.456823 0.333056 0.460570 0.347356 0.466174 0.372046 0.473828 0.402315 0.473857 0.402903 0.473617 0.403222 0.472503 0.403384 0.471237 0.403440 0.470815 0.403222 0.470664 0.402741 0.464531 0.376852 0.464336 0.375477 0.464518 0.374458 0.464818 0.373657 0.465180 0.373120 0.465510 0.372532 0.465542 0.371889 0.465240 0.371245 0.464969 0.370815 0.464396 0.370227 0.463552 0.369801 0.463161 0.369583 0.462438 0.369208 0.459323 0.355787 0.459557 0.354630 0.459531 0.353750 0.459297 0.353241 0.458880 0.353333 0.454422 0.334769
8 0.495286 0.401759 0.483919 0.367269 0.479073 0.358403 0.482490 0.369472 0.488135 0.388556 0.492266 0.402176
8 0.460294 0.405394 0.459714 0.408333 0.459609 0.425000 0.459115 0.432685 0.458880 0.451944 0.458594 0.455324 0.458516 0.456481 0.458724 0.458241 0.458802 0.469722 0.458568 0.475093 0.458411 0.479306 0.458542 0.481296 0.458906 0.483889 0.459271 0.486435 0.459531 0.490509 0.457370 0.480787 0.457005 0.477963 0.456693 0.455972 0.456849 0.455093 0.457005 0.454306 0.457187 0.453009 0.457214 0.451296 0.456979 0.449722 0.457474 0.428935 0.457891 0.420185 0.457865 0.409954 0.457865 0.407593 0.457865 0.405833 0.458229 0.404074
8 0.439427 0.404491 0.445357 0.426324 0.449714 0.443861 0.451284 0.449380 0.452365 0.454398 0.453617 0.464935 0.450898 0.458676 0.448841 0.451176 0.445914 0.437417 0.441487 0.421116 0.439036 0.412500 0.439219 0.408796
8 0.453617 0.464935 0.454107 0.470699 0.455607 0.474852 0.455326 0.467352 0.454490 0.460532 0.453229 0.451944 0.452448 0.445509 0.452328 0.442435 0.451875 0.437106 0.451388 0.434505 0.451068 0.433565 0.450339 0.432870 0.449766 0.433426 0.450208 0.438796 0.451284 0.449380 0.452365 0.454398
8 0.522448 0.442315 0.531411 0.443981 0.532984 0.444338 0.535326 0.444769 0.542786 0.446847 0.547224 0.448208 0.548917 0.448639 0.552146 0.449500 0.552227 0.447852 0.552146 0.445986 0.542544 0.443838 0.537745 0.442403 0.537221 0.442833 0.536898 0.442977 0.536172 0.442903 0.535646 0.442329 0.535234 0.441667 0.532661 0.441255 0.529719 0.440611 0.524062 0.439491
8 0.507161 0.480648 0.514875 0.477384 0.516721 0.476875 0.517844 0.476181 0.519609 0.475324 0.521068 0.474907 0.526826 0.472356 0.528974 0.470944 0.532865 0.468861 0.535849 0.466713 0.540964 0.462963 0.542474 0.461944 0.545570 0.459440 0.547354 0.458958 0.549135 0.458287 0.551081 0.456463 0.552484 0.454644 0.552995 0.454815 0.553229 0.455417 0.552865 0.456528 0.547891 0.460880 0.543828 0.463704 0.542109 0.465093 0.533333 0.471806 0.529896 0.473935 0.527630 0.475231 0.521589 0.478009 0.520026 0.478704 0.518464 0.479074 0.515365 0.480463 0.506302 0.483704
8 0.518938 0.587824 0.517969 0.587685 0.517865 0.586944 0.517604 0.586157 0.517487 0.585111 0.517242 0.584616 0.517169 0.583704 0.517505 0.582176 0.517922 0.581065 0.518443 0.580741 0.518862 0.580417 0.520815 0.577685 0.522247 0.576667 0.532677 0.565255 0.533932 0.570273 0.533151 0.571481 0.522760 0.583426 0.521745 0.584444 0.520773 0.585486 0.520086 0.586597 0.519523 0.587486
8 0.484164 0.337074 0.483844 0.338065 0.483880 0.339120 0.484297 0.340361 0.484750 0.340917 0.485307 0.342528 0.485552 0.344324 0.485727 0.346495 0.486563 0.347981 0.486773 0.346991 0.486703 0.345565 0.486388 0.342963 0.486250 0.340731 0.485935 0.339676 0.485656 0.338810 0.485552 0.337944 0.485589 0.336829 0.486109 0.335403 0.485940 0.332375 0.485661 0.328778 0.484646 0.326787 0.482031 0.319769 0.479276 0.312843 0.477010 0.306894 0.475688 0.303667 0.474674 0.307819 0.478091 0.314204 0.479625 0.317801 0.481370 0.323069 0.482518 0.326602 0.483427 0.329824 0.484122 0.332181 0.484771 0.333421 0.485237 0.335245 0.485026 0.336019 0.484609 0.336713
8 0.530198 0.289343 0.529779 0.290231 0.529695 0.291421 0.530365 0.292912 0.546005 0.327852 0.560339 0.360926 0.563672 0.363287 0.550857 0.333060 0.542745 0.314917 0.534211 0.296032 0.531367 0.289935
8 0.442708 0.235787 0.443891 0.235907 0.443542 0.238102 0.445688 0.243083 0.450068 0.257755 0.451464 0.261657 0.461432 0.290912 0.459341 0.296301 0.452437 0.277278 0.452682 0.276593 0.452891 0.276037 0.452891 0.275292 0.452682 0.274671 0.452474 0.274361 0.452404 0.273866 0.452055 0.273245 0.451602 0.272935 0.451289 0.272319 0.451148 0.271574 0.450940 0.271139 0.450555 0.270769 0.450346 0.270519 0.449927 0.268477 0.444401 0.249074 0.442154 0.242444 0.439818 0.235694 0.440964 0.235787
8 0.471063 0.270755 0.471979 0.270852 0.472292 0.271574 0.472552 0.272222 0.471562 0.272407 0.471016 0.272685 0.470651 0.272685 0.470260 0.273056 0.469948 0.274120 0.469401 0.276389 0.467734 0.279769 0.467057 0.281296 0.462448 0.293704 0.460495 0.299583 0.458854 0.305278 0.457396 0.310278 0.456510 0.313565 0.455573 0.316759 0.452969 0.326065 0.450417 0.337407 0.448646 0.344907 0.447526 0.348333 0.446745 0.351759 0.445625 0.357963 0.444427 0.362500 0.442891 0.369352 0.442292 0.372917 0.442005 0.375139 0.441328 0.380602 0.440807 0.387083 0.440391 0.393796 0.438776 0.393241 0.439141 0.387176 0.439870 0.376574 0.440990 0.368519 0.442370 0.362222 0.442995 0.359630 0.448385 0.337407 0.450833 0.327454 0.454844 0.312130 0.456016 0.307870 0.457187 0.303148 0.459341 0.296301 0.461432 0.290912 0.465156 0.281065 0.467292 0.275556 0.467984 0.273731 0.468471 0.273157 0.468849 0.272389 0.469172 0.271620 0.469497 0.271046 0.469875 0.270852 0.470414 0.270755
8 0.482448 0.295880 0.480313 0.281806 0.479479 0.276343 0.477401 0.264384 0.476599 0.258185 0.475727 0.250995 0.475552 0.246722 0.475586 0.244426 0.475867 0.240769 0.477227 0.240708 0.477227 0.242569 0.477156 0.246722 0.477294 0.249384 0.477365 0.251306 0.477365 0.253537 0.478271 0.259551 0.480286 0.272546 0.481172 0.278194 0.482805 0.288741 0.483536 0.291653 0.484323 0.297500 0.484651 0.313407 0.483333 0.310463 0.483177 0.302130 0.482839 0.298981
8 0.484323 0.297500 0.483990 0.287130 0.483779 0.279815 0.484245 0.268380 0.484036 0.260324 0.484372 0.248829 0.484477 0.244921 0.484513 0.241144 0.485872 0.241269 0.485453 0.255273 0.485349 0.258870 0.485383 0.264569 0.485349 0.274611 0.485523 0.291097 0.485383 0.293884 0.485661 0.298037 0.485781 0.302731 0.486172 0.315694 0.486953 0.326426 0.487336 0.334852 0.488646 0.351713 0.490719 0.366958 0.492146 0.375449 0.489583 0.369907 0.488411 0.362593 0.486289 0.338074 0.485940 0.332375 0.485661 0.328778 0.485453 0.324440 0.485174 0.320972 0.484826 0.317810 0.484651 0.313407
8 0.477042 0.171435 0.496888 0.162833 0.497654 0.162616 0.498732 0.162977 0.497979 0.165653 0.497977 0.166491 0.475750 0.175454
5 0.492583 0.425681 0.491260 0.427662 0.490771 0.428407 0.489620 0.428713 0.489029 0.430329 0.489482 0.432991 0.489760 0.435593 0.489656 0.436833 0.489099 0.437144 0.488510 0.437361 0.488505 0.437329 0.488721 0.438380 0.488661 0.439718 0.488977 0.440662 0.489023 0.441824 0.489760 0.444704 0.489969 0.447931 0.489732 0.451301 0.490107 0.456630 0.490294 0.459407 0.490107 0.461403 0.489792 0.465069 0.490021 0.467750 0.490161 0.470847 0.490195 0.473639 0.490510 0.476611 0.490685 0.479153 0.490474 0.484667 0.490789 0.487704 0.491068 0.489440 0.491242 0.498060 0.491404 0.501361 0.491737 0.506819 0.491562 0.509907 0.491745 0.514861 0.492005 0.518657 0.492552 0.521343 0.492763 0.523139 0.493172 0.524106 0.494576 0.519505 0.500151 0.498079 0.504437 0.483199 0.506878 0.475181 0.506589 0.461787 0.506437 0.458412 0.505354 0.444667 0.503922 0.439843 0.503646 0.430093 0.503755 0.427375 0.503443 0.426310 0.502865 0.425880 0.501224 0.425972 0.500365 0.425972 0.499688 0.426065 0.497982 0.420676 0.497284 0.420986 0.496935 0.421731 0.496482 0.422782 0.495716 0.424519 0.495297 0.425449 0.494320 0.426005 0.493589 0.425819 0.493380 0.425449
6 0.572336 0.415167 0.578576 0.416343 0.578122 0.475866 0.572406 0.476787 0.569844 0.476463 0.569117 0.475343 0.568786 0.471699 0.569792 0.418148
8 0.425414 0.252477 0.419294 0.241861 0.418503 0.242778 0.417755 0.243856 0.417383 0.244685 0.417477 0.246259 0.424102 0.258208 0.426951 0.263602 0.428070 0.265676 0.429984 0.268412 0.437604 0.282731 0.438984 0.284722 0.443052 0.291977 0.447065 0.298782 0.449792 0.303889 0.454625 0.313051 0.454844 0.312130 0.456016 0.307870 0.453646 0.303472 0.441698 0.282023 0.439609 0.278333 0.437526 0.274907 0.436536 0.272866 0.434828 0.269458 0.433516 0.267269 0.432062 0.264417 0.431214 0.263454 0.430276 0.262236 0.429654 0.261125 0.429141 0.259352 0.428797 0.258176 0.428240 0.257866 0.426531 0.255324
8 0.428409 0.175755 0.427940 0.176079 0.427237 0.176588 0.426794 0.177329 0.426404 0.178301 0.426326 0.178856 0.426273 0.180199 0.426560 0.181819 0.426846 0.183023 0.427211 0.184134 0.436146 0.204167 0.437914 0.207921 0.439714 0.212588 0.440703 0.214491 0.442021 0.216491 0.443177 0.218796 0.443490 0.219722 0.445625 0.225278 0.446742 0.227569 0.448437 0.230833 0.450490 0.234884 0.456193 0.234931 0.455234 0.234352 0.454688 0.233519 0.453880 0.231574 0.453385 0.230116 0.452216 0.227750 0.451250 0.225028 0.450130 0.222431 0.449573 0.221935 0.448979 0.220819 0.448596 0.219704 0.448107 0.218528 0.447849 0.216491 0.445466 0.211454 0.445099 0.211264 0.444789 0.210852 0.444526 0.210250 0.444240 0.209602 0.443852 0.208676 0.443146 0.207338 0.442859 0.206778 0.442732 0.206130 0.442966 0.205528 0.440836 0.200523 0.439479 0.199222 0.437945 0.195319 0.436266 0.192213 0.435010 0.188801 0.430896 0.178639 0.430201 0.177273 0.429747 0.176593 0.429362 0.176222 0.429016 0.175972
8 0.462448 0.293704 0.481094 0.353380 0.475378 0.343222 0.472945 0.338843 0.460495 0.299583
8 0.562021 0.624148 0.564557 0.623750 0.566536 0.623102 0.570625 0.622606 0.572143 0.622352 0.572721 0.622995 0.573010 0.625306 0.573516 0.628264 0.574529 0.631977 0.575469 0.634546 0.575901 0.660894 0.574891 0.660894 0.574094 0.661023 0.573734 0.662306 0.573299 0.665005 0.572794 0.668991 0.571854 0.669120 0.571565 0.667449 0.571997 0.664491 0.571565 0.652153 0.571203 0.637375 0.570508 0.627042 0.570023 0.626671 0.568383 0.626847 0.566990 0.627468 0.565802 0.627903 0.564581 0.627593 0.563888 0.626977 0.562984 0.626847 0.562008 0.626671 0.561443 0.626102 0.561344 0.625000 0.561617 0.624370
8 0.532130 0.640579 0.537185 0.631657 0.539685 0.628505 0.546057 0.617676 0.547953 0.614736 0.557734 0.600796 0.559107 0.598861 0.560990 0.596343 0.561797 0.595000 0.563672 0.592130 0.566974 0.587958 0.569878 0.583514 0.575417 0.575833 0.577461 0.573681 0.579518 0.570884 0.580443 0.569074 0.581979 0.566713 0.585000 0.563894 0.586464 0.562653 0.586849 0.561898 0.586185 0.560366 0.584721 0.560917 0.582628 0.561912 0.579349 0.566667 0.577516 0.569560 0.570372 0.578370 0.567995 0.581481 0.562503 0.590023 0.562341 0.591102 0.561333 0.592245 0.560406 0.592963 0.547187 0.611759 0.545823 0.613796 0.541346 0.620301 0.539401 0.623657 0.535747 0.630213 0.532948 0.634944 0.530714 0.639162 0.530682 0.639639 0.531133 0.640120 0.531586 0.640338
6 0.439870 0.376574 0.431484 0.357963 0.422552 0.337639 0.421068 0.334537 0.420677 0.332407 0.420677 0.331435 0.421146 0.330509 0.423385 0.327407 0.423333 0.325880 0.422578 0.323843 0.421563 0.322870 0.420885 0.323241 0.418177 0.326343 0.417526 0.326065 0.412734 0.314769 0.399557 0.283704 0.398411 0.285093 0.401901 0.298380 0.418411 0.337315 0.420807 0.343009 0.434375 0.375000 0.439141 0.387176
8 0.428971 0.389222 0.429773 0.389287 0.430714 0.389347 0.432630 0.389769 0.434445 0.390523 0.435781 0.390972 0.437547 0.392134 0.438776 0.393241 0.440391 0.393796 0.443299 0.395236 0.446401 0.396472 0.447865 0.396991 0.450760 0.398088 0.451797 0.398750 0.455495 0.400046 0.457245 0.400625 0.459370 0.401431 0.461497 0.402236 0.462753 0.402546 0.464141 0.402963 0.464609 0.403472 0.465159 0.403579 0.466203 0.403579 0.466693 0.403083 0.470664 0.402741 0.470815 0.403222 0.471237 0.403440 0.472503 0.403384 0.473617 0.403222 0.473857 0.402903 0.473828 0.402315 0.478255 0.402500 0.483047 0.402315 0.484174 0.402315 0.485599 0.402130 0.489307 0.402218 0.492266 0.402176 0.495286 0.401759 0.496969 0.401593 0.497987 0.401546 0.498326 0.401731 0.498508 0.402060 0.498508 0.402755 0.498531 0.403907 0.498333 0.404259 0.498141 0.404926 0.496120 0.404815 0.494766 0.404722 0.492917 0.405046 0.489237 0.405301 0.486638 0.405306 0.483281 0.405463 0.481432 0.405454 0.479620 0.405597 0.478570 0.405667 0.474414 0.405370 0.471430 0.405519 0.470755 0.405602 0.469453 0.405926 0.467891 0.405833 0.466016 0.405926 0.464531 0.406019 0.460294 0.405394 0.458229 0.404074 0.454310 0.403144 0.451320 0.401847 0.450154 0.401486 0.440234 0.396111 0.438490 0.395093 0.436380 0.393796 0.434870 0.393056 0.433568 0.392917 0.432250 0.392829 0.431164 0.392546 0.430477 0.392403 0.429510 0.392185 0.429065 0.391898 0.428945 0.391181
8 0.604115 0.503333 0.611036 0.517269 0.612771 0.520782 0.625469 0.551528 0.629758 0.566560 0.628880 0.567778 0.627839 0.567824 0.622664 0.553472 0.613682 0.534403 0.613237 0.533042 0.604862 0.513148 0.602680 0.507981
8 0.549089 0.644907 0.548979 0.643153 0.549013 0.641977 0.549258 0.641046 0.549745 0.639681 0.550477 0.638630 0.551352 0.637606 0.553383 0.634597 0.553854 0.632824 0.556229 0.626046 0.557755 0.623005 0.562128 0.610676 0.564271 0.605759 0.562922 0.604514 0.560708 0.610273 0.555906 0.622856 0.555201 0.624963 0.554393 0.627551 0.553635 0.629856 0.552609 0.632449 0.551354 0.634583 0.549813 0.636824 0.548362 0.638542 0.547716 0.639546 0.547656 0.642222 0.547708 0.645741
8 0.469401 0.276389 0.468680 0.277949 0.468922 0.279745 0.470388 0.284394 0.472549 0.288856 0.474117 0.293194 0.474990 0.297222 0.475128 0.300880 0.475688 0.303667 0.477010 0.306894 0.479276 0.312843 0.482031 0.319769 0.484646 0.326787 0.485661 0.328778 0.485453 0.324440 0.485174 0.320972 0.482682 0.315046 0.481536 0.312546 0.479383 0.307944 0.477255 0.301375 0.476141 0.296852 0.474815 0.291523 0.473141 0.285634
8 0.389911 0.239963 0.394219 0.243935 0.397578 0.247083 0.406904 0.256338 0.408490 0.258157 0.412109 0.262222 0.414328 0.264630 0.416815 0.267944 0.421115 0.273477 0.421443 0.274389 0.421536 0.275468 0.421630 0.276546 0.421443 0.277542 0.421161 0.278287 0.420836 0.278870 0.420042 0.279199 0.419482 0.279199 0.418148 0.277866 0.415768 0.273634 0.413714 0.270231 0.399479 0.254815 0.396276 0.251250 0.391544 0.246333
8 0.429182 0.316361 0.430156 0.318111 0.432073 0.320463 0.433224 0.321829 0.433781 0.321769 0.434234 0.320343 0.431620 0.316250 0.430083 0.313278 0.427870 0.309806 0.426615 0.308472 0.424570 0.305319 0.419716 0.297704 0.416682 0.293222 0.412240 0.286343 0.410388 0.283032 0.409029 0.281171 0.407810 0.280056 0.405286 0.277917 0.403208 0.276088 0.401638 0.274292 0.400802 0.273546 0.399930 0.272991 0.398432 0.273486 0.397523 0.274292 0.396966 0.275718 0.396862 0.277079 0.396862 0.278880 0.397003 0.280676 0.398187 0.284083 0.398117 0.281171 0.397943 0.278009 0.397943 0.276769 0.398151 0.275718 0.398815 0.275407 0.400104 0.275347 0.401534 0.275903 0.403417 0.277699 0.404880 0.279495 0.406102 0.280551 0.407146 0.281481 0.407984 0.282472 0.409099 0.284579 0.411294 0.288361 0.414747 0.293134 0.416352 0.296046 0.419698 0.301250 0.421336 0.303667 0.423635 0.307139 0.425625 0.310736 0.427049 0.312759 0.428333 0.314120
8 0.450378 0.327644 0.443052 0.291977 0.444284 0.293963 0.451797 0.323889 0.450833 0.327454
8 0.443052 0.291977 0.438984 0.284722 0.447753 0.329315 0.448320 0.328894 0.450378 0.327644
8 0.525094 0.641338 0.525667 0.641940 0.526344 0.642218 0.526969 0.642125 0.527372 0.636912 0.528102 0.633394 0.528661 0.631153 0.529156 0.627819 0.529328 0.624750 0.529615 0.622759 0.530031 0.621463 0.533331 0.601667 0.533518 0.598852 0.533831 0.596352 0.534138 0.595144 0.534893 0.592458 0.536135 0.589579 0.536836 0.587176 0.537378 0.585931 0.537865 0.584676 0.537141 0.582023 0.536737 0.583310 0.536253 0.585537 0.535526 0.588190 0.534154 0.590699 0.533065 0.592708 0.532370 0.595509 0.531563 0.599676 0.530901 0.603583 0.529820 0.611125 0.527781 0.623347 0.526935 0.629875 0.526745 0.631500 0.526102 0.635944
8 0.557107 0.662264 0.557768 0.662319 0.558341 0.661727 0.558823 0.660977 0.559065 0.659426 0.559125 0.657926 0.559125 0.656639 0.558672 0.655514 0.557768 0.654819 0.539687 0.644444 0.535753 0.642606 0.532130 0.640579 0.531586 0.640338 0.531133 0.640120 0.530682 0.639639 0.527372 0.636912 0.526969 0.642125 0.526344 0.642218 0.525667 0.641940 0.525094 0.641338 0.525927 0.636630 0.521664 0.634148 0.519081 0.632856 0.505169 0.624833 0.504984 0.625769 0.504049 0.629671 0.503794 0.630912 0.516622 0.638523 0.516862 0.637940 0.519698 0.640171 0.527151 0.643963 0.528932 0.645463 0.532948 0.648153 0.538594 0.651380 0.543313 0.654032 0.546581 0.655681 0.549443 0.657042 0.552510 0.659125 0.553638 0.660125 0.555253 0.661417 0.556182 0.662065
8 0.508388 0.668727 0.505458 0.666315 0.497190 0.660454 0.493828 0.658380 0.486526 0.653204 0.478060 0.647269 0.461253 0.640718 0.441344 0.636671 0.423578 0.633120 0.423310 0.633597 0.423201 0.635134 0.423253 0.636861 0.426872 0.637630 0.439185 0.640889 0.449281 0.643005 0.459497 0.645032 0.461807 0.646051 0.465349 0.647343 0.473737 0.650681 0.479375 0.652963 0.487112 0.658009 0.493099 0.661528 0.499208 0.665750 0.503242 0.668333 0.505260 0.669407 0.507156 0.669907
8 0.493172 0.524106 0.484542 0.506125 0.481789 0.500236 0.475721 0.487954 0.474555 0.484556 0.474042 0.483889 0.472594 0.483722 0.471568 0.484389 0.470026 0.485468 0.469654 0.485713 0.469841 0.486792 0.470773 0.487787 0.472128 0.488537 0.475909 0.497167 0.482734 0.510833 0.491549 0.529394
8 0.490062 0.558875 0.483151 0.546106 0.479099 0.539102 0.476198 0.534491 0.470568 0.524412 0.467922 0.520954 0.469758 0.530074 0.476328 0.541968 0.478568 0.546116 0.489198 0.565690
8 0.487656 0.596667 0.490096 0.573745 0.493625 0.539051 0.493810 0.532579 0.493625 0.529588 0.491682 0.536824 0.490062 0.558875 0.489198 0.565690 0.488646 0.570833 0.488182 0.574907 0.487630 0.581481 0.486406 0.596481
8 0.470586 0.472606 0.469276 0.472500 0.468901 0.474051 0.469089 0.476384 0.470417 0.477593 0.472500 0.477407 0.474740 0.477500 0.478880 0.479954 0.481615 0.481389 0.483932 0.482546 0.489521 0.486051 0.489414 0.484444 0.489396 0.483495 0.484323 0.480046 0.482708 0.479167 0.478385 0.477315 0.474648 0.475162 0.472734 0.474181
8 0.529719 0.440611 0.532096 0.438384 0.533594 0.437824 0.534505 0.437870 0.535286 0.436898 0.535807 0.436574 0.541667 0.432454 0.542682 0.432593 0.543125 0.431204 0.543680 0.430769 0.543958 0.429801 0.548802 0.427236 0.550339 0.426435 0.555221 0.423755 0.556250 0.422778 0.557786 0.422222 0.559844 0.421667 0.560781 0.421991 0.561354 0.423102 0.561016 0.424120 0.558542 0.424074 0.556979 0.425370 0.556063 0.426648 0.554708 0.427667 0.551771 0.428843 0.549797 0.429861 0.548229 0.431093 0.546724 0.432111 0.545052 0.433519 0.543542 0.434676 0.542083 0.436130 0.540909 0.436556 0.539130 0.437574 0.536302 0.439028 0.535214 0.439718 0.534661 0.440231 0.532661 0.441255
8 0.495836 0.600023 0.494669 0.599468 0.492523 0.598556 0.489255 0.596977 0.487656 0.596667 0.486406 0.596481 0.485573 0.595741 0.483609 0.594074 0.483375 0.591750 0.482909 0.589347 0.481883 0.586523 0.480760 0.582458 0.479687 0.574662 0.478849 0.565037 0.478661 0.549935 0.478568 0.546116 0.476328 0.541968 0.476141 0.551926 0.476047 0.567278 0.476747 0.572917 0.478987 0.583204 0.481276 0.593745 0.482396 0.598222 0.483982 0.600380 0.485521 0.601458 0.486643 0.601625 0.487341 0.600796 0.487810 0.600213 0.488323 0.600134 0.488648 0.600546 0.488555 0.601542 0.488370 0.602454 0.493281 0.603889 0.495370 0.604444 0.497516 0.605523 0.499104 0.607102 0.500784 0.609343 0.502417 0.612907 0.502323 0.617389 0.501432 0.623657 0.500026 0.629861 0.498451 0.637884 0.497370 0.641620 0.496589 0.645417 0.495604 0.649917 0.493828 0.658380 0.497190 0.660454 0.497984 0.657546 0.498169 0.654894 0.498216 0.652569 0.498451 0.650995 0.498682 0.649500 0.499151 0.648505 0.499758 0.648005 0.500130 0.647759 0.504049 0.629671 0.504984 0.625769 0.505776 0.621954 0.506198 0.620458 0.506617 0.619630 0.507083 0.618301 0.507083 0.616810 0.506477 0.613824 0.506198 0.612829 0.505964 0.611583 0.505964 0.610505 0.505776 0.609593 0.505544 0.608431 0.505125 0.607847 0.504448 0.607361 0.504099 0.607606 0.503716 0.607546 0.503146 0.606472 0.502273 0.604356 0.500768 0.602694 0.499018 0.601583 0.497333 0.600579
11 0.539401 0.623657 0.539482 0.609449 0.533331 0.601667 0.532948 0.634944 0.535747 0.630213
11 0.539990 0.497319 0.539289 0.475722 0.538102 0.474472 0.535940 0.474375 0.534914 0.475431 0.534049 0.476583 0.533510 0.476968 0.533349 0.497801 0.535995 0.497319 0.538102 0.497319
8 0.582682 0.367000 0.588029 0.364551 0.593646 0.360903 0.599586 0.355722 0.602500 0.353417 0.604120 0.351782 0.604552 0.351495 0.604661 0.352648 0.602122 0.356199 0.593807 0.362727 0.585706 0.368199 0.582083 0.370046 0.578906 0.370602 0.574167 0.370509 0.571560 0.369736 0.571828 0.368106 0.572422 0.367815 0.581380 0.367644
2 0.467240 0.356574 0.467187 0.357963 0.468036 0.361023 0.470612 0.370144 0.474628 0.380009 0.476917 0.383815 0.477643 0.383597 0.478370 0.383597 0.479297 0.384389 0.479901 0.384532 0.480628 0.386255 0.481367 0.388806 0.481974 0.387894 0.482674 0.388222 0.483214 0.387690 0.483701 0.386921 0.484240 0.386440 0.484836 0.385097 0.484187 0.382310 0.481758 0.373194 0.479164 0.361671 0.479073 0.358403 0.462839 0.328102 0.462026 0.329153 0.463919 0.334681 0.468276 0.351532 0.468438 0.353755 0.468438 0.355546 0.467953 0.356264
8 0.578906 0.370602 0.595482 0.439241 0.599260 0.446824 0.601258 0.453352 0.602826 0.458634 0.603042 0.461801 0.603042 0.464296 0.613409 0.515176 0.614219 0.514792 0.615138 0.512583 0.614651 0.509898 0.606604 0.468903 0.604229 0.458440 0.600719 0.445384 0.593594 0.416065 0.588646 0.394583 0.582083 0.370046
8 0.595482 0.439241 0.592565 0.431273 0.589974 0.421097 0.588461 0.413801 0.587706 0.414375 0.587435 0.416968 0.587922 0.420713 0.590458 0.429546 0.593375 0.437319 0.595482 0.442792 0.597695 0.447690 0.599315 0.452491 0.601258 0.457958 0.602187 0.464491 0.602708 0.464491 0.603042 0.464296 0.603042 0.461801 0.602826 0.458634 0.601258 0.453352 0.599260 0.446824
2 0.525695 0.337741 0.534411 0.313097 0.532682 0.308157 0.530513 0.301625 0.529039 0.299255 0.518398 0.329046
2 0.468180 0.312222 0.475128 0.300880 0.474990 0.297222 0.474117 0.293194 0.472549 0.288856 0.470388 0.284394 0.468922 0.279745 0.468680 0.277949 0.467734 0.279769 0.467057 0.281296 0.462448 0.293704
2 0.467984 0.273731 0.459966 0.255296 0.457909 0.256588 0.455005 0.258736 0.453190 0.259958 0.452141 0.260963 0.451464 0.261657 0.461432 0.290912 0.465156 0.281065 0.467292 0.275556
2 0.496224 0.224074 0.494664 0.221222 0.493961 0.220843 0.492826 0.221704 0.491315 0.223144 0.490073 0.224491 0.488992 0.226023 0.488344 0.227755 0.487534 0.229000 0.486724 0.229287 0.486346 0.229481 0.486094 0.239444 0.487938 0.240398 0.498203 0.240139 0.501615 0.235046
8 0.595482 0.442792 0.601396 0.465204 0.603979 0.474528 0.613659 0.519347 0.612771 0.520782 0.611036 0.517269 0.602003 0.475171 0.597201 0.456602 0.593375 0.437319
8 0.574167 0.370509 0.578286 0.387606 0.586471 0.424370 0.591281 0.444588 0.596529 0.464245 0.597904 0.469023 0.598529 0.467912 0.595966 0.454361 0.593531 0.443255 0.587922 0.420713 0.576224 0.370500
8 0.397523 0.274292 0.398432 0.273486 0.398542 0.272375 0.397896 0.270153 0.395719 0.261907 0.391544 0.246333 0.389911 0.239963 0.387409 0.228704 0.385755 0.220889 0.385156 0.218287 0.384766 0.216065 0.384464 0.211495 0.384909 0.210491 0.385875 0.210778 0.388516 0.214861 0.389375 0.216157 0.390391 0.218380 0.390836 0.219241 0.391240 0.219958 0.391724 0.219815 0.392008 0.219167 0.391771 0.218287 0.391224 0.216574 0.389870 0.214352 0.387943 0.210648 0.386643 0.208769 0.385471 0.207764 0.384141 0.207264 0.383333 0.207264 0.382971 0.208412 0.383099 0.213102 0.383464 0.215880 0.383802 0.218380 0.388255 0.239750
8 0.528466 0.295144 0.525904 0.290431 0.521474 0.284537 0.514242 0.275968 0.511531 0.272861 0.508216 0.268843 0.503786 0.265306 0.497188 0.261130 0.496797 0.261611 0.496646 0.262199 0.496674 0.263056 0.497609 0.263699 0.502430 0.266968 0.507464 0.271361 0.512370 0.276713 0.514453 0.279120 0.520117 0.286199 0.526836 0.296106 0.530513 0.301625 0.532682 0.308157 0.536719 0.319088 0.538406 0.323426 0.540216 0.327551 0.541667 0.332917 0.542031 0.335648 0.543107 0.340889 0.545990 0.344306 0.547266 0.346407 0.548953 0.348815 0.550581 0.350370 0.551453 0.350264 0.550458 0.348065 0.548771 0.343032 0.546362 0.340083 0.544221 0.337620 0.542927 0.335639 0.542445 0.331995 0.542083 0.329319 0.541331 0.325889 0.539974 0.322407 0.537773 0.316838 0.533586 0.306125 0.532081 0.302269 0.530464 0.298986
8 0.469609 0.238935 0.469010 0.238935 0.468750 0.239167 0.468594 0.239769 0.468672 0.240694 0.469167 0.241713 0.469948 0.241944 0.471380 0.241898 0.472578 0.241528 0.474219 0.240926 0.475867 0.240769 0.477227 0.240708 0.481719 0.240556 0.483646 0.240833 0.484513 0.241144 0.485872 0.241269 0.489539 0.242500 0.490102 0.242500 0.491081 0.242833 0.491875 0.243417 0.492482 0.243250 0.492948 0.243000 0.493555 0.243000 0.494721 0.243662 0.495734 0.244120 0.496924 0.244014 0.498234 0.244014 0.499234 0.244569 0.502357 0.245125 0.502982 0.244898 0.503294 0.244236 0.503172 0.243787 0.502422 0.243458 0.501357 0.243125 0.499359 0.242792 0.496359 0.242569 0.493674 0.241565 0.490049 0.241019 0.487938 0.240398 0.486094 0.239444 0.484893 0.239218 0.483646 0.238704 0.481589 0.238380 0.479740 0.238194 0.478984 0.238611 0.478281 0.238519 0.477630 0.238426 0.476328 0.238426 0.475313 0.238519 0.474427 0.238519 0.473464 0.238380 0.471797 0.238009 0.471198 0.237824 0.469844 0.237824 0.469896 0.238333
8 0.486094 0.239444 0.486589 0.220093 0.486641 0.201403 0.486763 0.200009 0.486883 0.198134 0.487034 0.196634 0.486732 0.196046 0.486281 0.195940 0.485888 0.196472 0.485799 0.197384 0.485708 0.214685 0.485521 0.221806 0.484893 0.239218
8 0.599143 0.493116 0.594922 0.482963 0.591219 0.475574 0.588594 0.471356 0.587344 0.466690 0.585971 0.462468 0.585159 0.459472 0.583846 0.453472 0.583151 0.453380 0.584409 0.465690 0.586844 0.473801 0.591406 0.481435 0.593620 0.486435 0.598229 0.495694
8 0.514458 0.437588 0.516055 0.433255 0.518305 0.427815 0.519372 0.425111 0.520724 0.421750 0.523151 0.414907 0.524198 0.412356 0.524414 0.410917 0.526273 0.405824 0.527742 0.402144 0.528661 0.398208 0.528375 0.395704 0.527424 0.389954 0.523576 0.378653 0.513185 0.356662 0.508086 0.346995 0.505656 0.341051 0.502943 0.335509 0.501042 0.330556 0.494365 0.310569 0.492195 0.304023 0.491526 0.300750 0.491531 0.298167 0.491833 0.297199 0.492227 0.296986 0.492919 0.297315 0.493760 0.298542 0.497380 0.308171 0.505182 0.332917 0.508643 0.340014 0.513995 0.350556 0.520719 0.364301 0.525190 0.374366 0.527445 0.380315 0.530372 0.392208 0.530875 0.396519 0.530453 0.402472 0.529703 0.405889 0.528867 0.409319 0.526273 0.415556 0.525438 0.418236 0.523438 0.424074 0.521510 0.428148 0.520112 0.433269 0.518333 0.438056
8 0.450208 0.438796 0.447969 0.430417 0.446193 0.424028 0.444589 0.417954 0.443411 0.414676 0.443099 0.413056 0.443333 0.411852 0.443542 0.411019 0.443542 0.410000 0.443359 0.409259 0.443099 0.409074 0.442682 0.409352 0.442292 0.410509 0.442214 0.410833 0.441849 0.411065 0.441224 0.411296 0.445357 0.426324 0.449714 0.443861 0.451284 0.449380
8 0.458802 0.469722 0.464331 0.465060 0.465461 0.464273 0.466510 0.462551 0.468052 0.461093 0.469036 0.459954 0.472120 0.455894 0.474505 0.452315 0.477875 0.448287 0.479138 0.446468 0.482755 0.442505 0.484654 0.440523 0.486190 0.438861 0.487336 0.437574 0.488117 0.436824 0.488510 0.437361 0.488721 0.438380 0.488661 0.439718 0.487997 0.440681 0.483802 0.447685 0.481797 0.451389 0.477734 0.455787 0.475102 0.458361 0.472992 0.461361 0.471635 0.463718 0.469375 0.466389 0.467448 0.468194 0.465911 0.469444 0.464349 0.470833 0.458568 0.475093
8 0.508471 0.191380 0.507768 0.192435 0.507552 0.193972 0.508094 0.195505 0.517596 0.205204 0.520513 0.208380 0.525911 0.217875 0.528229 0.221343 0.530391 0.225278 0.540839 0.246644 0.549758 0.266287 0.560693 0.296384 0.568172 0.316630 0.576036 0.343741 0.577622 0.351065 0.581380 0.367644 0.582682 0.367000 0.578924 0.348875 0.574615 0.332287 0.568729 0.312991 0.562081 0.293741 0.551518 0.265847 0.542776 0.245060 0.531432 0.222731 0.529271 0.219074 0.521495 0.206056 0.515503 0.198954 0.511182 0.194250
8 0.578151 0.367685 0.571875 0.341676 0.563341 0.307384 0.560693 0.296384 0.568172 0.316630 0.576036 0.343741 0.577622 0.351065 0.581380 0.367644
8 0.546302 0.414398 0.544271 0.401296 0.543742 0.394843 0.543591 0.389194 0.544195 0.386639 0.545557 0.383681 0.546391 0.381662 0.547297 0.379648 0.547979 0.378972 0.548464 0.379491 0.547708 0.381759 0.546089 0.386102 0.545029 0.388657 0.544651 0.391750 0.545482 0.397532 0.547904 0.410306 0.549794 0.418912 0.551156 0.425907 0.550339 0.426435
8 0.557786 0.422222 0.550008 0.387111 0.549966 0.385463 0.550573 0.385106 0.551016 0.385606 0.559844 0.421667
8 0.582346 0.443366 0.584659 0.452806 0.586721 0.458694 0.588656 0.462468 0.590906 0.469579 0.592344 0.473134 0.593031 0.474574 0.594656 0.474907 0.592076 0.464903 0.585745 0.444324 0.583112 0.434935 0.581221 0.438032 0.581534 0.440144
2 0.494917 0.179606 0.494161 0.180569 0.493891 0.181625 0.493784 0.182870 0.493945 0.184120 0.501531 0.197556 0.502651 0.200130 0.508286 0.211546 0.512552 0.219898 0.515531 0.228338 0.521365 0.238708 0.522682 0.240866 0.522544 0.239380 0.521081 0.234847 0.517898 0.227986 0.517333 0.225907 0.517940 0.225694 0.516651 0.222329 0.510836 0.209750 0.509896 0.208088 0.509896 0.207199 0.500591 0.189736 0.496656 0.182190
2 0.553818 0.502667 0.563229 0.516806 0.557839 0.529120 0.549047 0.513819
2 0.564695 0.540745 0.575943 0.559069 0.576661 0.558940 0.582721 0.557389 0.585221 0.556273 0.581953 0.549681 0.581268 0.548463 0.581229 0.547097 0.581591 0.546167 0.582115 0.545949 0.570438 0.526917 0.567143 0.534801 0.566065 0.534056 0.565042 0.533810 0.564807 0.534472 0.564898 0.535468 0.565227 0.536213 0.565927 0.537542
8 0.597904 0.469023 0.596529 0.464245 0.591281 0.444588 0.576688 0.399111 0.570755 0.382593 0.567617 0.374921 0.564505 0.366343 0.562005 0.364815 0.565943 0.376551 0.568643 0.384134 0.570370 0.388843 0.580036 0.417255 0.584680 0.432426 0.595534 0.469671 0.598234 0.479370 0.600341 0.483690 0.601690 0.484745 0.602664 0.484745 0.602987 0.484074 0.602393 0.482824 0.601583 0.481481 0.600396 0.478889 0.598451 0.472167
8 0.599685 0.492037 0.600448 0.491681 0.600771 0.491106 0.600857 0.490319 0.600690 0.489315 0.598234 0.479370 0.595534 0.469671 0.584680 0.432426 0.580036 0.417255 0.572937 0.400236 0.570253 0.394681 0.570253 0.399569 0.573187 0.405565 0.576000 0.411227 0.577815 0.416199 0.578576 0.416343 0.578544 0.418931 0.585745 0.444324 0.592076 0.464903 0.596375 0.480954 0.598552 0.488384
2 0.561133 0.552176 0.555414 0.563657 0.555089 0.563847 0.554549 0.564519 0.554063 0.565926 0.553484 0.568000 0.552526 0.569444 0.551302 0.570579 0.551333 0.569565 0.551031 0.568384 0.550581 0.566722 0.550279 0.565329 0.549857 0.564690 0.548682 0.564315 0.547297 0.563884 0.545307 0.563296 0.544286 0.562861 0.553810 0.545602 0.554810 0.545995 0.558250 0.547194 0.559029 0.547338 0.559216 0.548111 0.559091 0.549444 0.559406 0.550333
2 0.553810 0.545602 0.552990 0.545296 0.550385 0.544606 0.546742 0.543519 0.545977 0.543949 0.545174 0.544134 0.544477 0.544324 0.543396 0.544569 0.542211 0.544694 0.540922 0.544509 0.539596 0.544074 0.539555 0.560875 0.540365 0.561097 0.544286 0.562861
2 0.501224 0.253102 0.512333 0.233440 0.512292 0.225907 0.509745 0.221120 0.506523 0.215153 0.503417 0.212787 0.502370 0.213361 0.501885 0.214218 0.500339 0.217176 0.498854 0.219537 0.497984 0.220903 0.498169 0.222134 0.502422 0.229019 0.504172 0.231792 0.505109 0.233125 0.505417 0.234236 0.505417 0.236014 0.505044 0.237125 0.504484 0.237907 0.503482 0.238014 0.502734 0.237037 0.501615 0.235046 0.498203 0.240139 0.487938 0.240398 0.490049 0.241019 0.493674 0.241565 0.496359 0.242569 0.499359 0.242792 0.501357 0.243125 0.502422 0.243458 0.503172 0.243787 0.503294 0.244236 0.502982 0.244898 0.502357 0.245125 0.499234 0.244569 0.498234 0.244014 0.496924 0.244014 0.495734 0.244120 0.494721 0.243662 0.493555 0.243000 0.492948 0.243000 0.492482 0.243250 0.491875 0.243417 0.491081 0.242833 0.490102 0.242500 0.491224 0.243380 0.492083 0.244306 0.492656 0.245370 0.493594 0.246759 0.494870 0.248889 0.495495 0.249954 0.496250 0.250231 0.497604 0.250231 0.498021 0.250324 0.498177 0.250741 0.498177 0.251157 0.497937 0.251736 0.498823 0.251569 0.499990 0.252069
10 0.598333 0.521250 0.605029 0.500509 0.599143 0.493116 0.595417 0.504060 0.591771 0.496435 0.585781 0.493241 0.587005 0.506343 0.590286 0.514537
2 0.489128 0.293454 0.496404 0.270875 0.496826 0.270074 0.496885 0.269486 0.496885 0.268843 0.496586 0.268412 0.496042 0.268037 0.495130 0.266991 0.494354 0.265949 0.499945 0.255625 0.498940 0.254843 0.497440 0.255625 0.496630 0.257181 0.496065 0.258954 0.495378 0.260403 0.495003 0.261398 0.494568 0.262287 0.494068 0.263069 0.493721 0.262375 0.493810 0.261199 0.494503 0.259639 0.495557 0.257338 0.495826 0.255352 0.497190 0.252236 0.495417 0.251296 0.494635 0.250278 0.493125 0.248194 0.491562 0.245741 0.491146 0.244954 0.490339 0.244120 0.489974 0.244120 0.488724 0.243565 0.487656 0.243009 0.487187 0.242731 0.486510 0.242639 0.486146 0.242917 0.486016 0.243565 0.486042 0.244352 0.485885 0.245278 0.485755 0.245509 0.485453 0.255273 0.485349 0.258870 0.485383 0.264569 0.485349 0.274611 0.485523 0.291097 0.486276 0.292315 0.486563 0.293102 0.486693 0.293981 0.487109 0.296343 0.487573 0.298787
2 0.545990 0.344306 0.544841 0.345079 0.544000 0.345329 0.543440 0.345824 0.543581 0.347319 0.544328 0.349477 0.553896 0.377023 0.551049 0.377852 0.549687 0.379120 0.550104 0.379583 0.550026 0.380556 0.553055 0.380509 0.555247 0.380009 0.556182 0.379181 0.556555 0.377523 0.556229 0.374782 0.554128 0.368463 0.554044 0.366681 0.550534 0.356778 0.546987 0.347319
2 0.521331 0.313421 0.519740 0.315093 0.518005 0.315606 0.515185 0.313676 0.512727 0.310468 0.511208 0.307639 0.509185 0.305454 0.506437 0.304042 0.503617 0.303653 0.500365 0.303523 0.497690 0.303398 0.495161 0.302111 0.497380 0.308171 0.501563 0.321463 0.503255 0.322037 0.504305 0.323472 0.505393 0.326269 0.506927 0.332292 0.507531 0.335231 0.511065 0.337069 0.519451 0.336296 0.514029 0.329486 0.513177 0.328333 0.512734 0.327315 0.512448 0.326065 0.512396 0.325231 0.512654 0.325093 0.512221 0.323162 0.512437 0.322264 0.518398 0.329046 0.523219 0.315338
10 0.521167 0.338134 0.524036 0.341389 0.524052 0.342620 0.523438 0.346343 0.522635 0.348810 0.521122 0.351306 0.519935 0.355046 0.519341 0.357833 0.518586 0.359755 0.513995 0.350556 0.513724 0.348616 0.514268 0.346023 0.515841 0.343514 0.516172 0.342778
2 0.488182 0.574907 0.478661 0.549935 0.478849 0.565037 0.479687 0.574662 0.480760 0.582458 0.481883 0.586523 0.482909 0.589347 0.483375 0.591750 0.483609 0.594074 0.485573 0.595741 0.486406 0.596481
