0 0.548117 0.126347 0.543240 0.135019 0.541544 0.162907 0.537305 0.162907 0.532216 0.159889 0.517378 0.170065 0.518862 0.181370 0.520768 0.188907 0.523737 0.196449 0.514198 0.211898 0.510383 0.219435 0.506565 0.222449 0.505294 0.229236 0.504659 0.232625 0.489818 0.229611 0.478370 0.230366 0.472859 0.234889 0.467560 0.243556 0.462896 0.260894 0.461622 0.275213 0.463107 0.290667 0.466500 0.305741 0.468406 0.313278 0.472435 0.317046 0.476464 0.323454 0.480068 0.326468 0.481552 0.324583 0.481552 0.315917 0.481763 0.298204 0.480068 0.292551 0.482187 0.273708 0.486852 0.268051 0.490922 0.268398 0.491693 0.268602 0.502042 0.273681 0.502758 0.275648 0.503034 0.276227 0.504794 0.274866 0.505896 0.273102 0.510383 0.275213 0.511443 0.276722 0.512078 0.283880 0.513987 0.289537 0.509344 0.302046 0.505846 0.313769 0.503281 0.325829 0.501456 0.338528 0.496688 0.346671 0.495224 0.353829 0.495414 0.361972 0.496326 0.371093 0.500354 0.385449 0.500906 0.388051 0.502560 0.401051 0.505125 0.406292 0.509151 0.410171 0.513542 0.415412 0.516297 0.415412 0.520326 0.406931 0.527299 0.384773 0.530224 0.370787 0.530034 0.361972 0.526747 0.345690 0.523992 0.332648 0.528380 0.316370 0.531135 0.309546 0.533510 0.305968 0.536456 0.303667 0.542690 0.301708 0.550385 0.296847 0.555174 0.293079 0.561026 0.294736 0.572581 0.300278 0.576969 0.303856 0.580826 0.310676 0.583583 0.322398 0.586508 0.337398 0.588521 0.348477 0.589794 0.357898 0.589794 0.366380 0.590727 0.369319 0.594372 0.367361 0.596578 0.365097 0.600797 0.355000 0.603911 0.340338 0.606669 0.329560 0.607581 0.316556 0.608130 0.306116 0.605737 0.291796 0.602451 0.282676 0.596216 0.273218 0.590896 0.268657 0.581740 0.262477 0.575505 0.260213 0.568362 0.254977 0.570703 0.243935 0.570260 0.239259 0.566391 0.234171 0.564503 0.231912 0.564969 0.221509 0.564651 0.212500 0.564016 0.205190 0.561810 0.202102 0.559734 0.202630 0.557359 0.208546 0.555471 0.211106 0.553417 0.208282 0.553417 0.203759 0.554518 0.195616 0.556893 0.187741 0.557846 0.178736 0.557846 0.169690 0.549771 0.167468 0.550299 0.128532
15 0.432531 0.337528 0.433073 0.335602 0.434125 0.337694 0.434812 0.337361 0.436438 0.339806 0.436250 0.340917 0.462677 0.379236 0.468148 0.393829 0.455867 0.374255
15 0.433870 0.332931 0.433073 0.335602 0.434125 0.337694 0.434812 0.337361 0.436438 0.339806 0.436250 0.340917 0.462677 0.379236 0.461536 0.376481 0.461172 0.376579
15 0.429792 0.349444 0.428924 0.354088 0.469570 0.415167 0.470732 0.412241 0.469474 0.408630
15 0.429792 0.349444 0.430716 0.346477 0.471094 0.407824 0.470151 0.410694 0.469474 0.408630
15 0.468148 0.393829 0.470003 0.396708 0.494802 0.437167 0.511573 0.463769 0.530154 0.494356 0.529430 0.495255 0.554878 0.535866 0.557117 0.534454 0.557984 0.540491 0.578805 0.573523 0.581695 0.578019 0.583503 0.577375 0.583503 0.574806 0.584479 0.574861 0.585456 0.576477 0.585961 0.573394 0.552708 0.521986 0.498563 0.437037 0.498167 0.437551 0.471005 0.394245
15 0.500424 0.433227 0.500542 0.435000 0.498563 0.437037 0.539911 0.501810 0.542154 0.498722 0.540852 0.495509 0.536299 0.488870
15 0.536299 0.488870 0.540852 0.495509 0.558521 0.520861 0.539276 0.489333
15 0.540852 0.495509 0.542154 0.498722 0.539911 0.501810 0.585096 0.568352 0.587773 0.568051 0.587940 0.562847
15 0.539911 0.501810 0.552708 0.521986 0.585961 0.573394 0.587156 0.572935 0.587253 0.571213 0.585096 0.568352
15 0.587924 0.564755 0.588549 0.564866 0.611917 0.598412 0.613729 0.601634 0.611667 0.605630 0.610729 0.605963 0.600911 0.592315 0.601232 0.591301 0.598102 0.586458 0.586182 0.568213 0.587773 0.568051
15 0.529430 0.495255 0.527781 0.496866 0.537341 0.510306 0.536966 0.513861 0.555336 0.542074 0.557984 0.540491 0.557117 0.534454 0.554878 0.535866
15 0.471094 0.407824 0.489857 0.436551 0.513669 0.471495 0.512969 0.474759 0.511943 0.472935 0.511185 0.473319 0.510484 0.476486 0.469570 0.415167 0.470732 0.412241 0.470151 0.410694
15 0.467448 0.402315 0.470003 0.396708 0.494802 0.437167 0.511573 0.463769 0.530154 0.494356 0.529430 0.495255 0.527781 0.496866 0.512969 0.474759 0.513669 0.471495 0.489857 0.436551 0.471094 0.407824
15 0.511943 0.472935 0.512969 0.474759 0.527781 0.496866 0.537341 0.510306 0.536966 0.513861 0.536081 0.514787 0.533406 0.516718 0.514609 0.488699 0.500008 0.466468 0.467260 0.416472 0.427932 0.359282 0.428924 0.354088 0.469570 0.415167 0.510484 0.476486 0.511185 0.473319
15 0.427211 0.361718 0.469451 0.424472 0.503401 0.475296 0.527716 0.512171 0.527039 0.514731 0.524932 0.514060 0.499695 0.476231 0.440135 0.387681 0.426031 0.367282
15 0.426031 0.367282 0.424919 0.372366 0.448089 0.406565 0.485393 0.460546 0.500534 0.482847 0.526464 0.521958 0.551138 0.558833 0.554398 0.558389 0.555151 0.553481 0.527466 0.513037 0.527039 0.514731 0.524932 0.514060 0.499695 0.476231 0.440135 0.387681
15 0.555336 0.542074 0.582219 0.584463 0.599349 0.611644 0.600414 0.610269 0.602641 0.607690 0.602930 0.604245 0.598237 0.596407 0.595365 0.591991 0.585456 0.576477 0.584479 0.574815 0.583503 0.574806 0.583503 0.577375 0.581695 0.578019 0.578805 0.573523 0.557984 0.540491
15 0.604656 0.631921 0.607906 0.631144 0.609031 0.627148 0.601596 0.615819 0.599349 0.611644 0.582219 0.584463 0.555336 0.542074 0.536966 0.513861 0.536081 0.514787 0.534336 0.515981 0.552737 0.545574 0.579227 0.589880
15 0.565510 0.575847 0.572068 0.586532 0.574125 0.589259 0.576544 0.585315 0.552737 0.545574 0.550932 0.542648 0.549841 0.545657 0.555151 0.553481 0.567453 0.572199 0.566698 0.575560
15 0.505313 0.602329 0.504474 0.601963 0.503589 0.602463 0.502888 0.603208 0.503854 0.605139 0.514818 0.623843 0.538078 0.657556 0.576628 0.714472 0.597818 0.745255 0.621245 0.779440 0.659797 0.835111 0.693958 0.885394 0.718695 0.920657 0.697161 0.887611 0.671328 0.849620 0.653234 0.822597 0.615932 0.767250 0.572247 0.702296 0.538674 0.652593 0.515911 0.618009
15 0.418414 0.402144 0.469732 0.472199 0.505503 0.521690 0.550104 0.581630 0.587820 0.632560 0.587487 0.636134 0.604049 0.657685 0.605055 0.655759 0.607143 0.653227 0.608401 0.650708 0.576615 0.606690 0.522563 0.533130 0.466581 0.457069 0.420391 0.393565
15 0.416664 0.410301 0.437826 0.434981 0.451292 0.452083 0.490872 0.506282 0.556096 0.598046 0.591122 0.649389 0.587703 0.655144 0.586471 0.657125 0.561701 0.619699 0.527797 0.567782 0.522198 0.561810 0.491784 0.519310 0.465010 0.480454 0.450680 0.459949 0.445865 0.450394 0.442057 0.448403 0.432943 0.438519 0.414974 0.418449
15 0.414974 0.418449 0.432943 0.438519 0.440513 0.449116 0.472898 0.494741 0.511792 0.551287 0.562721 0.624745 0.600958 0.679731 0.600635 0.683019 0.597161 0.687083 0.572010 0.649861 0.536659 0.598454 0.503333 0.550130 0.483237 0.521727 0.445500 0.466852 0.429591 0.443463 0.429948 0.441065 0.414852 0.419347
15 0.412122 0.430731 0.411120 0.436231 0.424320 0.455301 0.444786 0.485644 0.478052 0.534162 0.505279 0.574981 0.531698 0.614880 0.533750 0.615093 0.534201 0.613588 0.534549 0.612440 0.505034 0.567532 0.452172 0.489884 0.421531 0.444514
15 0.424320 0.455301 0.421693 0.455741 0.421622 0.456356 0.430510 0.471968 0.448620 0.498431 0.503229 0.576991 0.504323 0.575833 0.504612 0.575505 0.505279 0.574981 0.478052 0.534162 0.444786 0.485644
15 0.430510 0.471968 0.439583 0.488843 0.457958 0.515944 0.478112 0.545208 0.478828 0.544630 0.479232 0.542421 0.448620 0.498431
15 0.479232 0.542421 0.478828 0.544630 0.500701 0.576958 0.502206 0.579338 0.501872 0.580380 0.527258 0.616884 0.528344 0.613569 0.526245 0.609449 0.504323 0.575833 0.503229 0.576991
15 0.456490 0.513759 0.457958 0.515944 0.478112 0.545208 0.495742 0.572750 0.495380 0.574037 0.494753 0.574685 0.494151 0.575065 0.492865 0.576296 0.492414 0.575676 0.462786 0.529954 0.454971 0.517231 0.456128 0.516718
15 0.587820 0.632560 0.587487 0.636134 0.586016 0.636602 0.562094 0.602699 0.544781 0.579356 0.514333 0.537718 0.490872 0.506282 0.451292 0.452083 0.437885 0.434074 0.417560 0.405676 0.418414 0.402144 0.469732 0.472199 0.505503 0.521690 0.550104 0.581630
15 0.423216 0.380148 0.422677 0.384037 0.448102 0.419597 0.529031 0.538296 0.530031 0.537185 0.529961 0.536116 0.522411 0.524759 0.508378 0.503769 0.487570 0.471597 0.457763 0.426176 0.448432 0.412407 0.448315 0.413750 0.447583 0.414139
15 0.529961 0.536116 0.530031 0.537185 0.529031 0.538296 0.535388 0.547662 0.553523 0.574065 0.555148 0.573065 0.555586 0.571620 0.553089 0.568463 0.551057 0.568463
15 0.448089 0.406565 0.485393 0.460546 0.500534 0.482847 0.526464 0.521958 0.551138 0.558833 0.553854 0.558426 0.564159 0.574310 0.565510 0.575847 0.572068 0.586532 0.574125 0.589259 0.591620 0.615486 0.591203 0.618759 0.587188 0.619056 0.570961 0.595861 0.555487 0.572069 0.555586 0.571620 0.553089 0.568463 0.553477 0.565880 0.527057 0.526139 0.478378 0.451986
15 0.601172 0.633287 0.613211 0.650546 0.627122 0.670505 0.627958 0.670690 0.630260 0.673602 0.630190 0.674778 0.639323 0.687486 0.680391 0.745185 0.697719 0.769356 0.749000 0.840134 0.788919 0.895356 0.845711 0.973824 0.864745 1.000000 0.855253 1.000000 0.834344 0.970167 0.789792 0.907690 0.765143 0.875523 0.731591 0.828426 0.715766 0.807079 0.704349 0.791657 0.696969 0.782009 0.655292 0.722690 0.630852 0.687546 0.622068 0.675648 0.622031 0.673602 0.617745 0.667713 0.606831 0.653644 0.607143 0.653227 0.608401 0.650708 0.598539 0.637009
15 0.603240 0.629556 0.601432 0.631741 0.601172 0.633287 0.613211 0.650546 0.627122 0.670505 0.627958 0.670690 0.630260 0.673602 0.630190 0.674778 0.639323 0.687486 0.680391 0.745185 0.697719 0.769356 0.749000 0.840134 0.788919 0.895356 0.845711 0.973824 0.864745 1.000000 0.864745 1.000000 0.864745 1.000000 0.868253 1.000000 0.844474 0.967287 0.793323 0.896264 0.753604 0.841667 0.696060 0.760356 0.689573 0.751810 0.689805 0.748991 0.687146 0.748079 0.676831 0.733306 0.631888 0.670417 0.632401 0.669255 0.629927 0.666269 0.629273 0.667097 0.604656 0.631921
15 0.610617 0.627625 0.611492 0.624403 0.614680 0.624069 0.620615 0.634287 0.643995 0.673130 0.689805 0.748991 0.687146 0.748079 0.676831 0.733306 0.622956 0.646176
15 0.604299 0.612741 0.601596 0.615819 0.609031 0.627148 0.607906 0.631144 0.629927 0.666269 0.632401 0.669255 0.631888 0.670417 0.676831 0.733306 0.622956 0.646176 0.610617 0.627625 0.611492 0.624403
15 0.622068 0.675648 0.630852 0.687546 0.655292 0.722690 0.681732 0.763333 0.682107 0.764667 0.680602 0.769579 0.678690 0.769713 0.677841 0.769759 0.660898 0.742157 0.656984 0.735773 0.658109 0.733958 0.654060 0.726583 0.629622 0.688028 0.621875 0.676144
15 0.629714 0.696620 0.627818 0.700319 0.627635 0.702375 0.658320 0.750477 0.660130 0.747269 0.660898 0.742157 0.656984 0.735773 0.656617 0.736088 0.652456 0.729736 0.652107 0.730310
15 0.562094 0.602699 0.586016 0.636602 0.587487 0.636134 0.604049 0.657685 0.605055 0.655759 0.620951 0.678005 0.621875 0.676144 0.629622 0.688028 0.631794 0.691370 0.629729 0.695486 0.629687 0.696620 0.627812 0.700259 0.627247 0.699611 0.608451 0.672847 0.591122 0.649389 0.577648 0.629685 0.578010 0.627370 0.566299 0.610278 0.566010 0.609120
15 0.423216 0.380148 0.447583 0.414139 0.448315 0.413750 0.448432 0.412407 0.423891 0.376454
15 0.371193 0.307977 0.357620 0.288310 0.344555 0.269440 0.343570 0.270856 0.341518 0.274889 0.341573 0.277093 0.345667 0.281917 0.346680 0.280889 0.347979 0.279731 0.356583 0.292199 0.356799 0.293481 0.356831 0.294602 0.356305 0.295750 0.369977 0.314056
15 0.463755 0.367491 0.484331 0.399472 0.537461 0.481958 0.540055 0.487028 0.539276 0.489333 0.536299 0.488870 0.500424 0.433227 0.499846 0.431176 0.471727 0.386940
15 0.352034 0.295199 0.370839 0.320102 0.371596 0.316264 0.369977 0.314056 0.356305 0.295750 0.352284 0.290644 0.351596 0.291977
15 0.383563 0.267944 0.374740 0.254028 0.353755 0.221097 0.354070 0.219787 0.356711 0.217088 0.384893 0.261208
15 0.471693 0.386912 0.471505 0.388468 0.470070 0.389468 0.469758 0.392023 0.471005 0.394245 0.498167 0.437551 0.500542 0.435000 0.500424 0.433227 0.499846 0.431176
15 0.435000 0.327315 0.433870 0.332931 0.461172 0.376579 0.461536 0.376481 0.455419 0.360250
15 0.586562 0.656991 0.606734 0.686625 0.614341 0.697769 0.617224 0.696866 0.622917 0.703880 0.625193 0.702963 0.627247 0.699611 0.608451 0.672847 0.591122 0.649389
15 0.435000 0.327315 0.455419 0.360250 0.449680 0.345255 0.435727 0.324495
15 0.432531 0.337528 0.455867 0.374255 0.470003 0.396708 0.467448 0.402315 0.430716 0.346477
15 0.369747 0.326458 0.343000 0.287005 0.340542 0.290731 0.368372 0.333144
15 0.437411 0.317347 0.446591 0.326602 0.447677 0.328787 0.471693 0.386912 0.471505 0.388468 0.470070 0.389468 0.469758 0.392023 0.471005 0.394245 0.468148 0.393829 0.445695 0.334815 0.435727 0.324495
15 0.555487 0.572069 0.555148 0.573065 0.553523 0.574065 0.556250 0.577995 0.555940 0.578546 0.576615 0.606690 0.598539 0.637009 0.588203 0.619019 0.587188 0.619056 0.570961 0.595861
15 0.420391 0.393565 0.421260 0.390889 0.441516 0.422546
15 0.421742 0.388310 0.421260 0.390889 0.441516 0.422546 0.466581 0.457069 0.479055 0.474111 0.472474 0.462032 0.442000 0.417005
15 0.424919 0.372366 0.423891 0.376454 0.457763 0.426176 0.487570 0.471597 0.508378 0.503769 0.522411 0.524759 0.529961 0.536116 0.551057 0.568463 0.553089 0.568463 0.553477 0.565880 0.527057 0.526139 0.478378 0.451986 0.448089 0.406565
15 0.631794 0.691370 0.629729 0.695486 0.629687 0.696620 0.652107 0.730310 0.652456 0.729736 0.654060 0.726583
15 0.422677 0.384037 0.421742 0.388310 0.442000 0.417005 0.472474 0.462032 0.488883 0.485588 0.505898 0.510495 0.522563 0.533130 0.555940 0.578546 0.556250 0.577995 0.535388 0.547662 0.499023 0.494176 0.448102 0.419597
15 0.531974 0.655019 0.537760 0.662745 0.551346 0.683046 0.552799 0.685745 0.552292 0.686528 0.550263 0.688310
15 0.660625 0.743889 0.660130 0.747269 0.659086 0.749060 0.678096 0.780861 0.698820 0.816296 0.700536 0.817231 0.702385 0.811718 0.677831 0.771940
15 0.660898 0.742157 0.660625 0.743889 0.677831 0.771940 0.701857 0.810898 0.702781 0.808903 0.703177 0.805264 0.678690 0.769713 0.677841 0.769759
15 0.678690 0.769713 0.680602 0.769579 0.700875 0.797500 0.701367 0.800042 0.700430 0.801356
15 0.696969 0.782009 0.700562 0.788704 0.712656 0.809694 0.725388 0.833009 0.727602 0.829889 0.727375 0.827037 0.715766 0.807079 0.704349 0.791657
15 0.678096 0.780861 0.686346 0.797875 0.709844 0.840347 0.713341 0.836944 0.713208 0.833542 0.701724 0.813829 0.700536 0.817231 0.698820 0.816296
15 0.627635 0.702375 0.624497 0.707681 0.643437 0.734019 0.676656 0.780176 0.677190 0.779500 0.659086 0.749060 0.658320 0.750477
15 0.478112 0.545208 0.478828 0.544630 0.500701 0.576958 0.502206 0.579338 0.501872 0.580380 0.500044 0.583037 0.494753 0.574685 0.495380 0.574037 0.495742 0.572750
15 0.500044 0.583037 0.516341 0.606866 0.546703 0.652069 0.548878 0.655338 0.550719 0.651324 0.527258 0.616884 0.501872 0.580380
15 0.550719 0.651324 0.580346 0.694907 0.601060 0.724366 0.602964 0.728546 0.600724 0.731731 0.548878 0.655338
15 0.504612 0.575505 0.511693 0.586273 0.534641 0.621264 0.579898 0.688546 0.578312 0.692116 0.550719 0.651324 0.527258 0.616884 0.528344 0.613569 0.526245 0.609449 0.504323 0.575833
15 0.579898 0.688546 0.595865 0.712065 0.634253 0.768866 0.690857 0.851889 0.692375 0.855231 0.690060 0.860241 0.686445 0.854458 0.687602 0.851505 0.656878 0.806653 0.619070 0.751130 0.602964 0.728546 0.601060 0.724366 0.580346 0.694907 0.578312 0.692116
15 0.600724 0.731731 0.619867 0.760296 0.637867 0.787306 0.656745 0.814583 0.659448 0.810361 0.656878 0.806653 0.619070 0.751130 0.602964 0.728546
15 0.656745 0.814583 0.672104 0.837375 0.689125 0.863333 0.690060 0.860241 0.686445 0.854458 0.687602 0.851505 0.659448 0.810361
15 0.552292 0.686528 0.559141 0.696255 0.577792 0.724273 0.576852 0.729926 0.574466 0.730056 0.555383 0.697153 0.550263 0.688310
15 0.617701 0.703338 0.614714 0.709074 0.626229 0.726241 0.635156 0.740278 0.637719 0.740704 0.637669 0.734477
15 0.637669 0.734477 0.647708 0.749769 0.693685 0.817782 0.695518 0.822806 0.693151 0.825694 0.690859 0.820500 0.636487 0.740537 0.637719 0.740704
15 0.643573 0.743329 0.650107 0.751968 0.674914 0.788611 0.694867 0.817940 0.709844 0.840347 0.725625 0.863329 0.723940 0.868551 0.722130 0.867667 0.720820 0.866218 0.721068 0.864884 0.694089 0.824583 0.695518 0.822806 0.693685 0.817782 0.647708 0.749769
15 0.600958 0.679731 0.614341 0.697769 0.617701 0.703338 0.613620 0.711157 0.610065 0.705917 0.597161 0.687083 0.600635 0.683019
15 0.514818 0.623843 0.518721 0.632269 0.531974 0.655019 0.537760 0.662745 0.551346 0.683046 0.552961 0.683028 0.559271 0.692468 0.566206 0.701912 0.569831 0.707463 0.570893 0.710796 0.574766 0.716130 0.578703 0.720347 0.581266 0.724125 0.586201 0.731792 0.594573 0.743120 0.612193 0.768333 0.613878 0.773778 0.615690 0.778106 0.635060 0.804880 0.657427 0.838310 0.691854 0.888296 0.712534 0.918287 0.725591 0.936389 0.737901 0.955051 0.741961 0.962602 0.743461 0.963713 0.749148 0.974824 0.750771 0.973935 0.751646 0.970046 0.742797 0.956963 0.718695 0.920657 0.693958 0.885394 0.659797 0.835111 0.621245 0.779440 0.597818 0.745255 0.576628 0.714472 0.538078 0.657556
15 0.604169 0.784963 0.626130 0.818699 0.625883 0.820935 0.623036 0.826435 0.606977 0.801745 0.604049 0.787324
15 0.616383 0.860306 0.640479 0.899708 0.677982 0.960713 0.677565 0.966806 0.674544 0.969644 0.661336 0.949722 0.661083 0.947931 0.641815 0.916139 0.614581 0.871130
15 0.614581 0.871130 0.614120 0.874671 0.619055 0.882847 0.618469 0.885671 0.659286 0.952440 0.660542 0.952736 0.661336 0.949722 0.661083 0.947931
15 0.611141 0.817269 0.626682 0.841685 0.660109 0.893968 0.707315 0.967194 0.707057 0.970421 0.705633 0.973417 0.651349 0.887500 0.613128 0.827380 0.610924 0.819787
15 0.613128 0.827380 0.615417 0.838412 0.667888 0.920870 0.702740 0.975458 0.703776 0.976148 0.705633 0.973417 0.651349 0.887500
15 0.692990 0.827389 0.707745 0.849185 0.718992 0.865764 0.717401 0.870500 0.716518 0.870662 0.690922 0.831662 0.691953 0.829028
15 0.613620 0.711157 0.621714 0.723185 0.645701 0.758282 0.680799 0.810056 0.692990 0.827389 0.707745 0.849185 0.718992 0.865764 0.718789 0.866426 0.719909 0.868051 0.720820 0.866218 0.721068 0.864884 0.694062 0.824583 0.693151 0.825741 0.690859 0.820500 0.636487 0.740537 0.635156 0.740278 0.626229 0.726241 0.614714 0.709074
15 0.412651 0.428630 0.412122 0.430731 0.421531 0.444514 0.452172 0.489884 0.505034 0.567532 0.534549 0.612440 0.534201 0.613588 0.535633 0.615778 0.536878 0.612889 0.537135 0.611685 0.511568 0.573574 0.490711 0.542847 0.460086 0.497731 0.417563 0.435829
15 0.533984 0.616250 0.532534 0.616222 0.531992 0.617292 0.534641 0.621264 0.579898 0.688546 0.595865 0.712065 0.634253 0.768866 0.667521 0.817630 0.668484 0.816454 0.669388 0.813292 0.652214 0.786190 0.644596 0.776167 0.596581 0.707866 0.552990 0.645398
15 0.492865 0.576296 0.492414 0.575676 0.491122 0.575861 0.490669 0.578278 0.490495 0.580079 0.496945 0.589995 0.505313 0.602329 0.515911 0.618009 0.538674 0.652593 0.572247 0.702296 0.615932 0.767250 0.653234 0.822597 0.671328 0.849620 0.697161 0.887611 0.742797 0.956963 0.743841 0.957148 0.745339 0.953426 0.741771 0.946236 0.718010 0.910907 0.658497 0.823958 0.613909 0.758079 0.543242 0.652218 0.517479 0.614102
15 0.742258 0.947194 0.743307 0.946944 0.744089 0.944028 0.719578 0.907833 0.689125 0.863333 0.672104 0.837375 0.656745 0.814583 0.637867 0.787306 0.619867 0.760296 0.600724 0.731731 0.548878 0.655338 0.546703 0.652069 0.500044 0.583037 0.494753 0.574685 0.494151 0.575065 0.492865 0.576296 0.517479 0.614102 0.543242 0.652218 0.613909 0.758079 0.658497 0.823958 0.718010 0.910907 0.741771 0.946236
15 0.360359 0.222810 0.362065 0.221931 0.375044 0.237417 0.386419 0.251431 0.385310 0.257718 0.371164 0.239764
15 0.382232 0.276944 0.360341 0.245213 0.355560 0.238551 0.352651 0.237940 0.352206 0.242231 0.356102 0.247755 0.379185 0.282019 0.380042 0.277653 0.382039 0.278264
15 0.372424 0.302213 0.348208 0.264681 0.345180 0.267319 0.344555 0.269440 0.357620 0.288310 0.371193 0.307977
15 0.354305 0.238181 0.354495 0.233880 0.355385 0.232699 0.373221 0.251713 0.374740 0.254028 0.383563 0.267944 0.382232 0.276944 0.360341 0.245213 0.355560 0.238551
15 0.354208 0.248968 0.354568 0.248185 0.355716 0.247134 0.356102 0.247755 0.379185 0.282019 0.378779 0.284583
15 0.376143 0.286042 0.361180 0.263935 0.352560 0.250375 0.344435 0.237255 0.341141 0.240421 0.342219 0.244838 0.348591 0.255111 0.362469 0.275847 0.363279 0.276134 0.374188 0.292264 0.374836 0.289384
15 0.743307 0.946944 0.745531 0.951106 0.754305 0.965792 0.764760 0.983051 0.764432 0.985870 0.761260 0.988694 0.758552 0.984958 0.751133 0.972347 0.751646 0.970046 0.742797 0.956963 0.743841 0.957148 0.745339 0.953426 0.742258 0.947194
15 0.597161 0.687083 0.610065 0.705917 0.613620 0.711157 0.621714 0.723185 0.645701 0.758282 0.680799 0.810056 0.692990 0.827389 0.691953 0.829028 0.671112 0.798681 0.644539 0.761593 0.641271 0.756806 0.636250 0.748551 0.615513 0.716773 0.609305 0.706889
15 0.690857 0.851889 0.720286 0.893657 0.755677 0.948472 0.752945 0.955051 0.749714 0.948472 0.734505 0.924722 0.713620 0.894005 0.690443 0.859398 0.692375 0.855231
15 0.755651 0.948519 0.752917 0.955093 0.769388 0.976560 0.784096 0.999958 0.787677 0.999958 0.787872 0.996519 0.762904 0.959528
15 0.689497 0.835227 0.691953 0.829028 0.671112 0.798681 0.644539 0.761593 0.605964 0.704722 0.584354 0.673667 0.581432 0.676491 0.559089 0.646250 0.536878 0.612889 0.535633 0.615778 0.533984 0.616250 0.552990 0.645398 0.596581 0.707866 0.644596 0.776167 0.668167 0.807259
15 0.537135 0.611685 0.576828 0.669255 0.578880 0.668519 0.579703 0.666255 0.544651 0.616162 0.511411 0.567731 0.498292 0.549185 0.460430 0.494421 0.428565 0.447773 0.413443 0.425556 0.412651 0.428630 0.417563 0.435829 0.460086 0.497731 0.490711 0.542847 0.511568 0.573574
3 0.552961 0.683028 0.551346 0.683046 0.552799 0.685745 0.552292 0.686528 0.559141 0.696255 0.577792 0.724273 0.576852 0.729926 0.574466 0.730056 0.574253 0.731014 0.604169 0.784963 0.626130 0.818699 0.625883 0.820935 0.623036 0.826435 0.606977 0.801745 0.611141 0.817269 0.626682 0.841685 0.628255 0.842269 0.631057 0.842736 0.635958 0.842269 0.637359 0.848958 0.639547 0.848958 0.642961 0.849116 0.647424 0.850046 0.649875 0.853940 0.652411 0.858296 0.651451 0.861718 0.652763 0.863898 0.655563 0.864829 0.658102 0.866699 0.657052 0.869810 0.657052 0.873699 0.657490 0.876810 0.657490 0.881634 0.656437 0.883815 0.654250 0.884745 0.655388 0.886616 0.659940 0.887546 0.661953 0.891750 0.664753 0.893926 0.666854 0.895329 0.671055 0.893148 0.672018 0.892681 0.673505 0.894704 0.675693 0.896417 0.677005 0.896884 0.678669 0.908088 0.680419 0.911199 0.683922 0.907463 0.685846 0.902796 0.687247 0.899375 0.688385 0.902176 0.688385 0.906532 0.688034 0.909486 0.689872 0.910421 0.691974 0.905907 0.692060 0.902019 0.689346 0.897352 0.688297 0.895796 0.688122 0.887704 0.688122 0.882412 0.657427 0.838310 0.635060 0.804880 0.615690 0.778106 0.613878 0.773778 0.612193 0.768333 0.594573 0.743120 0.586201 0.731792 0.581266 0.724125 0.578703 0.720347 0.574766 0.716130 0.570893 0.710796 0.569831 0.707463 0.566206 0.701912 0.559271 0.692468
3 0.660518 0.757440 0.660870 0.761815 0.663331 0.765148 0.666612 0.769523 0.666612 0.772023 0.665909 0.774523 0.650107 0.751968 0.643573 0.743329 0.637669 0.734477 0.617701 0.703338 0.614341 0.697769 0.617224 0.696866 0.622924 0.704019 0.624497 0.707681 0.624497 0.707681 0.643437 0.734019
15 0.578880 0.668519 0.580016 0.670361 0.581831 0.668569 0.582112 0.664769 0.572010 0.649861 0.536659 0.598454 0.503333 0.550130 0.483237 0.521727 0.445500 0.466852 0.429591 0.443463 0.427971 0.443847 0.414094 0.423111 0.413443 0.425556 0.428565 0.447773 0.460430 0.494421 0.498292 0.549185 0.511411 0.567731 0.544651 0.616162 0.579703 0.666255
15 0.582112 0.664769 0.581831 0.668569 0.584576 0.672366 0.584354 0.673667 0.605964 0.704722 0.641271 0.756806 0.636250 0.748551 0.615513 0.716773 0.609305 0.706889 0.597109 0.687083
15 0.652214 0.786190 0.668167 0.807259 0.687977 0.836009 0.713487 0.875560 0.762167 0.950208 0.784417 0.980097 0.801628 1.000000 0.795500 1.000000 0.762904 0.959528 0.755625 0.948380 0.722437 0.897273 0.695922 0.854597 0.677687 0.826491 0.669388 0.813292
15 0.668167 0.807259 0.689497 0.835227 0.690349 0.833125 0.705023 0.856130 0.727651 0.891472 0.747893 0.923861 0.762167 0.950208 0.713487 0.875560 0.687977 0.836009
15 0.537135 0.611685 0.536836 0.612819 0.559323 0.646574 0.581458 0.676481 0.584354 0.673667 0.584576 0.672366 0.581831 0.668569 0.580016 0.670361 0.578880 0.668519 0.576828 0.669255
15 0.715766 0.807079 0.730969 0.830356 0.745523 0.854296 0.769695 0.894894 0.771284 0.895935 0.772206 0.898759 0.789352 0.926269 0.834966 1.000000 0.843354 1.000000 0.800560 0.930875 0.765143 0.875523 0.731591 0.828426
15 0.376143 0.286042 0.378120 0.287106 0.378779 0.284583 0.354208 0.248968 0.352745 0.249852 0.352560 0.250375 0.361180 0.263935
