0 0.483818 0.189477 0.487247 0.186500 0.489169 0.189176 0.494607 0.204046 0.499458 0.216537 0.500714 0.222634 0.500714 0.227690 0.499458 0.237208 0.498622 0.241074 0.499458 0.243306 0.501299 0.244194 0.501969 0.244644 0.502638 0.246574 0.503216 0.250097 0.506862 0.267380 0.506380 0.266634 0.505625 0.267208 0.508349 0.274116 0.507656 0.277667 0.505503 0.283329 0.504776 0.283829 0.504737 0.285532 0.503930 0.287269 0.503003 0.287986 0.500294 0.295750 0.498539 0.299171 0.497000 0.297667 0.495034 0.301162 0.489086 0.298130 0.487724 0.289431 0.488026 0.287991 0.486711 0.283852 0.485901 0.279708 0.485698 0.276829 0.485393 0.264588 0.483661 0.262806 0.482576 0.259431 0.479458 0.256296 0.477018 0.249310 0.476203 0.246176 0.474034 0.243282 0.468612 0.240148 0.464680 0.242319 0.464138 0.250032 0.463828 0.251991 0.463276 0.267898 0.463276 0.267898 0.462831 0.269773 0.462807 0.276625 0.472836 0.295676 0.473029 0.297741 0.471187 0.302380 0.468760 0.304551 0.465440 0.307972 0.463258 0.311676 0.462096 0.312537 0.450984 0.312944 0.447742 0.304481 0.445109 0.300523 0.444096 0.298000 0.442781 0.294759 0.441362 0.290259 0.433060 0.285940 0.432958 0.287560 0.432857 0.289000 0.432115 0.288028 0.431328 0.287250 0.430891 0.286315 0.430714 0.283981 0.430539 0.280718 0.429427 0.280366 0.429818 0.278042 0.429362 0.275370 0.428641 0.273856 0.427987 0.273278 0.427422 0.273056 0.426943 0.272579 0.426812 0.272231 0.425503 0.271995 0.423992 0.262759 0.423802 0.259259 0.423078 0.257060 0.423302 0.253356 0.423641 0.250444 0.423810 0.246931 0.424544 0.244319 0.424828 0.242708 0.424263 0.241306 0.424875 0.234102 0.425047 0.231449 0.425292 0.230324 0.426021 0.229019 0.425958 0.227343 0.426187 0.226102 0.427760 0.225282 0.427466 0.212213 0.427760 0.201194 0.428336 0.197935 0.434049 0.188806 0.437146 0.186917 0.438792 0.186917 0.443919 0.191213 0.469565 0.193458 0.472659 0.194324
10 0.567005 0.397412 0.569818 0.394912 0.570169 0.391995 0.570990 0.390329 0.571810 0.391995 0.572630 0.392412 0.577549 0.387620 0.585049 0.403037 0.583643 0.404287 0.581182 0.405537 0.581065 0.408245 0.581065 0.411370 0.579542 0.411370 0.578018 0.410954 0.576612 0.411162 0.575089 0.408870 0.573802 0.408454 0.572279 0.408454 0.571458 0.408454 0.568529 0.402620 0.567240 0.400537
2 0.370445 0.369565 0.374193 0.366144 0.380977 0.361463 0.381786 0.360023 0.384927 0.356963 0.380672 0.353542 0.379357 0.351560 0.378344 0.350301 0.376318 0.349042 0.374698 0.347060 0.367508 0.347782 0.366495 0.348861 0.365180 0.350481 0.364268 0.351741 0.355862 0.354440
8 0.390443 0.255833 0.386812 0.249218 0.385177 0.246079 0.381385 0.242477 0.380471 0.241079 0.379753 0.240616 0.378510 0.240963 0.375862 0.245759 0.375568 0.247009 0.382604 0.251435 0.386029 0.259444 0.387799 0.262838 0.388648 0.263185 0.388518 0.264352 0.389870 0.267824
2 0.482576 0.259431 0.479458 0.256296 0.477018 0.249310 0.476203 0.246176 0.474034 0.243282 0.468612 0.240148 0.464680 0.242319 0.464138 0.250032 0.479609 0.267500 0.482576 0.264491 0.483661 0.262806
2 0.485393 0.264588 0.483661 0.262806 0.482576 0.264491 0.479661 0.267500 0.480229 0.270167 0.479419 0.271968 0.479115 0.273949 0.480937 0.277912 0.483167 0.282769 0.485495 0.288532 0.487724 0.289431 0.488026 0.287991 0.486711 0.283852 0.485901 0.279708 0.485698 0.276829
2 0.513602 0.336718 0.519792 0.375528 0.521826 0.382972 0.523807 0.382815 0.516948 0.338352
10 0.462831 0.269773 0.472062 0.282157 0.475622 0.289106 0.478560 0.293718 0.481596 0.308301 0.481596 0.308301 0.483549 0.316333 0.462807 0.276625
2 0.326122 0.289273 0.330367 0.318069 0.325625 0.316759 0.321870 0.315407 0.323294 0.311718 0.324914 0.308120 0.324307 0.305958 0.315312 0.302593 0.314578 0.296259 0.319917 0.290968 0.323409 0.288185 0.324724 0.287407 0.325685 0.288338
2 0.462096 0.312537 0.463258 0.311676 0.465440 0.307972 0.475062 0.327273 0.471810 0.333315 0.469062 0.337426 0.464292 0.338583 0.460315 0.333574 0.459406 0.332148 0.457888 0.312741
2 0.559367 0.384671 0.560909 0.388134 0.560779 0.393481 0.561172 0.401269 0.553586 0.407894 0.553456 0.400454 0.553875 0.396644 0.554398 0.394435 0.555510 0.391181 0.557273 0.387574 0.558320 0.385597
10 0.529312 0.452926 0.529266 0.449074 0.528917 0.445028 0.528216 0.440824 0.527167 0.436625 0.526135 0.433671 0.514388 0.448255 0.514648 0.448139 0.514737 0.452185 0.515701 0.455606 0.517362 0.459653 0.518500 0.461519 0.519693 0.460801
10 0.567943 0.377000 0.574620 0.370125 0.576378 0.367833 0.576964 0.367000 0.578253 0.367208 0.579893 0.370125 0.581182 0.374500 0.582120 0.378458 0.582471 0.381375 0.588799 0.393870 0.596320 0.409287 0.594797 0.410120 0.591867 0.411579 0.588940 0.411370 0.577549 0.387620 0.572630 0.392412 0.571810 0.391995 0.570990 0.390329 0.568997 0.382417 0.568294 0.379708 0.567708 0.378250
5 0.314578 0.296259 0.306177 0.300306 0.300401 0.294704 0.294622 0.287856 0.294711 0.285991 0.302063 0.272454 0.303273 0.270032 0.303273 0.267343 0.303727 0.263306 0.304107 0.259273 0.304031 0.256181 0.304786 0.254833 0.308568 0.252144 0.313333 0.250667 0.318857 0.250398 0.321958 0.250667 0.329221 0.245019 0.335234 0.237444 0.328320 0.241176 0.326656 0.241333 0.324995 0.240398 0.324294 0.238843 0.325432 0.238375 0.326219 0.238690 0.332521 0.235111 0.335583 0.233556 0.336898 0.234486 0.337948 0.233398 0.338997 0.231995 0.340224 0.232778 0.340398 0.234019 0.340049 0.236356 0.340310 0.238843 0.340398 0.242269 0.338734 0.247403 0.340224 0.247713 0.340049 0.249736 0.338122 0.249579 0.335839 0.256440 0.332599 0.264532 0.330674 0.269046 0.328750 0.270444 0.326648 0.272000 0.325336 0.272315 0.322534 0.273403 0.320609 0.276981 0.318596 0.281181 0.318859 0.284139 0.320872 0.287560 0.323409 0.288185 0.319917 0.290968
5 0.354456 0.261676 0.353867 0.255042 0.353169 0.251931 0.351417 0.250528 0.349318 0.249440 0.346253 0.248505 0.344065 0.247574 0.342490 0.250065 0.341266 0.251306 0.340039 0.253176 0.338815 0.254574 0.335839 0.256440 0.332599 0.264532 0.330674 0.269046 0.328750 0.270444 0.326648 0.272000 0.325336 0.272315 0.322534 0.273403 0.320609 0.276981 0.318596 0.281181 0.318859 0.284139 0.320872 0.287560 0.323409 0.288185 0.324724 0.287407 0.325685 0.288338 0.326122 0.289273 0.328224 0.289431 0.330937 0.288338 0.332148 0.285269 0.334307 0.280620 0.335484 0.278412 0.336922 0.276787 0.339013 0.275625 0.340648 0.274694 0.342872 0.274227 0.344375 0.274926 0.345945 0.277134 0.346547 0.278412 0.348180 0.277366 0.350076 0.276787 0.351971 0.276435 0.353411 0.275741 0.355307 0.274227 0.356810 0.273995 0.358182 0.273648 0.357792 0.271324 0.357268 0.268417 0.356352 0.266093 0.355633 0.264583 0.354589 0.263306
8 0.366250 0.343144 0.373885 0.341181 0.381211 0.340269 0.381958 0.340269 0.383453 0.345079 0.374698 0.347060 0.367258 0.348065 0.361049 0.348815 0.352742 0.350889 0.349727 0.347546 0.356615 0.345556 0.360339 0.344755
6 0.403047 0.293301 0.408479 0.287657 0.408995 0.288120 0.410440 0.287005 0.412104 0.285523 0.415432 0.282833 0.416096 0.285037 0.415240 0.286292 0.408964 0.294546 0.406740 0.298264 0.406281 0.299662 0.405172 0.301519 0.403318 0.304861 0.398078 0.307773 0.396573 0.303472 0.396742 0.302421
6 0.641273 0.587426 0.640956 0.591722 0.645070 0.608843 0.645070 0.608843 0.645641 0.611407 0.648583 0.621403 0.650836 0.618986 0.651273 0.618676 0.652849 0.621162 0.655313 0.611750 0.652766 0.603972 0.647276 0.584097 0.646823 0.583380 0.645620 0.584301
6 0.554503 0.487394 0.561029 0.501565 0.575661 0.532287 0.573562 0.536486 0.572250 0.537731 0.570753 0.533625 0.556474 0.500681 0.554109 0.494481 0.553914 0.491810 0.553719 0.490532 0.554531 0.488796
8 0.377333 0.239801 0.364583 0.230620 0.347604 0.199310 0.346820 0.199426 0.345839 0.199889 0.345185 0.200935 0.344859 0.202213 0.344794 0.203727 0.344924 0.204653 0.360745 0.235690 0.363857 0.239708 0.367518 0.241338 0.374063 0.246389 0.374198 0.245352
5 0.666693 0.573759 0.666107 0.577718 0.662474 0.596051 0.656383 0.622921 0.653922 0.631671 0.665521 0.610213 0.668099 0.601051 0.668919 0.595843 0.670443 0.592926 0.676922 0.581301 0.682346 0.572907 0.684714 0.569014 0.687513 0.564972 0.690948 0.558699 0.683307 0.547537 0.677943 0.540954 0.677263 0.539472 0.676279 0.538810 0.675599 0.538662 0.674685 0.539472 0.674005 0.540681 0.673255 0.542162 0.672576 0.541764 0.672117 0.540556 0.671438 0.540412 0.670758 0.540556 0.670372 0.541347 0.670523 0.542972 0.671438 0.545389 0.671813 0.547537 0.671732 0.550245 0.671133 0.553995 0.670219 0.558699
10 0.553586 0.407894 0.553065 0.406264 0.551823 0.406148 0.551560 0.407194 0.551299 0.409056 0.550711 0.409287 0.550122 0.409519 0.549273 0.408356 0.548292 0.408009 0.546984 0.408125 0.546201 0.409634 0.546461 0.411380 0.547703 0.411264 0.548880 0.410333 0.549339 0.411380 0.537307 0.423352 0.537438 0.421259 0.536784 0.420912 0.534523 0.423722 0.532602 0.427417 0.533385 0.433579 0.533385 0.438343 0.533190 0.445667 0.544237 0.434394 0.560190 0.418935 0.567432 0.412977 0.566909 0.410255 0.566909 0.407384 0.565029 0.406032 0.564570 0.403477 0.564833 0.402546 0.564112 0.401269 0.563068 0.400338 0.562805 0.400222
2 0.483836 0.355856 0.490083 0.362907 0.496203 0.375440 0.513281 0.408278 0.500208 0.394245 0.496388 0.390269 0.488898 0.379917 0.484513 0.374806 0.480201 0.370500 0.470292 0.358801 0.472112 0.356801 0.474125 0.353690 0.480690 0.361782 0.482266 0.361625 0.483667 0.359759 0.483841 0.356648
2 0.452937 0.324940 0.468370 0.343227 0.467911 0.343579 0.466773 0.344199 0.462846 0.346593 0.454685 0.337713
2 0.435693 0.304301 0.436906 0.304662 0.436779 0.304759 0.437852 0.303958 0.445706 0.313000 0.446021 0.314384 0.446529 0.318347 0.448250 0.317444 0.448755 0.318347 0.448552 0.320324 0.448047 0.321227 0.448047 0.323745 0.448250 0.327708 0.446380 0.323972 0.439641 0.316968 0.433164 0.308569 0.433341 0.306856 0.433779 0.306546 0.434477 0.307477 0.435703 0.307792 0.436141 0.307009
10 0.519010 0.394306 0.521638 0.405519 0.521333 0.405875 0.519310 0.403718 0.518398 0.404074 0.525227 0.418764 0.526482 0.422444 0.526023 0.423722 0.524388 0.424884 0.525729 0.429583 0.526458 0.432407 0.526135 0.433671 0.527167 0.436625 0.528216 0.440824 0.528917 0.445028 0.529266 0.449074 0.529312 0.452926 0.531432 0.452926 0.533060 0.454009 0.533487 0.451606 0.533190 0.445667 0.533385 0.438343 0.533385 0.433579 0.532602 0.427417 0.534523 0.423722 0.531451 0.414190 0.530573 0.413042 0.528625 0.407676 0.527917 0.406625 0.525195 0.403394 0.522857 0.401782
2 0.521826 0.382972 0.529542 0.382972 0.537518 0.382509 0.537320 0.380185 0.537974 0.378324 0.538891 0.377856 0.539414 0.378787 0.538956 0.380301 0.541310 0.380764 0.542552 0.382625 0.543141 0.387736 0.543729 0.392852 0.540466 0.397991 0.529813 0.391347 0.529813 0.390394 0.529958 0.389875 0.530057 0.387269 0.528786 0.384750 0.527714 0.383796 0.526589 0.384838 0.525612 0.384838 0.524635 0.384838 0.523708 0.385097 0.522526 0.385972
2 0.541503 0.437139 0.548516 0.450278 0.545211 0.452384 0.542469 0.452384 0.539341 0.452384 0.535201 0.443361
2 0.500208 0.394245 0.496388 0.390269 0.496867 0.401736 0.497477 0.414880 0.497273 0.421361 0.497477 0.424310 0.497576 0.432593 0.497576 0.439972 0.497273 0.444477 0.497221 0.453343 0.498807 0.452653 0.502031 0.452037 0.500716 0.421972
2 0.432578 0.383333 0.434224 0.394866 0.436227 0.395213 0.438326 0.396602 0.439693 0.398685 0.440573 0.399815 0.442086 0.400509 0.442755 0.401162 0.444690 0.391954 0.441479 0.381231 0.436930 0.378431 0.433628 0.376486 0.432141 0.379444
2 0.414286 0.385667 0.417438 0.387222 0.420063 0.387222 0.422865 0.386912 0.426365 0.385199 0.429341 0.385199 0.432578 0.383333 0.432141 0.379444 0.433628 0.376486 0.433716 0.372907 0.433891 0.371505 0.432115 0.370028 0.431852 0.369718 0.431904 0.368231 0.430792 0.368051 0.429068 0.367514 0.427549 0.367514 0.426638 0.366792 0.426435 0.364810 0.427651 0.363009 0.425534 0.358264 0.424755 0.360056 0.424945 0.362032 0.424563 0.363884 0.423714 0.365176 0.422661 0.365051 0.421875 0.364815 0.420833 0.364940 0.419914 0.367028 0.419398 0.367958 0.418409 0.367958 0.417174 0.368194 0.416578 0.369343 0.416057 0.370903 0.418305 0.371338 0.418451 0.372380 0.417279 0.379236 0.415177 0.383491
2 0.402391 0.338722 0.403573 0.343472 0.404857 0.348852 0.405161 0.350731 0.405388 0.351542 0.404878 0.351343 0.401281 0.349009 0.398016 0.345880 0.398339 0.345056 0.398542 0.343903 0.397359 0.342505 0.395932 0.338361 0.395250 0.337421 0.394646 0.336880 0.393828 0.336134 0.394352 0.333574 0.393763 0.331833 0.393435 0.330787 0.393044 0.328463 0.393370 0.327417 0.394219 0.324977 0.393958 0.321722 0.395135 0.319514 0.395789 0.319977 0.396055 0.321065 0.396966 0.323222 0.398081 0.325745 0.399599 0.330065 0.401018 0.333847 0.401823 0.336667
10 0.522552 0.385880 0.523708 0.385097 0.524635 0.384838 0.525612 0.384838 0.526589 0.384838 0.527714 0.383796 0.528786 0.384750 0.530057 0.387269 0.529958 0.389875 0.529813 0.390394 0.529813 0.391347 0.540214 0.397773 0.539776 0.398727 0.539091 0.398991 0.529862 0.392736 0.529862 0.393694 0.537969 0.401856 0.536698 0.403764 0.529714 0.396125 0.529422 0.397167 0.528982 0.398815 0.527714 0.399944 0.526883 0.400639 0.524747 0.394384
2 0.394820 0.270005 0.399479 0.278287 0.402820 0.282606 0.404766 0.282963 0.406466 0.277208 0.407378 0.278106 0.406263 0.283329 0.409911 0.285255 0.409609 0.283370 0.409531 0.280949 0.410063 0.279204 0.408794 0.252005 0.408594 0.237602 0.405961 0.237963 0.404846 0.239042 0.402315 0.239583 0.400086 0.240120 0.397859 0.241560 0.396237 0.242463 0.395427 0.243542 0.395125 0.253981
10 0.516068 0.315694 0.522570 0.320394 0.520753 0.308694 0.519695 0.302509 0.523250 0.301296 0.522570 0.297398 0.520635 0.297444 0.518635 0.297667 0.514779 0.288523 0.512508 0.283681 0.511297 0.282875 0.510391 0.282065 0.509331 0.282338 0.508953 0.283278 0.508273 0.285028 0.507440 0.287852 0.508802 0.293093 0.502977 0.306676 0.508349 0.310037 0.512130 0.298338 0.513115 0.300222 0.514474 0.308560
10 0.505242 0.249375 0.509323 0.247991 0.511451 0.247269 0.512565 0.245648 0.514185 0.245648 0.514995 0.246370 0.516411 0.247088 0.518133 0.246546 0.519755 0.246370 0.521273 0.247449 0.521982 0.248889 0.523198 0.251407 0.523906 0.250148 0.523703 0.247810 0.525323 0.247088 0.525628 0.251407 0.525424 0.254111 0.528464 0.256088 0.530792 0.257171 0.532211 0.258431 0.533932 0.259870 0.535755 0.258792 0.536969 0.258611 0.538185 0.262931 0.539096 0.264370 0.538490 0.264912 0.536362 0.264551 0.534336 0.264009 0.530792 0.262569 0.528464 0.262213 0.526234 0.261852 0.524513 0.260773 0.522490 0.258792 0.520667 0.257171 0.518539 0.256991 0.515167 0.255676 0.514458 0.254954 0.512940 0.254778 0.511419 0.253875 0.509495 0.253694 0.508281 0.253875 0.507065 0.253875 0.506458 0.252074 0.505852 0.250634
2 0.503216 0.250097 0.506862 0.267380 0.513547 0.282861 0.520635 0.297444 0.520534 0.294384 0.521042 0.290421 0.522357 0.290060 0.524180 0.292222 0.525497 0.293843 0.527419 0.293481 0.529242 0.290963 0.528635 0.289523 0.527219 0.288083 0.525294 0.283403 0.523875 0.280880 0.522661 0.279259 0.522763 0.278000 0.525193 0.276921 0.526508 0.279981 0.526914 0.283222 0.528432 0.283940 0.529852 0.283579 0.530052 0.279981 0.529648 0.278722 0.528130 0.278898 0.527419 0.276019 0.526307 0.272778 0.525497 0.270977 0.525193 0.269181 0.524078 0.267917 0.523167 0.267019 0.522560 0.265579 0.521242 0.265037 0.519927 0.264495 0.519117 0.263778 0.518406 0.263236 0.517495 0.262699 0.516180 0.258556 0.515167 0.255676 0.514458 0.254954 0.512940 0.254778 0.511419 0.253875 0.509495 0.253694 0.508281 0.253875 0.507065 0.253875 0.506458 0.252074 0.505852 0.250634 0.505242 0.249375
10 0.530573 0.413042 0.544630 0.391653 0.547141 0.388852 0.546552 0.387227 0.546552 0.385597 0.546747 0.384088 0.547859 0.381880 0.548578 0.380255 0.548711 0.378625 0.549232 0.377116 0.549625 0.375838 0.550542 0.375954 0.551063 0.376648 0.553547 0.375139 0.555182 0.375139 0.555836 0.375255 0.559367 0.384671 0.558320 0.385597 0.557273 0.387574 0.555510 0.391181 0.554398 0.394435 0.553875 0.396644 0.548253 0.405593 0.547336 0.404662 0.543479 0.410356 0.544133 0.411866 0.534523 0.423722 0.531451 0.414190
10 0.516302 0.368333 0.518620 0.371120 0.524747 0.394384 0.528531 0.405815 0.527917 0.406625 0.525195 0.403394 0.522857 0.401782 0.517107 0.390620 0.515367 0.378380 0.516737 0.373111 0.516271 0.371074
2 0.497536 0.330028 0.515966 0.353435 0.516271 0.364417 0.516271 0.371074 0.515117 0.366269 0.508513 0.355037 0.504766 0.345676 0.502943 0.342435 0.501120 0.340093 0.498690 0.335231
10 0.513281 0.408278 0.497815 0.379116 0.489003 0.360560 0.486818 0.353222 0.480341 0.335644 0.479172 0.335662 0.465440 0.307972 0.468760 0.304551 0.497203 0.360727 0.512172 0.390759 0.525227 0.418764 0.526482 0.422444 0.526023 0.423722 0.524388 0.424884 0.525729 0.429583 0.526458 0.432407 0.526135 0.433671 0.517526 0.412968
10 0.433060 0.285940 0.432958 0.287560 0.432857 0.289000 0.432451 0.292060 0.432349 0.296380 0.432857 0.299801 0.433971 0.303042 0.435693 0.304301 0.436906 0.304662 0.439742 0.302681 0.440552 0.302324 0.442172 0.305921 0.444198 0.307185 0.446021 0.314384 0.446529 0.318347 0.448250 0.317444 0.448755 0.318347 0.448552 0.320324 0.448047 0.321227 0.448047 0.323745 0.448250 0.327708 0.450419 0.340130 0.451661 0.343736 0.451990 0.345361 0.452503 0.350389 0.456552 0.349130 0.454224 0.334009 0.452299 0.320505 0.450984 0.312944 0.447742 0.304481 0.445109 0.300523 0.444096 0.298000 0.442781 0.294759 0.441362 0.290259
2 0.450878 0.353264 0.451107 0.351046 0.460823 0.347620 0.466773 0.344199 0.467911 0.343579 0.475003 0.339843 0.480341 0.335644 0.486818 0.353222 0.485680 0.354625 0.484190 0.354625 0.483841 0.356648 0.483667 0.359759 0.482266 0.361625 0.480690 0.361782 0.474125 0.353690 0.472112 0.356801 0.470292 0.358801 0.468703 0.360148 0.465526 0.362565 0.462891 0.364352 0.459951 0.365236 0.455747 0.367162 0.453036 0.367889 0.451990 0.365352 0.451924 0.363028 0.451857 0.357218
2 0.443294 0.376977 0.441479 0.381231 0.436930 0.378431 0.437367 0.373917 0.432115 0.370028 0.431852 0.369718 0.431904 0.368231 0.432005 0.366431 0.431500 0.361931 0.427044 0.351310 0.425018 0.345366 0.419854 0.334565 0.413945 0.316472 0.413576 0.314944 0.413573 0.313991 0.414682 0.312944 0.415534 0.311667 0.416971 0.311551 0.417141 0.314097 0.418841 0.321301 0.422438 0.331296 0.425182 0.339083 0.427995 0.339083 0.431721 0.339083 0.432898 0.341759 0.434531 0.343616 0.437083 0.346755 0.438979 0.350708 0.441659 0.356171 0.443161 0.362796 0.443161 0.370468 0.442706 0.373606
2 0.623792 0.517412 0.627406 0.521523 0.629221 0.526097 0.630206 0.528514 0.631643 0.533356 0.633383 0.536449 0.637240 0.541426 0.637315 0.542231 0.624862 0.550472 0.624089 0.549630 0.623776 0.535778 0.621430 0.534569 0.619237 0.532954 0.617951 0.531611 0.617117 0.532819 0.616060 0.534569 0.615378 0.532685 0.615453 0.530130 0.616211 0.528111 0.617724 0.527440 0.619010 0.525287 0.621453 0.520810 0.621604 0.518657 0.623354 0.518500
2 0.532904 0.473384 0.539596 0.486347 0.537755 0.486106 0.536443 0.487194 0.534867 0.487037 0.532331 0.484551 0.530318 0.483616 0.528128 0.482213 0.526904 0.481903 0.525065 0.483769 0.525990 0.476963 0.526607 0.471833
2 0.421849 0.299449 0.424857 0.305148 0.425576 0.302819 0.428844 0.306773 0.429695 0.308750 0.430414 0.311190 0.430805 0.313051 0.435383 0.318745 0.436232 0.320486 0.441070 0.326880 0.442508 0.329440 0.445711 0.335134 0.449112 0.338620 0.450419 0.340130 0.451661 0.343736 0.451990 0.345361 0.450878 0.346870 0.449242 0.344898 0.448000 0.345014 0.447477 0.346755 0.448458 0.351755 0.450878 0.353264 0.451857 0.357218 0.451924 0.363028 0.451990 0.365352 0.453036 0.367889 0.452773 0.375347 0.448719 0.387782 0.447281 0.384065 0.444927 0.380694 0.443294 0.376977 0.442706 0.373606 0.443161 0.370468 0.443161 0.362796 0.441659 0.356171 0.438979 0.350708 0.437083 0.346755 0.434531 0.343616 0.432898 0.341759 0.431721 0.339083 0.427995 0.339083 0.425182 0.339083 0.424529 0.330134 0.424005 0.329204 0.423615 0.326417 0.422763 0.311889 0.422568 0.308051
2 0.418867 0.301903 0.419234 0.301194 0.418646 0.298171 0.419430 0.297009 0.421849 0.299449 0.422568 0.308051 0.422763 0.311889 0.423615 0.326417 0.424005 0.329204 0.424529 0.330134 0.425182 0.339083 0.422438 0.331296 0.418841 0.321301 0.417141 0.314097 0.416971 0.311551 0.417234 0.311083 0.417560 0.308875 0.418018 0.307250 0.418477 0.305620
2 0.637315 0.542231 0.636182 0.537981 0.640865 0.537981 0.645299 0.537236 0.645701 0.537907 0.647914 0.545782 0.647305 0.549727 0.641208 0.552935 0.640422 0.551222 0.638932 0.549824 0.637271 0.548731 0.635521 0.548111 0.632982 0.547954 0.631143 0.548421 0.630794 0.549977 0.630794 0.552468 0.631581 0.554181 0.634732 0.554491 0.636307 0.554958 0.636266 0.555824 0.629740 0.560435 0.617445 0.566231 0.615927 0.565458 0.613875 0.562769 0.614010 0.560699 0.615776 0.560116 0.622378 0.553028 0.624862 0.550472
2 0.544146 0.508685 0.545669 0.522019 0.544615 0.533894 0.538990 0.528894 0.539458 0.523269 0.539693 0.519935 0.539693 0.516810 0.540279 0.511602 0.542271 0.509727
2 0.542307 0.496843 0.544029 0.504315 0.544146 0.508685 0.542271 0.509727 0.540279 0.511602 0.537935 0.512644 0.536763 0.513477 0.536411 0.516185 0.535122 0.517644 0.534536 0.518685 0.533326 0.515102 0.532544 0.512227 0.532896 0.504731 0.529969 0.496815 0.531104 0.496528
2 0.530948 0.469255 0.542500 0.475634 0.543724 0.471898 0.541362 0.464273 0.539539 0.463903 0.535896 0.464255 0.533260 0.464088 0.531841 0.463361 0.531234 0.462477 0.530091 0.462801 0.528349 0.463574
2 0.525990 0.476963 0.525065 0.483769 0.524276 0.484394 0.512375 0.473500 0.499339 0.462009 0.497112 0.460569 0.494984 0.459491 0.493263 0.457690 0.491982 0.454986 0.498807 0.452653 0.502031 0.452037 0.502336 0.453657 0.503552 0.456176 0.504766 0.457616 0.506487 0.461218 0.508513 0.463917 0.510437 0.466981 0.512159 0.466981 0.525026 0.476190
2 0.525424 0.497458 0.531104 0.496528 0.542307 0.496843 0.541432 0.493264 0.540469 0.486569 0.537755 0.486106 0.536443 0.487194 0.534867 0.487037 0.532331 0.484551 0.530318 0.483616 0.528128 0.482213 0.526904 0.481903 0.525065 0.483769 0.524891 0.486106 0.523490 0.488287 0.523602 0.495296
2 0.506185 0.499079 0.505880 0.487375 0.505880 0.487199 0.506083 0.485755 0.503552 0.485218 0.501526 0.484134 0.499299 0.482338 0.497880 0.480894 0.497880 0.479097 0.498792 0.478194 0.499602 0.477116 0.500818 0.478917 0.502943 0.480176 0.504159 0.480356 0.505375 0.479273 0.506388 0.478194 0.508411 0.478375 0.510742 0.479097 0.511854 0.478014 0.513578 0.478375 0.514893 0.479273 0.516919 0.480894 0.518742 0.482694 0.520768 0.484134 0.522792 0.485935 0.523490 0.488287 0.523602 0.495296 0.525424 0.497458 0.527247 0.499440 0.529982 0.505199 0.533326 0.515102 0.535047 0.521042 0.536768 0.526264
2 0.627917 0.583704 0.630279 0.577875 0.631854 0.574611 0.632378 0.572273 0.632904 0.568852 0.633516 0.566208 0.634742 0.563718 0.636404 0.562162 0.638068 0.561852 0.639896 0.561648 0.644359 0.562894 0.643232 0.569319 0.642180 0.573208 0.641219 0.572120 0.639992 0.573208 0.639292 0.575074 0.636755 0.578343 0.633427 0.580366
2 0.500208 0.394245 0.517526 0.412968 0.526135 0.433671 0.514388 0.448255 0.514388 0.454917 0.512159 0.466981 0.510437 0.466981 0.508513 0.463917 0.506487 0.461218 0.504766 0.457616 0.503552 0.456176 0.502336 0.453657 0.502031 0.452037 0.500716 0.421972
2 0.463802 0.363704 0.465526 0.362565 0.468703 0.360148 0.470292 0.358801 0.480406 0.370778 0.484513 0.374806 0.484513 0.374806 0.488898 0.379917 0.479518 0.382333 0.467266 0.386370 0.466927 0.380000 0.466068 0.380278 0.466250 0.385602 0.465237 0.385361 0.462544 0.381991 0.462237 0.378537 0.463560 0.377912 0.463383 0.369366 0.464706 0.369519 0.465456 0.371718 0.465237 0.374931 0.465984 0.375718 0.467682 0.377778 0.469760 0.378167 0.471122 0.377495 0.472258 0.376685 0.471729 0.369662 0.470672 0.370213 0.467979 0.368722 0.466667 0.368935 0.465104 0.368056 0.463750 0.367407
8 0.407005 0.308009 0.415174 0.296870 0.424000 0.286412 0.423607 0.281065 0.423870 0.279088 0.424328 0.277111 0.425047 0.275370 0.426812 0.273042 0.426943 0.272579 0.426812 0.272231 0.425503 0.271995 0.420273 0.279204 0.415240 0.286292 0.408964 0.294546 0.406740 0.298264 0.406281 0.299662 0.405172 0.301519 0.406151 0.303843
2 0.401823 0.336667 0.401018 0.333847 0.399599 0.330065 0.398081 0.325745 0.396966 0.323222 0.396055 0.321065 0.395789 0.319977 0.396573 0.319745 0.398078 0.319278 0.399385 0.318699 0.399844 0.317653 0.400758 0.315907 0.404461 0.314222 0.406385 0.314042 0.407094 0.315120 0.407904 0.316741 0.410234 0.317463 0.412156 0.315301 0.413576 0.314944 0.419854 0.334565 0.425018 0.345366 0.427044 0.351310 0.431500 0.361931 0.432005 0.366431 0.431904 0.368231 0.430792 0.368051 0.429068 0.367514 0.427549 0.367514 0.426638 0.366792 0.426435 0.364810 0.427651 0.363009 0.428867 0.361389 0.428664 0.360671 0.418841 0.338528 0.415602 0.331324 0.414690 0.332407 0.409393 0.334056 0.410357 0.328764 0.412633 0.320519 0.413945 0.316472 0.412370 0.317250 0.408781 0.327519 0.407643 0.331565 0.407206 0.334208 0.406331 0.335454 0.403651 0.335824
10 0.386690 0.345972 0.389753 0.348463 0.389578 0.349861 0.390453 0.350486 0.390891 0.349708 0.402794 0.359819 0.404982 0.366199 0.406034 0.367755 0.407609 0.368472 0.409758 0.369079 0.412102 0.369426 0.414201 0.369773 0.415471 0.370208 0.416057 0.370903 0.416578 0.369343 0.417174 0.368194 0.418409 0.367958 0.419398 0.367958 0.419914 0.367028 0.420833 0.364940 0.421875 0.364815 0.422661 0.365051 0.423714 0.365176 0.424563 0.363884 0.424945 0.362032 0.424755 0.360056 0.424167 0.358421 0.423187 0.357037 0.421490 0.355528 0.419328 0.354361 0.417560 0.353657 0.414031 0.353551 0.411154 0.353194 0.408018 0.352384 0.404878 0.351343 0.401281 0.349009 0.398016 0.345880 0.398339 0.345056 0.398542 0.343903 0.397359 0.342505 0.396448 0.342037 0.395661 0.342037 0.395005 0.341338 0.394357 0.340185 0.393570 0.339486 0.392195 0.339250 0.391276 0.339250 0.391083 0.340292 0.387557 0.337741 0.384221 0.336343 0.385000 0.341306
2 0.387094 0.310329 0.388008 0.308236 0.389383 0.307190 0.390820 0.306144 0.392781 0.306144 0.393893 0.306958 0.394940 0.306495 0.394482 0.303356 0.394807 0.302657 0.395854 0.302773 0.396573 0.303472 0.398078 0.307773 0.398797 0.312889 0.399451 0.314051 0.400365 0.314398 0.400758 0.315907 0.399844 0.317653 0.399385 0.318699 0.398078 0.319278 0.396573 0.319745 0.395789 0.319977 0.395135 0.319514 0.393958 0.321722 0.394219 0.324977 0.393370 0.327417 0.393044 0.328463 0.393435 0.330787 0.393763 0.331833 0.394352 0.333574 0.393828 0.336134 0.392323 0.338106 0.389773 0.338227 0.388794 0.337875 0.386964 0.333111 0.385523 0.332296 0.384547 0.331491 0.385000 0.327588 0.385591 0.322301 0.386635 0.321838 0.386310 0.319861 0.385982 0.318815 0.386286 0.316829 0.386513 0.313333
10 0.344065 0.247574 0.345029 0.231343 0.346271 0.231690 0.347448 0.232505 0.349802 0.233315 0.352091 0.233898 0.361440 0.238546 0.365729 0.250509 0.366458 0.252361 0.359086 0.253074 0.357320 0.252028 0.355490 0.250981 0.354247 0.250056 0.351417 0.250528 0.349318 0.249440 0.346253 0.248505
2 0.361255 0.281898 0.361779 0.284162 0.362219 0.285898 0.363539 0.287546 0.364466 0.289889 0.371010 0.299093 0.381411 0.310120 0.383169 0.311944 0.384000 0.306648 0.374771 0.297356 0.370865 0.291801 0.367859 0.288060 0.366617 0.286199 0.364721 0.282481 0.363872 0.280620 0.363086 0.277481 0.362107 0.275972 0.360146 0.277602
10 0.357922 0.283528 0.359805 0.292477 0.359411 0.293407 0.358563 0.294102 0.357844 0.294454 0.358250 0.299519 0.356734 0.299431 0.352974 0.299259 0.352388 0.298389 0.352096 0.297347 0.351852 0.295523 0.351656 0.293787 0.351120 0.293009 0.350339 0.292486 0.348531 0.292315 0.347846 0.292574 0.349018 0.290852 0.350260 0.288759 0.350326 0.287014 0.353083 0.287361 0.353542 0.285620 0.353932 0.283412 0.354784 0.282713 0.356352 0.282944
2 0.343349 0.302296 0.345448 0.306653 0.348951 0.310542 0.351138 0.312565 0.353937 0.317389 0.354813 0.318324 0.358315 0.315991 0.357089 0.313500 0.357789 0.312255 0.359016 0.310079 0.358927 0.306500 0.358315 0.300120 0.352977 0.304940 0.350349 0.306500 0.348513 0.305255 0.347198 0.302606 0.346411 0.299806 0.343609 0.300120
10 0.343081 0.298056 0.345878 0.294685 0.347318 0.293060 0.349018 0.290852 0.350260 0.288759 0.350326 0.287014 0.347188 0.280273 0.345945 0.277134 0.344375 0.274926 0.342872 0.274227 0.340648 0.274694 0.339013 0.275625 0.336922 0.276787 0.335484 0.278412 0.334307 0.280620 0.332148 0.285269 0.329862 0.290731 0.328031 0.293292 0.327901 0.297477 0.330516 0.304565 0.332148 0.301657 0.333065 0.301079 0.334112 0.300495 0.335234 0.299685 0.336216 0.298755
4 0.440232 0.427769 0.437839 0.429157 0.435445 0.430981 0.433393 0.432111 0.424604 0.423431 0.418352 0.417171 0.418451 0.415704 0.418547 0.412315 0.418500 0.410755 0.418695 0.408495 0.418987 0.406759 0.419523 0.405370 0.421284 0.402157 0.422651 0.399815 0.424750 0.397903 0.427630 0.396079 0.432125 0.394866 0.434224 0.394866 0.436227 0.395213 0.438326 0.396602 0.439693 0.398685 0.440573 0.399815 0.442086 0.400509 0.442755 0.401162 0.442302 0.402509 0.442378 0.405468 0.442378 0.408292 0.442680 0.414208 0.442906 0.416227 0.443513 0.419856 0.444268 0.423083 0.438716 0.416917 0.436326 0.413532 0.435542 0.412750 0.434078 0.412662 0.432956 0.413444 0.432956 0.414921 0.434323 0.416398 0.434469 0.417787 0.433443 0.419176 0.433443 0.421606
2 0.459013 0.456690 0.457734 0.455898 0.456070 0.453880 0.455539 0.451190 0.455010 0.447963 0.450849 0.447157 0.448958 0.445407 0.447901 0.442181 0.446841 0.439222 0.445706 0.436667 0.445026 0.433843 0.445328 0.432764 0.445555 0.431824 0.447219 0.433037 0.447445 0.432227 0.447672 0.429806 0.447672 0.427657 0.447445 0.426042 0.444268 0.423083 0.443513 0.419856 0.442906 0.416227 0.442680 0.414208 0.442378 0.408292 0.442378 0.405468 0.442302 0.402509 0.442755 0.401162 0.444042 0.400759 0.445404 0.402509 0.446313 0.404255 0.446539 0.405736 0.446388 0.408157 0.446083 0.411384 0.446008 0.413403 0.446464 0.413806 0.448958 0.411116 0.451000 0.408694 0.452060 0.407481 0.453951 0.413130 0.454935 0.417704 0.454784 0.426713 0.454708 0.429537 0.455464 0.429537 0.455766 0.426579 0.455539 0.423352 0.455919 0.419856 0.457279 0.425773 0.458255 0.429236 0.457732 0.437833 0.457799 0.439810 0.458125 0.441792 0.458167 0.453074 0.458391 0.454176 0.458901 0.455583
2 0.463714 0.412639 0.464013 0.408023 0.464844 0.403852 0.465221 0.401699 0.464315 0.400222 0.462953 0.398606 0.462424 0.397130 0.461591 0.396995 0.460685 0.398875 0.459474 0.400088 0.458036 0.400894 0.456448 0.401968 0.454859 0.403449 0.453497 0.405602 0.452969 0.406139 0.456221 0.416630 0.458490 0.426444 0.458646 0.423074 0.459076 0.421588 0.459794 0.419843 0.460380 0.417870 0.460776 0.415079 0.461234 0.412991 0.462148 0.412407
2 0.493263 0.457690 0.494984 0.459491 0.497112 0.460569 0.499339 0.462009 0.499339 0.465611 0.499602 0.477116 0.498792 0.478194 0.497880 0.479097 0.497880 0.480894 0.499299 0.482338 0.498185 0.484190 0.496464 0.486352 0.494641 0.489231 0.482833 0.478574 0.483339 0.477315 0.491237 0.482176 0.492958 0.482176 0.495289 0.480912 0.495490 0.479111 0.494680 0.477134 0.493568 0.477495 0.492250 0.478213 0.490732 0.478032 0.488706 0.476231 0.486883 0.474431 0.485971 0.472991 0.485870 0.469750 0.486883 0.467773 0.487187 0.465431
2 0.580008 0.548282 0.583453 0.552514 0.595365 0.567356 0.596542 0.574565 0.597065 0.574681 0.597849 0.575380 0.598240 0.577935 0.598240 0.579560 0.598240 0.580958 0.598568 0.582005 0.599026 0.583861 0.599411 0.585116 0.597792 0.585838 0.597893 0.589796 0.597893 0.589796 0.594253 0.579560 0.593404 0.576657 0.586016 0.570032 0.581831 0.566644 0.581427 0.561065 0.581021 0.556565 0.580719 0.553681 0.580617 0.550440
2 0.620292 0.642792 0.617578 0.643569 0.608857 0.620069 0.612034 0.610926 0.612641 0.609444 0.613245 0.609444 0.614758 0.610926 0.615893 0.612676 0.617784 0.614153 0.619065 0.622407 0.619940 0.629565 0.620203 0.636569
10 0.642437 0.631981 0.636133 0.636722 0.631143 0.639523 0.625018 0.641704 0.617578 0.643569 0.619417 0.651662 0.622391 0.652130 0.627906 0.651037 0.630969 0.649792 0.635169 0.647148 0.638758 0.644815 0.645148 0.638745 0.648823 0.635477 0.648474 0.633921 0.647424 0.631588 0.648474 0.629412 0.650224 0.625519 0.651625 0.623032 0.652513 0.622319 0.652849 0.621162 0.651273 0.618676 0.650836 0.618986 0.648583 0.621403 0.645641 0.611407 0.645070 0.608843 0.642794 0.609620 0.641656 0.610708 0.636930 0.620509 0.636404 0.620667 0.636180 0.622958 0.637557 0.625769 0.640148 0.627449 0.641849 0.631051
10 0.635440 0.612884 0.633807 0.628380 0.632370 0.630005 0.630799 0.628028 0.626180 0.623972 0.623451 0.610241 0.624677 0.608685 0.626164 0.607282 0.627914 0.606042 0.629927 0.606352 0.632115 0.608375
10 0.595576 0.463046 0.593648 0.464602 0.591987 0.466778 0.591810 0.468801 0.593281 0.471153 0.594505 0.469750 0.595643 0.469282 0.597396 0.469907 0.599320 0.470528 0.601771 0.472083 0.603695 0.473644 0.606112 0.475398 0.610401 0.469921 0.612151 0.467745 0.613727 0.467435 0.611065 0.463356
2 0.574102 0.462417 0.578026 0.470319 0.576979 0.472181 0.578495 0.472972 0.579109 0.473444 0.579461 0.474380 0.579721 0.479051 0.581122 0.480134 0.581471 0.482153 0.581815 0.484222 0.582516 0.481421 0.582953 0.477843 0.583216 0.474884 0.583479 0.473486 0.584266 0.472861 0.585578 0.473176 0.587242 0.473329 0.588094 0.473343 0.587768 0.472181 0.586852 0.470898 0.585544 0.468806 0.584107 0.466833 0.582995 0.465556 0.581992 0.463486 0.581641 0.462653 0.579138 0.461833 0.578286 0.461718 0.577807 0.460944 0.574878 0.460319 0.573776 0.459741 0.572862 0.459509
2 0.559997 0.442199 0.565388 0.439074 0.568669 0.438032 0.569490 0.435532 0.570310 0.435532 0.570193 0.438241 0.571951 0.438241 0.573708 0.439074 0.575932 0.441782 0.579799 0.445949 0.580971 0.448444 0.581055 0.451819 0.581323 0.454903 0.579799 0.457403 0.577807 0.460944 0.574878 0.460319 0.574643 0.457403 0.576518 0.454694 0.577221 0.451778 0.577104 0.448653 0.574643 0.450319 0.571716 0.451153 0.569372 0.451986 0.567380 0.454069 0.565622 0.455111 0.565036 0.456361 0.563279 0.456778 0.562341 0.457819 0.563440 0.464736 0.562130 0.465819 0.560815 0.467690 0.558977 0.470644 0.557401 0.467375 0.555565 0.465667 0.553638 0.464884 0.551885 0.463801 0.550490 0.462245 0.548914 0.461773 0.547596 0.462556 0.547161 0.464736 0.545914 0.464630 0.543898 0.464444 0.541966 0.464088 0.539539 0.463903 0.535896 0.464255 0.533260 0.464088 0.531841 0.463361 0.530529 0.460843 0.529008 0.458861 0.528901 0.455634 0.529312 0.452926 0.531432 0.452926 0.533060 0.454009 0.535896 0.453278 0.539341 0.452384 0.542469 0.452384 0.545211 0.452384 0.547940 0.450569 0.553003 0.448426 0.554727 0.446611 0.557255 0.443551
10 0.597727 0.427616 0.591951 0.428282 0.588669 0.428282 0.587497 0.428282 0.585740 0.428282 0.583982 0.429949 0.582810 0.432032 0.580586 0.434532 0.580117 0.439116 0.581055 0.451819 0.582109 0.458694 0.581641 0.462653 0.581992 0.463486 0.591365 0.461819 0.593591 0.459736 0.593708 0.452028 0.592536 0.444324 0.592536 0.442032 0.596755 0.442032 0.599685 0.442241 0.603234 0.441366 0.604641 0.439074 0.605930 0.434074 0.606867 0.431366 0.603469 0.428241 0.600539 0.426574
10 0.606112 0.475398 0.610401 0.469921 0.612151 0.467745 0.613727 0.467435 0.614865 0.469611 0.615914 0.472880 0.617404 0.476926 0.618190 0.479102 0.618104 0.480657 0.617141 0.482370 0.613289 0.487037 0.610138 0.490648 0.609352 0.491736 0.608299 0.491736 0.607250 0.489870 0.606724 0.487847 0.605763 0.486134 0.605326 0.484111 0.604974 0.481935 0.604187 0.479292 0.604099 0.477269 0.605148 0.476491
4 0.572536 0.514718 0.572362 0.506472 0.572362 0.501028 0.575865 0.496514 0.578490 0.492468 0.580240 0.490134 0.581029 0.487801 0.581815 0.484222 0.582516 0.481421 0.582953 0.477843 0.583216 0.474884 0.583479 0.473486 0.584266 0.472861 0.585578 0.473176 0.587242 0.473329 0.588992 0.473796 0.590393 0.474264 0.591706 0.473329 0.593281 0.471153 0.594505 0.469750 0.595643 0.469282 0.597396 0.469907 0.599320 0.470528 0.601771 0.472083 0.603695 0.473644 0.606112 0.475398 0.605148 0.476491 0.604099 0.477269 0.604187 0.479292 0.604974 0.481935 0.605326 0.484111 0.605763 0.486134 0.606724 0.487847 0.607250 0.489870 0.608299 0.491736 0.609352 0.491736 0.610138 0.490648 0.610698 0.493403 0.610961 0.503051 0.611487 0.503981 0.612010 0.502426 0.612885 0.503051 0.613062 0.505384 0.612625 0.514875 0.611924 0.518296 0.610872 0.522653 0.612625 0.531991 0.612711 0.534014 0.611398 0.536037 0.608073 0.541171 0.605534 0.543972 0.603609 0.542727 0.601245 0.540861 0.600370 0.538838 0.598094 0.536968 0.595294 0.535880 0.591443 0.539306 0.588878 0.542088 0.585115 0.544111 0.584328 0.543644 0.583539 0.541620 0.582839 0.541935 0.582578 0.544421 0.581964 0.544421 0.581003 0.536019 0.580826 0.533065 0.579977 0.528255 0.578052 0.523278 0.576039 0.521565 0.574201 0.518454
2 0.624862 0.550472 0.615253 0.539662 0.611786 0.535824 0.611398 0.536037 0.608073 0.541171 0.605534 0.543972 0.605641 0.548611 0.605964 0.552005 0.607039 0.553046 0.607917 0.554782 0.608911 0.556630 0.614010 0.560699 0.615776 0.560116 0.622378 0.553028
2 0.622909 0.575269 0.621982 0.574838 0.620125 0.573880 0.618417 0.572755 0.612458 0.566588 0.609823 0.564417 0.607867 0.561727 0.606844 0.557296 0.605768 0.557472 0.604401 0.556171 0.603424 0.554088 0.602057 0.552782 0.599956 0.552005 0.598737 0.550958 0.598102 0.548963 0.599615 0.548528 0.601177 0.549657 0.603815 0.550093 0.605133 0.550352 0.605964 0.552005 0.607039 0.553046 0.607917 0.554782 0.609773 0.557907 0.611190 0.560079 0.613875 0.562769 0.615927 0.565458 0.620664 0.568583 0.621982 0.569454 0.622471 0.567889 0.623885 0.567630 0.625010 0.568412 0.625841 0.569972 0.628867 0.570583 0.630773 0.571972 0.631359 0.572579 0.631854 0.574611 0.630279 0.577875 0.626232 0.577181 0.625792 0.575792 0.624865 0.574750 0.623789 0.574574
10 0.626180 0.623972 0.623451 0.610241 0.621964 0.603861 0.619591 0.593468 0.619161 0.591412 0.617411 0.583324 0.616362 0.582699 0.615224 0.582546 0.612685 0.582546 0.611721 0.583787 0.611766 0.584574 0.610349 0.586019 0.609336 0.586736 0.608255 0.587685 0.607422 0.588750 0.605938 0.590231 0.604844 0.591204 0.603362 0.592856 0.602956 0.595736 0.602753 0.597898 0.601336 0.598977 0.605453 0.609986 0.608857 0.620069 0.612034 0.610926 0.612641 0.609444 0.613245 0.609444 0.614758 0.610926 0.615893 0.612676 0.617784 0.614153 0.618844 0.616306 0.619826 0.618861 0.620281 0.620338 0.620432 0.621282 0.620961 0.622088 0.621794 0.621417 0.624667 0.623699
2 0.572250 0.538356 0.572109 0.544861 0.572109 0.548463 0.574237 0.559625 0.581831 0.566644 0.581427 0.561065 0.581021 0.556565 0.580719 0.553681 0.580617 0.550440 0.580008 0.548282
2 0.556474 0.500681 0.552625 0.508782 0.551815 0.508963 0.550602 0.507884 0.549081 0.506981 0.547057 0.510764 0.546448 0.514185 0.547969 0.521023 0.557081 0.533625 0.565893 0.544250 0.567208 0.540468 0.570753 0.533625
2 0.641482 0.578343 0.637716 0.597792 0.636492 0.603551 0.635440 0.612884 0.632115 0.608375 0.629927 0.606352 0.627914 0.606042 0.626164 0.607282 0.624677 0.608685 0.623451 0.610241 0.621964 0.603861 0.627388 0.587833 0.627826 0.586588 0.636055 0.581301 0.639380 0.578032 0.640604 0.575852
2 0.645797 0.563407 0.647956 0.564102 0.649589 0.564338 0.650896 0.564685 0.651682 0.565731 0.652727 0.566894 0.653643 0.567593 0.654232 0.567472 0.657664 0.565227 0.661294 0.567648 0.664169 0.567245 0.663943 0.568051 0.663263 0.576931 0.662010 0.582815 0.659659 0.581653 0.658219 0.581421 0.655997 0.581306 0.654492 0.580843 0.651029 0.570495 0.648216 0.571079 0.647432 0.571079 0.645927 0.570847 0.644555 0.570032
1 0.427422 0.273056 0.426943 0.272579 0.426812 0.273042 0.425047 0.275370 0.424328 0.277111 0.423870 0.279088 0.423607 0.281065 0.424000 0.286412 0.424635 0.293981 0.424036 0.297917 0.423906 0.301389 0.424857 0.305148 0.425576 0.302819 0.428844 0.306773 0.430859 0.307037 0.432578 0.306667 0.433779 0.306546 0.434477 0.307477 0.435703 0.307792 0.436141 0.307009 0.435693 0.304301 0.433971 0.303042 0.432857 0.299801 0.432349 0.296380 0.432451 0.292060 0.432857 0.289000 0.432115 0.288028 0.431328 0.287250 0.430891 0.286315 0.430714 0.283981 0.430539 0.280718 0.429427 0.280366 0.428120 0.282806 0.428120 0.282806 0.425047 0.286412 0.424654 0.282458 0.424784 0.280829 0.425112 0.278741 0.425635 0.276995 0.425635 0.276995
2 0.363151 0.321250 0.364456 0.330222 0.364818 0.332454 0.369221 0.332241 0.371490 0.332912 0.373078 0.333046 0.376255 0.331704 0.377216 0.331213 0.376284 0.327398 0.377591 0.322833 0.378852 0.320926 0.380391 0.321259 0.381276 0.322088 0.381719 0.319370 0.382315 0.316306 0.375122 0.318389
2 0.665523 0.554069 0.664547 0.563616 0.663943 0.568051 0.663263 0.576931 0.658648 0.598042 0.650099 0.632199 0.648435 0.637847 0.649344 0.639463 0.653922 0.631671 0.656383 0.622921 0.662474 0.596051 0.666107 0.577718 0.666693 0.573759 0.668151 0.567546 0.668852 0.561199 0.670141 0.551787 0.669841 0.550977 0.668779 0.550042 0.667497 0.549639 0.666885 0.551389 0.666281 0.553537
1 0.653411 0.531065 0.658760 0.510009 0.662445 0.496236 0.661133 0.495458 0.655760 0.515565 0.652448 0.528782 0.651875 0.531111 0.649870 0.536250 0.649349 0.538102 0.647914 0.545782 0.647914 0.545782 0.645323 0.559468 0.644359 0.562894 0.643232 0.569319 0.642180 0.573208 0.641482 0.578343 0.637716 0.597792 0.636492 0.603551 0.636492 0.603551 0.635440 0.612884 0.633807 0.628380 0.633518 0.632079 0.634456 0.633634 0.634896 0.634028 0.636404 0.620667 0.638505 0.604796 0.640956 0.591722 0.641273 0.587426 0.643031 0.579176 0.643221 0.578167 0.644555 0.570032 0.645797 0.563407 0.646661 0.558708 0.648911 0.547412 0.650049 0.541653 0.650469 0.539727 0.650383 0.539125 0.652271 0.534421
10 0.475602 0.269519 0.477526 0.276181 0.478943 0.279421 0.485930 0.294727 0.490487 0.305889 0.495654 0.318671 0.498690 0.335231 0.501120 0.340093 0.502943 0.342435 0.504766 0.345676 0.508513 0.355037 0.515117 0.366269 0.516737 0.373111 0.514508 0.380852 0.513495 0.381931 0.511268 0.382111 0.493141 0.345565 0.485141 0.322162 0.481596 0.308301 0.478560 0.293718 0.475622 0.289106 0.471005 0.279944 0.463276 0.267898 0.463828 0.251991 0.474531 0.263935
2 0.653411 0.531065 0.658172 0.536838 0.658927 0.537648 0.660062 0.537782 0.661500 0.537648 0.662557 0.537782 0.662708 0.540338 0.661953 0.542894 0.660289 0.546523 0.659229 0.548134 0.658776 0.550690 0.657867 0.552708 0.657490 0.553245 0.653253 0.548000 0.652573 0.548810 0.651438 0.545449 0.651742 0.544505 0.652724 0.543431 0.653784 0.542625 0.654086 0.540741 0.653406 0.537782 0.652271 0.534421
2 0.690443 0.557894 0.698807 0.539815 0.704711 0.526102 0.688070 0.501620 0.686862 0.500819 0.685799 0.501620 0.685500 0.501894 0.679367 0.509426 0.677628 0.511579 0.677177 0.512921 0.676724 0.515745 0.669690 0.532421 0.662276 0.551116 0.665523 0.554069 0.666281 0.553537 0.666885 0.551389 0.667497 0.549639 0.668779 0.550042 0.669841 0.550977 0.670141 0.551787 0.668852 0.561199 0.668151 0.567546 0.670219 0.558699 0.671133 0.553995 0.671732 0.550245 0.671813 0.547537 0.671438 0.545389 0.670523 0.542972 0.670372 0.541347 0.670758 0.540556 0.671438 0.540412 0.672117 0.540556 0.672576 0.541764 0.673255 0.542162 0.674005 0.540681 0.674685 0.539472 0.675599 0.538662 0.676279 0.538810 0.677263 0.539472 0.677943 0.540954 0.683307 0.547537
2 0.346547 0.278412 0.348180 0.277366 0.350076 0.276787 0.351971 0.276435 0.353411 0.275741 0.355307 0.274227 0.356810 0.273995 0.358182 0.273648 0.357792 0.271324 0.357268 0.268417 0.356352 0.266093 0.355633 0.264583 0.354589 0.263306 0.354456 0.261676 0.357987 0.262838 0.359557 0.263884 0.361714 0.265394 0.362497 0.267255 0.363872 0.269810 0.365768 0.271093 0.367141 0.272139 0.368055 0.273648 0.371979 0.275157 0.372568 0.276787 0.371846 0.278644 0.370016 0.278644 0.369297 0.284227 0.368773 0.286898 0.367859 0.288060 0.366617 0.286199 0.364721 0.282481 0.363872 0.280620 0.363086 0.277481 0.362107 0.275972 0.360146 0.277602 0.361255 0.281898 0.360341 0.283181 0.358969 0.283528 0.357922 0.283528 0.356352 0.282944 0.354784 0.282713 0.353932 0.283412 0.353542 0.285620 0.353083 0.287361 0.350326 0.287014 0.347188 0.280273
2 0.475633 0.394606 0.488057 0.389676 0.496867 0.401736 0.497477 0.414880 0.497273 0.421361 0.493456 0.422509 0.493659 0.416389 0.491633 0.412250 0.491023 0.416208 0.489708 0.415671 0.490214 0.407750 0.489102 0.407028 0.487380 0.406667 0.485961 0.406130 0.481102 0.401630 0.479885 0.399829 0.479378 0.397667 0.477961 0.397306 0.477354 0.398389 0.475430 0.397486
2 0.401901 0.367963 0.404286 0.367866 0.407609 0.368472 0.409758 0.369079 0.412102 0.369426 0.414201 0.369773 0.415471 0.370208 0.416057 0.370903 0.418305 0.371338 0.418451 0.372380 0.417279 0.379236 0.415177 0.383491 0.412737 0.389481 0.410198 0.397384 0.407266 0.406065 0.404872 0.403722 0.403164 0.400333 0.402479 0.399292 0.401651 0.399120 0.400859 0.399352 0.400391 0.400093 0.392372 0.391306 0.383044 0.382190 0.383630 0.380278 0.388073 0.375157 0.390612 0.372727 0.391589 0.372292 0.392323 0.372380 0.394177 0.374028 0.394568 0.374981 0.394617 0.377412 0.394763 0.379412 0.395008 0.379931 0.395497 0.378630 0.395643 0.376458 0.395594 0.374722 0.394911 0.372551 0.394326 0.371685 0.394177 0.370903 0.394716 0.370556 0.399698 0.368296
2 0.604992 0.455944 0.609911 0.461361 0.613727 0.467435 0.619169 0.475319 0.623271 0.482815 0.625029 0.485106 0.627839 0.486565 0.633815 0.489690 0.638737 0.493023 0.641432 0.495523 0.644008 0.501773 0.646000 0.504690 0.648695 0.503648 0.650922 0.501148 0.651391 0.498856 0.651589 0.494398 0.650219 0.493856 0.648695 0.492606 0.647523 0.489481 0.646586 0.487606 0.644594 0.488440 0.643307 0.489273 0.642135 0.488440 0.640964 0.482606 0.638034 0.473236 0.638034 0.469486 0.637917 0.466778 0.636745 0.465736 0.636159 0.464069 0.634753 0.459486 0.633464 0.456986 0.631471 0.454278 0.629010 0.451778 0.627839 0.450319 0.622568 0.440741 0.620458 0.436157 0.618935 0.433866 0.618701 0.430741 0.619286 0.421782 0.619872 0.417616 0.619404 0.413454 0.617294 0.410329 0.614716 0.410537 0.611669 0.410537 0.609091 0.411370 0.607219 0.412620 0.606047 0.411370 0.604523 0.408662 0.603117 0.408037 0.600656 0.408037 0.598898 0.408662 0.596320 0.409287 0.594797 0.410120 0.591867 0.411579 0.588940 0.411370 0.586714 0.411787 0.587182 0.416157 0.591284 0.418657 0.594797 0.420532 0.597141 0.423241 0.597727 0.427616 0.600539 0.426574 0.603469 0.428241 0.606867 0.431366 0.605930 0.434074 0.604641 0.439074 0.603234 0.441366 0.604523 0.444074 0.605578 0.446569 0.605695 0.450111
2 0.317927 0.314060 0.349727 0.347546 0.350333 0.345384 0.349828 0.342324 0.348917 0.340523 0.344607 0.334315 0.343849 0.332028 0.342260 0.330144 0.339766 0.327319 0.338706 0.325704 0.337721 0.323690 0.337000 0.323046 0.335693 0.321769 0.334974 0.320838 0.331294 0.318199 0.325625 0.316759
2 0.496924 0.326088 0.510401 0.335255 0.521648 0.340255 0.528680 0.342963 0.531958 0.349213 0.537583 0.355875 0.543326 0.361500 0.544263 0.361292 0.545435 0.359625 0.545669 0.357542 0.544497 0.356083 0.539927 0.338796 0.538990 0.334838 0.522570 0.320394 0.516068 0.315694 0.508349 0.310037 0.502977 0.306676 0.495034 0.301162 0.486615 0.296926 0.490487 0.305889 0.495654 0.318671
2 0.469693 0.463319 0.468224 0.462014 0.464833 0.459801 0.463477 0.459301 0.461839 0.458699 0.460766 0.458194 0.459013 0.456690 0.458901 0.455583 0.458391 0.454176 0.458167 0.453074 0.458125 0.441792 0.457799 0.439810 0.457732 0.437833 0.458255 0.429236 0.458646 0.423074 0.459076 0.421588 0.459794 0.419843 0.460380 0.417870 0.460776 0.415079 0.461234 0.412991 0.462148 0.412407 0.463714 0.412639 0.466659 0.413917 0.467703 0.414727 0.469206 0.415310 0.471495 0.416014 0.474372 0.416940 0.477841 0.418213 0.479672 0.419269 0.483724 0.421588 0.485883 0.422282 0.486339 0.423801 0.486271 0.425657 0.486797 0.427167 0.487448 0.430421 0.487646 0.438556 0.487516 0.449838
2 0.487888 0.452269 0.487435 0.461509 0.487187 0.465431 0.486883 0.467773 0.485870 0.469750 0.485063 0.469949 0.479807 0.468139 0.475344 0.466333 0.471445 0.464523
2 0.572544 0.509870 0.567008 0.500426 0.565878 0.497815 0.564690 0.495102 0.564237 0.494500 0.563503 0.495204 0.562826 0.495907 0.562034 0.495704 0.561073 0.494199 0.560792 0.492088 0.559378 0.489477 0.558135 0.489477 0.556271 0.486963 0.556383 0.484153 0.556893 0.482644 0.557174 0.479329 0.556497 0.477523 0.555198 0.475009 0.553841 0.474106 0.552258 0.472602 0.548214 0.467375 0.547161 0.464736 0.547596 0.462556 0.548914 0.461773 0.550490 0.462245 0.551885 0.463801 0.553638 0.464884 0.555565 0.465667 0.557401 0.467375 0.558977 0.470644 0.560815 0.467690 0.562130 0.465819 0.563440 0.464736 0.564401 0.466130 0.565719 0.465509 0.565628 0.464421 0.567120 0.464736 0.567464 0.467218 0.567729 0.469708 0.568781 0.471736 0.572719 0.472819 0.576146 0.471991 0.578495 0.472972 0.579109 0.473444 0.579461 0.474380 0.579721 0.479051 0.581122 0.480134 0.581471 0.482153 0.581815 0.484222 0.581029 0.487801 0.580240 0.490134 0.578490 0.492468 0.575865 0.496514 0.572362 0.501028 0.572362 0.506472
2 0.344607 0.334315 0.346271 0.334315 0.347859 0.335120 0.349297 0.336329 0.350430 0.337273 0.352018 0.338616 0.352927 0.338884 0.353607 0.337944 0.354440 0.336866 0.355727 0.336866 0.356784 0.338079 0.357617 0.338616 0.358979 0.337944 0.359659 0.337139 0.359583 0.335255 0.359432 0.333773 0.359508 0.332699 0.362383 0.333102 0.361703 0.326245 0.360794 0.325843 0.358828 0.324630 0.357844 0.323019 0.345742 0.325301 0.345362 0.323690 0.345438 0.322745 0.356938 0.320866 0.356784 0.319787 0.355273 0.318713 0.353003 0.317639 0.348995 0.315083 0.347633 0.314273 0.344984 0.313199 0.343464 0.312778 0.343471 0.314546 0.343169 0.315889 0.342109 0.317907 0.340445 0.320194 0.339234 0.322074 0.338706 0.322745 0.337951 0.323421 0.337721 0.323690 0.338706 0.325704 0.339766 0.327319 0.342260 0.330144 0.343849 0.332028
2 0.636542 0.494176 0.633831 0.497551 0.632339 0.498995 0.637763 0.511528 0.639797 0.517315 0.641964 0.521171 0.644406 0.525750 0.649349 0.538102 0.649870 0.536250 0.651875 0.531111
2 0.343081 0.298056 0.343604 0.298986 0.343464 0.312778 0.343471 0.314546 0.343169 0.315889 0.342109 0.317907 0.340445 0.320194 0.339234 0.322074 0.338706 0.322745 0.337951 0.323421 0.337721 0.323690 0.337000 0.323046 0.335693 0.321769 0.334974 0.320838 0.334779 0.305611 0.335367 0.307120 0.336346 0.309213 0.337328 0.309444 0.337852 0.308282 0.335628 0.303519 0.337130 0.303750 0.337719 0.302704 0.337654 0.301542 0.336805 0.300847 0.335758 0.300495 0.335234 0.299685 0.336216 0.298755
2 0.368773 0.267722 0.367859 0.263653 0.367664 0.259935 0.368318 0.257491 0.369625 0.256681 0.370016 0.254236 0.370669 0.252843 0.371521 0.252611 0.373023 0.253190 0.373352 0.253542 0.373089 0.257606 0.373089 0.260630 0.373810 0.263884 0.374659 0.266440 0.374135 0.267139 0.374984 0.269694 0.375508 0.271787 0.377013 0.272139 0.378451 0.273995 0.379169 0.275972 0.379104 0.279574 0.378711 0.280505 0.378122 0.281435 0.377078 0.281204 0.375706 0.279574 0.373154 0.275042 0.371586 0.272139 0.370474 0.270625
2 0.624240 0.585968 0.618724 0.579120 0.606208 0.563250 0.588878 0.542088 0.585115 0.544111 0.584328 0.543644 0.583539 0.541620 0.582839 0.541935 0.582578 0.544421 0.581964 0.544421 0.581003 0.536019 0.580826 0.533065 0.579688 0.531199 0.577852 0.529796 0.576539 0.529639 0.575924 0.531199 0.575661 0.532287 0.573562 0.536486 0.572250 0.537731 0.572250 0.538356 0.583453 0.552514 0.603146 0.576944 0.609271 0.584102 0.611721 0.583787 0.612685 0.582546 0.615224 0.582546 0.616362 0.582699 0.617411 0.583324 0.619161 0.591412 0.621000 0.588926
2 0.389128 0.352856 0.389911 0.352394 0.391677 0.352741 0.392724 0.353556 0.394685 0.352856 0.399453 0.356944 0.399784 0.359597 0.395396 0.366690 0.395141 0.369361 0.395141 0.370292 0.394716 0.370556 0.394177 0.370903 0.394326 0.371685 0.394911 0.372551 0.395594 0.374722 0.395643 0.376458 0.395497 0.378630 0.395008 0.379931 0.394763 0.379412 0.394617 0.377412 0.394568 0.374981 0.394177 0.374028 0.392323 0.372380 0.392029 0.369653 0.391346 0.364005 0.390667 0.357551
2 0.306177 0.300306 0.308003 0.300019 0.324307 0.305958 0.324914 0.308120 0.323294 0.311718 0.321771 0.315231 0.317927 0.314060
10 0.644555 0.570032 0.643221 0.578167 0.651852 0.587231 0.651917 0.588514 0.651263 0.588977 0.650349 0.588630 0.647276 0.584097 0.652766 0.603972 0.658651 0.591884 0.659896 0.592454 0.662010 0.582815 0.659659 0.581653 0.658219 0.581421 0.655997 0.581306 0.654492 0.580843 0.651029 0.570495 0.648216 0.571079 0.647432 0.571079 0.645927 0.570847
2 0.570568 0.459301 0.567734 0.453981 0.565622 0.455111 0.565036 0.456361 0.563911 0.456653 0.565628 0.464421 0.567120 0.464736 0.567464 0.467218 0.567729 0.469708 0.568781 0.471736 0.572719 0.472819 0.576260 0.472069
2 0.617784 0.614153 0.619065 0.622407 0.619940 0.629565 0.620203 0.636569 0.620292 0.642792 0.625018 0.641704 0.628906 0.640370 0.630794 0.637968 0.631932 0.635792 0.632370 0.633458 0.632370 0.630005 0.630799 0.628028 0.626180 0.623972 0.624667 0.623699 0.621794 0.621417 0.620961 0.622088 0.620432 0.621282 0.620281 0.620338 0.619826 0.618861 0.618844 0.616306
10 0.390667 0.357551 0.391346 0.364005 0.392029 0.369653 0.392323 0.372380 0.391589 0.372292 0.390612 0.372727 0.388073 0.375157 0.383630 0.380278 0.383044 0.382190 0.382044 0.379606 0.381740 0.377319 0.382120 0.376111 0.383708 0.374630 0.384086 0.373421 0.383328 0.370597 0.382951 0.367505 0.383555 0.365352 0.384841 0.364273 0.386885 0.364273 0.388245 0.364273 0.386961 0.356880 0.386430 0.354324 0.384161 0.346926 0.381664 0.339801 0.380378 0.335898 0.379849 0.333750 0.379622 0.332403 0.379773 0.329444 0.381719 0.319370 0.384547 0.303384 0.384773 0.301500 0.386432 0.303102 0.386969 0.301769 0.387573 0.299213 0.387271 0.295986 0.386513 0.292625 0.386060 0.290204 0.386135 0.278907 0.388633 0.278505 0.389539 0.284958 0.389974 0.290324 0.389237 0.300694 0.388708 0.303921 0.387346 0.308759 0.386513 0.313333 0.386286 0.316829 0.385000 0.327588 0.384547 0.331491 0.384018 0.334852 0.385000 0.341306 0.387271 0.347088
2 0.525130 0.456204 0.519693 0.460801 0.512159 0.466981 0.525026 0.476190 0.525990 0.476963 0.526607 0.471833 0.532904 0.473384 0.528349 0.463574 0.530091 0.462801 0.531234 0.462477 0.530529 0.460843 0.529008 0.458861 0.528901 0.455634 0.529312 0.452926
2 0.553357 0.496361 0.554109 0.494481 0.553914 0.491810 0.553719 0.490532 0.554531 0.488796 0.554503 0.487394 0.553065 0.483907 0.552148 0.483324 0.552148 0.484486 0.551690 0.485301 0.549927 0.485301 0.549206 0.483440 0.548815 0.482162 0.544500 0.472514 0.543724 0.471898 0.542500 0.475634 0.533646 0.470773 0.541557 0.484486 0.542474 0.486810 0.545737 0.488977 0.546667 0.488718
5 0.297013 0.203889 0.288721 0.187306 0.294810 0.183389 0.308674 0.177398 0.311911 0.175097 0.316057 0.171644 0.321370 0.171644 0.331484 0.192037 0.343005 0.212407 0.357388 0.241662 0.371185 0.271329 0.373984 0.280079 0.374555 0.283259 0.376224 0.285444 0.376458 0.288046 0.372870 0.284847 0.369734 0.282472 0.366146 0.278491 0.361979 0.280648 0.359266 0.284731 0.335143 0.254995 0.306938 0.217222
5 0.357547 0.158755 0.356435 0.154731 0.355596 0.153046 0.355523 0.149398 0.359219 0.149204 0.362883 0.148806 0.362883 0.147792 0.358784 0.143718 0.358755 0.142060 0.361227 0.140282 0.364388 0.132481 0.363685 0.130005 0.362427 0.128514 0.362516 0.125519 0.365508 0.125852 0.372786 0.132907 0.378664 0.138218 0.384917 0.144190 0.389536 0.148009 0.395753 0.153481 0.403409 0.161954 0.415229 0.173750 0.423760 0.180292 0.433701 0.189894 0.442901 0.199713 0.447419 0.204171 0.447044 0.206278 0.448794 0.213167 0.449609 0.219051 0.456609 0.225056 0.455227 0.227278 0.454115 0.228287 0.453177 0.229907 0.451172 0.228051 0.449734 0.227046 0.447943 0.231296 0.446706 0.239412 0.439331 0.231185 0.439766 0.240181 0.440266 0.249509 0.434219 0.242505 0.424984 0.232806 0.411701 0.218213 0.396148 0.201894 0.379083 0.182597 0.362451 0.164551
5 0.384917 0.144190 0.377315 0.135782 0.371388 0.129644 0.368401 0.126907 0.368401 0.125662 0.370081 0.123171 0.374234 0.120435 0.375401 0.119190 0.376521 0.112801 0.377409 0.110560 0.381047 0.102597 0.383055 0.102264 0.383570 0.102500 0.384411 0.103250 0.410234 0.129417 0.441930 0.159255 0.468906 0.185454 0.466456 0.189551 0.466456 0.189551 0.465057 0.192620 0.463003 0.198014 0.461883 0.200171 0.461229 0.200088 0.460622 0.199009 0.459596 0.200333 0.460016 0.202412 0.458661 0.206560 0.456328 0.208051 0.456281 0.209546 0.454010 0.212546 0.447419 0.204171 0.442901 0.199713 0.433701 0.189894 0.423760 0.180292 0.415229 0.173750 0.403409 0.161954 0.395753 0.153481 0.389536 0.148009
5 0.464870 0.234852 0.462633 0.232213 0.459487 0.232356 0.457607 0.233384 0.456609 0.233602 0.453638 0.235727 0.452146 0.237019 0.450979 0.238903 0.451461 0.240102 0.462190 0.251861 0.474815 0.265917 0.494823 0.288435 0.498818 0.293671 0.507609 0.302417 0.525440 0.323931 0.533424 0.333111 0.534596 0.334616 0.535724 0.338417 0.535951 0.339593 0.531870 0.341514 0.530984 0.342181 0.531474 0.344005 0.539958 0.353324 0.541630 0.352431 0.541044 0.350500 0.541044 0.345296 0.543135 0.343958 0.546984 0.349014 0.548823 0.347676 0.548992 0.343065 0.552003 0.347676 0.554094 0.347227 0.554010 0.342917 0.556518 0.331167 0.559279 0.325815 0.562307 0.327806 0.563315 0.327157 0.562786 0.326019 0.559375 0.322639 0.557318 0.320694 0.553078 0.316412 0.551865 0.314755 0.550130 0.314398 0.547383 0.311681 0.544583 0.314171 0.542344 0.311602 0.540198 0.310602 0.538469 0.311185 0.536695 0.311269 0.514576 0.287454 0.489557 0.260986
5 0.451461 0.240102 0.449839 0.242657 0.446706 0.239412 0.439331 0.231185 0.439766 0.240181 0.440266 0.249509 0.440211 0.252102 0.437727 0.253926 0.434974 0.255463 0.433948 0.257000 0.436797 0.259120 0.445964 0.269815 0.464237 0.290875 0.480622 0.308231 0.488049 0.313931 0.500633 0.331287 0.511859 0.346162 0.517961 0.354032 0.521133 0.351491 0.526328 0.345542 0.531870 0.341514 0.535951 0.339593 0.535724 0.338417 0.534596 0.334616 0.533424 0.333111 0.525440 0.323931 0.507609 0.302417 0.498818 0.293671 0.494823 0.288435 0.474815 0.265917 0.462190 0.251861
