0 0.551885 0.545375 0.555120 0.556130 0.559109 0.565380 0.563271 0.571236 0.570036 0.574319 0.574547 0.579870 0.575240 0.586347 0.576628 0.592204 0.594492 0.604847 0.604167 0.621713 0.604313 0.630171 0.604229 0.637310 0.605148 0.651435 0.602305 0.662884 0.599505 0.668194 0.591104 0.656222 0.591104 0.649653 0.589984 0.643681 0.586625 0.635917 0.580690 0.629148 0.572516 0.625963 0.567432 0.623917 0.563849 0.622759 0.562844 0.627495 0.563594 0.632824 0.565542 0.636556 0.569289 0.650944 0.571539 0.678662 0.571966 0.685185 0.557063 0.665856 0.550719 0.657546 0.539818 0.642366 0.538138 0.654111 0.510945 0.609639 0.507057 0.600884 0.509784 0.597940 0.515159 0.599787 0.519148 0.597940 0.520708 0.589921 0.524005 0.586222 0.526432 0.583755 0.526607 0.579745 0.524698 0.573579 0.526953 0.573273 0.529729 0.571731 0.531932 0.567486 0.533099 0.555741 0.532839 0.547218 0.535430 0.541000 0.539448 0.536625 0.541130 0.533171 0.544240 0.528565 0.547221 0.525801 0.550589 0.528333 0.550135 0.534833
2 0.480216 0.436954 0.473445 0.426403 0.478711 0.424315 0.483253 0.444634 0.490633 0.476444 0.492146 0.482310 0.479951 0.464417 0.479565 0.460458 0.474919 0.453236 0.472112 0.447903 0.471823 0.445319 0.473919 0.442444 0.476607 0.439000 0.478229 0.437333
5 0.455799 0.395458 0.456112 0.403231 0.456049 0.409898 0.454237 0.411343 0.454404 0.412977 0.471823 0.445319 0.473919 0.442444 0.476607 0.439000 0.478229 0.437333 0.480216 0.436954 0.473445 0.426403 0.478711 0.424315 0.470516 0.388412 0.470643 0.387611 0.470164 0.385472 0.468258 0.385472 0.465909 0.387060 0.464904 0.390046 0.463560 0.392435 0.461768 0.394023 0.459193 0.395023
5 0.518203 0.412463 0.522760 0.419616 0.525354 0.423037 0.528281 0.426454 0.519833 0.442514 0.519359 0.440995 0.514523 0.414694 0.517953 0.413356
5 0.501833 0.530130 0.517414 0.553847 0.529729 0.571731 0.526953 0.573273 0.524698 0.573579 0.526607 0.579745 0.526432 0.583755 0.524005 0.586222 0.520708 0.589921 0.519148 0.597940 0.515159 0.599787 0.509784 0.597940 0.494693 0.577282 0.476828 0.543671 0.479672 0.540352 0.481940 0.537259 0.478763 0.532819 0.479747 0.530801 0.485344 0.524079 0.485951 0.523810 0.489656 0.527977 0.495026 0.523139 0.496141 0.523241 0.500667 0.531375
5 0.563849 0.622759 0.599505 0.668194 0.643388 0.726731 0.644477 0.729171 0.642266 0.732176 0.636005 0.738852 0.635078 0.738708 0.633706 0.734981 0.629430 0.739208 0.631406 0.744375 0.628706 0.748032 0.624188 0.753481 0.621927 0.758718 0.621122 0.759144 0.614182 0.748102 0.599740 0.725000 0.598672 0.721116 0.571539 0.678662 0.569289 0.650944 0.565542 0.636556 0.563594 0.632824 0.562844 0.627495
5 0.539818 0.642366 0.557063 0.665856 0.575987 0.691139 0.598542 0.720907 0.599740 0.725000 0.600182 0.731500 0.601750 0.742394 0.599443 0.754236 0.594724 0.771667 0.590167 0.781315 0.584919 0.787690 0.582549 0.789093 0.581245 0.788787 0.569266 0.769829 0.552135 0.702088 0.542953 0.665060 0.538138 0.654111
5 0.572516 0.625963 0.580690 0.629148 0.586625 0.635917 0.589984 0.643681 0.591104 0.649653 0.591104 0.656222 0.572068 0.629148
5 0.521062 0.522528 0.521193 0.532204 0.518214 0.533583 0.515492 0.538421 0.513549 0.540722 0.510180 0.540954 0.501833 0.530130 0.502370 0.528472 0.500839 0.525727 0.501927 0.524537 0.502427 0.521713 0.502510 0.519778 0.503096 0.515171 0.506615 0.523153 0.506615 0.528287 0.507141 0.529375 0.507664 0.529375 0.515938 0.525139 0.517992 0.523463
5 0.421437 0.422343 0.434247 0.443778 0.462750 0.491458 0.473372 0.512880 0.474279 0.521171 0.474021 0.524625 0.473242 0.527389 0.470133 0.527157 0.459122 0.510116 0.415589 0.429269 0.415500 0.427144
5 0.469401 0.342222 0.473734 0.350153 0.474849 0.350153 0.475581 0.349097 0.478789 0.337819 0.483844 0.334037 0.487161 0.332407 0.489247 0.330259 0.490328 0.326847 0.491130 0.324926 0.490992 0.324245 0.485443 0.315185 0.483203 0.315602 0.481594 0.325000 0.480299 0.331338 0.476844 0.333352
5 0.483203 0.315602 0.481594 0.325000 0.480299 0.331338 0.476844 0.333352 0.469401 0.342222 0.458753 0.352843 0.456224 0.356111 0.454896 0.356667 0.452734 0.353148 0.452943 0.352546 0.455568 0.344870 0.455135 0.343046 0.453732 0.340458 0.454641 0.336347 0.455581 0.336014 0.457133 0.334889 0.458159 0.334792 0.459724 0.333931 0.460589 0.335847 0.461292 0.335176 0.462695 0.332009 0.467664 0.327019 0.470255 0.325097 0.475331 0.320199
5 0.454404 0.412977 0.471823 0.445319 0.472112 0.447903 0.474919 0.453236 0.479565 0.460458 0.479951 0.464417 0.492146 0.482310 0.497687 0.502926 0.497565 0.504676 0.494372 0.514139 0.442031 0.419028 0.438984 0.414120 0.445518 0.406398 0.447724 0.409880 0.450339 0.412458
5 0.550135 0.534833 0.557021 0.522593 0.554794 0.517190 0.563401 0.505130 0.590875 0.552208 0.641133 0.641519 0.653893 0.665861 0.659849 0.679236 0.668477 0.690505 0.691109 0.728116 0.698755 0.742426 0.679677 0.766968 0.677448 0.757801 0.672234 0.746912 0.667849 0.737889 0.668445 0.727537 0.644648 0.695620 0.625206 0.661056 0.604552 0.623037 0.594492 0.604847 0.576628 0.592204 0.575240 0.586347 0.574547 0.579870 0.570036 0.574319 0.563271 0.571236 0.559109 0.565380 0.555120 0.556130
5 0.435362 0.351602 0.437617 0.355606 0.436711 0.356722 0.436326 0.358148 0.435872 0.359139 0.434375 0.360625 0.432979 0.365398 0.428760 0.370852 0.427471 0.371412 0.426461 0.370111 0.424997 0.368435 0.423115 0.367940 0.420844 0.366569 0.417341 0.365421 0.413062 0.354764 0.412701 0.352995 0.411510 0.351343 0.416336 0.345981 0.417349 0.343505 0.417518 0.341778 0.418724 0.343657 0.419375 0.343472 0.422604 0.338889 0.426693 0.343889 0.430815 0.352000 0.432404 0.353671 0.433466 0.354394 0.434516 0.354185
5 0.430815 0.352000 0.432404 0.353671 0.433466 0.354394 0.434516 0.354185 0.435362 0.351602 0.436734 0.349597 0.437943 0.349662 0.439315 0.350667 0.440081 0.349019 0.441615 0.344074 0.443430 0.341565 0.444151 0.339704 0.448534 0.339755 0.450492 0.338583 0.452219 0.334856 0.453195 0.334856 0.454641 0.336347 0.455581 0.336014 0.457133 0.334889 0.455568 0.334310 0.450651 0.328194 0.450443 0.330556 0.449818 0.331898 0.448307 0.330833 0.446771 0.328611 0.443984 0.327685 0.441510 0.327685 0.440339 0.326991 0.440029 0.325907 0.435055 0.330829 0.433867 0.331731 0.433474 0.331935 0.431536 0.332176 0.430547 0.333426 0.430026 0.333380 0.429896 0.332315 0.429688 0.331713 0.429010 0.331389 0.428385 0.330231 0.427526 0.329491 0.426901 0.329491 0.426719 0.331574 0.427031 0.335463 0.427005 0.337176 0.427865 0.339120 0.428073 0.341111 0.427734 0.343333 0.426693 0.343889
5 0.492370 0.298704 0.493529 0.300519 0.493258 0.302537 0.490018 0.311079 0.488669 0.313958 0.485443 0.315185 0.483203 0.315602 0.475331 0.320199 0.470255 0.325097 0.467664 0.327019 0.462695 0.332009 0.461292 0.335176 0.460589 0.335847 0.459724 0.333931 0.458159 0.334792 0.457133 0.334889 0.455568 0.334310 0.450651 0.328194 0.450859 0.324074 0.453281 0.316898 0.453932 0.315556 0.454453 0.315046 0.455156 0.319213 0.455729 0.319815 0.457031 0.317870 0.461042 0.310231 0.461667 0.310093 0.462109 0.314954 0.462760 0.315324 0.463411 0.314120 0.469089 0.301852 0.469401 0.300370 0.469089 0.299259 0.468906 0.297824 0.469219 0.297130 0.470625 0.296389 0.471458 0.295741 0.472969 0.293241 0.475755 0.288287 0.477917 0.283426 0.482031 0.291528 0.482812 0.291991 0.484661 0.291574 0.489193 0.297963 0.490391 0.298657 0.491432 0.299444
5 0.416797 0.188241 0.417604 0.187407 0.419583 0.185000 0.421823 0.178426 0.423255 0.173935 0.423698 0.173472 0.425833 0.176944 0.426016 0.176435 0.425573 0.174583 0.420443 0.166296 0.420885 0.162963 0.421198 0.162037 0.421641 0.161991 0.424115 0.165741 0.427917 0.158056 0.428411 0.155556 0.429010 0.155231 0.429349 0.155417 0.433880 0.162500 0.434505 0.159259 0.434505 0.157824 0.434922 0.157130 0.434792 0.156111 0.434583 0.154815 0.434375 0.153981 0.434583 0.152824 0.435026 0.152731 0.441510 0.162917 0.455417 0.184769 0.470599 0.211620 0.489505 0.241296 0.497917 0.255556 0.500313 0.261528 0.500391 0.262639 0.500052 0.263750 0.500417 0.267176 0.500651 0.269444 0.499922 0.276019 0.501354 0.279213 0.501797 0.281343 0.501302 0.283611 0.499974 0.291065 0.499089 0.293380 0.498255 0.293704 0.496406 0.291944 0.494453 0.296667 0.492370 0.298704 0.491432 0.299444 0.490391 0.298657 0.489193 0.297963 0.484661 0.291574 0.482812 0.291991 0.482031 0.291528 0.477917 0.283426 0.478464 0.282824
5 0.409193 0.198426 0.414375 0.185000 0.414557 0.184769 0.415000 0.184861 0.416797 0.188241 0.478464 0.282824 0.477917 0.283426 0.475755 0.288287 0.472969 0.293241 0.471458 0.295741 0.470625 0.296389 0.469219 0.297130 0.468906 0.297824 0.469089 0.299259 0.469401 0.300370 0.469089 0.301852 0.463411 0.314120 0.462760 0.315324 0.462109 0.314954 0.461667 0.310093 0.461042 0.310231 0.457031 0.317870 0.455729 0.319815 0.455156 0.319213 0.454453 0.315046 0.453932 0.315556 0.453281 0.316898 0.450859 0.324074 0.450651 0.328194 0.450443 0.330556 0.449818 0.331898 0.448307 0.330833 0.446771 0.328611 0.443984 0.327685 0.441510 0.327685 0.440339 0.326991 0.440029 0.325907 0.446753 0.319074 0.447188 0.317222 0.442292 0.308843 0.444063 0.306528 0.445417 0.305694 0.445807 0.304769 0.446432 0.303333 0.448281 0.303611 0.454792 0.314491 0.455234 0.313935 0.456719 0.300278 0.461719 0.296019 0.461823 0.306481 0.462422 0.307824 0.466042 0.294537 0.470781 0.294583 0.471068 0.293796 0.469323 0.288889 0.454297 0.264583
5 0.442292 0.308843 0.444063 0.306528 0.445417 0.305694 0.445807 0.304769 0.446432 0.303333 0.448281 0.303611 0.454792 0.314491 0.455234 0.313935 0.456719 0.300278 0.461719 0.296019 0.461823 0.306481 0.462422 0.307824 0.466042 0.294537 0.470781 0.294583 0.471068 0.293796 0.469323 0.288889 0.454297 0.264583 0.409193 0.198426 0.406562 0.195463 0.400807 0.195000 0.399479 0.195093 0.398646 0.195648 0.394818 0.200370 0.390859 0.202037 0.389036 0.202546 0.385651 0.203056 0.379635 0.208380 0.378802 0.209398 0.379193 0.210509 0.379635 0.211991 0.379401 0.212130 0.379401 0.213102 0.381823 0.217824 0.381302 0.218148 0.380937 0.218657 0.381094 0.220185 0.421328 0.278519
5 0.359036 0.247130 0.360495 0.246667 0.362005 0.246574 0.363255 0.245000 0.361719 0.241991 0.361589 0.240833 0.360885 0.238843 0.360391 0.236898 0.360391 0.235741 0.360859 0.235185 0.362474 0.235648 0.367214 0.235231 0.366927 0.221065 0.366771 0.212778 0.367135 0.211759 0.367604 0.211806 0.368437 0.219676 0.374479 0.228426 0.376276 0.225926 0.374583 0.213843 0.374167 0.212685 0.374583 0.211204 0.375234 0.211250 0.381094 0.220185 0.421328 0.278519 0.442292 0.308843 0.447188 0.317222 0.446753 0.319074 0.440029 0.325907 0.435055 0.330829 0.433867 0.331731 0.433474 0.331935 0.431536 0.332176 0.430547 0.333426 0.430026 0.333380 0.429896 0.332315 0.429688 0.331713 0.429010 0.331389 0.428385 0.330231 0.427526 0.329491 0.426901 0.329491 0.426719 0.331574 0.427031 0.335463 0.427005 0.337176 0.427865 0.339120 0.428073 0.341111 0.427734 0.343333 0.426693 0.343889 0.422604 0.338889 0.419375 0.343472 0.418724 0.343657 0.417518 0.341778 0.394302 0.309810 0.380654 0.289806
5 0.533135 0.519884 0.531471 0.520509 0.528758 0.519884 0.517992 0.523463 0.515938 0.525139 0.507664 0.529375 0.507141 0.529375 0.506615 0.528287 0.506615 0.523153 0.497687 0.502926 0.490633 0.476444 0.483253 0.444634 0.470516 0.388412 0.470643 0.387611 0.472245 0.385630 0.475396 0.383407 0.475474 0.379704 0.476003 0.377398 0.476438 0.374829 0.479333 0.383315 0.486477 0.379278 0.485904 0.372704 0.485643 0.369046 0.486336 0.368644 0.487263 0.368037 0.489461 0.377574 0.491859 0.375412 0.489461 0.366824 0.490240 0.365954 0.490633 0.366296 0.496935 0.371241 0.498737 0.369593 0.498203 0.365519 0.498247 0.364130 0.499133 0.363602 0.508073 0.394352 0.514292 0.413083 0.519313 0.440736 0.512565 0.455394 0.510018 0.461255 0.511216 0.466852 0.518862 0.488972 0.524109 0.505759 0.528456 0.513486 0.531305 0.515884
5 0.411510 0.351343 0.412701 0.352995 0.413062 0.354764 0.417341 0.365421 0.416979 0.367352 0.411737 0.371528 0.410380 0.375866 0.408513 0.377690 0.403932 0.378759 0.402667 0.379028 0.402487 0.381065 0.401883 0.382509 0.398659 0.387278 0.395797 0.388347 0.393990 0.387491 0.386909 0.374046 0.388716 0.372815 0.389529 0.371102 0.389500 0.369602 0.390313 0.367671 0.391880 0.366546 0.393477 0.364565 0.394081 0.361940 0.394471 0.359713 0.396964 0.355361 0.397763 0.355810 0.398440 0.357685 0.399115 0.357912 0.399875 0.358963 0.400888 0.360315 0.401732 0.360611 0.404729 0.357310
5 0.413229 0.388657 0.415500 0.395079 0.416526 0.395755 0.418253 0.392681 0.420792 0.390375 0.422680 0.388935 0.426299 0.386921 0.429107 0.383079 0.432076 0.380491 0.437531 0.376843 0.441094 0.374440 0.442661 0.373384 0.448115 0.369065 0.450815 0.370602 0.453839 0.369736 0.458159 0.365130 0.457727 0.361194 0.456430 0.359176 0.450654 0.356199 0.450490 0.361671 0.445469 0.366856 0.444065 0.367912 0.436326 0.358148 0.435872 0.359139 0.434375 0.360625 0.432979 0.365398 0.428760 0.370852 0.427471 0.371412 0.426461 0.370111 0.424997 0.368435 0.423115 0.367940 0.420844 0.366569 0.421331 0.368009 0.421654 0.370602 0.421924 0.372713 0.421331 0.373481 0.420682 0.373671 0.419602 0.373481 0.417010 0.375019 0.415284 0.377801 0.414258 0.382218 0.415229 0.384519 0.414797 0.385769
5 0.338880 0.248333 0.336529 0.247417 0.334932 0.247574 0.332612 0.248593 0.331768 0.249773 0.330474 0.249824 0.330352 0.250523 0.328576 0.255449 0.327068 0.255718 0.326555 0.257005 0.346021 0.297181 0.371932 0.349352 0.380852 0.364296 0.386909 0.374046 0.388716 0.372815 0.389529 0.371102 0.389500 0.369602 0.390313 0.367671 0.391880 0.366546 0.393477 0.364565 0.394081 0.361940 0.394471 0.359713 0.393206 0.359639 0.391518 0.356111 0.391771 0.354611 0.393586 0.353333 0.393839 0.352509 0.394318 0.351218 0.381909 0.331426 0.364687 0.301347
5 0.394318 0.351218 0.393839 0.352509 0.393586 0.353333 0.391771 0.354611 0.391518 0.356111 0.393206 0.359639 0.394471 0.359713 0.396964 0.355361 0.397763 0.355810 0.398440 0.357685 0.399115 0.357912 0.399875 0.358963 0.400888 0.360315 0.401732 0.360611 0.404729 0.357310 0.411510 0.351343 0.416336 0.345981 0.417349 0.343505 0.417518 0.341778 0.394302 0.309810 0.380654 0.289806 0.406648 0.342620 0.407029 0.345037 0.399763 0.355796 0.398174 0.354986 0.397424 0.352569 0.396516 0.351356
5 0.432076 0.380491 0.438021 0.395333 0.438346 0.396245 0.439234 0.396329 0.440307 0.394921 0.443906 0.392819 0.447737 0.390505 0.451930 0.384468 0.456557 0.379968 0.457135 0.379454 0.458219 0.380611 0.459086 0.380995 0.461690 0.378167 0.465232 0.376495 0.468630 0.374315 0.469641 0.373028 0.473763 0.377653 0.474846 0.378167 0.476003 0.377398 0.476438 0.374829 0.477495 0.365986 0.474786 0.361671 0.476469 0.359352 0.474414 0.355616 0.468161 0.360514 0.466107 0.361509 0.465219 0.359764 0.461112 0.364079 0.459807 0.364824 0.458159 0.365130 0.453839 0.369736 0.450815 0.370602 0.448115 0.369065 0.442661 0.373384 0.441094 0.374440 0.437531 0.376843
5 0.433602 0.412190 0.436255 0.417190 0.436932 0.416912 0.438984 0.414120 0.445307 0.406505 0.445518 0.406398 0.445943 0.406023 0.447602 0.403884 0.448625 0.402329 0.449797 0.398685 0.451839 0.394917 0.453560 0.395884 0.454409 0.395833 0.456909 0.393704 0.460555 0.388657 0.462141 0.387963 0.462247 0.387130 0.459086 0.380995 0.458219 0.380611 0.457135 0.379454 0.456557 0.379968 0.451930 0.384468 0.447737 0.390505 0.443906 0.392819 0.440307 0.394921 0.439234 0.396329 0.438346 0.396245 0.438021 0.395333 0.434708 0.399269 0.433714 0.398093 0.432255 0.395981 0.428802 0.397917 0.434831 0.408903 0.433464 0.411991
5 0.428802 0.397917 0.434831 0.408903 0.433464 0.411991 0.429484 0.416968 0.421437 0.422343 0.415500 0.427144 0.413448 0.423977 0.407591 0.412597 0.413776 0.410042 0.426146 0.400093
5 0.334641 0.238523 0.338880 0.248333 0.364687 0.301347 0.381909 0.331426 0.394318 0.351218 0.396516 0.351356 0.397424 0.352569 0.398174 0.354986 0.399763 0.355796 0.407029 0.345037 0.406648 0.342620 0.380654 0.289806 0.359036 0.247130 0.357839 0.245139 0.354651 0.238875 0.353883 0.238620 0.350435 0.246394 0.345794 0.239417 0.344865 0.239417 0.341112 0.244218 0.338615 0.239861 0.336341 0.237083 0.334732 0.237083 0.334352 0.237537
5 0.452734 0.353148 0.450654 0.356199 0.450490 0.361671 0.445469 0.366856 0.444065 0.367912 0.436326 0.358148 0.436711 0.356722 0.437617 0.355606 0.435362 0.351602 0.436734 0.349597 0.437943 0.349662 0.439315 0.350667 0.440081 0.349019 0.441615 0.344074 0.443430 0.341565 0.444151 0.339704 0.448534 0.339755 0.450492 0.338583 0.452219 0.334856 0.453195 0.334856 0.454641 0.336347 0.453732 0.340458 0.455135 0.343046 0.455568 0.344870
5 0.438021 0.395333 0.434708 0.399269 0.433714 0.398093 0.432255 0.395981 0.428802 0.397917 0.426146 0.400093 0.413776 0.410042 0.407591 0.412597 0.403404 0.405162 0.403997 0.404681 0.404698 0.403046 0.405779 0.401032 0.406698 0.396903 0.408102 0.396042 0.409073 0.394889 0.409180 0.392870 0.411557 0.390856 0.413229 0.388657 0.415500 0.395079 0.416526 0.395755 0.418253 0.392681 0.420792 0.390375 0.422680 0.388935 0.426299 0.386921 0.429107 0.383079 0.432076 0.380491
5 0.487161 0.332407 0.489674 0.339190 0.489023 0.341431 0.485008 0.347653 0.481461 0.350556 0.479734 0.361259 0.478521 0.364745 0.477495 0.365986 0.474786 0.361671 0.476469 0.359352 0.474414 0.355616 0.468161 0.360514 0.466107 0.361509 0.465219 0.359764 0.461112 0.364079 0.459807 0.364824 0.458159 0.365130 0.457727 0.361194 0.456430 0.359176 0.450654 0.356199 0.452734 0.353148 0.454896 0.356667 0.456224 0.356111 0.458753 0.352843 0.469401 0.342222 0.473734 0.350153 0.474849 0.350153 0.475581 0.349097 0.478789 0.337819 0.483844 0.334037
5 0.645938 0.781296 0.653206 0.798440 0.666544 0.783032 0.662529 0.777532 0.657318 0.775833 0.655422 0.781671 0.653964 0.785032 0.653370 0.786088
5 0.599505 0.668194 0.602305 0.662884 0.605148 0.651435 0.604229 0.637310 0.604313 0.630171 0.604167 0.621713 0.625206 0.661056 0.644648 0.695620 0.668445 0.727537 0.667849 0.737889 0.672234 0.746912 0.677448 0.757801 0.679677 0.766968 0.666544 0.783032 0.662529 0.777532 0.657318 0.775833 0.657474 0.769000 0.656232 0.765736 0.656232 0.761130 0.656016 0.753639 0.656284 0.751625 0.655583 0.750185 0.642266 0.732176 0.644477 0.729171 0.643388 0.726731
5 0.642266 0.732176 0.655583 0.750185 0.656284 0.751625 0.656016 0.753639 0.656232 0.761130 0.656232 0.765736 0.657474 0.769000 0.657318 0.775833 0.655422 0.781671 0.653964 0.785032 0.653370 0.786088 0.645938 0.781296 0.644242 0.777352 0.640625 0.772458 0.639276 0.772935 0.642568 0.778218 0.640625 0.780042 0.633549 0.789833 0.629609 0.792042 0.619943 0.793000 0.618378 0.792903 0.616648 0.790889 0.616216 0.791560 0.615732 0.793287 0.609576 0.806056 0.607198 0.809801 0.606281 0.809417 0.604552 0.805287 0.600070 0.810282 0.599315 0.811144 0.598344 0.810667 0.597208 0.808361 0.594940 0.814407 0.593862 0.816042 0.593159 0.816042 0.591810 0.815755 0.590513 0.814986 0.572638 0.781866 0.569336 0.769954 0.581245 0.788787 0.582549 0.789093 0.584919 0.787690 0.590167 0.781315 0.594724 0.771667 0.599443 0.754236 0.601750 0.742394 0.600182 0.731500 0.599740 0.725000 0.614182 0.748102 0.621122 0.759144 0.621927 0.758718 0.624188 0.753481 0.628706 0.748032 0.631406 0.744375 0.629430 0.739208 0.633706 0.734981 0.635078 0.738708 0.636005 0.738852
5 0.473242 0.527389 0.479672 0.540352 0.481940 0.537259 0.478763 0.532819 0.479747 0.530801 0.485344 0.524079 0.485951 0.523810 0.489656 0.527977 0.495026 0.523139 0.496141 0.523241 0.500667 0.531375 0.501833 0.530130 0.502370 0.528472 0.500839 0.525727 0.494372 0.514139 0.442031 0.419028 0.438984 0.414120 0.436932 0.416912 0.436255 0.417190 0.433464 0.411991 0.429484 0.416968 0.421437 0.422343 0.434247 0.443778 0.462750 0.491458 0.473372 0.512880 0.474279 0.521171 0.474021 0.524625
5 0.403404 0.405162 0.393990 0.387491 0.395797 0.388347 0.398659 0.387278 0.401883 0.382509 0.402487 0.381065 0.402667 0.379028 0.403932 0.378759 0.408513 0.377690 0.410380 0.375866 0.411737 0.371528 0.416979 0.367352 0.417341 0.365421 0.420844 0.366569 0.421331 0.368009 0.421654 0.370602 0.421924 0.372713 0.421331 0.373481 0.420682 0.373671 0.419602 0.373481 0.417010 0.375019 0.415284 0.377801 0.414258 0.382218 0.415229 0.384519 0.414797 0.385769 0.413229 0.388657 0.411557 0.390856 0.409180 0.392870 0.409073 0.394889 0.408102 0.396042 0.406698 0.396903 0.405779 0.401032 0.404698 0.403046 0.403997 0.404681
5 0.455799 0.395458 0.456112 0.403231 0.456049 0.409898 0.454237 0.411343 0.454404 0.412977 0.450339 0.412458 0.447724 0.409880 0.445518 0.406398 0.445943 0.406023 0.447602 0.403884 0.448625 0.402329 0.449797 0.398685 0.451839 0.394917 0.453560 0.395884 0.454409 0.395833
5 0.476003 0.377398 0.475474 0.379704 0.475396 0.383407 0.472245 0.385630 0.470643 0.387611 0.470164 0.385472 0.468258 0.385472 0.465909 0.387060 0.464904 0.390046 0.463560 0.392435 0.461768 0.394023 0.459193 0.395023 0.458727 0.391662 0.460555 0.388657 0.462141 0.387963 0.462247 0.387130 0.459086 0.380995 0.461690 0.378167 0.465232 0.376495 0.468630 0.374315 0.469641 0.373028 0.473763 0.377653 0.474846 0.378167
5 0.490461 0.329306 0.491526 0.332231 0.492398 0.337222 0.494622 0.341009 0.496268 0.344102 0.497042 0.347718 0.496656 0.350468 0.496365 0.352532 0.496945 0.357694 0.496945 0.361139 0.498203 0.365519 0.498737 0.369593 0.496935 0.371241 0.490633 0.366296 0.490240 0.365954 0.489461 0.366824 0.491859 0.375412 0.489461 0.377574 0.487263 0.368037 0.486336 0.368644 0.485643 0.369046 0.484161 0.366606 0.479734 0.361259 0.481461 0.350556 0.485008 0.347653 0.489023 0.341431 0.489674 0.339190 0.487161 0.332407 0.489247 0.330259
5 0.514727 0.548944 0.518615 0.545722 0.521206 0.544111 0.524573 0.546875 0.527682 0.551940 0.530534 0.556088 0.531310 0.561616 0.531932 0.567486 0.529729 0.571731 0.517414 0.553847
