2 0.610130 0.539769 0.602161 0.526532 0.599401 0.529144 0.598169 0.532889 0.606917 0.549171 0.608854 0.546352
2 0.493417 0.341704 0.487378 0.338458 0.487669 0.356699 0.502062 0.364824 0.504161 0.368949 0.508125 0.373593 0.512141 0.377991 0.514333 0.381389 0.511271 0.363949 0.511661 0.363259 0.516453 0.385833 0.521943 0.377597 0.523854 0.373394 0.526219 0.365958 0.517487 0.358199 0.511760 0.353028 0.508396 0.352866 0.505576 0.352056 0.499846 0.347046
2 0.473029 0.416856 0.471771 0.419648 0.475229 0.425236 0.475661 0.434991 0.474326 0.445889 0.481156 0.457458 0.485305 0.449366 0.489109 0.434028 0.494659 0.417079 0.491294 0.416912 0.485383 0.418852
2 0.576167 0.614542 0.571734 0.614995 0.567299 0.608296 0.568471 0.603097 0.569643 0.595806 0.571568 0.594023 0.575331 0.594616 0.579513 0.597889 0.582107 0.603542
2 0.424013 0.389157 0.424513 0.365218 0.424974 0.341759 0.427211 0.340727 0.428008 0.343042 0.427646 0.358208 0.427513 0.371824 0.426635 0.379491 0.426583 0.393046
2 0.490065 0.298009 0.494885 0.291968 0.497523 0.303241 0.498336 0.311181 0.497221 0.315782 0.494500 0.314880
2 0.376370 0.275630 0.375055 0.280069 0.373701 0.284838 0.371576 0.290278 0.365763 0.295051 0.351284 0.271421 0.353104 0.269227 0.355979 0.271523 0.361383 0.270898 0.366901 0.272880 0.368250 0.271213 0.371831 0.272046 0.372831 0.275907
2 0.407120 0.290333 0.408302 0.298741 0.408484 0.310218 0.406755 0.319269 0.405029 0.328810 0.400935 0.329454 0.398482 0.319917 0.398753 0.313935 0.399935 0.301972 0.402573 0.301810 0.404299 0.290495
2 0.459250 0.392977 0.465380 0.388782 0.471669 0.394375 0.478586 0.397167 0.486208 0.399681 0.497841 0.405551 0.496292 0.415528 0.487159 0.416394 0.474255 0.415958 0.475346 0.413153 0.466711 0.408819 0.463542 0.405356 0.456971 0.404264
2 0.511313 0.445657 0.519315 0.449375 0.534594 0.460370 0.532320 0.467806 0.516680 0.455519 0.509404 0.453579 0.507948 0.448407
2 0.556385 0.477787 0.557878 0.489944 0.560844 0.494449 0.559961 0.500292 0.557143 0.499667 0.540901 0.499306 0.540117 0.489106 0.540352 0.481977 0.543888 0.475273
2 0.579695 0.503162 0.576867 0.515315 0.572859 0.519227 0.565000 0.522162 0.562878 0.518389 0.568065 0.509028 0.570500 0.504278 0.573646 0.498690 0.577576 0.497431
2 0.600042 0.547644 0.603440 0.548611 0.606904 0.551870 0.605747 0.557426 0.602419 0.570833 0.598820 0.577231
2 0.598208 0.550060 0.593589 0.550787 0.590396 0.556218 0.589299 0.562185 0.589474 0.579616 0.597055 0.577593
2 0.492182 0.443417 0.488724 0.449704 0.485422 0.450681 0.485187 0.454176 0.486839 0.458088 0.492497 0.458926 0.495326 0.456551 0.497292 0.450403
2 0.441687 0.298204 0.440846 0.289972 0.437057 0.287352 0.425042 0.282153 0.420414 0.283088 0.415573 0.286454 0.413469 0.295060 0.411891 0.303477 0.419708 0.318065 0.423706 0.320870 0.424232 0.328727 0.432440 0.329852 0.429703 0.317505 0.425602 0.313019 0.423180 0.306843 0.421917 0.302542 0.429492 0.292440 0.434859 0.299551
2 0.447172 0.256097 0.442690 0.269380 0.453081 0.273727 0.458190 0.274792 0.459284 0.260565 0.452648 0.256194
1 0.570596 0.708940 0.575401 0.725565 0.577810 0.726819 0.589375 0.705528 0.591195 0.707509 0.580451 0.728069 0.588729 0.733079 0.595664 0.721417 0.597180 0.721921 0.594503 0.730144 0.612435 0.707778 0.611255 0.693417 0.613312 0.694560 0.615096 0.693889 0.616500 0.703495 0.657049 0.650097 0.668141 0.632389 0.671721 0.626218 0.667354 0.624227 0.656607 0.620644 0.647424 0.617847 0.643073 0.620301 0.637721 0.621194 0.633831 0.618829 0.631440 0.613833 0.630359 0.623616 0.629005 0.628597 0.628352 0.634231 0.626422 0.634588 0.625273 0.633088 0.624430 0.629343 0.624221 0.622829 0.624339 0.617741 0.618583 0.621773 0.613081 0.625042 0.609542 0.634056 0.610378 0.635838 0.613807 0.640153 0.621083 0.639407 0.620164 0.645653 0.618073 0.660671 0.616401 0.661417 0.615063 0.656509 0.614057 0.656287 0.612109 0.663616 0.609576 0.664134 0.608128 0.663361 0.608781 0.658991 0.609432 0.650889 0.607190 0.645625 0.605602 0.643440 0.604229 0.641889 0.601193 0.647171 0.595198 0.661060 0.592688 0.672954 0.594695 0.677861 0.593690 0.684551 0.589318 0.690264 0.587961 0.690514 0.585487 0.687361 0.580326 0.696181 0.581737 0.701944 0.584167 0.701560 0.597451 0.694843 0.598091 0.697343 0.585669 0.705310 0.581680 0.706931 0.579354 0.704926 0.577841 0.700403
1 0.400966 0.204472 0.400151 0.204954 0.399529 0.226644 0.398026 0.225861 0.398026 0.228199 0.399091 0.228644 0.399536 0.233486 0.401490 0.239014 0.402719 0.250319 0.399396 0.250963 0.395201 0.252505 0.395216 0.247111 0.399279 0.241111 0.398714 0.239227 0.396089 0.240222 0.393466 0.239560 0.392404 0.241338 0.393466 0.244556 0.390466 0.244667 0.386656 0.243778 0.385094 0.244556 0.383760 0.247500 0.382430 0.252880 0.381904 0.254676 0.379245 0.256829 0.377391 0.251412 0.374846 0.247829 0.373516 0.247042 0.372146 0.247042 0.370773 0.246181 0.370086 0.247111 0.370813 0.248472 0.372188 0.249051 0.373880 0.249694 0.375091 0.250838 0.376419 0.252917 0.377992 0.257722 0.376823 0.258370 0.376099 0.256148 0.375414 0.253995 0.373516 0.252704 0.373154 0.253856 0.375615 0.256505 0.375977 0.257866 0.375937 0.262745 0.371984 0.253278 0.371216 0.254069 0.372063 0.256005 0.374526 0.262167 0.376578 0.266194 0.376898 0.269940 0.376370 0.275630 0.375055 0.280069 0.373701 0.284838 0.371576 0.290278 0.365763 0.295051 0.382490 0.322764 0.424013 0.389157 0.424513 0.365218 0.424974 0.341759 0.427211 0.340727 0.428008 0.343042 0.427646 0.358208 0.427513 0.371824 0.426635 0.379491 0.426583 0.393046 0.432630 0.403042 0.437227 0.399023 0.439669 0.408773 0.438828 0.412509 0.456984 0.439824 0.458109 0.436940 0.461857 0.431940 0.463294 0.434273 0.466732 0.447491 0.467169 0.455264 0.517622 0.535616 0.541828 0.616648 0.546956 0.612352 0.549763 0.613037 0.553055 0.617167 0.556052 0.615449 0.559828 0.616477 0.560602 0.619921 0.557893 0.619750 0.554406 0.621981 0.554604 0.624565 0.555375 0.631620 0.562536 0.625597 0.566893 0.622157 0.563701 0.629380 0.563508 0.632134 0.565729 0.631278 0.576167 0.614542 0.571734 0.614995 0.567299 0.608296 0.568471 0.603097 0.569643 0.595806 0.571568 0.594023 0.575331 0.594616 0.579513 0.597889 0.582107 0.603542 0.581104 0.596255 0.583109 0.595509 0.586708 0.591347 0.589096 0.592653 0.595711 0.582620 0.596094 0.577824 0.589474 0.579616 0.584427 0.579407 0.584779 0.562185 0.586422 0.560514 0.588536 0.560620 0.589299 0.562185 0.590396 0.556218 0.593589 0.550787 0.598185 0.550028 0.598562 0.540926 0.598935 0.539602 0.600615 0.539444 0.600042 0.547644 0.603440 0.548611 0.606904 0.551870 0.606917 0.549171 0.598169 0.532889 0.599401 0.529144 0.602161 0.526532 0.610130 0.539954 0.610346 0.539435 0.611279 0.536449 0.612492 0.532463 0.616367 0.525912 0.621453 0.518204 0.612339 0.508667 0.612219 0.506444 0.611854 0.501491 0.611773 0.492463 0.610359 0.485287 0.609315 0.477685 0.609151 0.473097 0.617576 0.486708 0.622802 0.498819 0.626302 0.505042 0.631203 0.511347 0.632370 0.511181 0.632091 0.509523 0.628344 0.504227 0.626117 0.501653 0.618349 0.483676 0.609409 0.469630 0.604656 0.441972 0.598745 0.427653 0.596060 0.424310 0.593372 0.419056 0.588000 0.417139 0.579940 0.399944 0.574698 0.392745 0.574547 0.395417 0.579797 0.404472 0.586961 0.417079 0.588995 0.419139 0.586865 0.424644 0.585703 0.429810 0.583766 0.434968 0.584156 0.438755 0.585898 0.443569 0.584930 0.444606 0.582510 0.440648 0.581833 0.442542 0.584833 0.446324 0.585510 0.446153 0.585799 0.447699 0.585799 0.450111 0.584349 0.453208 0.576924 0.455079 0.574417 0.453292 0.573581 0.450315 0.574417 0.447046 0.574247 0.444815 0.573495 0.443472 0.571490 0.442287 0.568560 0.441546 0.567974 0.437824 0.567138 0.437528 0.566469 0.434704 0.567703 0.431269 0.569268 0.429060 0.571159 0.428579 0.573479 0.426852 0.576021 0.426468 0.577583 0.424736 0.577044 0.424069 0.573859 0.425986 0.571753 0.426755 0.569000 0.427426 0.566922 0.429940 0.564734 0.435380 0.564797 0.426162 0.565234 0.419384 0.563922 0.418722 0.565651 0.409454 0.566523 0.403949 0.566620 0.401366 0.567878 0.395000 0.567878 0.390528 0.568266 0.381755 0.566453 0.371597 0.560966 0.348704 0.559734 0.349505 0.565333 0.375380 0.565109 0.383343 0.565221 0.390903 0.561526 0.398870 0.554586 0.413602 0.552232 0.405435 0.549544 0.399463 0.544505 0.395486 0.542268 0.392699 0.541818 0.384931 0.554135 0.382745 0.557935 0.382528 0.561044 0.387028 0.561695 0.384454 0.558297 0.380986 0.553167 0.381241 0.541674 0.383079 0.539938 0.385523 0.538130 0.383722 0.534539 0.381657 0.532878 0.377931 0.533529 0.376130 0.532299 0.371634 0.531578 0.369708 0.529336 0.371250 0.526008 0.368551 0.524779 0.372792 0.526227 0.371509 0.526516 0.370222 0.528034 0.372278 0.523193 0.378444 0.518138 0.387676 0.516453 0.385833 0.511661 0.363259 0.511271 0.363949 0.514333 0.381389 0.512141 0.377991 0.508125 0.373593 0.504161 0.368949 0.502062 0.364824 0.487669 0.356699 0.487378 0.338458 0.493417 0.341704 0.492747 0.329069 0.493167 0.325352 0.494419 0.325352 0.496594 0.327134 0.493049 0.321421 0.491388 0.317565 0.490224 0.311023 0.487466 0.299574 0.484453 0.299125 0.477010 0.305519 0.472409 0.313551 0.464852 0.323167 0.462247 0.329329 0.457404 0.332417 0.454008 0.334602 0.452128 0.333315 0.448872 0.328176 0.448513 0.325736 0.451354 0.319162 0.446417 0.312023 0.442070 0.304292 0.453760 0.278315 0.455719 0.280241 0.445888 0.301958 0.460276 0.324449 0.468594 0.310329 0.472659 0.297773 0.474016 0.289171 0.471693 0.283144 0.468401 0.284352 0.466078 0.280222 0.468982 0.271796 0.467628 0.269384 0.465099 0.261333 0.461513 0.252773 0.447023 0.254704 0.441302 0.247611 0.435229 0.242060 0.426732 0.246681 0.420315 0.253468 0.416672 0.243292 0.415383 0.253634 0.408857 0.254231 0.407099 0.246347 0.406599 0.245606 0.406516 0.255120 0.405177 0.251551 0.403586 0.249171 0.402333 0.239208 0.400591 0.233204 0.400302 0.225750
2 0.563508 0.571903 0.560924 0.572426 0.556404 0.576079 0.554115 0.580796 0.552307 0.587505 0.552701 0.594352 0.554820 0.600500 0.562128 0.600769 0.565193 0.577718
2 0.502927 0.337111 0.501026 0.339769 0.497240 0.344468 0.499846 0.347046 0.505576 0.352056 0.508396 0.352866 0.511760 0.353028 0.517487 0.358199 0.514643 0.346810 0.512411 0.342120
2 0.410372 0.228463 0.408221 0.236144 0.402333 0.239208 0.400885 0.234324 0.403979 0.221606 0.410323 0.210241 0.414583 0.207713
2 0.460276 0.324449 0.462654 0.325866 0.464852 0.323167 0.472409 0.313551 0.477010 0.305519 0.484453 0.299125 0.487466 0.299574 0.487706 0.297528 0.486076 0.295236 0.481456 0.294509 0.475818 0.299583 0.472659 0.297773 0.468594 0.310329
2 0.415448 0.228551 0.416326 0.233444 0.419438 0.232977 0.418068 0.230491 0.424964 0.217356 0.424081 0.213181 0.422792 0.209426 0.421557 0.207440 0.419034 0.213495 0.416979 0.210259 0.414865 0.214435
2 0.472659 0.297773 0.474016 0.289171 0.471693 0.283144 0.474255 0.275671 0.476768 0.273495 0.483221 0.278329 0.486076 0.284727 0.487432 0.291491 0.487706 0.297528 0.486076 0.295236 0.481456 0.294509 0.475818 0.299583
2 0.453760 0.278315 0.442070 0.304292 0.446417 0.312023 0.451354 0.319162 0.459135 0.329130 0.462247 0.329329 0.462654 0.325866 0.460276 0.324449 0.445888 0.301958 0.455719 0.280241
2 0.609542 0.634056 0.610378 0.635838 0.613807 0.640153 0.621083 0.639407 0.620164 0.645653 0.618073 0.660671 0.616401 0.661417 0.615063 0.656509 0.614057 0.656287 0.612109 0.663616 0.609576 0.664134 0.608128 0.663361 0.608781 0.658991 0.609432 0.650889 0.607190 0.645625 0.605602 0.643440 0.604229 0.641889
2 0.419438 0.232977 0.416326 0.233444 0.414706 0.238125 0.409138 0.238282 0.408221 0.236144 0.402333 0.239208 0.403586 0.249171 0.405177 0.251551 0.406516 0.255120 0.406599 0.245606 0.407099 0.246347 0.408857 0.254231 0.415383 0.253634 0.416672 0.243292 0.420315 0.253468 0.423820 0.249662 0.420773 0.237301 0.421289 0.235801
2 0.440263 0.224315 0.435544 0.228463 0.431742 0.226301 0.427029 0.228537 0.421289 0.235801 0.420773 0.237301 0.423820 0.249662 0.426732 0.246681 0.435229 0.242060 0.435635 0.239995 0.440333 0.226111
2 0.435635 0.239995 0.437807 0.244273 0.441302 0.247611 0.449198 0.244690 0.449198 0.233838 0.448669 0.230704 0.443971 0.228931 0.445029 0.223190 0.441742 0.222671 0.440333 0.226111
2 0.431742 0.226301 0.432372 0.210370 0.425771 0.215681 0.418068 0.230491 0.421289 0.235801 0.427029 0.228537
