0 0.611729 0.550042 0.624271 0.561787 0.627294 0.561986 0.632443 0.562782 0.636888 0.567560 0.646206 0.577333 0.648815 0.579759 0.655174 0.583366 0.656578 0.584486 0.656680 0.587005 0.657591 0.590606 0.657690 0.592769 0.657185 0.593486 0.655768 0.593847 0.654737 0.594671 0.654312 0.596861 0.654102 0.599986 0.656982 0.599519 0.658714 0.599431 0.659794 0.598019 0.660646 0.596042 0.662477 0.591468 0.663484 0.588639 0.663945 0.583838 0.664469 0.582097 0.664563 0.577815 0.664435 0.568454 0.663997 0.561449 0.663349 0.556750 0.660539 0.550796 0.656495 0.544444 0.652497 0.540227 0.646932 0.537819 0.641995 0.535926 0.638312 0.534713 0.636867 0.533597 0.634807 0.533042 0.633497 0.533042 0.633250 0.533597 0.632062 0.533500 0.631122 0.532602 0.630563 0.531708 0.624953 0.526907 0.626766 0.521134 0.628357 0.517653 0.630013 0.516120 0.639341 0.514824 0.640865 0.513931 0.642310 0.511102 0.642096 0.509949 0.640719 0.508537 0.639674 0.504741 0.638474 0.499468 0.637891 0.496509 0.636914 0.494426 0.635401 0.493565 0.633935 0.493741 0.632958 0.492782 0.631008 0.491306 0.627966 0.488630 0.625771 0.487551 0.623805 0.488227 0.623125 0.489435 0.619115 0.496296 0.617677 0.496023 0.615786 0.496023 0.614122 0.496968 0.612836 0.499523 0.609562 0.497264 0.593141 0.504556 0.590039 0.497782 0.583690 0.490926 0.581820 0.489625 0.580018 0.490144 0.578719 0.491176 0.575023 0.498880 0.573367 0.505949 0.573154 0.512000
2 0.502880 0.414565 0.502065 0.413394 0.504810 0.409569 0.506188 0.410796 0.507625 0.414287 0.510503 0.419167 0.510896 0.421028 0.512333 0.425329 0.517107 0.431255 0.514034 0.434278 0.512005 0.436134 0.511417 0.436833 0.511940 0.438694 0.512398 0.441250 0.511352 0.441833 0.509521 0.449620 0.499219 0.439435
2 0.570174 0.425106 0.566729 0.440551 0.558294 0.433347 0.557576 0.433231 0.556005 0.433116 0.554680 0.433009 0.555792 0.431264 0.556836 0.429407 0.557753 0.427894 0.558341 0.426968 0.559385 0.426037 0.560497 0.425921 0.561870 0.425106 0.563177 0.424292 0.564159 0.423713 0.564818 0.423472
10 0.509521 0.449620 0.515471 0.456009 0.519721 0.455199 0.519591 0.453685 0.518609 0.449852 0.523513 0.433231 0.525016 0.426255 0.522664 0.422190 0.521552 0.419981 0.520768 0.420676 0.518479 0.426838 0.517107 0.431255 0.514034 0.434278 0.512005 0.436134 0.511417 0.436833 0.511940 0.438694 0.512398 0.441250 0.511352 0.441833
2 0.525016 0.426255 0.527568 0.425792 0.528810 0.424046 0.532602 0.424162 0.532862 0.423000 0.532143 0.420912 0.531555 0.418120 0.531490 0.417074 0.531815 0.409634 0.531490 0.407079 0.530508 0.403708 0.531750 0.401032 0.531948 0.399176 0.530740 0.395796 0.526956 0.394051 0.521057 0.391898 0.520570 0.395338 0.520047 0.396153 0.517563 0.397199 0.520292 0.399009 0.520594 0.399954 0.521352 0.404389 0.522107 0.406944 0.521049 0.409231 0.518854 0.410579 0.517107 0.408940 0.515930 0.410218 0.515143 0.411611 0.514294 0.413704 0.513771 0.415449 0.513315 0.417190 0.513836 0.418120 0.513771 0.420676 0.512529 0.419866 0.510896 0.421028 0.512333 0.425329 0.517107 0.431255 0.518479 0.426838 0.520768 0.420676 0.521552 0.419981 0.522664 0.422190
2 0.538909 0.409917 0.540044 0.408708 0.541026 0.408708 0.542086 0.407764 0.543146 0.406421 0.543523 0.405074 0.544576 0.406005 0.546919 0.410306 0.547904 0.413130 0.548357 0.415819 0.545859 0.415954 0.544120 0.417569 0.543667 0.419185 0.542911 0.421199 0.543063 0.423755 0.540188 0.426176 0.538229 0.424028 0.540565 0.422278 0.540104 0.420648 0.536633 0.423218 0.536177 0.422412 0.537237 0.420259 0.537539 0.418778 0.537464 0.415148 0.537615 0.412324 0.538826 0.411116
10 0.563698 0.416065 0.563237 0.417269 0.561656 0.418778 0.557417 0.422796 0.554875 0.424199 0.552107 0.426208 0.548547 0.428824 0.546964 0.429829 0.545573 0.431380 0.541109 0.434606 0.537177 0.436222 0.534906 0.435551 0.534195 0.435352 0.533346 0.436356 0.533289 0.437764 0.534138 0.442583 0.533346 0.444495 0.533120 0.447505 0.533120 0.448509 0.539732 0.449819 0.547247 0.431736 0.547815 0.430222 0.550036 0.431616 0.551279 0.432546 0.552586 0.433009 0.554680 0.433009 0.555792 0.431264 0.556836 0.429407 0.557753 0.427894 0.558341 0.426968 0.559385 0.426037 0.560497 0.425921 0.561870 0.425106 0.563177 0.424292 0.564159 0.423713 0.564818 0.423472 0.570174 0.425106 0.572331 0.412903 0.570979 0.411343 0.569341 0.410940 0.567984 0.410940 0.566797 0.411444 0.565667 0.412852 0.565047 0.413755 0.563802 0.415060
2 0.548357 0.415819 0.552503 0.415866 0.554763 0.416065 0.554763 0.414458 0.557531 0.414458 0.559057 0.421190 0.557417 0.422796 0.554875 0.424199 0.552107 0.426208 0.548547 0.428824 0.546964 0.429829 0.545573 0.431380 0.545120 0.429903 0.544138 0.429222 0.542615 0.424102 0.543063 0.423755 0.542911 0.421199 0.543667 0.419185 0.544120 0.417569 0.545859 0.415954
2 0.543518 0.479023 0.543128 0.481116 0.543258 0.482861 0.555026 0.494713 0.569932 0.498435 0.573529 0.498088 0.578562 0.487046 0.575292 0.483907 0.566924 0.493088 0.560453 0.488787 0.559211 0.486463 0.558099 0.483671 0.556333 0.482861 0.554828 0.482509 0.553849 0.480537 0.553000 0.478329 0.552279 0.477167 0.551299 0.477046 0.550516 0.475074 0.543911 0.476236 0.544042 0.477046
10 0.582956 0.474778 0.584016 0.475718 0.584849 0.476528 0.586208 0.475315 0.586891 0.475046 0.593924 0.483250 0.594682 0.484593 0.592943 0.490648 0.592109 0.492931 0.591128 0.494412 0.589234 0.494278 0.581589 0.482963
2 0.612836 0.499523 0.614122 0.496968 0.615786 0.496023 0.617677 0.496023 0.619115 0.496296 0.623125 0.489435 0.623805 0.488227 0.625771 0.487551 0.627966 0.488630 0.631008 0.491306 0.632958 0.492782 0.633935 0.493741 0.635401 0.493565 0.636914 0.494426 0.637891 0.496509 0.638474 0.499468 0.639674 0.504741 0.645273 0.494306 0.638971 0.459301 0.619805 0.452454 0.605711 0.473296 0.610091 0.481866 0.609742 0.484824 0.608161 0.487310 0.608518 0.493213 0.609305 0.493847 0.609479 0.495866 0.609562 0.497264
2 0.613333 0.461940 0.611573 0.460074 0.610349 0.457116 0.609044 0.454472 0.607461 0.451514 0.605971 0.449491 0.605544 0.449028 0.606935 0.439069 0.608422 0.437824 0.610698 0.437667 0.612974 0.439069 0.614724 0.441245 0.615609 0.442958 0.619276 0.445912 0.621901 0.448560 0.624185 0.449491 0.625497 0.451361 0.626016 0.453384 0.626102 0.454625 0.619805 0.452454
2 0.359669 0.277579 0.356414 0.282157 0.350992 0.275653 0.366042 0.258565 0.375354 0.241644 0.382242 0.226509 0.385888 0.228315 0.386594 0.231208 0.376872 0.251912 0.370690 0.262880 0.365023 0.267384 0.358138 0.273505
10 0.390990 0.247778 0.382490 0.258505 0.381172 0.256204 0.380107 0.255495 0.367672 0.276431 0.373154 0.286579 0.374227 0.288292 0.375414 0.286782 0.378125 0.289796 0.389935 0.271315 0.384961 0.262380 0.392927 0.251222
2 0.693432 0.620102 0.695589 0.621731 0.674669 0.658366 0.673492 0.658366 0.673164 0.657204 0.662771 0.649509 0.671596 0.642185
2 0.559987 0.488009 0.567440 0.478245 0.567865 0.476458 0.566638 0.476458 0.559727 0.469644 0.553000 0.478329 0.553849 0.480537 0.554828 0.482509 0.556333 0.482861 0.558099 0.483671 0.559211 0.486463
2 0.390911 0.243194 0.396719 0.252593 0.391120 0.261065 0.387552 0.267222 0.384961 0.262380 0.392927 0.251222 0.390990 0.247778 0.382458 0.258463 0.381172 0.256204 0.380156 0.255463 0.384635 0.251065
2 0.374333 0.259458 0.376872 0.251912 0.379401 0.246667 0.379401 0.246667 0.389422 0.238935 0.392563 0.243255 0.400273 0.252708 0.401977 0.259366 0.402299 0.260861 0.403398 0.265389 0.402385 0.263065 0.401583 0.262991 0.400570 0.263514 0.399271 0.264491 0.398469 0.265546 0.395724 0.269500 0.394737 0.272815 0.387448 0.266620 0.391120 0.261065 0.396719 0.252593 0.390911 0.243194 0.384635 0.251065 0.380156 0.255463
10 0.440312 0.321954 0.433250 0.342759 0.425677 0.338519 0.433578 0.318931 0.435742 0.319185 0.436193 0.312778 0.433943 0.308444 0.433943 0.308444 0.433628 0.306537 0.431914 0.306120 0.430586 0.302671 0.430740 0.301310 0.431359 0.300245 0.433258 0.304597 0.437437 0.314190 0.437437 0.314190
2 0.416661 0.351773 0.425414 0.361102 0.427737 0.349847 0.426133 0.348569 0.425203 0.348194 0.425203 0.348194 0.422708 0.346250 0.419036 0.344139 0.419036 0.344139 0.418018 0.341630 0.417172 0.340625 0.415234 0.340648 0.415292 0.345065 0.415409 0.350597
2 0.439875 0.369699 0.450120 0.365144 0.449995 0.363477 0.447622 0.356926 0.444810 0.355481 0.436375 0.359815 0.438000 0.365255
10 0.485117 0.368486 0.480674 0.378449 0.480505 0.381361 0.480565 0.383875 0.480336 0.386681 0.479602 0.389292 0.478471 0.391505 0.476664 0.396023 0.475086 0.397366 0.473393 0.402241 0.472560 0.404255 0.472484 0.405870 0.471424 0.410037 0.485117 0.424157 0.486932 0.420528 0.488445 0.412458 0.489883 0.404255 0.491396 0.398204 0.492984 0.393769 0.495177 0.389866 0.496312 0.387713 0.497372 0.385565 0.499188 0.378032 0.500172 0.374806 0.500172 0.373324 0.500474 0.368352 0.502893 0.364718 0.503349 0.358532 0.502516 0.358130 0.501229 0.357995 0.500018 0.357458 0.498734 0.357056 0.497750 0.356782 0.497221 0.357190 0.495859 0.359338 0.494573 0.361491 0.493893 0.363509 0.493589 0.364315 0.493060 0.364181 0.490792 0.363912 0.488974 0.364181 0.487766 0.365120 0.486781 0.366333 0.485344 0.368079
6 0.539732 0.449819 0.538594 0.452407 0.538594 0.452407 0.533758 0.462417 0.533758 0.462417 0.529966 0.470079 0.534518 0.474593 0.538026 0.465310 0.538813 0.465079 0.540383 0.466190 0.541781 0.460898 0.543534 0.457630 0.544380 0.453116 0.545547 0.449537 0.550010 0.435380 0.550036 0.431616 0.547815 0.430222 0.547247 0.431736
6 0.681276 0.611250 0.695589 0.621731 0.698271 0.617315 0.698661 0.614639 0.698859 0.606736 0.667135 0.583597 0.664469 0.582097 0.663945 0.583838 0.663424 0.590815 0.663096 0.597088
8 0.676107 0.616616 0.661461 0.643347 0.657995 0.646852 0.656625 0.646486 0.655318 0.642069 0.666365 0.625218 0.673229 0.612546 0.675648 0.614523
8 0.416719 0.291509 0.416917 0.294579 0.414789 0.290153 0.413253 0.286069 0.412370 0.275972 0.411771 0.272074 0.411318 0.265755 0.408711 0.233458 0.411544 0.232935
2 0.636815 0.586167 0.638057 0.585000 0.639430 0.585000 0.640214 0.585931 0.640997 0.586398 0.642763 0.585583 0.644594 0.584769 0.646034 0.584190 0.647471 0.585000 0.647276 0.586630 0.647667 0.588370 0.648714 0.589769 0.649497 0.592671 0.650609 0.598019 0.651133 0.601273 0.650740 0.603949 0.649891 0.605690 0.648518 0.606157 0.647995 0.604181 0.647732 0.602319 0.646753 0.601741 0.644987 0.601505 0.643810 0.601741 0.642633 0.601972 0.642044 0.601972
2 0.652964 0.608713 0.653617 0.607551 0.655055 0.607435 0.655708 0.608829 0.656297 0.609528 0.657344 0.609759 0.658258 0.612315 0.659044 0.613593 0.660807 0.613361 0.662836 0.614407 0.664862 0.614991 0.662182 0.631611 0.655318 0.642069 0.653552 0.635097 0.656820 0.630796 0.651328 0.618125 0.657279 0.618477
2 0.657995 0.646852 0.669701 0.635560 0.678852 0.626843 0.688724 0.616731 0.693432 0.620102 0.671596 0.642185 0.662771 0.649509
10 0.664563 0.577815 0.665698 0.577815 0.666227 0.576204 0.674245 0.576069 0.687333 0.577144 0.703219 0.580236 0.705034 0.579028 0.709875 0.579296 0.710102 0.580505 0.714339 0.581042 0.714109 0.587366 0.710102 0.587097 0.710102 0.589380 0.711539 0.590056 0.711917 0.591667 0.711992 0.593819 0.711388 0.594491 0.704883 0.593954 0.705185 0.586963 0.682719 0.584676 0.669935 0.584542 0.667135 0.583597 0.664487 0.582120
2 0.679292 0.546051 0.678583 0.558111 0.680305 0.562074 0.683646 0.566574 0.692456 0.566213 0.694380 0.553611 0.693672 0.551449 0.691544 0.550912 0.687698 0.550190 0.685164 0.548569
1 0.449125 0.334806 0.445112 0.332699 0.446753 0.328579 0.443542 0.327639 0.441948 0.323657 0.449935 0.326431 0.455836 0.327375 0.458716 0.328005 0.462802 0.329083 0.466206 0.330829 0.465602 0.332444 0.462576 0.331231 0.458414 0.330963 0.455172 0.334505 0.452685 0.336213 0.449487 0.334144
2 0.403328 0.335009 0.405531 0.320944 0.406151 0.316727 0.406831 0.316727 0.407734 0.319639 0.408526 0.320241 0.410898 0.328278 0.411849 0.331713 0.415250 0.324861 0.415138 0.323958 0.413497 0.316625 0.412932 0.314111 0.412536 0.310296 0.412086 0.307384 0.411406 0.305375 0.410503 0.303866 0.409260 0.303264 0.408583 0.303264 0.406943 0.304870 0.405247 0.306477 0.404286 0.307481 0.403836 0.308486 0.403497 0.310398 0.403271 0.312806 0.402479 0.316120 0.401464 0.319741 0.398977 0.331088 0.398977 0.331792 0.401971 0.334806
2 0.450896 0.356449 0.451187 0.352778 0.451187 0.352778 0.453273 0.352125 0.454177 0.351120 0.457341 0.352931 0.458641 0.352931 0.465930 0.357648 0.469094 0.358051 0.471073 0.357449 0.472992 0.355741 0.473318 0.357593 0.473846 0.358532 0.474982 0.360148 0.476190 0.361491 0.477552 0.365120 0.478536 0.365528 0.479898 0.365662 0.480503 0.367139 0.485117 0.368486 0.480674 0.378449 0.460388 0.363981
2 0.499219 0.439435 0.502880 0.414565 0.502065 0.413394 0.500758 0.412644 0.499956 0.413468 0.499703 0.414972 0.497547 0.418384 0.497352 0.419426 0.493466 0.425722 0.491177 0.430838
2 0.456146 0.317130 0.458188 0.313079 0.459021 0.311463 0.460154 0.309852 0.460987 0.309181 0.464240 0.312810 0.466734 0.310926 0.467266 0.311194 0.468021 0.311597 0.469685 0.311597 0.470292 0.313213 0.469987 0.315903 0.470141 0.318056 0.471122 0.319935 0.475133 0.326394 0.476721 0.329218 0.477552 0.330963 0.477630 0.333102 0.470573 0.330787 0.470729 0.333241 0.477326 0.335537 0.477099 0.337958 0.477854 0.339167 0.479898 0.335806 0.481031 0.337148 0.481107 0.340111 0.480125 0.342935 0.478159 0.346565 0.477552 0.347370 0.475888 0.346833 0.473997 0.348852 0.472937 0.350329 0.472182 0.350597 0.467115 0.344546 0.458414 0.330963 0.462576 0.331231 0.465602 0.332444 0.466206 0.330829 0.462802 0.329083 0.458716 0.328005 0.455836 0.327375 0.455003 0.321051
2 0.426091 0.338963 0.425964 0.344968 0.426133 0.348569 0.427737 0.349847 0.425414 0.361102 0.425922 0.361250 0.432128 0.350894 0.433307 0.351944 0.426948 0.362495 0.446393 0.383824 0.451862 0.388829 0.475086 0.397366 0.476664 0.396023 0.478471 0.391505 0.479602 0.389292 0.480336 0.386681 0.480565 0.383875 0.480505 0.381361 0.480674 0.378449 0.460388 0.363981 0.450896 0.356449 0.436208 0.345194 0.433250 0.342759
2 0.542841 0.389880 0.540185 0.375380 0.539279 0.365333 0.538714 0.360713 0.540354 0.359509 0.541766 0.360310 0.542953 0.363426 0.544365 0.366338 0.546909 0.368852 0.550016 0.370458 0.552953 0.372269 0.554763 0.372968 0.556005 0.375782 0.561826 0.393162 0.562898 0.396574 0.563578 0.398889 0.564990 0.400694 0.566797 0.404111 0.568549 0.406222 0.570076 0.407528 0.569341 0.410940 0.567984 0.410940 0.566797 0.411444 0.565667 0.412852 0.565047 0.413755 0.563802 0.415060 0.563698 0.416065 0.553971 0.405519 0.549677 0.399792 0.547078 0.396333 0.547305 0.394051 0.547003 0.391495 0.545188 0.390417
10 0.566729 0.440551 0.565414 0.447204 0.565937 0.452185 0.567602 0.455296 0.570664 0.459653 0.571628 0.459810 0.574604 0.463389 0.575305 0.464319 0.578279 0.465565 0.580031 0.468056 0.580469 0.469611 0.580469 0.470699 0.580292 0.472102 0.580818 0.473810 0.581430 0.474125 0.581518 0.474903 0.580380 0.481903 0.574690 0.478634 0.567865 0.476458 0.566638 0.476458 0.554648 0.464634 0.549047 0.459032 0.545807 0.461366 0.544669 0.462454 0.544232 0.464944 0.543708 0.467435 0.543094 0.469144 0.541958 0.469301 0.540995 0.468056 0.540383 0.466190 0.541781 0.460898 0.543534 0.457630 0.545021 0.456074 0.546422 0.454361 0.547383 0.451407 0.548346 0.447671 0.549573 0.443472 0.550271 0.440204 0.551497 0.436935 0.552721 0.434759 0.553073 0.434292 0.554680 0.433009 0.556005 0.433116 0.557576 0.433231 0.558294 0.433347
2 0.530740 0.395796 0.532706 0.396065 0.533385 0.398620 0.534747 0.400907 0.536109 0.401042 0.535656 0.407630 0.537094 0.408037 0.537622 0.409514 0.538909 0.409917 0.538826 0.411116 0.537615 0.412324 0.537464 0.415148 0.537539 0.418778 0.537237 0.420259 0.536177 0.422412 0.535195 0.423352 0.532862 0.423000 0.532143 0.420912 0.531555 0.418120 0.531490 0.417074 0.531815 0.409634 0.531490 0.407079 0.530508 0.403708 0.531750 0.401032 0.531948 0.399176
2 0.380107 0.255495 0.367672 0.276431 0.373154 0.286579 0.369820 0.291097 0.367219 0.290495 0.363490 0.290093 0.361852 0.288083 0.359141 0.278426 0.359669 0.277579 0.358138 0.273505 0.365023 0.267384 0.370690 0.262880 0.374333 0.259458
10 0.413208 0.253519 0.425917 0.264273 0.427581 0.266426 0.428943 0.269787 0.429625 0.272208 0.430305 0.277185 0.431591 0.279069 0.432573 0.280546 0.434995 0.283236 0.435070 0.284315 0.431289 0.285120 0.430154 0.284042 0.427656 0.284042 0.424404 0.279069 0.422740 0.278801 0.422211 0.277185 0.418656 0.273824 0.414872 0.270060
2 0.399271 0.264491 0.400570 0.263514 0.401583 0.262991 0.402385 0.263065 0.403398 0.265389 0.406143 0.276421 0.403906 0.277245 0.400276 0.279199 0.397620 0.281120 0.395391 0.282870 0.394875 0.277634 0.394286 0.273819 0.394737 0.272815 0.395724 0.269500 0.398469 0.265546
2 0.406786 0.278181 0.401620 0.279926 0.397052 0.283829 0.395273 0.284977 0.395875 0.288829 0.395945 0.288477 0.397052 0.291731 0.402021 0.294176 0.406602 0.294176 0.407453 0.293361 0.407068 0.291222 0.400914 0.288597 0.400729 0.287315 0.400781 0.286065 0.401753 0.286315 0.404693 0.287477 0.406133 0.288407 0.411427 0.291315
2 0.389167 0.292361 0.395885 0.292917 0.397854 0.294676 0.397135 0.296301 0.394260 0.299440 0.393018 0.301417 0.392232 0.302694 0.392755 0.304903 0.392951 0.306644 0.394326 0.310250 0.391781 0.309782 0.387917 0.305949 0.383073 0.301389 0.387393 0.294324
2 0.379271 0.307639 0.383099 0.301389 0.387917 0.305949 0.391781 0.309782 0.394326 0.310250 0.395615 0.310602 0.396143 0.312218 0.396143 0.313292 0.392211 0.313560 0.392966 0.320421 0.391680 0.322306
2 0.411427 0.291315 0.406786 0.278181 0.406143 0.276421 0.403398 0.265389 0.402299 0.260861 0.403740 0.261213 0.404719 0.260282 0.405190 0.259838 0.406174 0.263870 0.409792 0.276250 0.414789 0.290153 0.418516 0.297356 0.421130 0.303634 0.421065 0.305380 0.420018 0.305843 0.418776 0.305843 0.413219 0.294222 0.413023 0.292824
2 0.395784 0.223370 0.396224 0.221718 0.396664 0.221458 0.399497 0.221370 0.400229 0.222065 0.400474 0.223106 0.400180 0.223542 0.399740 0.224065 0.400716 0.236741 0.401695 0.243856 0.402427 0.245245 0.403451 0.246792 0.404586 0.252171 0.405190 0.259838 0.404719 0.260282 0.403740 0.261213 0.402299 0.260861 0.401977 0.259366 0.400273 0.252708 0.398156 0.241278 0.396453 0.229421
10 0.419701 0.289417 0.419164 0.291653 0.420938 0.299606 0.424734 0.301481 0.425875 0.300583 0.427562 0.295630 0.429211 0.291579 0.429844 0.290153 0.429969 0.288125 0.429885 0.286699 0.427656 0.284042 0.424404 0.279069 0.423724 0.278935
2 0.429885 0.286699 0.431216 0.285782 0.436359 0.284616 0.440591 0.284421 0.441396 0.285329 0.442089 0.287338 0.442380 0.289481 0.443073 0.290454 0.444641 0.290583 0.446284 0.291037 0.446940 0.291944 0.443948 0.295315 0.443292 0.294407 0.442234 0.293889 0.441104 0.293370 0.439753 0.290130 0.439279 0.289546 0.438477 0.290259 0.438294 0.291167 0.437711 0.292398 0.437492 0.292981 0.434865 0.293306 0.433844 0.294537 0.429794 0.292269 0.429211 0.291579 0.429844 0.290153 0.429969 0.288125
10 0.443948 0.295315 0.446609 0.297097 0.445388 0.301310 0.443500 0.304579 0.444063 0.314014 0.441049 0.320907 0.439781 0.317144 0.435328 0.305690 0.435328 0.305690 0.432055 0.298574 0.433844 0.294537 0.434865 0.293306 0.437526 0.292963 0.441078 0.293361 0.442234 0.293889 0.443292 0.294407
2 0.445026 0.312315 0.448195 0.302093 0.449331 0.302093 0.450690 0.303301 0.452734 0.304917 0.454474 0.307472 0.455154 0.312310 0.455836 0.314597 0.456146 0.317130 0.455003 0.321051 0.455836 0.327375 0.449935 0.326431 0.449784 0.325222 0.448799 0.324282 0.446305 0.315810
2 0.426250 0.323380 0.429432 0.327361 0.429427 0.329352 0.426060 0.337528 0.425289 0.340167 0.425203 0.341514 0.425203 0.348194 0.422708 0.346250 0.422935 0.344037 0.422820 0.341630 0.421974 0.339519 0.421013 0.337708 0.419826 0.336704 0.419826 0.336704 0.418979 0.335301 0.418302 0.333995 0.420109 0.332889 0.420109 0.330278 0.421521 0.329574 0.422346 0.328611 0.424042 0.325495
10 0.443552 0.344894 0.444570 0.341676 0.445870 0.340069 0.448583 0.336958 0.449487 0.334144 0.457568 0.339468 0.464461 0.346097 0.469771 0.350014 0.472182 0.350597 0.472937 0.350329 0.472992 0.355741 0.471073 0.357449 0.469094 0.358051 0.465930 0.357648 0.458641 0.352931 0.457341 0.352931 0.454177 0.351120 0.453273 0.352125 0.451187 0.352778
2 0.477552 0.347370 0.482620 0.351810 0.486026 0.356245 0.492305 0.359606 0.493060 0.364181 0.490792 0.363912 0.488974 0.364181 0.487766 0.365120 0.486781 0.366333 0.485344 0.368079 0.485117 0.368486 0.480503 0.367139 0.479898 0.365662 0.478536 0.365528 0.477552 0.365120 0.476190 0.361491 0.474982 0.360148 0.473846 0.358532 0.473318 0.357593 0.472992 0.355741 0.472937 0.350329 0.473997 0.348852 0.475888 0.346833
2 0.501464 0.375625 0.500172 0.374806 0.499188 0.378032 0.497984 0.383157 0.499044 0.385171 0.499951 0.386250 0.500935 0.387190 0.502146 0.387593 0.503734 0.388537 0.506531 0.389477 0.507969 0.390014 0.510391 0.391630 0.512130 0.392032 0.514247 0.390954 0.516216 0.389745 0.521057 0.391898 0.526956 0.394051 0.530740 0.395796 0.532706 0.396065 0.533385 0.398620 0.534747 0.400907 0.536109 0.401042 0.535656 0.407630 0.537094 0.408037 0.537622 0.409514 0.538909 0.409917 0.540044 0.408708 0.541026 0.408708 0.542086 0.407764 0.543146 0.406421 0.543523 0.405074 0.543826 0.400639 0.544961 0.399023 0.546549 0.398755 0.547078 0.396333 0.547305 0.394051 0.547003 0.391495 0.545188 0.390417 0.542841 0.389880 0.537471 0.386921 0.533536 0.383157 0.530664 0.380870 0.528771 0.379255 0.522721 0.375088 0.521208 0.374144 0.520299 0.371727 0.518107 0.367690 0.516443 0.365944 0.514930 0.367556 0.513870 0.368361 0.512734 0.370917 0.510617 0.374551 0.509786 0.375491 0.508576 0.375222 0.507893 0.373472 0.505323 0.379792 0.500859 0.377778
2 0.497372 0.385565 0.496312 0.387713 0.495177 0.389866 0.496539 0.392421 0.514544 0.406944 0.518854 0.410579 0.521049 0.409231 0.522107 0.406944 0.521352 0.404389 0.520594 0.399954 0.520292 0.399009 0.516813 0.396727
5 0.297013 0.203889 0.288721 0.187306 0.294810 0.183389 0.308674 0.177398 0.311911 0.175097 0.316057 0.171644 0.321370 0.171644 0.331484 0.192037 0.343005 0.212407 0.357388 0.241662 0.371185 0.271329 0.373984 0.280079 0.374555 0.283259 0.376224 0.285444 0.376458 0.288046 0.372870 0.284847 0.369734 0.282472 0.366146 0.278491 0.361979 0.280648 0.359266 0.284731 0.335143 0.254995 0.306938 0.217222
5 0.357547 0.158755 0.356435 0.154731 0.355596 0.153046 0.355523 0.149398 0.359219 0.149204 0.362883 0.148806 0.362883 0.147792 0.358784 0.143718 0.358755 0.142060 0.361227 0.140282 0.364388 0.132481 0.363685 0.130005 0.362427 0.128514 0.362516 0.125519 0.365508 0.125852 0.372786 0.132907 0.378664 0.138218 0.384917 0.144190 0.389536 0.148009 0.395753 0.153481 0.403409 0.161954 0.415229 0.173750 0.423760 0.180292 0.433701 0.189894 0.442901 0.199713 0.447419 0.204171 0.447044 0.206278 0.448794 0.213167 0.449609 0.219051 0.456609 0.225056 0.455227 0.227278 0.454115 0.228287 0.453177 0.229907 0.451172 0.228051 0.449734 0.227046 0.447943 0.231296 0.446706 0.239412 0.439331 0.231185 0.439766 0.240181 0.440266 0.249509 0.434219 0.242505 0.424984 0.232806 0.411701 0.218213 0.396148 0.201894 0.379083 0.182597 0.362451 0.164551
5 0.384917 0.144190 0.377315 0.135782 0.371388 0.129644 0.368401 0.126907 0.368401 0.125662 0.370081 0.123171 0.374234 0.120435 0.375401 0.119190 0.376521 0.112801 0.377409 0.110560 0.381047 0.102597 0.383055 0.102264 0.383570 0.102500 0.384411 0.103250 0.410234 0.129417 0.441930 0.159255 0.468906 0.185454 0.466456 0.189551 0.466456 0.189551 0.465057 0.192620 0.463003 0.198014 0.461883 0.200171 0.461229 0.200088 0.460622 0.199009 0.459596 0.200333 0.460016 0.202412 0.458661 0.206560 0.456328 0.208051 0.456281 0.209546 0.454010 0.212546 0.447419 0.204171 0.442901 0.199713 0.433701 0.189894 0.423760 0.180292 0.415229 0.173750 0.403409 0.161954 0.395753 0.153481 0.389536 0.148009
5 0.464870 0.234852 0.462633 0.232213 0.459487 0.232356 0.457607 0.233384 0.456609 0.233602 0.453638 0.235727 0.452146 0.237019 0.450979 0.238903 0.451461 0.240102 0.462190 0.251861 0.474815 0.265917 0.494823 0.288435 0.498818 0.293671 0.507609 0.302417 0.525440 0.323931 0.533424 0.333111 0.534596 0.334616 0.535724 0.338417 0.535951 0.339593 0.531870 0.341514 0.530984 0.342181 0.531474 0.344005 0.539958 0.353324 0.541630 0.352431 0.541044 0.350500 0.541044 0.345296 0.543135 0.343958 0.546984 0.349014 0.548823 0.347676 0.548992 0.343065 0.552003 0.347676 0.554094 0.347227 0.554010 0.342917 0.556518 0.331167 0.559279 0.325815 0.562307 0.327806 0.563315 0.327157 0.562786 0.326019 0.559375 0.322639 0.557318 0.320694 0.553078 0.316412 0.551865 0.314755 0.550130 0.314398 0.547383 0.311681 0.544583 0.314171 0.542344 0.311602 0.540198 0.310602 0.538469 0.311185 0.536695 0.311269 0.514576 0.287454 0.489557 0.260986
5 0.451461 0.240102 0.449839 0.242657 0.446706 0.239412 0.439331 0.231185 0.439766 0.240181 0.440266 0.249509 0.440211 0.252102 0.437727 0.253926 0.434974 0.255463 0.433948 0.257000 0.436797 0.259120 0.445964 0.269815 0.464237 0.290875 0.480622 0.308231 0.488049 0.313931 0.500633 0.331287 0.511859 0.346162 0.517961 0.354032 0.521133 0.351491 0.526328 0.345542 0.531870 0.341514 0.535951 0.339593 0.535724 0.338417 0.534596 0.334616 0.533424 0.333111 0.525440 0.323931 0.507609 0.302417 0.498818 0.293671 0.494823 0.288435 0.474815 0.265917 0.462190 0.251861
