0 0.487083 0.555602 0.485687 0.551282 0.483589 0.546481 0.480896 0.546481 0.476396 0.545412 0.472208 0.548699 0.470878 0.549412 0.470719 0.550991 0.468016 0.555370 0.466148 0.558199 0.464318 0.563356 0.463247 0.570245 0.463349 0.575060 0.461607 0.574375 0.459576 0.575403 0.457927 0.578333 0.454711 0.582551 0.451031 0.585671 0.448185 0.588644 0.446766 0.590875 0.448622 0.597194 0.450141 0.605417 0.452237 0.615056 0.454177 0.624227 0.455336 0.622852 0.455820 0.618894 0.457273 0.614935 0.458820 0.612699 0.463466 0.609431 0.465112 0.608398 0.473531 0.629903 0.472661 0.632657 0.469370 0.644528 0.467047 0.646935 0.461531 0.647625 0.458888 0.647444 0.466276 0.688843 0.470745 0.694736 0.472406 0.696537 0.474576 0.690884 0.478826 0.693120 0.480323 0.692954 0.482333 0.690921 0.485477 0.685037 0.487174 0.680176 0.487341 0.677736 0.486721 0.676500 0.485586 0.671912 0.484031 0.666505 0.483063 0.662056 0.482859 0.657546 0.490552 0.628421 0.494599 0.635361 0.501828 0.631634 0.502117 0.645000 0.501974 0.655153 0.500021 0.660940 0.493227 0.672375 0.492214 0.676102 0.500581 0.681856 0.504560 0.679977 0.509766 0.675736 0.512659 0.673296 0.515565 0.671861 0.517154 0.668519 0.518333 0.662500 0.518516 0.661667 0.518961 0.654769 0.520409 0.646287 0.524240 0.642944 0.530052 0.633306 0.531646 0.626051 0.531458 0.622606 0.530958 0.620611 0.531646 0.619278 0.531419 0.616477 0.531604 0.614440 0.531536 0.612454 0.534651 0.614644 0.534201 0.611931 0.533013 0.607509 0.532562 0.597264 0.532602 0.595921 0.532357 0.593796 0.531938 0.592963 0.531190 0.591718 0.529510 0.590806 0.527924 0.590060 0.528250 0.588565 0.524195 0.585394 0.517904 0.585051 0.514612 0.579718 0.516935 0.572833 0.518484 0.565954 0.518073 0.560634 0.517784 0.556824 0.517784 0.556824 0.518911 0.557301 0.518659 0.554023 0.515065 0.551199 0.514898 0.548074 0.512471 0.547032
6 0.539622 0.467060 0.546063 0.487880 0.559872 0.538481 0.556690 0.520171 0.552326 0.496884 0.549526 0.486333 0.547641 0.479986
6 0.533573 0.444750 0.527742 0.424301 0.526560 0.428171 0.524992 0.435083 0.524076 0.439111 0.525750 0.445833
6 0.528065 0.422380 0.527742 0.424301 0.533573 0.444750 0.536977 0.445134 0.540701 0.446667 0.543294 0.448685 0.541349 0.442634 0.539891 0.439565 0.537245 0.436972 0.536167 0.431019 0.536167 0.428523 0.537138 0.428139 0.536273 0.425741 0.533737 0.426222 0.531359 0.425356
9 0.528042 0.569861 0.524219 0.562222 0.520893 0.563639 0.518146 0.560681 0.518484 0.565954 0.516935 0.572833 0.514612 0.579718 0.517904 0.585051 0.524195 0.585394 0.528250 0.588565 0.529518 0.586944 0.526516 0.577995 0.526904 0.576963 0.529711 0.581954 0.527581 0.571287
6 0.469281 0.207491 0.468299 0.205995 0.463260 0.212051 0.464102 0.215125 0.461628 0.217611 0.463307 0.222671 0.465966 0.220514 0.487951 0.284069 0.496318 0.308458 0.505755 0.335597 0.506510 0.334926 0.507266 0.330412 0.506568 0.327912 0.508943 0.324361 0.510240 0.327722 0.510833 0.326759 0.494956 0.280454 0.479979 0.237648
6 0.522424 0.763662 0.509484 0.771759 0.478826 0.693120 0.480323 0.692954 0.482333 0.690921 0.485477 0.685037 0.487174 0.680176 0.487341 0.677736 0.486721 0.676500 0.485586 0.671912 0.484031 0.666505 0.483063 0.662056 0.482859 0.657546 0.489677 0.673236 0.508242 0.719324 0.517755 0.743907 0.522930 0.756773 0.522628 0.761398
6 0.452625 0.494287 0.446417 0.506236 0.468016 0.555370 0.470719 0.550991 0.470878 0.549412 0.472208 0.548699 0.471763 0.545472 0.471544 0.541009 0.471497 0.535782 0.462406 0.515245
6 0.347177 0.258588 0.345503 0.257694 0.346841 0.262602 0.345336 0.263343 0.352563 0.290454 0.363922 0.330051 0.372503 0.361278 0.379094 0.382245 0.386203 0.403208 0.395078 0.425319 0.389232 0.403208 0.359914 0.303819 0.358677 0.302630 0.356419 0.295940 0.357924 0.295940
6 0.386203 0.403208 0.395078 0.425319 0.432763 0.524718 0.427667 0.533509 0.385695 0.403463
6 0.504927 0.338472 0.499076 0.318495 0.497263 0.314718 0.494333 0.317384 0.493427 0.315278 0.492698 0.315894 0.493534 0.318315 0.491234 0.320792 0.501932 0.359250 0.503945 0.359222 0.504016 0.358231 0.504885 0.357056 0.505076 0.342162 0.505576 0.340718
6 0.500581 0.681856 0.512245 0.705764 0.518680 0.685880 0.512659 0.673296 0.509766 0.675736 0.504560 0.679977
6 0.480401 0.702269 0.480258 0.752792 0.484161 0.756519 0.483974 0.708463
10 0.379732 0.324769 0.382513 0.321644 0.388898 0.318204 0.392479 0.319407 0.396060 0.323537 0.397609 0.330417 0.397125 0.334204 0.393060 0.346593 0.390029 0.348398
6 0.365451 0.291963 0.360815 0.292148 0.359419 0.296116 0.357924 0.295940 0.356419 0.295940 0.358677 0.302630 0.359914 0.303819 0.363232 0.313616 0.383490 0.361204 0.442576 0.498106 0.444906 0.481292 0.441148 0.474847 0.437909 0.473921 0.435706 0.469319 0.433503 0.449968 0.422458 0.422616 0.420357 0.418398 0.419440 0.421662 0.419440 0.425532 0.417849 0.425681 0.418018 0.420472 0.419104 0.416315 0.390029 0.348398 0.379732 0.324769
2 0.487573 0.644264 0.502018 0.653870 0.502117 0.645000 0.501828 0.631634 0.494599 0.635361 0.490552 0.628421 0.487565 0.641292
5 0.510714 0.520532 0.519099 0.517963 0.521919 0.533644 0.520690 0.538528 0.520112 0.541481 0.518378 0.544694 0.519315 0.546366 0.520971 0.543060 0.522273 0.535606 0.526279 0.555630 0.525469 0.557366 0.522924 0.560269 0.518911 0.557301 0.518659 0.554023 0.515065 0.551199 0.514898 0.548074 0.512471 0.547032 0.512391 0.545403 0.511719 0.544218 0.510880 0.543912 0.511055 0.541532 0.510966 0.539903 0.510380 0.539157 0.510714 0.537667 0.510049 0.534398 0.512138 0.532319
6 0.466276 0.688843 0.470448 0.710213 0.472346 0.719366 0.476820 0.714417 0.472406 0.696537 0.470745 0.694736
6 0.583901 0.698347 0.573760 0.653694 0.568453 0.628639 0.572945 0.620088 0.578115 0.647148 0.582648 0.680620 0.583810 0.693856
6 0.528747 0.455907 0.529753 0.455463 0.533432 0.458435 0.535940 0.461111 0.539622 0.467060 0.546063 0.487880 0.559872 0.538481 0.565953 0.571819 0.571013 0.605602 0.563661 0.581991 0.551240 0.540444 0.539154 0.497440 0.534310 0.477620
1 0.516083 0.473866 0.515112 0.481639 0.511924 0.486250 0.510521 0.497384 0.509388 0.502472 0.507281 0.511880 0.512138 0.532319 0.510714 0.520532 0.519099 0.517963 0.521919 0.533644 0.520690 0.538528 0.520112 0.541481 0.518378 0.544694 0.519315 0.546366 0.520971 0.543060 0.522273 0.535606 0.526279 0.555630 0.531102 0.564750 0.528042 0.569861 0.527581 0.571287 0.529711 0.581954 0.526904 0.576963 0.526516 0.577995 0.529518 0.586944 0.528250 0.588565 0.533523 0.591884 0.534911 0.592449 0.550805 0.605194 0.551508 0.600968 0.550698 0.592231 0.549078 0.584458 0.546107 0.576491 0.543354 0.570824 0.540167 0.566218 0.535740 0.560361 0.533578 0.556903 0.537867 0.552185 0.536747 0.550278 0.540417 0.541528 0.536953 0.547120 0.533406 0.541204 0.524013 0.525917 0.526456 0.513380 0.526893 0.514315 0.527768 0.514005 0.529432 0.514935 0.530044 0.514315 0.530307 0.513380 0.531357 0.513847 0.531534 0.512134 0.531008 0.509801 0.530833 0.507157 0.530570 0.504199 0.531971 0.498597 0.533284 0.491440 0.535208 0.487861 0.535708 0.487537 0.534930 0.485014 0.533049 0.485014 0.530013 0.483083 0.527193 0.479611 0.524591 0.476269 0.524086 0.473185 0.524013 0.468949 0.525245 0.463162 0.526341 0.457796 0.525430 0.456278 0.524404 0.459347 0.523190 0.463245 0.522443 0.467977 0.521930 0.471958 0.522911 0.476273 0.525482 0.481009 0.526169 0.484069 0.526279 0.485704 0.526169 0.487236 0.526872 0.488870 0.526656 0.489736 0.525901 0.489829 0.521542 0.484125 0.518667 0.478074
2 0.531536 0.612454 0.531604 0.614440 0.531419 0.616477 0.531646 0.619278 0.536581 0.623940 0.539581 0.626162 0.573760 0.653694 0.570721 0.643931 0.562047 0.635958 0.564990 0.623690 0.562656 0.614731 0.534911 0.592449 0.533469 0.593736 0.532602 0.595921 0.532568 0.597296 0.544547 0.606134 0.541211 0.619102
6 0.555081 0.674204 0.552521 0.671981 0.531646 0.626051 0.531458 0.622606 0.530958 0.620611 0.531646 0.619278 0.536581 0.623940 0.539581 0.626162 0.560229 0.669824 0.560042 0.671713 0.556232 0.674713
6 0.465112 0.608398 0.463466 0.609431 0.458820 0.612699 0.457273 0.614935 0.455820 0.618894 0.455336 0.622852 0.454177 0.624227 0.455724 0.634551 0.461531 0.647625 0.467047 0.646935 0.469370 0.644528 0.472661 0.632657 0.473531 0.629903
6 0.433755 0.527278 0.428714 0.536153 0.446766 0.590875 0.448185 0.588644 0.451031 0.585671 0.454711 0.582551 0.438911 0.541472 0.438745 0.546236 0.436820 0.546088 0.437656 0.537606
4 0.538177 0.738833 0.522995 0.753907 0.522930 0.756773 0.517755 0.743907 0.508242 0.719324 0.512245 0.705764 0.518680 0.685880 0.527253 0.658870 0.529003 0.658315 0.529943 0.656644 0.529820 0.654977 0.533875 0.656644 0.552521 0.671981 0.555081 0.674204 0.556232 0.674713 0.563273 0.681310 0.563828 0.681806 0.583901 0.698347 0.584190 0.702204 0.578625 0.724310 0.570130 0.730171 0.566659 0.721227 0.567180 0.716907 0.565445 0.715056 0.565099 0.704889 0.562148 0.700264 0.559198 0.702116 0.556596 0.707356 0.556424 0.712282 0.557464 0.720301
6 0.526523 0.513528 0.532294 0.522898 0.539120 0.532981 0.541302 0.540185 0.536953 0.547120 0.533406 0.541204 0.524013 0.525917
1 0.464242 0.121426 0.462904 0.121130 0.460396 0.137042 0.458052 0.153398 0.458052 0.156074 0.458052 0.159046 0.456547 0.164699 0.451010 0.193500 0.449857 0.199926 0.449279 0.207375 0.448953 0.212759 0.447505 0.223167 0.446779 0.232028 0.446904 0.240921 0.447555 0.248116 0.449003 0.255060 0.450951 0.261741 0.454206 0.272028 0.447555 0.273306 0.444227 0.268296 0.442495 0.266495 0.443214 0.257500 0.442570 0.256861 0.441049 0.264310 0.440471 0.269069 0.437076 0.265606 0.434977 0.263032 0.432232 0.260074 0.428185 0.265218 0.423409 0.260208 0.424638 0.252741 0.427815 0.241949 0.433755 0.224208 0.442044 0.199153 0.442854 0.197708 0.443724 0.197815 0.444477 0.199375 0.445349 0.202588 0.446042 0.205917 0.445974 0.206704 0.445474 0.207032 0.443977 0.205264 0.442789 0.204699 0.442044 0.205042 0.441727 0.206037 0.441977 0.207477 0.442536 0.209366 0.443289 0.211032 0.443977 0.209815 0.443039 0.208028 0.442604 0.207153 0.442982 0.206481 0.443977 0.207597 0.445539 0.209144 0.446292 0.209264 0.447104 0.208593 0.447354 0.207375 0.447289 0.205815 0.446602 0.202361 0.445164 0.196699 0.444411 0.195153 0.443542 0.194704 0.442789 0.194824 0.441977 0.195597 0.441107 0.197366 0.439417 0.202810 0.433128 0.220968 0.424612 0.246495 0.423617 0.249708 0.422865 0.253157 0.421987 0.257042 0.421594 0.261306 0.417914 0.259315 0.412477 0.254870 0.411664 0.254097 0.410846 0.254986 0.408578 0.254912 0.407500 0.255301 0.406260 0.256060 0.405232 0.257796 0.404154 0.260579 0.403234 0.264519 0.401453 0.260477 0.399620 0.252995 0.398701 0.249440 0.398216 0.248579 0.397404 0.248773 0.397185 0.249352 0.401560 0.265755 0.399026 0.264606 0.397135 0.265083 0.389734 0.260968 0.382380 0.255361 0.381846 0.255361 0.381680 0.255940 0.382062 0.256889 0.388706 0.262079 0.387836 0.262838 0.381896 0.261782 0.380383 0.261889 0.378115 0.262468 0.374068 0.265722 0.358344 0.282347 0.358979 0.283778 0.369526 0.273486 0.370596 0.274898 0.371164 0.277917 0.372279 0.285352 0.375021 0.293097 0.369008 0.300148 0.379732 0.324769 0.382513 0.321644 0.388898 0.318204 0.392479 0.319407 0.396060 0.323537 0.397609 0.330417 0.397125 0.334204 0.393060 0.346593 0.390029 0.348398 0.419104 0.416315 0.418018 0.420472 0.417849 0.425681 0.419440 0.425532 0.419440 0.421662 0.420357 0.418398 0.422458 0.422616 0.433503 0.449968 0.435706 0.469319 0.437909 0.473921 0.441148 0.474847 0.444906 0.481292 0.442576 0.498106 0.383490 0.361204 0.363232 0.313616 0.359914 0.303819 0.389232 0.403208 0.395078 0.425319 0.432763 0.524718 0.427667 0.533509 0.428714 0.536153 0.433755 0.527278 0.437656 0.537606 0.436820 0.546088 0.438745 0.546236 0.438911 0.541472 0.454711 0.582551 0.457927 0.578333 0.459576 0.575403 0.461607 0.574375 0.463349 0.575060 0.463247 0.570245 0.464318 0.563356 0.466148 0.558199 0.468016 0.555370 0.446417 0.506236 0.452625 0.494287 0.462406 0.515245 0.471497 0.535782 0.474146 0.540620 0.476396 0.545412 0.480896 0.546481 0.483589 0.546481 0.485687 0.551282 0.487036 0.555537 0.490187 0.549412 0.492589 0.537944 0.494086 0.528889 0.498435 0.527032 0.493635 0.511565 0.486893 0.505977 0.485990 0.499583 0.486742 0.489454 0.483289 0.483329 0.483615 0.479583 0.481815 0.474509 0.479576 0.477190 0.477919 0.470778 0.476721 0.467060 0.476422 0.461722 0.476570 0.456935 0.477474 0.453204 0.479424 0.451597 0.480427 0.441602 0.482049 0.430454 0.483214 0.420546 0.486701 0.394380 0.485831 0.387597 0.484443 0.377116 0.483406 0.370019 0.485135 0.367241 0.488776 0.365398 0.490682 0.365398 0.491034 0.361380 0.495893 0.358287 0.499698 0.361870 0.500602 0.360282 0.501932 0.359250 0.491234 0.320792 0.493534 0.318315 0.492698 0.315894 0.493427 0.315278 0.494333 0.317384 0.497263 0.314718 0.499076 0.318495 0.504927 0.338472 0.504935 0.336458 0.505755 0.335597 0.496318 0.308458 0.487951 0.284069 0.487227 0.283894 0.485479 0.297889 0.481232 0.294435 0.479542 0.286884 0.477417 0.280667 0.478102 0.279551 0.477727 0.277231 0.476604 0.277782 0.475727 0.274153 0.475141 0.271968 0.474138 0.269532 0.472255 0.266319 0.470232 0.262199 0.467630 0.258986 0.466326 0.257574 0.468292 0.249042 0.467286 0.247940 0.465289 0.255940 0.462419 0.251940 0.459919 0.249931 0.457609 0.249042 0.457042 0.251046 0.459484 0.252162 0.461417 0.253708 0.463357 0.256162 0.464794 0.258153 0.463732 0.262704 0.461289 0.273486 0.459039 0.272370 0.460922 0.256593 0.459859 0.256162 0.458297 0.271153 0.455737 0.271255 0.452674 0.261708 0.450299 0.254481 0.448685 0.247417 0.447966 0.239449 0.447815 0.230972 0.449320 0.219866 0.450674 0.210736 0.450474 0.205069 0.451503 0.196458 0.456172 0.173426 0.459273 0.158722 0.459216 0.154944 0.462169 0.135435
6 0.526341 0.457796 0.534930 0.485014 0.533049 0.485014 0.530013 0.483083 0.527193 0.479611 0.524591 0.476269 0.524086 0.473185 0.524013 0.468949 0.525245 0.463162
6 0.572945 0.620088 0.568453 0.628639 0.565984 0.628370 0.564990 0.623690 0.562656 0.614731 0.540755 0.541019 0.541302 0.540185 0.539120 0.532981 0.538104 0.531426 0.529146 0.501366 0.531385 0.500171 0.530266 0.504153 0.532841 0.507338 0.537432 0.494398 0.551240 0.540444 0.563661 0.581991 0.571013 0.605602
