0 0.448956 0.235685 0.455544 0.232898 0.460878 0.229829 0.471542 0.224944 0.477714 0.218815 0.480253 0.216556 0.487331 0.229782 0.488057 0.256565 0.492232 0.276889 0.501669 0.295282 0.510563 0.307866 0.520362 0.316898 0.523630 0.317542 0.525807 0.308185 0.528167 0.298829 0.530344 0.286569 0.528531 0.271727 0.527984 0.266241 0.527260 0.251079 0.525807 0.236880 0.520906 0.224296 0.515826 0.219134 0.513284 0.212361 0.504391 0.195907 0.497495 0.188806 0.495862 0.184292 0.494773 0.178481 0.498221 0.172352 0.503484 0.170417 0.506206 0.168481 0.510563 0.172995 0.514737 0.182676 0.519456 0.196551 0.521271 0.206875 0.522904 0.214940 0.528711 0.239463 0.529620 0.241074 0.531435 0.240755 0.532523 0.237852 0.533430 0.232366 0.535062 0.223977 0.536333 0.221394 0.537786 0.214620 0.539602 0.195907 0.539057 0.179130 0.536698 0.162995 0.533430 0.148153 0.529255 0.135894 0.523266 0.127181 0.518367 0.123634 0.508930 0.122662 0.505482 0.122662 0.499128 0.124278 0.492049 0.127505 0.490417 0.127829 0.487151 0.125569 0.476260 0.123634 0.470635 0.121051 0.466461 0.112986 0.462469 0.111694 0.459565 0.113306 0.457930 0.116856 0.457023 0.118148 0.453393 0.113630 0.449401 0.110727 0.447224 0.110403 0.444865 0.149444
5 0.669234 0.618532 0.670461 0.623514 0.671510 0.628958 0.672211 0.635338 0.668885 0.637204 0.666872 0.640162 0.664333 0.642343 0.660919 0.635028 0.654617 0.620403 0.652237 0.615097 0.656701 0.618208 0.663003 0.620699
5 0.813099 0.587824 0.804591 0.591319 0.803010 0.592190 0.802818 0.592731 0.796125 0.608574 0.802099 0.607676 0.803719 0.599213 0.805036 0.598310 0.807161 0.601912 0.811641 0.593935 0.813240 0.590389 0.813138 0.588769
18 0.287003 0.129162 0.279547 0.133986 0.278055 0.134949 0.275208 0.135190 0.272768 0.136875 0.271279 0.138083 0.265177 0.136153 0.264091 0.137356 0.264635 0.141699 0.265719 0.142903 0.259620 0.150856 0.256500 0.155676 0.252841 0.161699 0.253112 0.163389 0.255281 0.168449 0.256229 0.170861 0.257857 0.171102 0.260432 0.172546 0.261651 0.172546 0.265177 0.162426 0.271279 0.163148 0.272633 0.160255 0.277107 0.146759 0.277378 0.147481 0.281852 0.182185 0.286190 0.185801 0.288089 0.179778 0.292292 0.183875 0.294732 0.186764 0.293781 0.191106 0.306661 0.198093 0.314930 0.201227 0.330115 0.190620 0.338792 0.182185 0.339198 0.181222 0.331062 0.165796 0.329979 0.160736 0.330521 0.151097 0.344891 0.149648 0.346789 0.154713 0.348687 0.155676 0.348281 0.152301 0.346518 0.145792 0.346112 0.140250 0.344891 0.135671 0.345977 0.130852 0.344349 0.120005 0.344214 0.116630 0.341503 0.110366 0.337570 0.108921 0.335536 0.108921 0.333367 0.109403 0.327945 0.106028 0.324693 0.104097 0.319404 0.099759 0.318185 0.102653 0.319948 0.104824 0.318591 0.105546 0.316557 0.103856 0.311271 0.102412 0.308831 0.100000 0.307745 0.100968 0.307609 0.103616 0.307745 0.108676 0.312354 0.109884 0.312083 0.111088 0.310185 0.112532 0.308695 0.113981 0.306661 0.113019 0.305034 0.113741 0.305305 0.114704 0.303815 0.116389 0.303000 0.118560 0.299341 0.117116 0.291070 0.124824 0.290122 0.126032 0.282529 0.124102 0.281310 0.124102 0.280768 0.124102 0.278870 0.119042 0.276971 0.119764 0.279276 0.128921 0.281174 0.129162 0.282258 0.127477
18 0.333779 0.155093 0.333779 0.161551 0.336357 0.168843 0.338932 0.176343 0.341510 0.179676 0.344909 0.176343 0.344909 0.169884 0.346081 0.166134 0.342799 0.165301 0.343151 0.162593 0.341628 0.155301
18 0.317727 0.199671 0.323232 0.202380 0.324755 0.202796 0.326747 0.214042 0.324755 0.218625 0.305305 0.230917 0.284802 0.240708 0.283396 0.240083 0.285857 0.223833 0.286206 0.209671 0.290542 0.198005 0.314930 0.201227
18 0.282271 0.195819 0.274185 0.193319 0.269380 0.192278 0.259773 0.197278 0.252156 0.200190 0.251219 0.201023 0.252273 0.212481 0.250870 0.214148 0.249112 0.222898 0.250753 0.226231 0.254031 0.226856 0.266219 0.227898 0.271021 0.228523 0.275943 0.232060 0.279341 0.235602 0.277466 0.218523 0.278286 0.208106
18 0.280747 0.248935 0.284917 0.250319 0.287628 0.249597 0.293591 0.249356 0.297398 0.250352 0.301307 0.258468 0.298474 0.259190 0.293578 0.269315 0.292914 0.276782 0.290026 0.273218 0.271372 0.252477
18 0.301307 0.258468 0.310271 0.267630 0.311284 0.268352 0.313107 0.269792 0.321107 0.276454 0.322828 0.283111 0.324760 0.287870 0.326521 0.290042 0.328570 0.294139 0.335469 0.303537 0.324760 0.311491 0.292914 0.276782 0.293578 0.269315 0.298474 0.259190
5 0.544625 0.507935 0.540979 0.510815 0.538146 0.512796 0.534672 0.506426 0.538146 0.495514 0.539531 0.491481 0.539906 0.493912 0.544523 0.506134
5 0.585305 0.475097 0.582237 0.479870 0.577680 0.488690 0.568464 0.503454 0.565456 0.502824 0.564008 0.498231 0.567047 0.489949 0.570591 0.485093 0.572313 0.483648 0.573224 0.478787 0.578385 0.477361
18 0.551409 0.453468 0.552112 0.455986 0.554924 0.460361 0.555862 0.463069 0.556565 0.462861 0.557503 0.460361 0.563831 0.463694 0.569219 0.466611 0.572969 0.467444 0.574844 0.466819 0.576484 0.464528 0.580703 0.461819 0.583044 0.460361 0.585271 0.460361 0.586091 0.461194 0.587263 0.463903 0.588904 0.466194 0.596990 0.463903 0.602260 0.462236 0.605307 0.461194 0.607065 0.459111 0.614331 0.449528 0.617727 0.442241 0.617609 0.421616 0.617378 0.410995 0.617727 0.403704 0.619367 0.397870 0.621901 0.391528 0.621125 0.384125 0.619953 0.380375 0.619367 0.377042 0.619133 0.371000 0.617727 0.368708 0.617961 0.367042 0.620539 0.363500 0.610815 0.356833 0.609526 0.362250 0.611167 0.364125 0.608940 0.365375 0.603432 0.368292 0.599216 0.369958 0.597107 0.368917 0.594177 0.369542 0.592068 0.370583 0.589841 0.371417 0.587615 0.371417 0.585505 0.372875 0.581172 0.376625 0.579297 0.378708 0.578477 0.377667 0.576602 0.376625 0.575078 0.377875 0.574375 0.378708 0.572617 0.378917 0.570625 0.380583 0.567930 0.383500 0.564768 0.386620 0.562776 0.388704 0.561018 0.388495 0.558909 0.389954 0.557385 0.392454 0.556214 0.395162 0.556190 0.399991 0.550359 0.406736 0.547378 0.409630 0.541685 0.412764 0.541685 0.415657 0.542633 0.423606 0.544966 0.430968 0.547661 0.442843 0.549299 0.447843
5 0.667555 0.586778 0.668779 0.590199 0.669497 0.591306 0.669323 0.601884 0.669846 0.611375 0.672211 0.615269 0.673172 0.616824 0.667729 0.616338 0.666503 0.612606 0.664435 0.609583 0.663422 0.605083 0.661802 0.599139 0.663120 0.596620 0.663018 0.591398 0.665146 0.584199 0.666057 0.583116
5 0.647091 0.615889 0.640089 0.621801 0.635536 0.626625 0.633786 0.629269 0.630945 0.633616 0.630461 0.633625 0.630375 0.633625 0.630745 0.638477 0.651904 0.659769 0.654617 0.655722 0.656456 0.651676 0.658120 0.649343 0.659607 0.647944
5 0.651904 0.659769 0.652719 0.661162 0.657984 0.665843 0.658289 0.665120 0.660516 0.666204 0.662542 0.666204 0.663555 0.665120 0.664771 0.662782 0.665784 0.660440 0.666896 0.660981 0.666391 0.659000 0.663555 0.656843 0.662138 0.655940 0.659099 0.653602 0.655250 0.657019
5 0.719253 0.653060 0.715201 0.657380 0.713276 0.660620 0.711859 0.665120 0.708315 0.657741 0.705479 0.649097 0.702948 0.644778 0.707909 0.668722 0.706969 0.669190 0.710310 0.674412 0.711594 0.675444 0.722594 0.661162 0.720367 0.653421
5 0.714628 0.689806 0.719677 0.697514 0.723779 0.703139 0.724487 0.706588 0.725625 0.710787 0.727552 0.714523 0.730440 0.717167 0.729302 0.721838 0.731141 0.722148 0.731841 0.719037 0.732802 0.718880 0.732628 0.720903 0.734904 0.721213 0.734292 0.723704 0.734729 0.726505 0.736391 0.726657 0.729740 0.740194 0.727313 0.737227 0.725388 0.729306 0.722552 0.719222 0.717896 0.706440 0.713440 0.695278 0.713844 0.691856
5 0.765904 0.523292 0.766982 0.527806 0.764531 0.529361 0.763130 0.532162 0.761904 0.548190 0.756234 0.551829 0.758070 0.539069 0.757503 0.532782 0.758552 0.532319 0.761003 0.528426 0.761440 0.526718
5 0.792740 0.759574 0.780820 0.751213 0.779565 0.743403 0.779878 0.742009 0.781378 0.740194 0.781378 0.740194 0.778781 0.733366 0.779878 0.732528 0.787406 0.744241 0.791487 0.753722
5 0.792740 0.759574 0.796081 0.762171 0.797180 0.766352 0.797336 0.774995 0.785729 0.781968 0.785417 0.774440 0.784789 0.770537 0.780820 0.751213
5 0.771141 0.785593 0.771565 0.790810 0.775643 0.786625 0.782701 0.782722 0.778781 0.766269 0.774544 0.748981
5 0.772820 0.744241 0.770797 0.743190 0.763253 0.762921 0.759172 0.770454 0.767000 0.778861 0.768474 0.782806
5 0.802984 0.804769 0.805328 0.807477 0.807203 0.810602 0.809898 0.811852 0.812125 0.812269 0.812008 0.813935 0.811070 0.816435 0.811188 0.819347 0.811422 0.822472 0.810133 0.822681 0.792323 0.823097 0.778029 0.829347 0.776271 0.819972 0.778732 0.817060 0.782482 0.814560 0.785878 0.813727 0.786464 0.810394 0.786581 0.807894 0.790331 0.807894 0.790331 0.805602 0.794901 0.806852 0.804273 0.810394
5 0.810438 0.826630 0.811409 0.829889 0.813753 0.838639 0.814690 0.842181 0.814456 0.844472 0.813753 0.845514 0.809768 0.842597 0.808013 0.842181 0.806372 0.843431 0.805786 0.845306 0.805083 0.849264 0.803677 0.853009 0.800513 0.859468 0.794419 0.874676 0.791609 0.878843 0.790320 0.882380 0.784930 0.871134 0.781914 0.866588 0.782727 0.854778 0.782727 0.848995 0.780422 0.838389 0.778984 0.833861 0.791865 0.827352 0.794846 0.826870 0.802844 0.826630
5 0.789180 0.885847 0.780638 0.904644 0.779148 0.895245 0.781318 0.886329 0.779745 0.884667 0.781427 0.871634 0.787518 0.881838
5 0.777221 0.833861 0.771935 0.836269 0.773698 0.852657 0.780151 0.861046 0.780557 0.851889 0.777846 0.838148
5 0.752440 0.901514 0.761253 0.904644 0.761117 0.907296 0.762201 0.907778 0.763964 0.906093 0.768979 0.916935 0.772099 0.923685 0.770878 0.927060 0.768573 0.930435 0.766945 0.931639 0.760711 0.928023 0.761388 0.939111 0.761388 0.945616 0.760031 0.948509 0.759083 0.948750 0.756102 0.941037 0.755557 0.938389 0.752846 0.931880 0.751763 0.933565 0.751357 0.933806 0.748643 0.930917 0.749594 0.926579 0.750812 0.923685 0.756914 0.930676 0.759760 0.924889 0.758135 0.922481 0.756372 0.924167 0.754474 0.921273 0.754745 0.917657 0.752440 0.915491 0.754745 0.905366
8 0.757591 0.884880 0.756372 0.886329 0.762336 0.899824 0.763964 0.906093 0.768979 0.916935 0.772099 0.923685 0.779284 0.943185 0.787823 0.963213 0.782672 0.970681 0.776083 0.980588 0.774049 0.984685 0.773779 0.987579 0.774456 0.990227 0.775813 0.992398 0.776760 0.993361 0.779336 0.993602 0.783268 0.992639 0.785979 0.988542 0.786659 0.986611 0.789370 0.985648 0.796305 1.000000 0.800065 1.000000 0.793029 0.984204 0.795333 0.980829 0.796826 0.976009 0.797232 0.971671 0.795063 0.966370 0.793518 0.959829 0.793029 0.958176 0.789234 0.951426 0.783268 0.936722 0.779065 0.927083 0.773372 0.913588 0.768492 0.899366 0.766133 0.898116
8 0.640615 0.601417 0.642190 0.598463 0.644815 0.597218 0.652237 0.615097 0.654617 0.620403 0.660919 0.635028 0.664333 0.642343 0.665120 0.644676 0.663544 0.649185 0.663195 0.651986 0.663195 0.653542 0.661883 0.653389 0.659607 0.647944 0.647091 0.615889
18 0.439063 0.397903 0.450852 0.389866 0.456682 0.386977 0.458310 0.386250 0.461021 0.385528 0.463732 0.382639 0.469289 0.382639 0.477289 0.382394 0.480779 0.389944 0.481479 0.398347 0.483388 0.406014 0.487185 0.406255 0.485557 0.411074 0.486237 0.420236 0.487727 0.420718 0.487966 0.425653 0.488945 0.430759 0.490258 0.431093 0.492133 0.431644 0.494063 0.435116 0.497932 0.446472 0.498513 0.450602 0.498437 0.455181 0.492607 0.451565 0.490576 0.449157 0.488677 0.448435 0.488677 0.448435 0.486643 0.450843 0.482315 0.458894 0.481628 0.459519 0.480969 0.461685 0.478771 0.464657 0.474385 0.472130 0.454417 0.452319 0.438164 0.433176
18 0.279341 0.235602 0.279245 0.238380 0.279609 0.242083 0.279870 0.244954 0.280234 0.249120 0.271372 0.252477 0.250753 0.226231 0.254031 0.226856 0.266219 0.227898 0.271021 0.228523 0.275943 0.232060
2 0.293591 0.249356 0.294135 0.246838 0.304333 0.241542 0.310607 0.238194 0.314997 0.236241 0.321901 0.230106 0.323781 0.230667 0.324823 0.232884 0.326346 0.240944 0.329852 0.252977 0.338214 0.282532 0.342448 0.285319 0.343232 0.280861 0.342604 0.276954 0.340253 0.268032 0.334919 0.255204 0.331469 0.242097 0.329273 0.233731 0.328018 0.225648 0.327076 0.222856 0.326448 0.220907 0.325036 0.218954 0.305273 0.230384 0.284388 0.240671 0.283396 0.240083 0.285857 0.223833 0.286206 0.209671 0.290542 0.198005 0.293781 0.191106 0.294732 0.186764 0.292292 0.183875 0.288089 0.179778 0.286190 0.185801 0.282271 0.195819 0.278286 0.208106 0.277466 0.218523 0.279341 0.235602 0.279245 0.238380 0.279609 0.242083 0.280333 0.249069 0.285039 0.251023
2 0.328651 0.229134 0.331768 0.231546 0.342885 0.233958 0.342615 0.241185 0.336378 0.242153 0.330549 0.239019 0.329273 0.233731
2 0.345596 0.229134 0.345461 0.241426 0.342615 0.241185 0.342885 0.233958 0.342344 0.220218 0.342750 0.213472 0.344648 0.192986 0.344909 0.176343 0.344909 0.169884 0.346081 0.166134 0.349529 0.167917 0.348036 0.194671 0.345596 0.215880 0.345055 0.219736
2 0.358612 0.165991 0.351833 0.160208 0.348687 0.155676 0.346789 0.154713 0.344891 0.149648 0.330521 0.151097 0.329979 0.160736 0.331062 0.165796 0.339198 0.181222 0.341510 0.179676 0.338932 0.176343 0.336357 0.168843 0.333779 0.161551 0.333779 0.155093 0.341628 0.155301 0.343151 0.162593 0.342799 0.165301 0.346081 0.166134 0.349529 0.167917 0.357255 0.172500
18 0.315052 0.236157 0.315500 0.237329 0.326430 0.240870 0.327060 0.243222 0.325578 0.249949 0.312448 0.258519 0.310729 0.259120 0.311622 0.242125 0.310607 0.238194
2 0.350164 0.248319 0.342167 0.252176 0.339591 0.254588 0.339456 0.257722 0.336336 0.258444 0.334919 0.255204 0.331469 0.242097 0.330549 0.239019 0.336378 0.242153 0.342615 0.241185 0.345461 0.241426 0.345461 0.241426 0.345516 0.235139 0.350396 0.237065
2 0.327031 0.243102 0.329901 0.252972 0.329901 0.252972 0.330365 0.254907 0.325586 0.257792 0.319617 0.263380 0.311284 0.268352 0.302880 0.259889 0.303589 0.241884 0.304333 0.241542 0.310607 0.238194 0.311622 0.242125 0.310729 0.259120 0.312266 0.258611 0.325651 0.249676
5 0.343232 0.280861 0.342604 0.276954 0.340253 0.268032 0.336336 0.258444 0.339456 0.257722 0.339591 0.254588 0.342167 0.252176 0.350164 0.248319 0.350396 0.237065 0.352036 0.234023 0.355052 0.233333 0.358313 0.239560 0.360656 0.244769 0.362297 0.248935 0.364758 0.250602 0.366164 0.252685 0.368039 0.256435 0.368742 0.258935 0.370148 0.260389 0.372258 0.263514 0.373544 0.264139 0.374951 0.265597 0.375419 0.267264 0.376357 0.265806 0.378701 0.264556 0.381279 0.265181 0.384208 0.268931 0.385966 0.268097 0.384784 0.290681 0.384893 0.297060 0.376281 0.304102 0.376018 0.303824 0.357581 0.318528 0.351888 0.323347 0.347701 0.326301 0.345271 0.329542 0.343953 0.332602 0.337789 0.324792 0.341367 0.311079 0.342721 0.304574 0.342044 0.302884 0.339198 0.305056 0.332365 0.319250 0.324760 0.311491 0.335469 0.303537 0.328570 0.294139 0.326521 0.290042 0.324760 0.287870 0.322828 0.283111 0.321107 0.276454 0.313107 0.269792 0.311284 0.268352 0.319617 0.263380 0.325586 0.257792 0.330365 0.254907 0.338214 0.282532 0.342448 0.285319 0.343232 0.280861
5 0.355052 0.233333 0.358313 0.239560 0.360656 0.244769 0.362297 0.248935 0.364690 0.250546 0.366164 0.252685 0.368039 0.256435 0.368742 0.258935 0.370148 0.260389 0.372258 0.263514 0.373544 0.264139 0.374951 0.265597 0.375419 0.267264 0.376357 0.265806 0.378701 0.264556 0.381279 0.265181 0.384208 0.268931 0.385966 0.268097 0.385518 0.260699 0.394029 0.261495 0.395036 0.238005 0.396380 0.225861 0.393169 0.223685 0.392156 0.219005 0.388208 0.216843 0.386904 0.218940 0.386435 0.217690 0.383857 0.215815 0.379521 0.214565 0.376474 0.214565 0.375536 0.219565 0.372615 0.230366 0.370500 0.228847 0.369417 0.221375 0.369417 0.221375 0.368039 0.219773 0.371437 0.213940 0.374130 0.211231 0.377529 0.210190 0.377529 0.208523 0.370383 0.204148 0.366164 0.201440 0.361945 0.199981 0.361242 0.198315 0.360070 0.197486 0.359953 0.195611 0.366984 0.198315 0.366984 0.197278 0.360422 0.191028 0.365109 0.191028 0.382451 0.206023 0.381630 0.203940 0.378818 0.199148 0.377294 0.197903 0.362180 0.185611 0.362180 0.182069 0.363000 0.182069 0.372961 0.189986 0.376122 0.191028 0.374365 0.187278 0.376122 0.184986 0.381044 0.191653 0.381982 0.191236 0.392409 0.209356 0.386977 0.170815 0.386740 0.166611 0.385237 0.165829 0.381076 0.158259 0.378268 0.154644 0.375365 0.152407 0.372849 0.152236 0.370815 0.154130 0.369849 0.156019 0.368385 0.156204 0.365492 0.155505 0.362333 0.156593 0.358612 0.165991 0.357187 0.172315 0.353492 0.170125 0.349125 0.173708 0.348036 0.194671 0.345596 0.215880 0.345055 0.219736 0.345596 0.229134 0.345516 0.235139 0.350396 0.237065 0.352036 0.234023 0.355052 0.233333
2 0.376474 0.214565 0.375536 0.219565 0.372615 0.230366 0.370500 0.228847 0.369417 0.221375 0.368039 0.219773 0.368039 0.219773 0.371437 0.213940 0.374130 0.211231 0.377529 0.210190 0.383042 0.212884 0.388208 0.216843 0.386904 0.218940 0.386435 0.217690 0.383857 0.215815 0.379521 0.214565
2 0.382451 0.206023 0.389320 0.211981 0.392966 0.215222 0.392156 0.219005 0.388208 0.216843 0.379701 0.208560 0.366984 0.197278 0.360422 0.191028 0.365109 0.191028
2 0.385451 0.158907 0.388263 0.158282 0.388958 0.168056 0.389398 0.173051 0.395039 0.213181 0.392409 0.209356 0.387021 0.170819 0.386740 0.166611
2 0.389880 0.211546 0.389320 0.211981 0.382451 0.206023 0.381630 0.203940 0.378818 0.199148 0.377294 0.197903 0.362180 0.185611 0.362180 0.182069 0.363000 0.182069 0.372961 0.189986 0.376122 0.191028 0.379440 0.195542
5 0.536880 0.434509 0.540396 0.434926 0.540630 0.430139 0.542622 0.429722 0.544029 0.430139 0.544966 0.430968 0.547661 0.442843 0.549299 0.447843 0.551409 0.453468 0.549651 0.454093 0.547193 0.452843 0.543677 0.457009 0.543443 0.460134 0.544732 0.462838 0.549182 0.464088 0.551643 0.464713 0.553401 0.465130 0.555628 0.468255 0.557737 0.475755 0.555393 0.478463 0.551878 0.479296 0.547427 0.479296 0.544966 0.479088 0.542740 0.477838 0.539693 0.474713 0.536529 0.473880 0.533951 0.473880 0.531372 0.474713 0.528797 0.476380 0.525750 0.477213 0.523055 0.477421 0.520477 0.475963 0.519188 0.473671 0.518836 0.472421 0.519656 0.469921 0.522234 0.467630 0.520594 0.463880 0.518602 0.460343 0.516492 0.455134 0.515320 0.451176 0.516141 0.448468 0.517898 0.446593 0.519159 0.447560 0.521125 0.446079 0.526193 0.443255 0.527857 0.442449 0.531703 0.442782 0.534945 0.441704 0.536565 0.441523
2 0.504268 0.436384 0.506164 0.456144 0.507521 0.472532 0.511995 0.473259 0.510096 0.442648 0.508794 0.437875 0.506904 0.437069
2 0.499794 0.463616 0.493542 0.459120 0.493526 0.461324 0.496969 0.466727 0.501021 0.492472 0.501526 0.493731 0.505477 0.492111 0.504867 0.481310 0.503724 0.468194
2 0.493526 0.461324 0.493526 0.461324 0.496969 0.466727 0.501021 0.492472 0.501021 0.492472 0.501526 0.493731 0.504867 0.505255 0.493323 0.494093 0.489070 0.472667 0.486742 0.461505 0.492310 0.459167
2 0.484747 0.478338 0.485758 0.485181 0.493049 0.491120 0.489070 0.472667 0.486742 0.461505 0.483531 0.461958 0.482315 0.458894 0.481628 0.459519 0.480969 0.461685 0.482315 0.467718 0.486568 0.471676 0.486469 0.478699
5 0.510096 0.442648 0.513779 0.445843 0.513982 0.448005 0.515320 0.451176 0.516492 0.455134 0.518602 0.460343 0.520594 0.463880 0.522234 0.467630 0.519656 0.469921 0.518836 0.472421 0.519188 0.473671 0.520477 0.475963 0.519755 0.478069 0.517021 0.476991 0.516716 0.479329 0.507906 0.478069 0.507805 0.472310 0.511995 0.473259
2 0.537406 0.473838 0.536495 0.488421 0.536495 0.488421 0.535076 0.494542 0.531531 0.506782 0.525659 0.525329 0.525354 0.527130 0.527685 0.529287 0.533659 0.510565 0.532544 0.507866 0.534062 0.505162 0.534672 0.506426 0.539531 0.491481 0.539633 0.489319 0.539693 0.474713 0.539693 0.474713
2 0.539836 0.483380 0.550773 0.483380 0.557760 0.482481 0.569508 0.479597 0.578622 0.477259 0.585305 0.475097 0.593508 0.470236 0.593102 0.468259 0.581456 0.471856 0.566773 0.476000 0.559482 0.477259 0.555393 0.478463 0.551878 0.479296 0.547427 0.479296 0.547427 0.479296 0.544966 0.479088 0.539633 0.479597
2 0.550773 0.483380 0.554286 0.488870 0.558339 0.495352 0.561781 0.502912 0.560161 0.503454 0.557932 0.502194 0.556211 0.500213 0.552870 0.499315 0.550437 0.499491 0.548615 0.500394 0.547805 0.502014 0.546995 0.505796 0.539906 0.493912 0.539531 0.491481 0.539836 0.483380
2 0.384461 0.304157 0.376258 0.310458 0.373219 0.312981 0.363195 0.323060 0.357523 0.327921 0.351750 0.331884 0.348510 0.336204 0.347193 0.336565 0.345372 0.335486 0.343953 0.332602 0.345271 0.329542 0.347701 0.326301 0.351888 0.323347 0.357581 0.318528 0.376018 0.303824 0.376281 0.304102 0.386323 0.295778
5 0.384461 0.304157 0.384487 0.323523 0.385742 0.344995 0.389036 0.373162 0.389664 0.379574 0.382229 0.373731 0.380398 0.361528 0.377065 0.360833 0.374711 0.362111 0.375169 0.365713 0.348510 0.336204 0.351615 0.332222 0.365104 0.321389 0.376258 0.310458
5 0.455857 0.278630 0.450052 0.274167 0.450367 0.265245 0.448956 0.258829 0.448956 0.244329 0.448956 0.235685 0.455544 0.232898 0.460878 0.229829 0.465268 0.274444 0.465583 0.281417 0.464563 0.282736 0.462943 0.282375 0.462943 0.282375 0.462943 0.282375 0.459427 0.289852 0.459427 0.289852 0.460148 0.286769 0.460148 0.284838 0.459570 0.282269
16 0.450052 0.274167 0.449583 0.275005 0.448013 0.299264 0.452250 0.297593 0.455229 0.297593 0.457172 0.296056 0.457576 0.294079 0.457372 0.292815 0.458487 0.291556 0.459427 0.289852 0.460148 0.286769 0.460148 0.284838 0.459570 0.282269 0.455857 0.278630
5 0.448013 0.299264 0.447753 0.307500 0.445034 0.330495 0.447599 0.333472 0.449904 0.331301 0.450445 0.326481 0.450310 0.323347 0.449260 0.322625 0.449336 0.319264 0.451000 0.312875 0.452060 0.310657 0.453120 0.307833 0.454708 0.302588 0.457172 0.296056 0.455229 0.297593 0.452250 0.297593
2 0.392409 0.209356 0.392966 0.215222 0.389880 0.211546 0.379440 0.195542 0.376112 0.190833 0.374146 0.187204 0.376565 0.184648 0.381180 0.191106 0.382391 0.191106
18 0.465583 0.281417 0.472154 0.285116 0.473052 0.295755 0.491198 0.304616 0.502266 0.316491 0.498560 0.336630 0.498185 0.338366 0.496362 0.338546 0.493628 0.339083 0.492008 0.338546 0.491398 0.336023 0.490385 0.335125 0.489375 0.336565 0.489083 0.340699 0.491388 0.349375 0.495320 0.360463 0.489354 0.373477 0.486102 0.378056 0.486102 0.378056 0.485680 0.380611 0.484279 0.389009 0.481654 0.389009 0.480779 0.389944 0.477281 0.382329 0.469289 0.382639 0.463732 0.382639 0.461021 0.385528 0.458310 0.386250 0.456677 0.386907 0.450852 0.389866 0.439063 0.397903 0.439435 0.385713 0.440148 0.370375 0.443341 0.347866 0.445034 0.330495 0.447599 0.333472 0.449904 0.331301 0.450445 0.326481 0.450310 0.323347 0.449260 0.322625 0.449336 0.319264 0.451078 0.312944 0.452060 0.310657 0.453120 0.307833 0.454708 0.302588 0.457172 0.296056 0.457576 0.294079 0.457372 0.292815 0.458487 0.291556 0.459500 0.289935 0.462943 0.282375 0.464563 0.282736
18 0.335208 0.187315 0.335346 0.185731 0.339198 0.181222 0.341510 0.179676 0.344909 0.176343 0.344648 0.192986 0.342750 0.213472 0.342344 0.220218 0.342344 0.220218 0.342885 0.233958 0.331768 0.231546 0.328651 0.229134 0.328018 0.225648 0.327076 0.222856 0.326448 0.220907 0.325036 0.218954 0.326747 0.214042 0.326609 0.209241 0.326497 0.205259 0.327393 0.202074 0.329185 0.197495 0.330302 0.193713 0.332206 0.191324 0.334109 0.189532
5 0.487997 0.425778 0.487997 0.425778 0.488945 0.430759 0.490258 0.431093 0.492133 0.431644 0.494380 0.432421 0.496917 0.432093 0.499943 0.434111 0.501154 0.434917 0.504268 0.436384 0.506904 0.437069 0.508794 0.437875 0.510096 0.442648 0.513779 0.445843 0.513982 0.448005 0.515320 0.451176 0.516141 0.448468 0.517898 0.446593 0.511896 0.442718 0.511594 0.441236 0.512273 0.439356 0.512956 0.437875 0.512349 0.436667 0.512880 0.435588 0.516057 0.437741 0.516937 0.437310 0.518185 0.436866 0.517721 0.435995 0.517721 0.435185 0.519990 0.431824 0.519810 0.428648 0.522703 0.429634 0.525008 0.430116 0.526906 0.429394 0.528128 0.426741 0.530026 0.426500 0.532872 0.430597 0.533956 0.434935 0.535177 0.420477 0.537888 0.422403 0.542633 0.423606 0.541685 0.415657 0.541685 0.412764 0.547378 0.409630 0.550359 0.406736 0.556190 0.399991 0.551445 0.390833 0.550089 0.387218 0.545615 0.381671 0.545344 0.375648 0.543174 0.375889 0.537482 0.375407 0.535448 0.374926 0.533008 0.372514 0.531651 0.372032 0.534185 0.365264 0.534284 0.363204 0.537284 0.361653 0.541250 0.356491 0.544057 0.350815 0.545607 0.348579 0.546573 0.346343 0.547250 0.344449 0.549284 0.341866 0.546573 0.335157 0.545315 0.331718 0.544927 0.330338 0.544250 0.331028 0.543573 0.333093 0.541734 0.335847 0.540089 0.337912 0.537669 0.339116 0.533896 0.342042 0.528477 0.348060 0.522958 0.354944 0.520057 0.359245 0.519477 0.360792 0.516669 0.359588 0.517734 0.356319 0.518120 0.352708 0.518120 0.350815 0.519378 0.349954 0.519669 0.348231 0.518799 0.346167 0.517154 0.344278 0.515701 0.345481 0.515023 0.347375 0.513766 0.347546 0.512992 0.349264 0.512120 0.350296 0.511250 0.350468 0.510862 0.352708 0.511443 0.354426 0.511539 0.355458 0.510281 0.355630 0.508927 0.355806 0.506701 0.354944 0.505055 0.354597 0.506701 0.349264 0.507862 0.339977 0.508250 0.332921 0.507378 0.330685 0.504862 0.328620 0.503797 0.327245 0.501862 0.328449 0.502539 0.330856 0.502154 0.333954 0.500797 0.334815 0.499831 0.335676 0.498560 0.336630 0.498185 0.338366 0.496362 0.338546 0.493628 0.339083 0.492008 0.338546 0.491398 0.336023 0.490385 0.335125 0.489375 0.336565 0.489083 0.340699 0.491388 0.349375 0.495320 0.360463 0.495320 0.360463 0.489354 0.373477 0.486102 0.378056 0.485680 0.380611 0.484279 0.389009 0.481654 0.389009 0.480779 0.389944 0.481479 0.398347 0.483388 0.406014 0.487185 0.406255 0.485557 0.411074 0.486237 0.420236 0.487727 0.420718
17 0.642953 0.542667 0.641464 0.534472 0.639747 0.530583 0.638617 0.526523 0.638125 0.526204 0.630211 0.517602 0.625242 0.513338 0.624518 0.513023 0.619500 0.512301 0.615977 0.513264 0.613536 0.514231 0.611232 0.516157 0.610289 0.517676 0.609984 0.519838 0.608768 0.523435 0.608365 0.527579 0.605831 0.529560 0.605427 0.532259 0.606034 0.539278 0.605224 0.541259 0.603604 0.543241 0.601984 0.547921 0.602518 0.558880 0.602206 0.563620 0.601984 0.570606 0.600971 0.573847 0.598034 0.575648 0.595401 0.579606 0.595198 0.586630 0.594490 0.590949 0.595401 0.597069 0.596414 0.601931 0.616417 0.622782 0.622237 0.617773 0.622745 0.617231 0.622945 0.614171 0.627302 0.611111 0.627604 0.594731 0.628253 0.581301 0.621469 0.581120 0.618935 0.579861 0.610328 0.569778 0.607695 0.567435 0.607977 0.566287 0.609740 0.565083 0.613771 0.568338 0.618328 0.573199 0.622885 0.576259 0.626328 0.577519 0.630177 0.576796 0.632607 0.575356 0.633417 0.572657 0.630846 0.570968 0.627706 0.567690 0.626188 0.566611 0.622542 0.565384 0.615435 0.559782 0.613536 0.557130 0.611096 0.553755 0.606216 0.548694 0.607029 0.544116 0.608247 0.541463 0.609875 0.541704 0.613266 0.545079 0.616112 0.546523 0.627229 0.558574 0.635227 0.564602
2 0.613133 0.485185 0.611732 0.487366 0.610857 0.490009 0.610690 0.490370 0.611102 0.492796 0.617060 0.491574 0.617875 0.492056 0.619365 0.494468 0.620857 0.497597 0.622484 0.500250 0.623703 0.503625 0.624518 0.508204 0.624924 0.511097 0.625867 0.511782 0.625242 0.513338 0.626565 0.514264 0.630211 0.517602 0.638617 0.526523 0.645938 0.530375 0.647292 0.525074
2 0.764005 0.614514 0.774591 0.614250 0.792622 0.612560 0.807401 0.611356 0.815263 0.610875 0.814992 0.607019 0.807057 0.606944 0.802099 0.607676 0.796125 0.608574 0.769159 0.610028 0.762378 0.613792 0.762378 0.613792
2 0.605307 0.461194 0.604414 0.463667 0.599250 0.465468 0.593102 0.468259 0.592365 0.468167 0.589630 0.469069 0.584971 0.466185 0.582742 0.465287 0.581224 0.467806 0.579604 0.469606 0.576870 0.472847 0.566773 0.476000 0.559482 0.477259 0.559482 0.477259 0.555393 0.478463 0.557737 0.475755 0.555628 0.468255 0.553401 0.465130 0.551643 0.464713 0.549182 0.464088 0.544732 0.462838 0.543443 0.460134 0.543677 0.457009 0.547193 0.452843 0.549651 0.454093 0.551409 0.453468 0.552112 0.455986 0.554693 0.460065 0.555805 0.462769 0.557427 0.460245 0.569781 0.466546 0.573427 0.467630 0.575148 0.466546 0.576263 0.464926 0.581729 0.460787 0.584161 0.460245 0.585781 0.460245 0.587299 0.462769 0.589122 0.465648
2 0.620648 0.445718 0.608596 0.463903 0.597052 0.480282 0.592091 0.486944 0.590570 0.489824 0.584495 0.496306 0.580039 0.502787 0.577305 0.501889 0.587026 0.486046 0.599786 0.469481 0.604414 0.463667 0.605307 0.461194 0.607065 0.459111 0.614331 0.449528 0.617727 0.442241
2 0.593508 0.470236 0.596211 0.470509 0.597732 0.471949 0.587026 0.486046 0.577305 0.501889 0.575857 0.503995 0.571401 0.503454 0.568464 0.503454 0.577680 0.488690 0.582237 0.479870 0.585305 0.475097
5 0.547198 0.509755 0.547805 0.512273 0.546591 0.516597 0.544667 0.519657 0.543021 0.522639 0.546388 0.529560 0.547503 0.525417 0.548716 0.526856 0.549932 0.531537 0.551552 0.532440 0.552464 0.537301 0.554388 0.541079 0.556516 0.542519 0.557628 0.542343 0.558742 0.536759 0.561172 0.531718 0.562388 0.531718 0.565529 0.536218 0.566354 0.532778 0.569273 0.531000 0.572414 0.531537 0.575755 0.532977 0.577781 0.535319 0.579198 0.537301 0.580414 0.538199 0.580313 0.541801 0.580719 0.543602 0.584362 0.547199 0.601984 0.547921 0.603604 0.543241 0.605224 0.541259 0.606034 0.539278 0.605370 0.532259 0.605831 0.529560 0.605831 0.529560 0.608365 0.527579 0.608768 0.523435 0.609984 0.519838 0.610289 0.517676 0.608768 0.515157 0.603604 0.511917 0.599250 0.511917 0.597831 0.508134 0.596008 0.504894 0.593578 0.501292 0.591958 0.498231 0.590237 0.493370 0.589021 0.494634 0.589529 0.500935 0.590339 0.504713 0.590237 0.507417 0.589021 0.510116 0.588109 0.511194 0.586286 0.509935 0.584565 0.508134 0.583047 0.505616 0.581630 0.504352 0.580719 0.503273 0.577781 0.501653 0.575958 0.503454 0.568464 0.503273 0.565831 0.502375 0.561781 0.502194 0.559857 0.502912 0.556109 0.499671 0.552464 0.499134 0.549021 0.500032 0.547805 0.500935 0.546893 0.503273 0.546490 0.505972
2 0.590812 0.495144 0.594401 0.493898 0.599302 0.489389 0.602716 0.485963 0.604117 0.484565 0.607443 0.483477 0.616896 0.480986 0.617771 0.482074 0.617682 0.487519 0.615669 0.487676 0.613133 0.485185 0.611732 0.487366 0.610857 0.490009 0.606917 0.492657 0.601578 0.495769 0.599391 0.498255 0.597641 0.500745 0.594839 0.503079 0.593578 0.501292 0.591958 0.498231
2 0.614917 0.476819 0.614096 0.478065 0.614799 0.479731 0.616896 0.480986 0.617378 0.481606 0.617771 0.482074 0.617682 0.487519 0.630031 0.488065 0.634133 0.487856 0.635419 0.488481 0.636591 0.490981 0.639052 0.498273 0.640576 0.500565 0.642451 0.504315 0.646318 0.505981 0.649716 0.510144 0.651357 0.512227 0.651708 0.512019 0.645849 0.501398 0.642099 0.495148 0.640107 0.489315 0.638935 0.486190 0.637060 0.485773 0.637294 0.482440 0.636943 0.478690 0.635419 0.475153 0.633547 0.473903 0.633664 0.466819 0.631672 0.464319 0.629563 0.464944 0.628977 0.468486 0.628156 0.470986 0.626633 0.471611 0.624992 0.467861 0.623234 0.466194 0.622297 0.462653 0.621008 0.462653 0.619214 0.465620 0.618151 0.469065 0.617279 0.472847
2 0.638385 0.474153 0.636943 0.478690 0.637294 0.482440 0.637060 0.485773 0.638935 0.486190 0.645414 0.490398 0.657133 0.496440 0.662169 0.495815 0.664630 0.495815 0.671896 0.495190 0.671896 0.493940 0.650570 0.480190
2 0.625146 0.448324 0.625497 0.451653 0.636159 0.451653 0.644711 0.453528 0.649398 0.455194 0.653969 0.457694 0.658188 0.460194 0.663458 0.462486 0.668380 0.466028 0.671896 0.468319 0.671544 0.461444 0.665216 0.456861 0.659008 0.452486 0.654906 0.451236 0.651508 0.450611 0.647875 0.450403 0.644125 0.449778 0.639323 0.449569 0.636745 0.448736
2 0.678922 0.496347 0.675260 0.498755 0.668076 0.498755 0.664958 0.500204 0.661935 0.500009 0.660036 0.498565 0.654341 0.500250 0.650953 0.500009 0.648648 0.498083 0.644174 0.492296 0.642547 0.488440 0.645414 0.490398 0.657133 0.496440 0.662169 0.495815 0.664630 0.495815 0.671896 0.495190 0.679599 0.493935
2 0.580544 0.546944 0.584362 0.547199 0.601984 0.547921 0.602518 0.558880 0.589344 0.555815 0.585734 0.553306
2 0.566328 0.532824 0.577135 0.547407 0.586049 0.559162 0.602206 0.563620 0.602518 0.558880 0.589344 0.555815 0.585734 0.553306 0.568203 0.531528
2 0.589948 0.560509 0.585703 0.558704 0.566328 0.532824 0.565529 0.536218 0.562388 0.531718 0.561172 0.531718 0.558742 0.536759 0.557628 0.542343 0.557328 0.544718 0.558740 0.550852 0.562190 0.563398 0.564857 0.566190 0.567367 0.571486 0.578034 0.567861 0.587130 0.565352 0.589484 0.563398
5 0.589948 0.560509 0.602206 0.563620 0.601984 0.570606 0.600971 0.573847 0.598034 0.575648 0.595401 0.579606 0.595198 0.586630 0.594490 0.590949 0.595401 0.597069 0.596414 0.601931 0.584060 0.589690 0.567367 0.571486 0.578034 0.567861 0.587130 0.565352 0.589484 0.563398
2 0.607695 0.567435 0.610328 0.569778 0.618935 0.579861 0.621469 0.581120 0.628253 0.581301 0.633013 0.580759 0.634836 0.577338 0.636151 0.573019 0.638581 0.564019 0.639797 0.560236 0.641620 0.553394 0.643240 0.548532 0.645266 0.544574 0.647089 0.540972 0.647190 0.537731 0.647190 0.531611 0.648505 0.527829 0.650531 0.521708 0.652049 0.516486 0.651646 0.515769 0.650734 0.515949 0.649823 0.518648 0.648911 0.520449 0.648203 0.521889 0.647292 0.525074 0.645938 0.530375 0.645570 0.535394 0.645570 0.539171 0.642953 0.542667 0.640786 0.548454 0.635227 0.564602 0.633417 0.572657 0.632607 0.575356 0.630177 0.576796 0.626328 0.577519 0.622885 0.576259 0.618328 0.573199 0.613771 0.568338 0.609740 0.565083 0.607977 0.566287
2 0.633013 0.580759 0.637935 0.580509 0.638036 0.582486 0.637630 0.599412 0.636313 0.610931 0.634794 0.619574 0.632971 0.623894 0.630945 0.633616 0.630440 0.633796 0.630745 0.638477 0.622945 0.630194 0.622237 0.617773 0.622745 0.617231 0.622945 0.614171 0.627302 0.611111 0.627604 0.594731 0.628253 0.581301
2 0.642451 0.504315 0.641260 0.503782 0.641380 0.505509 0.641979 0.505546 0.644792 0.506824 0.647078 0.508083 0.649826 0.512616 0.651646 0.515769 0.652049 0.516486 0.651721 0.517750 0.652833 0.518333 0.654859 0.521935 0.655839 0.526468 0.657604 0.534347 0.658846 0.541556 0.659893 0.551088 0.660677 0.555389 0.661659 0.563056 0.663031 0.568639 0.664992 0.574097 0.667151 0.581074 0.670224 0.587116 0.676956 0.603736 0.681336 0.616523 0.683560 0.621755 0.687286 0.621639 0.687286 0.621523 0.682711 0.611644 0.673818 0.590954 0.671268 0.584907 0.668195 0.574681 0.665909 0.567824 0.665255 0.566310 0.664208 0.562940 0.662901 0.560968 0.661659 0.550620 0.660417 0.541787 0.658716 0.533421 0.657409 0.527745 0.655708 0.521005 0.654885 0.518810 0.651357 0.512227 0.649716 0.510144 0.646318 0.505981
2 0.641250 0.385296 0.642156 0.385699 0.644805 0.378301 0.655924 0.394440 0.668557 0.412995 0.672641 0.420662 0.672716 0.424023 0.676802 0.494356 0.671896 0.495190 0.671896 0.493940 0.672914 0.490370 0.672914 0.486755 0.671896 0.468319 0.671544 0.461444 0.670805 0.448486 0.670922 0.440991 0.670570 0.433282 0.670599 0.431019 0.664094 0.422949 0.661445 0.418509 0.655471 0.407616 0.649495 0.398606 0.643896 0.390810 0.641779 0.387310
2 0.671435 0.413301 0.674034 0.412898 0.673984 0.411403 0.676859 0.410819 0.677448 0.419079 0.679148 0.420000 0.678820 0.422333 0.678232 0.424884 0.678232 0.435926 0.679424 0.456227 0.681125 0.473898 0.682758 0.493764 0.682104 0.493995 0.682042 0.495282 0.680667 0.496792 0.678922 0.496347 0.679599 0.493935 0.676802 0.494356 0.672716 0.424023 0.672641 0.420662 0.671435 0.418222 0.671547 0.416014
2 0.688216 0.444370 0.688216 0.450019 0.688292 0.455398 0.683526 0.450963 0.678534 0.443310 0.678232 0.435926 0.678232 0.435764 0.678240 0.431153 0.683081 0.436130
2 0.688216 0.444370 0.689276 0.444583 0.691677 0.444477 0.692073 0.472741 0.693802 0.498148 0.690289 0.497694 0.688669 0.488329 0.689813 0.476472 0.690417 0.470972 0.688451 0.470019 0.687846 0.462218 0.688292 0.455398 0.688216 0.450019
2 0.692214 0.427843 0.692518 0.429458 0.693125 0.429639 0.693125 0.422440 0.694643 0.422440 0.695253 0.419917 0.696063 0.420097 0.699505 0.437023 0.701227 0.459528 0.703555 0.502731 0.698594 0.500574 0.693805 0.498125 0.692073 0.472741 0.692073 0.472741 0.691677 0.444477 0.689945 0.428454 0.689945 0.428454
2 0.699870 0.443194 0.718917 0.465361 0.721570 0.475296 0.718219 0.472056 0.716193 0.463954 0.713977 0.465574 0.700305 0.448833
2 0.700997 0.455843 0.700997 0.455843 0.701227 0.459528 0.701227 0.459528 0.701562 0.464282 0.703768 0.469907 0.708458 0.481662 0.711792 0.489296 0.713599 0.493917 0.713938 0.507380 0.714672 0.506977 0.716313 0.504667 0.715521 0.495727 0.714898 0.492713 0.709247 0.476338 0.703427 0.461269
2 0.713786 0.471986 0.715820 0.479921 0.717628 0.486556 0.717628 0.486556 0.720961 0.498606 0.721018 0.500315 0.721018 0.500315 0.723862 0.514894 0.725958 0.523449 0.727708 0.534028 0.730523 0.566727 0.731133 0.571579 0.734677 0.564556 0.732755 0.535935 0.728805 0.513435 0.724448 0.493986 0.718219 0.472056 0.716193 0.463954 0.713977 0.465574 0.713977 0.465574 0.713148 0.466792 0.713148 0.466792
2 0.695789 0.505505 0.690826 0.504065 0.685865 0.502806 0.681812 0.501546 0.678471 0.500287 0.675260 0.498755 0.678922 0.496347 0.680667 0.496792 0.682042 0.495282 0.682104 0.493995 0.682758 0.493764 0.683833 0.493264 0.686721 0.494662 0.690289 0.497694 0.693805 0.498125 0.698583 0.500560 0.703555 0.502731 0.703555 0.502731 0.704599 0.503236 0.705513 0.504167 0.707214 0.505329 0.709240 0.508000 0.707867 0.508231 0.705971 0.510671 0.705646 0.511023 0.703945 0.509745 0.702508 0.508116 0.701656 0.507884 0.700349 0.507884 0.697930 0.507185 0.699630 0.502537 0.698846 0.501491 0.696690 0.500449
2 0.677193 0.499773 0.675951 0.510620 0.674536 0.527296 0.674367 0.530009 0.673294 0.538245 0.672745 0.553185 0.672237 0.574491 0.678289 0.586856 0.679346 0.568574 0.680029 0.558620 0.679651 0.553106 0.679120 0.537907 0.679578 0.535755 0.680102 0.534551 0.680409 0.528491 0.680932 0.524463 0.681464 0.522444 0.682375 0.515042 0.679865 0.506042 0.679469 0.500616
2 0.720701 0.460194 0.724346 0.479273 0.730320 0.502139 0.732346 0.511319 0.735586 0.532745 0.737005 0.559028 0.734677 0.564556 0.732755 0.535935 0.728805 0.513435 0.724448 0.493986 0.720701 0.480537 0.722320 0.477657 0.721570 0.475296 0.718917 0.465361 0.718878 0.460551
2 0.732346 0.456593 0.734776 0.455333 0.735484 0.460912 0.738828 0.553810 0.737005 0.559028 0.735586 0.532745 0.734471 0.507542 0.734169 0.500519 0.733966 0.498000 0.733461 0.489356
2 0.734776 0.455333 0.737279 0.454667 0.739102 0.455745 0.740214 0.489412 0.741328 0.518755 0.741633 0.528657 0.740620 0.549542 0.738828 0.553810
2 0.740214 0.489412 0.742138 0.493190 0.744669 0.503093 0.744872 0.510116 0.745784 0.517856 0.744568 0.540722 0.740620 0.549542 0.741633 0.528657 0.742036 0.518574 0.742544 0.512995 0.740924 0.504176
2 0.742169 0.481977 0.741661 0.485755 0.742138 0.493190 0.744669 0.503093 0.744872 0.510116 0.744872 0.510116 0.745784 0.517856 0.746523 0.518343 0.747841 0.503940 0.747536 0.481796 0.746625 0.480537 0.745206 0.481255
2 0.750271 0.456231 0.751687 0.455870 0.753510 0.456412 0.753714 0.457491 0.751891 0.485935 0.749966 0.520324 0.748651 0.534005 0.745612 0.538505 0.746523 0.518343 0.747841 0.503940 0.749661 0.469731 0.750372 0.469731 0.752094 0.470454 0.752195 0.466852 0.751687 0.465051 0.750169 0.463431
2 0.752094 0.523745 0.753714 0.524824 0.749865 0.536884 0.747232 0.542648 0.740448 0.555431 0.735789 0.566412 0.731839 0.575051 0.727789 0.584773 0.722523 0.598634 0.721409 0.601338 0.720396 0.603319 0.719992 0.605296 0.722523 0.616819 0.720802 0.617361 0.718979 0.607097 0.718674 0.604940 0.718776 0.602597 0.725461 0.585495 0.727211 0.581287 0.730919 0.573083 0.731133 0.571579 0.734677 0.564556 0.737005 0.559028 0.738828 0.553810 0.740620 0.549542 0.744568 0.540722 0.745612 0.538505 0.748651 0.534005
2 0.701562 0.464282 0.702542 0.467088 0.705682 0.482028 0.709935 0.507954 0.709240 0.508000 0.707214 0.505329 0.705513 0.504167 0.704599 0.503236 0.703555 0.502731
2 0.695555 0.541352 0.697885 0.544500 0.703049 0.552421 0.707708 0.558903 0.714289 0.566463 0.720771 0.574028 0.724620 0.581046 0.723505 0.581046 0.715302 0.572407 0.706797 0.565023 0.701935 0.556384 0.700010 0.552782 0.699708 0.550440 0.697076 0.549361 0.696164 0.548282
2 0.698086 0.526588 0.697987 0.527037 0.698797 0.530458 0.700214 0.535681 0.702341 0.539278 0.706898 0.549181 0.714391 0.563403 0.720771 0.574028 0.720771 0.574028 0.724620 0.581046 0.725461 0.585495 0.727211 0.581287 0.714427 0.552912 0.705112 0.537620 0.698669 0.523667 0.698695 0.524606
2 0.688680 0.518630 0.691055 0.518630 0.693432 0.519241 0.693104 0.533185 0.693104 0.533185 0.693760 0.534583 0.693935 0.538829 0.693430 0.539370 0.693328 0.542069 0.693328 0.541620 0.693328 0.558093 0.693125 0.568444 0.693430 0.579606 0.693833 0.588606 0.693833 0.588606 0.693935 0.600491 0.693732 0.617773 0.689378 0.613273 0.688771 0.589148 0.688529 0.537954 0.688906 0.530181 0.688568 0.526264
2 0.679578 0.535755 0.680102 0.534551 0.680974 0.540181 0.681581 0.548102 0.681378 0.562685 0.680466 0.577269 0.680466 0.587347 0.680669 0.604093 0.679656 0.603551 0.678745 0.600852 0.678240 0.598690 0.678289 0.586856 0.679346 0.568574 0.680029 0.558620 0.679651 0.553106 0.679120 0.537907
2 0.669497 0.591306 0.669323 0.601884 0.669846 0.611375 0.672211 0.615269 0.673172 0.616824 0.677706 0.618986 0.676745 0.611051 0.676219 0.605449 0.672367 0.598602
2 0.679656 0.603551 0.682711 0.611644 0.682711 0.611644 0.687286 0.621523 0.698695 0.625514 0.699607 0.626954 0.701732 0.630736 0.708112 0.633977 0.706898 0.629296 0.706997 0.629477 0.704062 0.627315 0.704062 0.627315 0.701023 0.625333 0.699302 0.623176 0.694542 0.617954 0.693732 0.617773 0.689378 0.613273 0.688263 0.612375 0.686565 0.611375 0.686565 0.611375
2 0.711253 0.631815 0.715448 0.629505 0.720370 0.627630 0.723883 0.624713 0.727164 0.624921 0.733023 0.623880 0.731852 0.617838 0.733375 0.614505 0.730391 0.615074 0.722523 0.616819 0.720802 0.617361 0.715909 0.620296 0.711354 0.622273 0.711354 0.622273 0.706695 0.624616 0.708620 0.627134
2 0.739779 0.658389 0.733141 0.627630 0.733023 0.623880 0.731852 0.617838 0.733375 0.614505 0.733375 0.614505 0.745091 0.600343 0.746849 0.599718 0.752122 0.601796 0.761495 0.589718 0.773096 0.570551 0.774852 0.566389 0.780594 0.562014 0.781063 0.565139 0.776492 0.568264 0.772979 0.576801 0.768995 0.583468 0.762432 0.593259 0.755169 0.604296 0.752943 0.605755 0.749427 0.604630 0.746146 0.604491 0.736773 0.615338 0.735016 0.617421 0.742208 0.658208
2 0.735766 0.622523 0.747951 0.618981 0.757091 0.616069 0.769159 0.610028 0.786148 0.600444 0.795240 0.596153 0.804591 0.591319 0.822354 0.584343 0.830357 0.580241 0.828997 0.568681 0.813273 0.576384 0.802422 0.582176 0.785211 0.592051 0.769206 0.599278 0.747927 0.610838 0.736773 0.615338 0.735016 0.617421
2 0.753568 0.644259 0.753195 0.670486 0.754508 0.673287 0.754508 0.673287 0.755682 0.675685 0.755768 0.668218 0.755245 0.664792 0.755945 0.637875 0.756031 0.616245 0.754193 0.617338
2 0.745354 0.619981 0.744828 0.626829 0.745440 0.638810 0.745799 0.648236 0.743424 0.658750 0.742208 0.658208 0.739401 0.642074 0.737826 0.624648 0.737826 0.622005 0.743516 0.620292
2 0.731302 0.576005 0.732214 0.589690 0.733896 0.613542 0.736435 0.611204 0.733984 0.570593
2 0.744768 0.547782 0.740448 0.555431 0.740112 0.570750 0.738203 0.603333 0.741354 0.598199 0.742841 0.595551
2 0.748531 0.540005 0.747219 0.558519 0.744768 0.592750 0.742841 0.595551 0.744768 0.547782 0.747232 0.542648
2 0.751857 0.531292 0.751945 0.541718 0.752557 0.546074 0.749669 0.564431 0.744768 0.592750 0.750107 0.583417 0.752557 0.576727 0.754219 0.575171 0.756057 0.557120 0.754307 0.556495 0.754219 0.552606 0.756234 0.551829 0.758070 0.539069 0.757503 0.532782 0.758552 0.532319 0.761003 0.528426 0.761440 0.526718 0.765904 0.523292 0.764766 0.520181 0.762930 0.520958 0.754440 0.528426
2 0.768180 0.529981 0.765555 0.531694 0.765117 0.545389 0.764505 0.559546 0.763367 0.562815 0.758026 0.574171 0.753562 0.583042 0.745161 0.597204 0.739122 0.605292 0.738510 0.608403 0.736435 0.611204 0.736102 0.607380 0.736102 0.607380 0.737154 0.604731 0.738203 0.603333 0.741354 0.598199 0.742841 0.595551 0.744768 0.592750 0.750107 0.583417 0.752557 0.576727 0.754219 0.575171 0.754526 0.572616 0.760917 0.557370 0.762081 0.552699 0.761904 0.548190 0.763130 0.532162 0.764531 0.529361 0.766982 0.527806
2 0.772031 0.538231 0.771146 0.542269 0.770281 0.547097 0.767742 0.559236 0.765203 0.571060 0.761495 0.589718 0.756891 0.595801 0.760740 0.576662 0.764505 0.559546 0.767042 0.549898 0.768617 0.543056 0.770456 0.534338
2 0.794969 0.501912 0.790875 0.514111 0.788424 0.520491 0.786849 0.524694 0.783523 0.525315 0.790000 0.508667 0.800154 0.483769 0.801203 0.481125 0.801990 0.477856 0.803042 0.479102 0.803216 0.480972 0.802167 0.484394
2 0.786089 0.539319 0.791951 0.535583 0.799565 0.531694 0.802279 0.530139 0.807969 0.527958 0.811732 0.527181 0.816896 0.525162 0.817859 0.521426 0.807443 0.525162 0.801229 0.526560 0.787401 0.534495
2 0.775740 0.547722 0.762979 0.586972 0.764497 0.584810 0.771891 0.572389 0.778169 0.553667 0.776958 0.550676
2 0.766789 0.626005 0.766000 0.627870 0.764792 0.639991 0.764268 0.644037 0.762831 0.658810 0.759198 0.684847 0.760721 0.688806 0.764003 0.664227 0.766615 0.641565 0.767750 0.629894
10 0.644503 0.393361 0.645706 0.394991 0.646948 0.397083 0.647602 0.398824 0.647143 0.401616 0.646948 0.404056 0.647667 0.404171 0.647995 0.404755 0.651852 0.410912 0.656232 0.417657 0.658292 0.421222 0.659440 0.425157 0.661315 0.430157 0.662135 0.433491 0.662253 0.437657 0.661198 0.438282 0.660260 0.439949 0.660260 0.441824 0.659674 0.445157 0.657917 0.446199 0.655104 0.447236 0.652177 0.447236 0.650068 0.447444 0.647841 0.447861 0.645732 0.447861 0.644125 0.449778 0.639323 0.449569 0.636745 0.448736 0.625096 0.448292 0.622214 0.448435 0.620648 0.445718 0.617727 0.442241 0.617609 0.421616 0.617378 0.410995 0.617727 0.403704 0.619367 0.397870 0.621901 0.391528 0.624206 0.388259 0.626823 0.384995 0.628714 0.380347 0.629992 0.379556 0.634276 0.381931 0.636169 0.381338 0.637560 0.381634 0.641250 0.385296 0.641779 0.387310 0.643896 0.390810
5 0.638385 0.474153 0.636943 0.478690 0.635419 0.475153 0.633547 0.473903 0.633664 0.466819 0.631672 0.464319 0.629563 0.464944 0.628977 0.468486 0.628156 0.470986 0.626633 0.471611 0.624992 0.467861 0.623234 0.466194 0.622297 0.462653 0.621008 0.462653 0.619214 0.465620 0.618151 0.469065 0.617279 0.472847 0.614917 0.476819 0.614096 0.478065 0.614799 0.479731 0.616896 0.480986 0.607443 0.483477 0.604117 0.484565 0.602716 0.485963 0.600190 0.488708 0.599078 0.484028 0.597052 0.480282 0.608596 0.463903 0.608596 0.463903 0.620648 0.445718 0.620648 0.445718 0.622214 0.448435 0.625146 0.448324 0.625497 0.451653 0.636159 0.451653 0.644711 0.453528 0.649398 0.455194 0.653969 0.457694 0.658188 0.460194 0.663458 0.462486 0.668380 0.466028 0.671896 0.468319 0.672914 0.486755 0.672914 0.490370 0.671896 0.493940 0.650570 0.480190
5 0.519380 0.482639 0.517961 0.482301 0.508109 0.481491 0.509021 0.495894 0.509628 0.499134 0.510437 0.508495 0.510133 0.511014 0.523435 0.524944 0.524443 0.525509 0.525659 0.525329 0.531531 0.506782 0.535076 0.494542 0.521203 0.488963 0.521911 0.483380
2 0.615435 0.559782 0.622542 0.565384 0.626188 0.566611 0.627706 0.567690 0.630846 0.570968 0.633417 0.572657 0.635227 0.564602 0.627229 0.558574 0.616112 0.546523 0.613266 0.545079 0.609875 0.541704 0.608247 0.541463 0.607029 0.544116 0.606216 0.548694 0.611096 0.553755 0.613536 0.557130
5 0.696164 0.548282 0.696669 0.552421 0.696466 0.566644 0.695859 0.571324 0.693430 0.579606 0.693786 0.588583 0.693935 0.600491 0.693732 0.617773 0.694542 0.617954 0.694542 0.617954 0.699302 0.623176 0.701023 0.625333 0.704062 0.627315 0.704062 0.627315 0.704062 0.627315 0.706898 0.629296 0.706661 0.624560 0.711354 0.622273 0.715909 0.620296 0.720802 0.617361 0.718979 0.607097 0.718674 0.604940 0.718776 0.602597 0.725461 0.585495 0.724620 0.581046 0.723505 0.581046 0.715302 0.572407 0.706797 0.565023 0.701935 0.556384 0.700010 0.552782 0.699708 0.550440 0.697076 0.549361
2 0.764766 0.520181 0.765904 0.523292 0.766982 0.527806 0.768180 0.529981 0.770456 0.534338 0.772031 0.538231 0.773081 0.541032 0.774570 0.545079 0.776958 0.550676 0.778797 0.554569 0.779107 0.555417 0.780464 0.557347 0.784836 0.567639 0.786586 0.563282 0.786237 0.559394 0.782224 0.552528 0.781141 0.547704 0.781159 0.545542 0.777833 0.529204 0.775734 0.520491 0.779760 0.513801 0.781859 0.508356 0.782474 0.505398 0.787549 0.500731 0.789826 0.497306 0.794990 0.490773 0.797703 0.487037 0.800154 0.483769 0.801203 0.481125 0.801990 0.477856 0.798578 0.475056 0.796565 0.472255 0.794552 0.469769 0.793763 0.470231 0.791049 0.475681 0.789036 0.477546 0.787375 0.479727 0.785799 0.483616 0.784224 0.487505 0.782734 0.489995 0.780721 0.491861 0.778271 0.494194 0.777133 0.494819 0.774245 0.494819 0.771883 0.494819 0.770044 0.495750 0.768906 0.497463 0.767245 0.500421 0.766107 0.509134
5 0.538591 0.520194 0.544565 0.531356 0.544565 0.531356 0.544667 0.535861 0.545578 0.548644 0.536464 0.538560 0.536667 0.538019 0.535451 0.533519 0.534945 0.530458 0.538792 0.532620 0.541628 0.538199 0.542945 0.536759 0.539805 0.530097 0.534945 0.528116 0.534844 0.525597 0.534844 0.525597
2 0.804740 0.611528 0.802641 0.625843 0.799523 0.636931 0.797354 0.644639 0.793693 0.653801 0.801828 0.668019 0.799659 0.669463 0.796542 0.666093 0.792068 0.661028 0.790982 0.658380 0.790982 0.653801 0.795727 0.634519 0.799388 0.617407 0.801198 0.611944
2 0.677935 0.644958 0.679352 0.643880 0.683607 0.641356 0.687151 0.638116 0.688669 0.636676 0.690086 0.636139 0.690188 0.644417 0.690188 0.646759 0.689581 0.647657 0.686036 0.650718 0.681581 0.653602 0.680771 0.654139 0.679151 0.653782 0.679352 0.652699 0.680568 0.650361 0.680669 0.647838 0.679250 0.645856
2 0.687828 0.649389 0.690867 0.657653 0.692112 0.662782 0.693125 0.662963 0.693833 0.664764 0.693802 0.664509 0.695221 0.666472 0.698260 0.669370 0.703424 0.671875 0.704841 0.672231 0.707474 0.676032 0.709805 0.679074 0.710615 0.680532 0.714057 0.683056 0.719323 0.685394 0.728234 0.689176 0.730159 0.687014 0.732385 0.682153 0.733500 0.679815 0.734513 0.676750 0.739982 0.669190 0.744031 0.664329 0.744234 0.661630 0.743424 0.658750 0.742208 0.658208 0.739779 0.658389 0.736943 0.659273 0.735221 0.660009 0.732792 0.660370 0.730260 0.660009 0.727930 0.661991 0.727018 0.662708 0.732385 0.666833 0.735221 0.667931 0.736742 0.665032 0.738563 0.662870 0.740589 0.662870 0.739375 0.664852 0.735018 0.669912 0.732487 0.673676 0.731273 0.675653 0.730664 0.677634 0.728641 0.681435 0.727729 0.683593 0.726716 0.682676 0.725398 0.682495 0.723779 0.682495 0.717906 0.680171 0.714867 0.679255 0.713146 0.677634 0.710310 0.674412 0.706969 0.669190 0.705349 0.669190 0.702615 0.667569 0.699474 0.662708 0.697349 0.659630 0.695018 0.659449 0.693500 0.658931 0.690258 0.650269 0.689448 0.647949
2 0.706969 0.669190 0.707909 0.668722 0.702948 0.644778 0.702745 0.638296 0.700214 0.637218 0.698797 0.639019 0.698492 0.640097 0.700547 0.651222 0.704701 0.668866 0.705349 0.669190
2 0.702745 0.638296 0.711453 0.646037 0.719253 0.653060 0.720367 0.653421 0.722594 0.661162 0.727018 0.662708 0.727930 0.661991 0.730260 0.660009 0.730492 0.657380 0.729885 0.655579 0.724214 0.651079 0.723000 0.648741 0.719456 0.645856 0.718036 0.645856 0.715810 0.642259 0.713885 0.640278 0.711961 0.637579 0.710341 0.636139 0.708112 0.633977 0.701732 0.630736 0.688161 0.626056 0.685630 0.624796 0.685529 0.626236 0.690128 0.629440 0.694078 0.632139 0.700214 0.637218
2 0.706695 0.624616 0.708620 0.627134 0.711253 0.631815 0.717125 0.637935 0.723810 0.644417 0.736266 0.655940 0.735221 0.660009 0.727354 0.652338 0.724214 0.651079 0.723000 0.648741 0.719456 0.645856 0.718036 0.645856 0.715810 0.642259 0.713885 0.640278 0.711961 0.637579 0.710341 0.636139 0.708112 0.633977 0.706898 0.629296
5 0.721250 0.671731 0.721776 0.676713 0.721951 0.681069 0.722036 0.681537 0.723779 0.682495 0.725398 0.682495 0.726716 0.682676 0.727729 0.683593 0.728641 0.681435 0.730664 0.677634 0.731273 0.675653 0.732487 0.673676 0.735018 0.669912 0.737880 0.666444 0.737617 0.663796 0.736742 0.665032 0.735221 0.667931 0.732385 0.666833 0.727018 0.662708 0.726776 0.663875
2 0.732802 0.718880 0.732628 0.720903 0.734904 0.721213 0.739893 0.697875 0.744969 0.673134 0.745755 0.668468 0.744005 0.666597
2 0.729302 0.721838 0.731141 0.722148 0.731841 0.719037 0.732802 0.718880 0.744005 0.666597 0.742255 0.666444 0.739367 0.675935 0.735341 0.694449 0.731841 0.707986 0.731841 0.707986
2 0.742255 0.693204 0.745057 0.713120 0.747156 0.731792 0.749521 0.748755 0.749784 0.749843 0.751971 0.743463 0.747945 0.704255 0.747508 0.699120 0.744880 0.680602
2 0.747419 0.669556 0.747727 0.670486 0.750177 0.691495 0.752977 0.714523 0.753852 0.720745 0.754115 0.733662 0.751971 0.743463 0.747945 0.704255 0.747508 0.699120 0.746094 0.674213
2 0.753852 0.720745 0.753503 0.706741 0.752932 0.699120 0.752672 0.695852 0.750440 0.672199 0.753065 0.675157 0.755953 0.680602 0.757266 0.719968 0.757266 0.721681 0.754115 0.733662
5 0.742747 0.719593 0.745924 0.720634 0.747156 0.731792 0.749818 0.749769 0.747508 0.748130 0.741292 0.745176 0.732453 0.740042
2 0.809719 0.524380 0.815057 0.501042 0.816195 0.496375 0.816458 0.494194 0.818208 0.494194 0.819172 0.495750 0.823284 0.497931 0.826174 0.499176 0.827398 0.499954 0.830898 0.503532 0.832911 0.499644 0.828010 0.496218 0.820922 0.492329 0.818297 0.491861 0.817070 0.491861 0.815583 0.492486 0.814008 0.494972 0.807443 0.525162
2 0.812812 0.558657 0.824768 0.548056 0.826526 0.545764 0.831211 0.532435 0.833438 0.525769 0.833672 0.520977 0.832734 0.511185 0.832383 0.507023 0.831094 0.508273 0.830742 0.519310 0.828984 0.529935 0.825003 0.541181 0.824182 0.543472 0.819026 0.548472 0.816719 0.550972
2 0.812812 0.558657 0.807661 0.569097 0.802271 0.579093 0.799810 0.584093 0.795474 0.586176 0.802154 0.569931 0.807427 0.560556 0.815276 0.546181 0.819143 0.538894 0.825471 0.532019 0.826643 0.531602 0.826526 0.533269
2 0.808750 0.553056 0.804766 0.557847 0.801250 0.561181 0.797854 0.564514 0.796448 0.566181 0.792346 0.569306 0.788714 0.579093 0.786956 0.587634 0.785211 0.592051 0.791643 0.588884 0.793635 0.578884 0.794104 0.574509 0.795276 0.571593 0.798286 0.570551 0.800865 0.569931 0.802154 0.569931 0.807427 0.560556 0.815276 0.546181 0.815078 0.546181 0.819143 0.538894 0.814727 0.543889
2 0.817422 0.535977 0.824685 0.528477 0.829841 0.524727 0.828984 0.529935 0.825471 0.532019 0.825388 0.531810 0.819143 0.538894 0.814727 0.543889 0.814727 0.543889 0.808750 0.553056 0.804766 0.557847 0.801250 0.561181 0.797854 0.564514 0.796448 0.566181 0.792346 0.569306 0.788948 0.573676 0.784964 0.578884 0.782622 0.580968 0.781802 0.594301 0.779927 0.594926 0.780396 0.582218 0.781919 0.574718 0.782740 0.571384 0.784836 0.567639 0.788831 0.563889 0.798206 0.557847 0.804766 0.552431 0.812852 0.542014
2 0.794573 0.558681 0.793870 0.559306 0.793870 0.560556 0.798206 0.557847 0.804766 0.552431 0.812031 0.540556 0.816953 0.532435 0.822107 0.522435 0.829958 0.509727 0.831094 0.508273 0.832383 0.507023 0.838628 0.496815 0.844839 0.483273 0.846596 0.477731 0.847005 0.475069 0.846456 0.474111 0.845237 0.474111 0.843891 0.474838 0.839273 0.487856 0.834398 0.497481 0.832911 0.499644 0.830898 0.503532 0.822331 0.516769 0.820135 0.521116 0.816896 0.525162 0.808773 0.538227 0.804029 0.547139 0.798333 0.555097
2 0.835792 0.501634 0.841969 0.506134 0.844906 0.509736 0.849867 0.521079 0.853208 0.533861 0.858474 0.556546 0.860805 0.565907 0.855841 0.583912 0.854628 0.586611 0.852805 0.584630 0.857766 0.566449 0.856956 0.560685 0.851690 0.538903 0.849159 0.529361 0.847539 0.522699 0.845716 0.520000 0.844823 0.517134 0.843000 0.514796 0.841159 0.511718 0.838018 0.507755 0.838018 0.507755 0.835792 0.505597 0.833969 0.504694
2 0.844906 0.509736 0.854039 0.511194 0.863255 0.511194 0.873888 0.510477 0.874294 0.514074 0.861026 0.515694 0.847357 0.515514
2 0.839841 0.504694 0.845917 0.493532 0.852703 0.491194 0.855234 0.487773 0.859792 0.487412 0.862526 0.485611 0.863841 0.483991 0.866070 0.482370 0.867487 0.481833 0.868198 0.484894 0.868703 0.488852 0.870323 0.497856 0.871742 0.502718 0.872654 0.505417 0.873888 0.510477 0.874294 0.514074 0.874779 0.519278 0.878729 0.548981 0.881159 0.549343 0.880146 0.539620 0.875388 0.508657 0.869615 0.480394 0.868096 0.478051 0.867286 0.477509 0.855438 0.483810 0.849159 0.487593 0.846729 0.488852 0.845615 0.490472 0.842982 0.492815 0.840349 0.495875 0.839336 0.498394 0.837815 0.500556 0.837107 0.503074
2 0.777018 0.614273 0.773630 0.636931 0.769156 0.669463 0.764573 0.699273 0.762919 0.695495 0.769156 0.648255 0.774591 0.614250
2 0.779458 0.630181 0.776477 0.661514 0.772815 0.686819 0.769562 0.711644 0.767799 0.708269 0.771326 0.679829 0.775469 0.647037 0.776070 0.639097
5 0.722826 0.686824 0.722826 0.691338 0.723526 0.700519 0.724487 0.706588 0.725625 0.710787 0.727552 0.714523 0.730440 0.717167 0.731841 0.707986 0.735341 0.694449 0.739367 0.675935 0.738755 0.670801 0.734513 0.676750 0.733500 0.679815 0.732385 0.682153 0.730159 0.687014 0.728234 0.689176
2 0.790331 0.612963 0.791385 0.635458 0.791385 0.639417 0.788221 0.662125 0.784589 0.687954 0.781039 0.711968 0.780091 0.716551 0.779411 0.719426 0.776294 0.727634 0.774805 0.723782 0.776703 0.720407 0.781719 0.688097 0.787953 0.645440 0.789312 0.633625 0.789312 0.631940 0.787953 0.618440 0.788094 0.613153
2 0.787953 0.618440 0.786250 0.624370 0.783404 0.635699 0.781099 0.646306 0.779609 0.656426 0.778117 0.673296 0.776625 0.692579 0.775135 0.722704 0.776703 0.720407 0.779880 0.683662 0.782320 0.656185 0.785031 0.641000 0.788148 0.629190 0.788693 0.627023
2 0.775602 0.646935 0.774315 0.646731 0.770964 0.654954 0.767401 0.681306 0.767987 0.685056 0.772323 0.672144
15 0.784115 0.717745 0.794622 0.754278 0.795721 0.752324 0.797604 0.749815 0.796034 0.742287 0.798232 0.740333 0.783643 0.694324 0.782544 0.702412 0.781604 0.709662
2 0.842982 0.750458 0.849727 0.754921 0.856628 0.756593 0.856786 0.769139 0.856315 0.770537 0.842826 0.770815 0.836237 0.770815 0.833570 0.772208 0.831375 0.773324 0.828708 0.775278 0.826354 0.776111 0.822120 0.777787 0.803612 0.786708 0.788867 0.793958 0.785729 0.781968 0.803141 0.771370 0.812661 0.766546 0.823328 0.762366 0.828393 0.760495 0.833258 0.757148 0.838276 0.755199 0.847216 0.756315
2 0.782701 0.782722 0.775643 0.786625 0.771565 0.790810 0.773760 0.800009 0.786154 0.795269 0.785055 0.788301
2 0.748208 0.666912 0.744268 0.663329 0.744182 0.663954 0.742255 0.666444 0.744005 0.666597 0.745755 0.668468 0.747419 0.669556 0.750440 0.672199 0.753065 0.675157 0.755953 0.680602 0.757484 0.685736 0.758534 0.688537 0.762823 0.700829 0.767026 0.711722 0.772365 0.723704 0.779802 0.741750 0.781378 0.740194 0.773240 0.720593 0.764573 0.699273 0.757922 0.681069 0.754508 0.673287 0.753195 0.670486
2 0.764036 0.704921 0.762310 0.721653 0.759799 0.737824 0.756820 0.757065 0.751643 0.762644 0.749604 0.760972 0.749958 0.758088 0.751971 0.756069 0.754781 0.753440 0.759172 0.728903 0.762823 0.700829
2 0.762823 0.700829 0.762201 0.699148 0.760318 0.708907 0.758279 0.716718 0.757266 0.719968 0.757266 0.721681 0.754115 0.733662 0.751971 0.743463 0.751971 0.743463 0.749784 0.749843 0.749784 0.749843 0.751971 0.756069 0.759378 0.723130
2 0.769055 0.716912 0.765604 0.736991 0.757919 0.768778 0.755880 0.767662 0.764349 0.730296 0.767026 0.711722
2 0.772820 0.744241 0.768474 0.782806 0.771141 0.785593 0.775846 0.734565 0.776005 0.732333 0.775172 0.729736 0.775219 0.730102 0.773917 0.739778
2 0.774544 0.748981 0.778781 0.766269 0.782701 0.782722 0.785055 0.788301 0.786154 0.795269 0.788193 0.807819 0.790232 0.808657 0.790073 0.804194 0.788867 0.793958 0.785729 0.781968 0.779721 0.758741 0.774948 0.743843
2 0.827924 0.775532 0.827247 0.778907 0.826026 0.782282 0.813013 0.791440 0.809487 0.793852 0.802167 0.799394 0.800539 0.791921 0.822120 0.777787
2 0.816943 0.788310 0.818706 0.798431 0.819792 0.815542 0.815453 0.812407 0.811656 0.811204 0.810573 0.797227 0.813013 0.791440
2 0.792813 0.791921 0.794711 0.807347 0.804336 0.810722 0.802167 0.799394 0.800539 0.791921 0.799997 0.788551
2 0.773156 0.809759 0.775326 0.814097 0.775948 0.818144 0.777711 0.827306 0.780422 0.838389 0.782727 0.848995 0.782727 0.854778 0.781914 0.866588 0.779745 0.884667 0.777576 0.882977 0.780151 0.861046 0.780557 0.851889 0.777846 0.838148 0.774591 0.818389
2 0.778172 0.829037 0.789289 0.824218 0.792000 0.823255 0.801896 0.822532 0.810031 0.823255 0.810438 0.826630 0.802844 0.826630 0.794846 0.826870 0.791865 0.827352 0.778984 0.833861
2 0.772206 0.819639 0.772341 0.828556 0.771799 0.831690 0.771935 0.836269 0.773698 0.852657 0.772070 0.848319 0.770852 0.850009 0.771935 0.860130 0.772341 0.863023 0.776138 0.868324 0.777766 0.880616 0.777576 0.882977 0.770036 0.878931 0.764073 0.873625 0.761904 0.861093 0.763529 0.858685 0.764479 0.854347 0.767867 0.855310 0.768682 0.848801 0.767461 0.849042 0.765698 0.851454 0.764479 0.849769 0.765969 0.841574 0.767190 0.832653 0.770036 0.822051 0.770443 0.817472
2 0.781427 0.871634 0.787518 0.881838 0.790331 0.889546 0.792674 0.901838 0.795956 0.927519 0.792031 0.932583 0.791081 0.941750 0.790133 0.946560 0.791289 0.949741 0.792794 0.941560 0.792961 0.937991 0.795219 0.935315 0.796810 0.932194 0.800740 0.968329 0.804357 0.983681 0.805857 0.990199 0.807484 0.990199 0.808833 0.988991 0.812229 0.981282 0.810602 0.973079 0.804357 0.968014 0.801521 0.947287 0.799482 0.929208 0.807203 0.916440 0.812500 0.908731 0.811141 0.905106 0.798674 0.924398 0.793786 0.893796 0.790320 0.882380 0.784930 0.871134 0.781914 0.866588
2 0.780638 0.904644 0.780964 0.917685 0.782862 0.930458 0.783268 0.936722 0.779065 0.927083 0.773372 0.913588 0.770471 0.901028 0.777521 0.904380 0.779013 0.902236
5 0.695221 0.666472 0.697276 0.694468 0.697276 0.694468 0.709805 0.679074 0.707474 0.676032 0.704841 0.672231 0.703424 0.671875 0.698260 0.669370
1 0.656456 0.651676 0.662138 0.655940 0.663555 0.656843 0.666391 0.659000 0.669427 0.665662 0.670643 0.665301 0.670846 0.666921 0.670542 0.668542 0.669023 0.668542 0.668112 0.668542 0.668112 0.663681 0.666896 0.660981 0.665784 0.660440 0.664771 0.662782 0.663555 0.665120 0.662542 0.666204 0.660516 0.666204 0.658289 0.665120 0.657984 0.665843 0.658289 0.667102 0.663250 0.671245 0.666594 0.675023 0.673479 0.682046 0.676719 0.685824 0.679453 0.684745 0.679961 0.683306 0.679758 0.682407 0.681479 0.682583 0.682086 0.684028 0.683607 0.685468 0.684518 0.687806 0.684315 0.689426 0.681174 0.689426 0.682492 0.691227 0.683706 0.691769 0.686138 0.695366 0.686643 0.695366 0.686643 0.691407 0.686643 0.689245 0.687453 0.688528 0.687758 0.683306 0.687758 0.678625 0.687758 0.676463 0.687352 0.673944 0.688669 0.673042 0.689784 0.671602 0.691404 0.670884 0.692719 0.669981 0.693531 0.667824 0.693833 0.664764 0.693125 0.662963 0.692112 0.662782 0.688771 0.665843 0.686240 0.668005 0.679453 0.672685 0.678138 0.672866 0.678036 0.668361 0.677328 0.665301 0.676417 0.663144 0.675807 0.662241 0.677732 0.657741 0.679352 0.652699 0.680568 0.650361 0.680669 0.647838 0.679250 0.645856 0.677935 0.644958 0.676315 0.644417 0.674896 0.642620 0.673984 0.639917 0.674289 0.637218 0.674188 0.633255 0.673378 0.631278 0.671961 0.629838 0.671510 0.628958 0.672211 0.635338 0.668885 0.637204 0.666872 0.640162 0.664333 0.642343 0.665120 0.644676 0.665276 0.644417 0.663544 0.649185 0.663195 0.651986 0.663195 0.653542 0.661883 0.653389 0.660617 0.652519 0.657581 0.650181
2 0.758542 0.879097 0.757591 0.884880 0.758406 0.888014 0.766133 0.898116 0.770471 0.901028 0.777521 0.904380 0.779013 0.902236 0.779148 0.895245 0.781318 0.886329 0.779745 0.884667 0.777576 0.882977 0.770036 0.878931 0.764073 0.873625 0.760302 0.870662 0.759896 0.877412 0.761388 0.879097 0.762336 0.875963 0.764776 0.877894 0.762471 0.883194
2 0.833570 0.772208 0.834922 0.777171 0.836411 0.781028 0.838310 0.781995 0.836005 0.789463 0.832888 0.805852 0.829362 0.816940 0.828956 0.819833 0.828414 0.838875 0.812083 0.853255 0.812893 0.856315 0.828143 0.843454 0.830990 0.841042 0.831531 0.839597 0.831667 0.821278 0.832888 0.820315 0.833430 0.817903 0.834922 0.805611 0.836005 0.802481 0.842242 0.786815 0.844818 0.779343 0.845089 0.775727 0.844682 0.773074 0.843732 0.772833 0.841698 0.774282 0.839258 0.775005 0.836953 0.770667 0.836411 0.770667
2 0.832852 0.677921 0.834214 0.679000 0.835422 0.681153 0.836482 0.684782 0.837237 0.687069 0.838146 0.688278 0.839047 0.689491 0.839651 0.692449 0.842003 0.696213 0.843820 0.698231 0.845560 0.699440 0.846315 0.701190 0.847375 0.702667 0.848357 0.703745 0.849719 0.703343 0.851763 0.701324 0.854789 0.700519 0.856982 0.700519 0.858117 0.702264 0.858419 0.704014 0.858117 0.705491 0.857732 0.706167 0.855922 0.706704 0.854409 0.709125 0.853729 0.711005 0.851534 0.714097 0.849786 0.721764 0.849417 0.725394 0.849115 0.728759 0.848122 0.731718 0.846617 0.732657 0.844953 0.733194 0.843563 0.733921 0.842430 0.726722 0.839484 0.719144 0.837289 0.701296
2 0.805331 0.847134 0.808164 0.868199 0.809583 0.877380 0.809885 0.882958 0.811609 0.887102 0.842779 0.957676 0.856773 0.990671 0.849552 0.994852 0.804539 0.888324 0.800513 0.859468 0.801401 0.858208 0.803677 0.853009
2 0.805083 0.849264 0.805331 0.847134 0.805786 0.845306 0.806372 0.843431 0.808013 0.842181 0.809768 0.842597 0.812237 0.847222 0.812865 0.851963 0.812711 0.852569 0.812083 0.853255 0.812893 0.856315 0.814474 0.864616 0.817461 0.868954 0.821117 0.883412 0.847690 0.968727 0.842779 0.957676 0.819781 0.904745 0.816742 0.896282 0.808844 0.871796 0.808164 0.868199 0.806716 0.855958
2 0.798232 0.740333 0.799172 0.748144 0.800427 0.754556 0.802042 0.771931 0.797336 0.774995 0.797180 0.766352 0.796081 0.762171 0.796081 0.762449 0.794622 0.754278 0.795721 0.752324 0.797604 0.749815 0.796034 0.742287
2 0.788094 0.613153 0.787953 0.618440 0.786250 0.624370 0.786250 0.624370 0.783404 0.635699 0.778602 0.651167 0.777552 0.650741 0.778836 0.637208 0.784461 0.620338 0.786219 0.613255
18 0.803315 0.620792 0.806159 0.617111 0.807711 0.612824 0.809346 0.610986 0.817534 0.624773 0.821497 0.622477 0.822102 0.628602 0.824945 0.640856 0.827617 0.660468 0.832443 0.676093 0.837289 0.701296 0.839484 0.719144 0.842430 0.726722 0.843563 0.733921 0.842982 0.750458 0.847216 0.756315 0.838276 0.755199 0.833258 0.757148 0.833258 0.757148 0.828393 0.760495 0.823328 0.762366 0.812661 0.766546 0.803141 0.771370 0.802042 0.771931 0.800427 0.754556 0.799172 0.748144 0.798232 0.740333 0.783643 0.694324 0.784273 0.690264 0.790133 0.705889 0.791773 0.703181 0.784844 0.686481 0.785339 0.682546 0.788258 0.682556 0.792125 0.682556 0.798568 0.682972 0.800443 0.683389 0.802669 0.683389 0.801497 0.680056 0.801823 0.675639 0.802435 0.672144 0.801828 0.668019 0.793693 0.653801 0.797354 0.644639 0.799523 0.636931 0.802641 0.625843
18 0.389398 0.173051 0.388958 0.168056 0.391333 0.167546 0.392880 0.168407 0.394333 0.169611 0.396656 0.170130 0.398203 0.170815 0.399945 0.171847 0.400164 0.180574 0.400029 0.182741 0.398401 0.196718 0.397453 0.202745 0.395039 0.213181
5 0.710299 0.685014 0.710299 0.687176 0.709794 0.689875 0.707565 0.694019 0.708680 0.697259 0.712021 0.689157 0.712122 0.690597 0.707971 0.718144 0.694510 0.703398
5 0.713440 0.695278 0.717896 0.706440 0.722552 0.719222 0.725388 0.729306 0.727313 0.737227 0.710401 0.720120
5 0.642451 0.504315 0.641260 0.503782 0.641380 0.505509 0.641195 0.507963 0.641195 0.507963 0.641237 0.510116 0.639885 0.514394 0.648664 0.520921 0.648203 0.521889 0.647292 0.525074 0.615669 0.487676 0.617682 0.487519 0.630031 0.488065 0.634133 0.487856 0.635419 0.488481 0.636591 0.490981 0.639052 0.498273 0.640576 0.500565
5 0.638935 0.486190 0.640107 0.489315 0.640107 0.489315 0.642099 0.495148 0.645849 0.501398 0.651708 0.512019 0.654885 0.518810 0.659086 0.519773 0.661529 0.524111 0.667357 0.528931 0.669526 0.530620 0.670883 0.536403 0.671966 0.538329 0.673187 0.538569 0.673594 0.522426 0.673458 0.517843 0.662341 0.502903 0.661935 0.500009 0.660036 0.498565 0.654341 0.500250 0.650953 0.500009 0.648648 0.498083 0.644174 0.492296 0.642547 0.488440
5 0.688292 0.455398 0.687846 0.462218 0.688451 0.470019 0.682779 0.467597 0.680357 0.459931 0.679753 0.459125 0.679424 0.456227 0.678534 0.443310 0.683526 0.450963
5 0.671544 0.461444 0.670805 0.448486 0.666706 0.440574 0.664831 0.435574 0.664831 0.432866 0.665651 0.433074 0.667526 0.435366 0.669401 0.438282 0.670922 0.440991 0.670570 0.433282 0.666589 0.429116 0.662370 0.425991 0.659440 0.425157 0.661315 0.430157 0.662135 0.433491 0.662253 0.437657 0.661198 0.438282 0.660260 0.439949 0.660260 0.441824 0.659674 0.445157 0.657917 0.446199 0.655104 0.447236 0.652177 0.447236 0.650068 0.447444 0.647841 0.447861 0.645732 0.447861 0.644125 0.449778 0.647875 0.450403 0.651508 0.450611 0.654906 0.451236 0.659008 0.452486 0.665216 0.456861
5 0.647091 0.615889 0.640615 0.601417 0.640615 0.601417 0.642190 0.598463 0.639721 0.592532 0.637797 0.593935 0.637630 0.599412 0.636313 0.610931 0.634794 0.619574 0.632971 0.623894 0.630945 0.633616 0.633786 0.629269 0.635536 0.626625 0.640089 0.621801
5 0.597831 0.508134 0.598060 0.506954 0.599461 0.504468 0.601036 0.504778 0.604448 0.499954 0.606201 0.496375 0.611102 0.492796 0.617060 0.491574 0.617875 0.492056 0.619365 0.494468 0.620857 0.497597 0.622484 0.500250 0.623703 0.503625 0.624518 0.508204 0.624924 0.511097 0.625872 0.511819 0.625242 0.513338 0.624518 0.513023 0.619500 0.512301 0.615977 0.513264 0.613536 0.514231 0.611232 0.516157 0.610289 0.517676 0.608768 0.515157 0.603604 0.511917 0.599250 0.511917
5 0.688529 0.537954 0.688771 0.589148 0.689378 0.613273 0.688263 0.612375 0.685630 0.599769 0.682695 0.592569 0.680466 0.587347 0.680466 0.577269 0.681378 0.562685 0.681581 0.548102 0.680974 0.540181 0.680102 0.534551 0.680409 0.528491 0.684737 0.534000
5 0.654612 0.538111 0.658766 0.557014 0.661802 0.568537 0.663625 0.575019 0.664133 0.577718 0.666057 0.583116 0.665146 0.584199 0.663018 0.591398 0.663120 0.596620 0.661802 0.599139 0.663422 0.605083 0.664435 0.609583 0.662310 0.609583 0.655018 0.612463 0.652081 0.613361 0.647120 0.587079 0.645568 0.579824 0.645216 0.577116 0.644505 0.573616 0.644505 0.572912 0.644109 0.567190 0.644164 0.562667 0.644560 0.560255 0.645294 0.555935 0.644729 0.551819 0.644109 0.546593 0.645266 0.544574 0.647089 0.540972 0.647190 0.537731 0.649953 0.540991 0.652487 0.539731
5 0.751857 0.531292 0.751945 0.541718 0.752557 0.546074 0.749669 0.564431 0.744768 0.592750 0.747219 0.558519 0.748531 0.540005 0.749865 0.536884
5 0.722523 0.616819 0.730391 0.615074 0.728466 0.599231 0.727859 0.594731 0.726745 0.586986 0.722523 0.598634 0.721409 0.601338 0.720396 0.603319 0.719992 0.605296
5 0.697987 0.527037 0.696974 0.533431 0.696974 0.533431 0.695555 0.541352 0.697885 0.544500 0.703049 0.552421 0.707708 0.558903 0.714289 0.566463 0.720771 0.574028 0.714391 0.563403 0.706898 0.549181 0.702341 0.539278 0.700214 0.535681 0.698797 0.530458
5 0.724339 0.517407 0.719875 0.520231 0.716471 0.522250 0.715109 0.523593 0.717909 0.530051 0.718513 0.532468 0.720404 0.530319 0.721161 0.529917 0.721539 0.529509 0.721917 0.526282 0.722750 0.523861 0.723958 0.521037 0.724867 0.519560 0.725958 0.523449 0.727708 0.534028 0.730523 0.566727 0.724263 0.553181 0.712763 0.526014 0.711174 0.527495 0.722370 0.554120 0.730919 0.573083 0.727211 0.581287 0.714427 0.552912 0.703687 0.530722 0.700359 0.523861 0.701568 0.516065 0.704443 0.512833 0.705646 0.511023 0.705971 0.510671 0.707867 0.508231 0.709240 0.508000 0.710721 0.507593 0.712461 0.507593 0.713938 0.507380 0.714672 0.506977 0.716313 0.504667 0.716698 0.502750 0.717984 0.500463 0.719042 0.500329 0.720935 0.503287 0.722068 0.508667 0.722750 0.509069
5 0.785339 0.682546 0.788258 0.682556 0.792125 0.682556 0.798568 0.682972 0.800443 0.683389 0.802669 0.683389 0.801497 0.680056 0.801849 0.675685 0.802435 0.672144 0.801828 0.668019 0.799659 0.669463 0.796542 0.666093 0.792068 0.661028 0.790982 0.658380 0.789078 0.657769 0.788221 0.662125
