0 0.539503 0.485931 0.535909 0.485519 0.533336 0.481676 0.530956 0.478236 0.529141 0.476444 0.526938 0.476824 0.521081 0.481833 0.516680 0.483231 0.514552 0.486417 0.513094 0.491995 0.513320 0.496569 0.509044 0.501046 0.515914 0.513718 0.518245 0.520394 0.520034 0.520324 0.521581 0.516199 0.524872 0.517231 0.527195 0.517917 0.523711 0.521356 0.522161 0.524111 0.521359 0.524616 0.517245 0.525806 0.504599 0.527236 0.499383 0.527593 0.489260 0.534616 0.483958 0.548699 0.482393 0.565019 0.480156 0.582134 0.482654 0.581468 0.487419 0.575523 0.491685 0.572546 0.494445 0.570764 0.497206 0.570167 0.499047 0.568977 0.500971 0.566153 0.501974 0.563477 0.503229 0.562287 0.506992 0.556935 0.507997 0.558125 0.512094 0.556787 0.517198 0.556787 0.521880 0.557977 0.525143 0.557528 0.526315 0.555449 0.526984 0.555894 0.529492 0.560949 0.528154 0.562287 0.524055 0.572546 0.522789 0.575454 0.519404 0.583144 0.517034 0.590657 0.512914 0.592069 0.509370 0.592972 0.507779 0.595671 0.505904 0.605222 0.505039 0.611519 0.504893 0.617435 0.505039 0.623338 0.505687 0.631699 0.506672 0.642880 0.508086 0.650699 0.510424 0.656935 0.513732 0.662745 0.517055 0.664338 0.519461 0.661310 0.521927 0.657972 0.521224 0.655417 0.521406 0.654120 0.521823 0.653704 0.524062 0.654306 0.525068 0.650912 0.524461 0.646111 0.526518 0.644028 0.529141 0.641806 0.530875 0.636282 0.531844 0.632699 0.533820 0.627431 0.536781 0.622296 0.536969 0.620667 0.537576 0.618426 0.536315 0.616190 0.536362 0.614528 0.534789 0.607171 0.533779 0.602866 0.533940 0.598995 0.535203 0.597620 0.535786 0.594352 0.536857 0.592995 0.539750 0.583866 0.542654 0.574398 0.545760 0.576838 0.550281 0.577097 0.551815 0.577523 0.553831 0.577667 0.554919 0.577454 0.554919 0.580681 0.556534 0.585199 0.556323 0.587750 0.557190 0.589171 0.557987 0.590194 0.560878 0.597269 0.562685 0.601894 0.563479 0.605236 0.563375 0.607069 0.560846 0.613106 0.558586 0.619861 0.561596 0.631370 0.563057 0.636532 0.567099 0.647903 0.570326 0.657079 0.573589 0.665162 0.574089 0.665718 0.576281 0.668134 0.578406 0.668648 0.581594 0.663394 0.582547 0.661023 0.581943 0.650912 0.580531 0.620940 0.578815 0.592097 0.568247 0.561620 0.568625 0.560657 0.568786 0.559602 0.569490 0.559505 0.570732 0.559699 0.571648 0.559505 0.571810 0.558356 0.572352 0.559505 0.573216 0.560755 0.575591 0.561620 0.576940 0.564690 0.576940 0.564690 0.608073 0.583296 0.613180 0.587931 0.614201 0.585708 0.613638 0.572181 0.613938 0.564981 0.613232 0.557468 0.609885 0.549954 0.605484 0.543690 0.575016 0.537116 0.567422 0.536333 0.564737 0.536148 0.564318 0.535653 0.563307 0.534662 0.563029 0.534167 0.563133 0.533481 0.563969 0.532926 0.564247 0.531560 0.563760 0.530569 0.565016 0.528153 0.565714 0.528588 0.568917 0.529750 0.569201 0.528102 0.570128 0.525949 0.573073 0.520431 0.573677 0.520356 0.572948 0.504694 0.568268 0.495662 0.567461 0.493296 0.567135 0.490903 0.564974 0.493880 0.562865 0.493208 0.559628 0.493208 0.542747 0.485662 0.542188 0.488560 0.541909 0.494704 0.541625 0.498269 0.541440 0.499759 0.541018 0.500593 0.540133 0.500593 0.539854 0.497606 0.539883 0.494764 0.540482 0.489870 0.541180 0.485532
6 0.469677 0.470699 0.468430 0.470565 0.466344 0.471912 0.467443 0.485833 0.468323 0.499319 0.474508 0.583579 0.476406 0.603801 0.477344 0.617102 0.478560 0.630912 0.482695 0.682750 0.482930 0.686403 0.485831 0.718963 0.491760 0.764148 0.496328 0.767579 0.489255 0.713565 0.488404 0.702958 0.484201 0.649963 0.483570 0.641440 0.480789 0.609069 0.476310 0.546190 0.475424 0.547514 0.474341 0.549931 0.474000 0.549444 0.475424 0.545704 0.475021 0.543407 0.475766 0.540144
6 0.449721 0.604551 0.449076 0.604764 0.452617 0.620657 0.455253 0.633486 0.461552 0.666968 0.465273 0.667435 0.465932 0.666727 0.464617 0.660181 0.457359 0.633819 0.454279 0.622653
6 0.357003 0.280593 0.358672 0.287731 0.357492 0.288829 0.355055 0.283940 0.353878 0.284782 0.378794 0.377130 0.385544 0.376912 0.387979 0.376912 0.362865 0.283009 0.360885 0.279579 0.359312 0.278856
6 0.348003 0.243579 0.344336 0.238509 0.342977 0.238630 0.344062 0.242977 0.343383 0.244185 0.345081 0.250704 0.342297 0.253120 0.359583 0.314079 0.366539 0.340815 0.369359 0.352843 0.371328 0.357856 0.373299 0.364366 0.374711 0.369616 0.377245 0.376634 0.378794 0.377130 0.353878 0.284782 0.355055 0.283940 0.357492 0.288829 0.358672 0.287731 0.357003 0.280593
2 0.450680 0.570315 0.449576 0.566644 0.444917 0.583569 0.443904 0.581588 0.445120 0.576005 0.448057 0.564486 0.446841 0.560704 0.445930 0.558361 0.444208 0.558361 0.443297 0.558361 0.442589 0.579245 0.445221 0.589509 0.446529 0.591741 0.447539 0.587060 0.447945 0.583458 0.448451 0.582199 0.449464 0.580218 0.449768 0.577338 0.449768 0.574819 0.449768 0.573736
10 0.376469 0.333898 0.377484 0.334481 0.378859 0.333898 0.378729 0.331569 0.377974 0.328713 0.382711 0.321074 0.389708 0.317329 0.393375 0.319139 0.395685 0.322884 0.397044 0.326144 0.397656 0.330736 0.397789 0.334356 0.396703 0.337375 0.377346 0.337375
5 0.515831 0.513644 0.515745 0.514736 0.513732 0.514889 0.511719 0.513644 0.510318 0.513023 0.508654 0.514421 0.506815 0.516912 0.505766 0.518782 0.504716 0.520648 0.504104 0.522046 0.504628 0.527495 0.517245 0.525806 0.521359 0.524616 0.522161 0.524111 0.523711 0.521356 0.527195 0.517917 0.524872 0.517231 0.521581 0.516199 0.520034 0.520324 0.518245 0.520394
2 0.536857 0.592995 0.559245 0.607333 0.560846 0.613106 0.545471 0.604296 0.542560 0.618435 0.561596 0.631370 0.563057 0.636532 0.536969 0.620667 0.537576 0.618426 0.536315 0.616190 0.536362 0.614528 0.540893 0.617699 0.543987 0.602829 0.535203 0.597620 0.535786 0.594352
6 0.568247 0.561620 0.568625 0.560657 0.568786 0.559602 0.569490 0.559505 0.570732 0.559699 0.571648 0.559505 0.571810 0.558356 0.572352 0.559505 0.573216 0.560755 0.575591 0.561620 0.576940 0.564690 0.578815 0.592097
6 0.550281 0.577097 0.551815 0.577523 0.553831 0.577667 0.554919 0.577454 0.554919 0.580681 0.556534 0.585199 0.556323 0.587750 0.557190 0.589171 0.557987 0.590194 0.560878 0.597269 0.562685 0.601894 0.563479 0.605236 0.563375 0.607069 0.560846 0.613106
6 0.472893 0.726537 0.473096 0.722106 0.474620 0.667912 0.476583 0.611148 0.477344 0.617102 0.477333 0.629213 0.476253 0.665866 0.476203 0.667398 0.476253 0.670375 0.474870 0.714537 0.474680 0.722588 0.474562 0.726204 0.473508 0.729759
6 0.536781 0.622296 0.538219 0.622630 0.543591 0.634069 0.559773 0.669903 0.555094 0.674412 0.544568 0.652111 0.533820 0.627431
6 0.581594 0.663394 0.583474 0.670588 0.584016 0.701162 0.583148 0.699440 0.576281 0.668134 0.578406 0.668648
4 0.522875 0.763032 0.516435 0.767194 0.492901 0.726282 0.494302 0.720722 0.492669 0.718065 0.494451 0.713236 0.506609 0.696296 0.508701 0.694519 0.516430 0.683037 0.538380 0.652194 0.554943 0.680449 0.555779 0.681935 0.558997 0.688227 0.559747 0.689227 0.560810 0.691116 0.560497 0.694111 0.561060 0.696111 0.562060 0.698000 0.562495 0.700667 0.560435 0.701222 0.557997 0.698778 0.556622 0.698111 0.555810 0.698222 0.555435 0.699778 0.555560 0.701556 0.555810 0.702556 0.542065 0.707106 0.523052 0.713454 0.522388 0.728491 0.523245 0.745750 0.521677 0.750130 0.521565 0.755106
6 0.379323 0.379940 0.386326 0.379940 0.388508 0.379852 0.401904 0.429194 0.435742 0.554875 0.434404 0.555741 0.411523 0.486375 0.391253 0.424505
9 0.522789 0.575454 0.518740 0.565949 0.514042 0.566523 0.510479 0.571519 0.508318 0.574782 0.505995 0.576125 0.500974 0.578139 0.496815 0.579389 0.497734 0.585819 0.504969 0.588509 0.504646 0.590046 0.498651 0.588028 0.500466 0.597685 0.497961 0.599153 0.498727 0.606333 0.498896 0.612431 0.498815 0.618537 0.499987 0.613324 0.501990 0.606190 0.504419 0.598014 0.503583 0.597120 0.503997 0.594440 0.505672 0.595333 0.504500 0.602324 0.501654 0.611694 0.498680 0.621542 0.500557 0.625528 0.503302 0.629634 0.505687 0.631699 0.505039 0.623338 0.504893 0.617435 0.505039 0.611519 0.505904 0.605222 0.507779 0.595671 0.509370 0.592972 0.512914 0.592069 0.517034 0.590657 0.519404 0.583144
1 0.464190 0.121898 0.463706 0.121037 0.462737 0.121319 0.459398 0.142644 0.457930 0.153903 0.457878 0.155727 0.457982 0.157454 0.457445 0.160042 0.456203 0.165995 0.452094 0.187981 0.449956 0.200495 0.449370 0.208829 0.447781 0.219829 0.446797 0.233597 0.446995 0.243097 0.448250 0.252319 0.451008 0.261833 0.453096 0.267787 0.454187 0.271801 0.449169 0.272843 0.443482 0.270755 0.444734 0.269273 0.444232 0.268384 0.443146 0.270310 0.441807 0.269565 0.442812 0.257972 0.442227 0.257222 0.440719 0.269273 0.437458 0.266444 0.435115 0.263028 0.433026 0.264509 0.430432 0.265699 0.432857 0.262134 0.432357 0.260500 0.428594 0.264810 0.425581 0.262431 0.423320 0.259454 0.424495 0.251875 0.428258 0.240273 0.433003 0.226153 0.438378 0.208921 0.442255 0.197333 0.443260 0.196144 0.443924 0.197778 0.445432 0.202690 0.446104 0.206403 0.444930 0.205810 0.442924 0.204616 0.441750 0.205060 0.441500 0.206556 0.441750 0.208634 0.443089 0.211611 0.443924 0.209824 0.442589 0.207889 0.442255 0.206403 0.443260 0.206403 0.444344 0.207745 0.445682 0.209079 0.446937 0.208037 0.447357 0.206403 0.446104 0.200602 0.444260 0.194949 0.442755 0.194356 0.441250 0.196736 0.436552 0.210713 0.429237 0.232685 0.422836 0.252829 0.421719 0.258801 0.421492 0.262185 0.411977 0.255417 0.412539 0.254421 0.411531 0.253421 0.410857 0.255218 0.408839 0.254421 0.407273 0.255417 0.405706 0.256810 0.403914 0.260787 0.402794 0.265565 0.398430 0.249644 0.397086 0.248847 0.401451 0.265968 0.398349 0.264231 0.396432 0.265620 0.382378 0.254921 0.381839 0.255977 0.387992 0.260681 0.393612 0.264616 0.389833 0.262981 0.388482 0.262407 0.388102 0.263176 0.383839 0.262028 0.381786 0.262028 0.379357 0.262407 0.377086 0.263463 0.370904 0.268495 0.363990 0.276269 0.360885 0.279579 0.362865 0.283009 0.376469 0.333898 0.377484 0.334481 0.378859 0.333898 0.378729 0.331569 0.377974 0.328713 0.382711 0.321074 0.389708 0.317329 0.393375 0.319139 0.395685 0.322884 0.397044 0.326144 0.397656 0.330736 0.397789 0.334356 0.396703 0.337375 0.377346 0.337375 0.387979 0.376912 0.385544 0.376912 0.378794 0.377130 0.377245 0.376634 0.370333 0.376958 0.370419 0.379935 0.379323 0.379940 0.386326 0.379940 0.388508 0.379852 0.401904 0.429194 0.435742 0.554875 0.434375 0.555690 0.441828 0.578704 0.442589 0.579245 0.443297 0.558361 0.444208 0.558361 0.445930 0.558361 0.446841 0.560704 0.448057 0.564486 0.445120 0.576005 0.443904 0.581588 0.444917 0.583569 0.449576 0.566644 0.450680 0.570315 0.451896 0.573019 0.452198 0.574639 0.460198 0.580398 0.460909 0.582741 0.461313 0.585440 0.461211 0.587060 0.456734 0.585213 0.456474 0.586722 0.456604 0.588000 0.453401 0.590208 0.451766 0.593231 0.450917 0.595093 0.449544 0.598343 0.448891 0.600551 0.449721 0.604551 0.454279 0.622653 0.457359 0.633819 0.464617 0.660181 0.465932 0.666727 0.465273 0.667435 0.461552 0.666968 0.466680 0.692023 0.467099 0.689199 0.466930 0.682801 0.467852 0.677745 0.468352 0.671653 0.469107 0.670162 0.474620 0.667912 0.476076 0.626241 0.469500 0.612046 0.476406 0.603801 0.474508 0.583579 0.468323 0.499319 0.467443 0.485833 0.466344 0.471912 0.468430 0.470565 0.469677 0.470699 0.475766 0.540144 0.475021 0.543407 0.475424 0.545704 0.474000 0.549444 0.474341 0.549931 0.475424 0.547514 0.476310 0.546190 0.479268 0.587644 0.480789 0.609069 0.484122 0.615551 0.486453 0.614634 0.487159 0.615551 0.487362 0.618056 0.490711 0.628856 0.492932 0.629940 0.495156 0.631745 0.495156 0.633361 0.494044 0.635699 0.494424 0.637287 0.496078 0.635532 0.498505 0.625792 0.498680 0.621542 0.501654 0.611694 0.504500 0.602324 0.505672 0.595333 0.503997 0.594440 0.503583 0.597120 0.504419 0.598014 0.501990 0.606190 0.499987 0.613324 0.498815 0.618537 0.498896 0.612431 0.498727 0.606333 0.497961 0.599153 0.500466 0.597685 0.498651 0.588028 0.504646 0.590046 0.504969 0.588509 0.497734 0.585819 0.496815 0.579389 0.500974 0.578139 0.505995 0.576125 0.508318 0.574782 0.507724 0.573593 0.504078 0.575398 0.501841 0.575037 0.500430 0.573593 0.495875 0.572144 0.495156 0.570722 0.494445 0.570764 0.491685 0.572546 0.487419 0.575523 0.482654 0.581468 0.480042 0.582028 0.482393 0.565019 0.483958 0.548699 0.489260 0.534616 0.499383 0.527593 0.504628 0.527495 0.504104 0.522046 0.504716 0.520648 0.505766 0.518782 0.506815 0.516912 0.508654 0.514421 0.510318 0.513023 0.511719 0.513644 0.513732 0.514889 0.515745 0.514736 0.515831 0.513644 0.509044 0.501046 0.513320 0.496569 0.513094 0.491995 0.514552 0.486417 0.516680 0.483231 0.521081 0.481833 0.526938 0.476824 0.527591 0.470843 0.529510 0.463875 0.489651 0.321009 0.495828 0.315361 0.499005 0.322634 0.499974 0.325833 0.499753 0.319685 0.497042 0.313417 0.495143 0.310042 0.495685 0.306912 0.487146 0.299921 0.488365 0.286667 0.488229 0.283532 0.487604 0.280653 0.485164 0.298958 0.483596 0.297963 0.481471 0.287412 0.482141 0.285421 0.481805 0.284824 0.481018 0.285028 0.477771 0.269500 0.475669 0.264153 0.471995 0.257130 0.467482 0.251481 0.468401 0.248505 0.467313 0.248505 0.466393 0.250593 0.464383 0.248361 0.462714 0.247019 0.460036 0.247171 0.460456 0.249097 0.462378 0.249097 0.466143 0.252819 0.462294 0.269625 0.459201 0.270218 0.461039 0.256093 0.459786 0.255792 0.457776 0.270069 0.455687 0.270514 0.453258 0.263972 0.450500 0.255347 0.448607 0.245778 0.447883 0.235106 0.449237 0.217176 0.450531 0.210269 0.450789 0.201282 0.454089 0.183028 0.457659 0.165241 0.458891 0.160264 0.459003 0.154292 0.459451 0.149120 0.462956 0.128778
6 0.480789 0.609069 0.494424 0.637287 0.508245 0.665903 0.509336 0.668167 0.516430 0.683037 0.508701 0.694519 0.506609 0.696296 0.493695 0.668653 0.491331 0.663639 0.484201 0.649963 0.483570 0.641440
6 0.505578 0.335000 0.503143 0.337796 0.524745 0.418361 0.530490 0.411588
6 0.536068 0.427269 0.537112 0.419954 0.536945 0.415194 0.535857 0.412667 0.535523 0.407463 0.534185 0.398245 0.534745 0.392546 0.520878 0.352000 0.490255 0.259241 0.470810 0.201949 0.467180 0.198514 0.462997 0.205949 0.464060 0.208949 0.462117 0.210944 0.463932 0.216282 0.465932 0.215167 0.487604 0.280653 0.488331 0.283685 0.505578 0.335000 0.530490 0.411588
6 0.535687 0.453537 0.524745 0.418361 0.530490 0.411588 0.536089 0.428505 0.534185 0.435273 0.534969 0.436069 0.537432 0.436069 0.536872 0.439255 0.537656 0.440449 0.536201 0.444431 0.536201 0.448014 0.537096 0.449606
6 0.535687 0.453537 0.524745 0.418361 0.503143 0.337796 0.499005 0.322634 0.495828 0.315361 0.489651 0.321009 0.529510 0.463875
6 0.536414 0.456495 0.538224 0.461829 0.542023 0.475069 0.541510 0.479542 0.539503 0.485931 0.535909 0.485519 0.530729 0.467676
