18 0.320870 0.265032 0.306779 0.248245 0.310076 0.222926 0.333911 0.207204 0.358044 0.234384 0.383229 0.262366 0.376781 0.265032 0.360893 0.299144 0.353581 0.315958 0.347102 0.294611 0.334211 0.278093
18 0.328898 0.355917 0.352979 0.401583 0.372646 0.442968 0.380070 0.443681 0.414185 0.400514 0.391109 0.335583 0.353581 0.315958
18 0.353581 0.315958 0.381388 0.282093 0.424271 0.287157 0.440466 0.341977 0.414185 0.400514 0.391109 0.335583
18 0.328898 0.355917 0.295984 0.389218 0.282943 0.375894 0.270503 0.361236 0.264805 0.339648 0.276497 0.323926 0.320870 0.265032 0.334211 0.278093 0.347102 0.294611 0.353581 0.315958
18 0.372646 0.442968 0.382479 0.461704 0.374534 0.473162 0.295984 0.389218 0.328898 0.355917 0.352979 0.401583
18 0.445573 0.503519 0.453672 0.508343 0.465430 0.513194 0.478865 0.514870 0.496917 0.519352 0.511193 0.556671 0.498492 0.571227 0.499646 0.601644 0.467948 0.569546 0.433393 0.533403 0.436388 0.524532
18 0.513612 0.457449 0.543732 0.507755 0.534622 0.529778 0.511193 0.556671 0.496917 0.519352 0.478865 0.514870 0.465430 0.513194 0.453672 0.508343 0.474422 0.464898
18 0.738953 0.662065 0.747570 0.653931 0.751312 0.651347 0.758984 0.644185 0.767651 0.635708 0.769141 0.628986 0.770216 0.624676 0.774180 0.629560 0.776849 0.634972 0.779039 0.638361 0.782214 0.631148 0.784596 0.627167 0.788146 0.628250 0.791878 0.636287 0.784870 0.647731 0.797979 0.688593 0.811260 0.741292 0.811818 0.771144 0.798602 0.783097 0.773974 0.796824 0.772289 0.792653 0.769698 0.792148 0.767391 0.782380 0.769076 0.779366 0.748138 0.710843 0.744214 0.698843 0.740716 0.691542 0.735482 0.674935 0.734875 0.669968 0.735576 0.666648
5 0.614167 0.555380 0.631174 0.556125 0.642958 0.555995 0.658768 0.557694 0.665854 0.563606 0.677927 0.578384 0.688120 0.594528 0.692602 0.601208 0.687542 0.600824 0.674964 0.582574 0.672143 0.578079 0.669469 0.574866 0.666432 0.571907 0.662961 0.567667 0.645612 0.567023 0.619948 0.565611
5 0.594034 0.694708 0.604995 0.695472 0.611727 0.695796 0.616578 0.696708 0.618214 0.697125 0.629781 0.700560 0.633568 0.703796 0.640745 0.706417 0.638583 0.709625 0.635992 0.709204 0.626055 0.703921 0.617362 0.701713 0.607966 0.699505 0.603862 0.699505 0.599219 0.698356
5 0.725044 0.653505 0.732062 0.668574 0.737354 0.681245 0.740716 0.691542 0.744214 0.698843 0.748138 0.710843 0.769076 0.779366 0.767391 0.782380 0.765883 0.783144 0.758977 0.760102 0.748938 0.725773 0.743651 0.708560 0.738651 0.696079 0.729714 0.675046 0.723885 0.661528 0.724641 0.655634
18 0.483081 0.463125 0.494740 0.425130 0.503242 0.404403 0.518422 0.395551 0.549513 0.383241 0.579146 0.430523 0.561049 0.490764 0.551333 0.497454 0.533956 0.491690 0.513612 0.457449
18 0.520690 0.394736 0.532820 0.376426 0.545695 0.358352 0.551794 0.350162 0.573276 0.329681 0.575172 0.331130 0.573615 0.334741 0.577883 0.350764 0.586016 0.370403 0.596112 0.390278 0.598143 0.389435 0.597466 0.391722 0.581555 0.412949 0.573552 0.421181 0.549513 0.383241
18 0.438935 0.410889 0.440651 0.416153 0.450992 0.440829 0.457250 0.465005 0.464555 0.484991 0.474422 0.464898 0.483081 0.463125 0.494740 0.425130 0.503242 0.404403 0.486307 0.365435 0.481461 0.364185 0.465919 0.360287 0.462237 0.368083 0.458711 0.367806 0.456435 0.367532 0.450870 0.376176 0.451727 0.378273 0.455422 0.379648 0.450167 0.388718 0.446740 0.392968 0.437797 0.402218 0.437310 0.405972
18 0.437635 0.415222 0.440651 0.416153 0.438836 0.430991 0.438836 0.433574 0.446094 0.437120 0.450992 0.440829 0.451083 0.472278 0.445573 0.503519 0.436388 0.524532 0.433393 0.533403 0.404365 0.506310 0.391391 0.492602 0.403729 0.459699 0.411893 0.436153 0.417245 0.419218 0.433570 0.428231
18 0.447034 0.346949 0.444365 0.339954 0.445346 0.325463 0.447737 0.283245 0.452091 0.262264 0.458977 0.263014 0.493122 0.271255 0.498461 0.276750 0.508440 0.277250 0.510687 0.276005 0.511951 0.274255 0.527831 0.283245 0.527549 0.305481 0.525440 0.332958 0.521086 0.357190 0.513779 0.369931 0.507174 0.371181 0.481461 0.364185 0.458695 0.358440 0.451529 0.353694
18 0.338896 0.212843 0.345284 0.207509 0.354961 0.200454 0.362703 0.197875 0.385542 0.219898 0.408091 0.241403 0.409544 0.245532 0.405091 0.274782 0.403534 0.275935 0.400242 0.281269 0.394641 0.268069 0.389221 0.262907 0.383229 0.262366
18 0.353581 0.315958 0.360893 0.299144 0.376781 0.265032 0.383229 0.262366 0.389221 0.262907 0.394641 0.268069 0.400242 0.281269 0.397669 0.284139 0.381388 0.282093
18 0.272188 0.321278 0.232854 0.318778 0.185896 0.259556 0.191516 0.256704 0.199542 0.254921 0.212987 0.207829 0.201549 0.206755 0.201549 0.203546 0.201750 0.200690 0.214391 0.201403 0.225430 0.166088 0.256534 0.174648 0.295667 0.190347 0.306779 0.248245
18 0.264583 0.177778 0.278169 0.169370 0.272078 0.168681 0.271042 0.165917 0.271690 0.160620 0.272727 0.158778 0.282315 0.163153 0.285682 0.163153 0.289570 0.162921 0.305763 0.167991 0.309391 0.174898 0.311854 0.209676 0.301878 0.222116 0.295667 0.190347
18 0.400242 0.281269 0.403534 0.275935 0.411760 0.269394 0.419888 0.252880 0.422406 0.250296 0.425792 0.253741 0.427534 0.255977 0.429568 0.244278 0.429469 0.230514 0.428599 0.211588 0.430049 0.210556 0.431406 0.212273 0.432083 0.242384 0.429760 0.257352 0.428018 0.262856 0.433438 0.263204 0.440211 0.263889 0.444471 0.265954 0.445534 0.259417 0.449406 0.256148 0.450568 0.255458 0.451341 0.257694 0.447953 0.260449 0.446891 0.264921 0.446695 0.269222 0.450568 0.270083 0.447737 0.283245 0.445346 0.325463 0.444365 0.339954 0.440466 0.341977 0.424271 0.287157 0.397669 0.284139
18 0.380070 0.443681 0.396870 0.464634 0.402417 0.450509 0.406612 0.450509 0.411893 0.436153 0.417245 0.419218 0.433570 0.428231 0.437635 0.415222 0.440651 0.416153 0.438935 0.410889 0.437310 0.405972 0.437797 0.402218 0.446740 0.392968 0.450167 0.388718 0.436443 0.351907 0.414185 0.400514
5 0.740339 0.891949 0.739812 0.897398 0.738326 0.897866 0.736924 0.897551 0.736138 0.899574 0.735263 0.901769 0.733599 0.911574 0.738763 0.914981 0.738938 0.918403 0.738500 0.926495 0.735437 0.927894 0.731500 0.926958 0.730622 0.926806 0.728961 0.937088 0.730536 0.939255 0.731063 0.940032 0.729135 0.950301 0.731674 0.952477 0.731586 0.954500 0.732112 0.955903 0.733862 0.959324 0.734388 0.957148 0.741109 0.961472 0.746070 0.956602 0.758018 0.931394 0.770271 0.904755 0.777255 0.891606 0.780398 0.886755 0.781107 0.883329 0.781414 0.879190 0.781719 0.876315 0.784451 0.875597 0.786174 0.875597 0.788198 0.876856 0.789211 0.877931 0.790018 0.877218 0.790219 0.873606 0.785841 0.856769 0.783383 0.850097 0.782682 0.844060 0.780451 0.841551 0.777529 0.840106 0.773896 0.838644 0.773188 0.834894 0.773188 0.825310 0.770378 0.827190 0.766508 0.830940 0.763112 0.834690 0.758193 0.840727 0.756320 0.842597 0.753323 0.845421 0.746714 0.868606 0.746352 0.871477 0.746122 0.883250 0.745682 0.892259
5 0.723070 0.664477 0.732010 0.697644 0.733094 0.703653 0.729547 0.704148 0.727633 0.699088 0.724086 0.688968 0.720729 0.676759 0.722208 0.670310
18 0.311854 0.209676 0.313641 0.205630 0.315013 0.202690 0.316464 0.202329 0.321143 0.207495 0.324289 0.212370 0.325096 0.213231 0.310008 0.222889 0.306779 0.248245 0.301878 0.222116
18 0.568443 0.492736 0.565779 0.487162 0.564393 0.478551 0.575930 0.441431 0.580659 0.440199 0.587466 0.445736 0.589310 0.446759 0.593234 0.441634 0.618266 0.428509 0.638224 0.419074 0.638224 0.414972 0.638685 0.412306 0.639839 0.409231 0.643646 0.409023 0.644799 0.415792 0.647221 0.424815 0.652068 0.442866 0.658990 0.464602 0.660604 0.475884 0.660490 0.485111 0.657258 0.491880 0.648953 0.501722 0.657490 0.513824 0.655760 0.518949 0.653797 0.518542 0.643878 0.506852 0.630148 0.517926 0.602232 0.534741 0.575742 0.485981
18 0.534622 0.529778 0.567227 0.574333 0.587612 0.609477 0.589003 0.660819 0.573867 0.677292 0.499646 0.601644 0.498492 0.571227 0.511193 0.556671
18 0.534622 0.529778 0.568443 0.492736 0.575742 0.485981 0.605161 0.539870 0.622589 0.570454 0.624451 0.574426 0.623260 0.582903 0.619758 0.626463 0.589003 0.660819 0.587612 0.609477 0.567227 0.574333
18 0.306779 0.248245 0.320870 0.265032 0.276497 0.323926 0.273654 0.318264
18 0.232854 0.318778 0.270503 0.361236 0.264805 0.339648 0.276497 0.323926 0.273654 0.318264 0.272188 0.321278 0.272188 0.321278
5 0.681734 0.600806 0.677180 0.601060 0.676755 0.599588 0.673490 0.598347 0.670687 0.598347 0.668401 0.600750 0.660701 0.600833 0.655521 0.601583 0.649266 0.601167 0.642219 0.600255 0.640352 0.597514 0.634005 0.589801 0.628951 0.586306 0.634565 0.589093 0.639758 0.590023 0.666883 0.589898 0.673367 0.589898 0.675807 0.593620
5 0.682141 0.554764 0.682073 0.558481 0.683466 0.564495 0.684406 0.568398 0.684198 0.573792 0.685010 0.580468 0.682768 0.586106 0.677927 0.578384 0.665854 0.563606 0.658768 0.557694 0.642958 0.555995 0.651055 0.549056 0.656292 0.545806 0.663914 0.546801 0.673346 0.550356
5 0.654789 0.494718 0.659391 0.499921 0.665328 0.508546 0.668253 0.513856 0.670977 0.520481 0.672104 0.523255 0.671154 0.524125 0.656839 0.533894 0.654245 0.535856 0.639503 0.534514 0.639128 0.537296 0.637885 0.541139 0.638479 0.542676 0.639612 0.543153 0.644203 0.543634 0.641875 0.545329 0.631174 0.556125 0.614167 0.555380 0.605161 0.539870 0.602232 0.534741 0.630148 0.517926 0.643878 0.506852 0.653797 0.518542 0.655760 0.518949 0.657490 0.513824 0.648953 0.501722
5 0.623984 0.577037 0.628940 0.571088 0.632010 0.566315 0.645612 0.567023 0.662961 0.567667 0.666432 0.571907 0.669469 0.574866 0.672143 0.578079 0.674964 0.582574 0.667195 0.581162 0.658516 0.580542 0.639133 0.578495
5 0.666016 0.678602 0.666185 0.682213 0.661224 0.680065 0.654448 0.677412 0.647307 0.672819 0.643323 0.668463 0.640500 0.657560 0.642708 0.660556 0.645164 0.663759 0.649977 0.666796 0.654716 0.668208 0.658542 0.668611
5 0.670018 0.626565 0.669586 0.624741 0.670880 0.623495 0.671096 0.622245 0.670935 0.618884 0.671583 0.618981 0.678117 0.624454 0.680008 0.624644 0.682922 0.624454 0.689078 0.621958 0.694583 0.618755 0.698878 0.627634 0.704057 0.640662 0.707419 0.652028 0.709193 0.659412 0.708641 0.665477 0.707078 0.667588 0.704328 0.675139 0.702831 0.680361 0.704453 0.682361 0.706578 0.678361 0.707044 0.681398 0.706437 0.686213 0.704104 0.688370 0.702938 0.689694 0.699794 0.679931 0.697607 0.671829 0.698544 0.668125 0.701799 0.655116 0.701201 0.653403 0.699065 0.652153 0.698362 0.655949 0.696826 0.662755 0.695497 0.669468 0.696549 0.674259 0.699938 0.685662 0.698036 0.686875 0.697120 0.685019 0.693797 0.678079 0.692789 0.674778 0.693112 0.672843 0.693393 0.669829 0.694401 0.666315 0.694604 0.661514 0.695008 0.657713 0.693917 0.656204 0.691885 0.656519 0.691604 0.653949 0.683622 0.654065 0.675125 0.653958 0.673797 0.652486 0.672448 0.649319 0.669747 0.647111 0.680818 0.652870 0.681682 0.650278 0.682599 0.645958 0.683086 0.644995 0.684164 0.644806 0.684164 0.641829 0.661000 0.630694 0.675094 0.635204 0.684922 0.638083 0.685406 0.634532 0.685354 0.632903 0.684706 0.631847 0.684273 0.631269
2 0.684198 0.573792 0.693771 0.582042 0.697010 0.594810 0.691518 0.590282 0.683693 0.583903 0.685010 0.580468
5 0.703378 0.691106 0.707284 0.689255 0.711451 0.688097 0.715747 0.684810 0.716034 0.686431 0.716276 0.688644 0.712169 0.699759 0.711891 0.704819 0.713336 0.703495 0.715391 0.698681 0.717490 0.692292 0.718937 0.686069 0.720729 0.677222 0.724086 0.688968 0.727633 0.699088 0.729547 0.704148 0.733094 0.703653 0.736490 0.698394 0.738651 0.696079 0.743651 0.708560 0.748938 0.725773 0.752424 0.739245 0.751958 0.745801 0.751724 0.747213 0.752750 0.749949 0.753245 0.752833 0.752966 0.755324 0.750865 0.758477 0.749698 0.760301 0.751333 0.769926 0.748487 0.775347 0.745081 0.780824 0.739966 0.791940 0.737263 0.794162 0.734211 0.793639 0.731174 0.799037 0.726044 0.803662 0.717656 0.803407 0.710732 0.800708 0.709654 0.797639 0.700581 0.783620 0.699281 0.781755 0.696055 0.771931 0.687997 0.744551 0.688719 0.739319 0.689742 0.732787 0.697302 0.724861 0.706961 0.716315 0.711115 0.713162 0.711490 0.710009 0.708474 0.702958 0.704359 0.694116
2 0.681302 0.529667 0.704479 0.540514 0.704664 0.542588 0.702938 0.551468 0.693138 0.546819 0.677969 0.539269 0.675169 0.531968 0.677849 0.528116
2 0.660539 0.478954 0.669185 0.484046 0.674523 0.487380 0.675521 0.488736 0.677336 0.495477 0.678958 0.503977 0.680089 0.514301 0.681302 0.529667 0.677849 0.528116 0.676560 0.520306 0.675130 0.520306 0.672201 0.497736 0.670701 0.490810 0.666859 0.487449 0.660464 0.481417
2 0.660464 0.481417 0.666859 0.487449 0.670701 0.490810 0.672201 0.497736 0.671867 0.504954 0.670977 0.520481 0.668253 0.513856 0.668753 0.498032 0.667641 0.495264 0.665193 0.492986 0.659628 0.487051 0.660490 0.485111
2 0.631174 0.556125 0.641875 0.545329 0.656839 0.533894 0.671154 0.524125 0.675130 0.520306 0.676560 0.520306 0.677849 0.528116 0.675169 0.531968 0.665732 0.539935 0.651055 0.549056 0.642958 0.555995
2 0.667154 0.538486 0.678755 0.547273 0.685174 0.550431 0.690242 0.553106 0.695055 0.555273 0.701445 0.560546 0.705422 0.568130 0.711383 0.582921 0.716802 0.599884 0.730063 0.637699 0.725651 0.642968 0.722760 0.636028 0.716471 0.616875 0.709315 0.597602 0.707073 0.591431 0.702737 0.577940 0.699484 0.568037 0.697458 0.563287 0.693195 0.560204 0.688133 0.558144 0.673346 0.550356 0.663914 0.546801 0.656292 0.545806 0.665732 0.539935
2 0.614167 0.555380 0.631174 0.556125 0.642958 0.555995 0.658768 0.557694 0.665854 0.563606 0.677927 0.578384 0.688120 0.594528 0.692602 0.601208 0.687542 0.600824 0.674964 0.582574 0.672143 0.578079 0.669469 0.574866 0.666432 0.571907 0.662961 0.567667 0.645612 0.567023 0.619948 0.565611
2 0.689721 0.558713 0.688156 0.559958 0.688589 0.563606 0.690802 0.571866 0.693771 0.582042 0.697010 0.594810 0.698836 0.601889 0.700562 0.607944 0.702849 0.615046 0.706560 0.629926 0.719109 0.671773 0.719826 0.669144 0.721690 0.658727 0.718461 0.646889 0.716365 0.635782 0.709956 0.614681 0.707052 0.604852 0.695018 0.561546 0.693195 0.560204
2 0.628951 0.586306 0.634005 0.589801 0.640352 0.597514 0.642219 0.600255 0.649266 0.601167 0.655521 0.601583 0.660701 0.600833 0.668401 0.600750 0.670687 0.598347 0.673490 0.598347 0.676755 0.599588 0.677503 0.602329 0.677456 0.603657 0.669380 0.605315 0.659674 0.605815 0.652206 0.605648 0.642266 0.603903 0.635544 0.602245 0.627378 0.598759 0.622104 0.597019 0.623026 0.585810
2 0.622104 0.597019 0.626492 0.602181 0.632164 0.605731 0.641344 0.611880 0.653224 0.618407 0.667318 0.625704 0.670018 0.626565 0.669586 0.624741 0.670880 0.623495 0.671096 0.622245 0.670935 0.618884 0.669638 0.618407 0.655875 0.610486 0.642266 0.603903 0.635544 0.602245 0.627378 0.598759
2 0.626492 0.602181 0.634268 0.613606 0.643503 0.621764 0.650253 0.626468 0.661000 0.630694 0.675094 0.635204 0.684922 0.638083 0.685406 0.634532 0.685354 0.632903 0.684706 0.631847 0.684273 0.631269 0.670018 0.626565 0.667318 0.625704 0.653224 0.618407 0.641344 0.611880 0.632164 0.605731
2 0.661000 0.630694 0.684164 0.641829 0.684164 0.644806 0.683086 0.644995 0.682599 0.645958 0.681682 0.650278 0.680818 0.652870 0.669747 0.647111 0.650846 0.636935 0.634268 0.613606 0.643503 0.621764 0.650253 0.626468
2 0.650846 0.636935 0.661594 0.650468 0.672122 0.658727 0.675362 0.660838 0.677469 0.656134 0.673797 0.652486 0.672448 0.649319 0.669747 0.647111
5 0.639089 0.689759 0.640539 0.688181 0.642961 0.680005 0.643766 0.675130 0.643323 0.668463 0.640500 0.657560 0.638966 0.655051 0.632867 0.649000 0.630396 0.647671 0.624469 0.645106 0.620734 0.644352 0.618969 0.644593 0.615346 0.646704 0.611820 0.649995 0.607992 0.656801 0.606125 0.658958 0.604865 0.661282 0.604398 0.664185 0.604445 0.667509 0.603510 0.669495 0.600896 0.671565 0.600013 0.676713 0.599823 0.680944 0.600432 0.683685 0.604724 0.692977 0.611727 0.695796 0.616578 0.696708 0.618214 0.697125 0.619753 0.692477 0.620779 0.689407 0.621714 0.688333 0.624513 0.690491 0.627781 0.692148 0.633661 0.690898
2 0.597888 0.694903 0.595023 0.684718 0.593005 0.677977 0.592320 0.674106 0.591474 0.670949 0.591716 0.668796 0.593693 0.666935 0.595427 0.670519 0.599823 0.680944 0.600432 0.683685 0.604724 0.692977 0.605914 0.695546 0.604995 0.695472
2 0.594034 0.694708 0.604995 0.695472 0.611727 0.695796 0.616578 0.696708 0.618214 0.697125 0.629781 0.700560 0.633568 0.703796 0.640745 0.706417 0.638583 0.709625 0.635992 0.709204 0.626055 0.703921 0.617362 0.701713 0.607966 0.699505 0.603862 0.699505 0.599219 0.698356
2 0.716802 0.599884 0.732807 0.593282 0.741768 0.589718 0.741768 0.593699 0.743029 0.599093 0.743169 0.600088 0.743216 0.600505 0.735281 0.604486 0.726693 0.608384 0.720672 0.610708
2 0.743216 0.600505 0.748620 0.597361 0.754505 0.593102 0.756432 0.592500 0.758750 0.602546 0.753854 0.605648 0.737865 0.615602 0.725052 0.623519 0.721719 0.613935
2 0.730078 0.637639 0.735427 0.634278 0.739099 0.632657 0.744021 0.630343 0.744255 0.633120 0.744073 0.634602 0.742068 0.634833 0.739568 0.635435 0.731807 0.638259 0.728943 0.640528 0.726443 0.643907 0.725880 0.647352 0.724641 0.655634 0.723885 0.661528 0.722208 0.670310 0.718937 0.686069 0.717490 0.692292 0.715391 0.698681 0.713336 0.703495 0.711891 0.704819 0.712169 0.699759 0.716276 0.688644 0.717305 0.684412 0.717305 0.679931 0.719826 0.669144 0.724096 0.645477 0.725651 0.642968
2 0.743906 0.626782 0.745172 0.624898 0.747430 0.623245 0.750776 0.633204 0.754708 0.646153 0.755159 0.647815 0.751312 0.651347 0.748409 0.642296 0.745911 0.633352
2 0.639089 0.689759 0.647773 0.690856 0.654867 0.690690 0.662240 0.692519 0.669242 0.695671 0.672276 0.697329 0.680721 0.703634 0.684596 0.706208 0.693464 0.721639 0.692438 0.723630 0.686323 0.714171 0.682451 0.708116 0.680302 0.707949 0.674188 0.703968 0.666534 0.698991 0.658414 0.695921 0.642266 0.694759 0.636711 0.694259 0.629430 0.691690 0.633661 0.690898
2 0.633568 0.703796 0.634836 0.701407 0.639055 0.695569 0.640021 0.694606 0.643576 0.696051 0.652372 0.697014 0.661021 0.697764 0.664786 0.698569 0.664456 0.700125 0.662617 0.702481 0.657435 0.701838 0.652352 0.701329 0.646190 0.700250 0.643635 0.699588 0.640714 0.699588 0.638844 0.702106 0.637940 0.703606 0.636917 0.705157
2 0.641513 0.725019 0.646042 0.724611 0.647440 0.724278 0.652557 0.724157 0.653461 0.730403 0.654227 0.736106 0.655971 0.746144 0.658062 0.751537 0.655518 0.751537 0.648091 0.748190 0.644953 0.746269 0.628083 0.729375 0.632422 0.723069 0.639341 0.724019 0.637872 0.725514 0.637081 0.727019 0.638247 0.727505
2 0.641000 0.711495 0.645685 0.714157 0.649310 0.715491 0.651122 0.719269 0.652557 0.724157 0.655870 0.730819 0.658932 0.734486 0.661492 0.737597 0.662430 0.738153 0.663367 0.734708 0.661305 0.725935 0.659805 0.722713 0.655182 0.715380 0.653932 0.713162 0.652432 0.708940 0.645542 0.707750
5 0.680721 0.703634 0.678854 0.701481 0.678724 0.698056 0.679688 0.697037 0.684219 0.695278 0.690469 0.694074 0.698255 0.693148 0.699622 0.695583 0.702135 0.699181 0.704747 0.703204 0.705568 0.705282 0.701880 0.710259 0.694086 0.720551 0.693464 0.721639 0.684596 0.706208
5 0.680302 0.707949 0.679953 0.709028 0.679846 0.714792 0.680169 0.718343 0.681573 0.722565 0.683464 0.726023 0.684057 0.727750 0.684544 0.730532 0.685245 0.732741 0.685516 0.733991 0.686432 0.739366 0.687411 0.733495 0.689932 0.728269 0.692438 0.723630 0.686323 0.714171 0.682451 0.708116
2 0.690086 0.668324 0.691229 0.660171 0.691885 0.656519 0.693917 0.656204 0.695008 0.657713 0.694604 0.661514 0.694401 0.666315 0.693393 0.669829 0.693112 0.672843 0.692789 0.674778 0.693797 0.678079 0.697120 0.685019 0.700516 0.692856 0.703984 0.699412 0.706805 0.703907 0.707531 0.707764 0.705578 0.712389 0.700807 0.717921 0.694927 0.724144 0.690875 0.729042 0.689742 0.732787 0.688719 0.739319 0.686898 0.752491 0.685919 0.752579 0.685216 0.748764 0.685451 0.745694 0.687411 0.733495 0.689932 0.728269 0.694086 0.720551 0.701880 0.710259 0.705568 0.705282 0.704747 0.703204 0.702135 0.699181 0.699622 0.695583 0.695927 0.688704 0.692828 0.681426 0.690740 0.671329 0.692130 0.671454 0.692656 0.670519 0.692724 0.669463 0.692445 0.668727
2 0.695497 0.669468 0.696826 0.662755 0.698362 0.655949 0.699065 0.652153 0.701201 0.653403 0.701799 0.655116 0.698544 0.668125 0.697607 0.671829 0.699794 0.679931 0.704359 0.694116 0.708474 0.702958 0.711490 0.710009 0.711115 0.713162 0.706961 0.716315 0.697302 0.724861 0.689742 0.732787 0.690875 0.729042 0.694927 0.724144 0.700807 0.717921 0.706229 0.714060 0.709659 0.711333 0.706805 0.703907 0.703810 0.696852 0.699938 0.685662 0.696549 0.674259
5 0.749563 0.816727 0.748151 0.815028 0.747062 0.808218 0.736839 0.807569 0.735542 0.804319 0.735060 0.798852 0.734211 0.793639 0.737263 0.794162 0.739966 0.791940 0.745081 0.780824 0.748487 0.775347 0.751333 0.769926 0.749698 0.760301 0.750865 0.758477 0.752966 0.755324 0.758719 0.763120 0.761555 0.768588 0.763333 0.776537 0.765448 0.783208 0.765786 0.787736 0.764969 0.791500 0.763911 0.793634 0.764823 0.802370 0.764544 0.811250 0.763003 0.812907 0.760810 0.815481 0.759083 0.819630 0.757357 0.819130 0.754370 0.819130 0.751523 0.818301 0.750076 0.817472
2 0.672320 0.763653 0.681844 0.771523 0.688862 0.775847 0.697341 0.781319 0.700581 0.783620 0.709654 0.797639 0.710732 0.800708 0.716888 0.811940 0.716565 0.813574 0.712893 0.810407 0.710680 0.807620 0.704523 0.797255 0.700958 0.790917 0.698906 0.786981 0.696208 0.784005 0.685516 0.779782 0.681034 0.777190 0.673419 0.773347 0.667424 0.767204 0.668667 0.762213
2 0.691693 0.782269 0.694609 0.786875 0.698388 0.791579 0.702654 0.795130 0.704523 0.797255 0.707516 0.802333 0.704383 0.800509 0.698388 0.795898 0.692664 0.790718 0.688021 0.785532 0.679490 0.777468 0.676844 0.775069 0.681034 0.777190 0.685516 0.779782
2 0.681271 0.758843 0.688862 0.775847 0.681844 0.771523 0.672320 0.763653 0.676328 0.764134 0.676779 0.760921 0.674247 0.758509 0.664940 0.753764 0.663878 0.751361
2 0.664940 0.753764 0.674247 0.758509 0.676779 0.760921 0.676328 0.764134 0.672320 0.763653 0.667680 0.761671 0.662167 0.759741 0.658128 0.758296 0.652885 0.752940 0.655518 0.751537 0.658062 0.751537 0.660891 0.753287
2 0.671622 0.736657 0.679883 0.738648 0.685529 0.739977 0.685576 0.743958 0.685451 0.745694 0.685216 0.748764 0.685919 0.752579 0.686898 0.752491 0.688096 0.755491 0.689076 0.756986 0.688424 0.763542 0.686789 0.761468 0.678995 0.758148 0.663878 0.751361 0.659648 0.745796 0.657219 0.737639 0.655870 0.730819 0.658932 0.734486 0.661492 0.737597 0.662430 0.738153 0.663367 0.734708
2 0.661305 0.725935 0.672177 0.726694 0.679682 0.725829 0.683464 0.726023 0.684057 0.727750 0.684219 0.732741 0.685516 0.733991 0.685354 0.736583 0.678872 0.735620 0.670503 0.734949 0.663367 0.734708
2 0.803229 0.779769 0.821250 0.778722 0.822089 0.789509 0.821250 0.791667 0.816768 0.793162 0.798193 0.795981 0.793948 0.800380 0.774018 0.811745 0.762305 0.818051 0.759083 0.819630 0.760810 0.815481 0.763003 0.812907 0.764544 0.811250 0.764823 0.802370 0.773974 0.796824
2 0.728951 0.807000 0.747062 0.808218 0.748151 0.815028 0.745206 0.814958 0.733227 0.814958 0.728305 0.814958 0.727943 0.810727
2 0.759083 0.819630 0.757357 0.819130 0.754370 0.819130 0.751523 0.818301 0.750076 0.817472 0.749563 0.816727 0.741302 0.821204 0.730940 0.826931 0.731500 0.828755 0.734302 0.832819 0.742469 0.829088 0.752177 0.823361
2 0.798953 0.692009 0.799516 0.692009 0.801703 0.699565 0.804203 0.704231 0.806141 0.707227 0.808513 0.709560 0.811951 0.713894 0.813951 0.714116 0.814576 0.712894 0.816823 0.712449 0.818073 0.709116 0.818698 0.709005 0.819760 0.709560 0.821760 0.715782 0.821135 0.726333 0.820073 0.735106 0.819510 0.740551 0.817323 0.743995 0.813701 0.746329 0.811513 0.745662 0.811260 0.741292
2 0.581555 0.412949 0.589479 0.422694 0.601661 0.437218 0.594846 0.440866 0.581359 0.425352 0.576693 0.417968
2 0.739552 0.862713 0.740391 0.860606 0.740773 0.857009 0.741193 0.853912 0.744016 0.849079 0.747188 0.841083 0.748198 0.832097 0.748721 0.829833 0.751755 0.831657 0.754648 0.833338 0.755417 0.835259 0.753323 0.845421 0.746714 0.868606 0.746352 0.871477 0.741672 0.869903 0.741146 0.866815 0.739898 0.864949
2 0.737474 0.891852 0.745682 0.892259 0.746122 0.883250 0.746352 0.871477 0.741672 0.869903 0.739284 0.872208
2 0.786781 0.804269 0.787367 0.811769 0.788656 0.833847 0.788656 0.843639 0.787016 0.843014 0.786430 0.839056 0.785258 0.835097 0.784437 0.830931 0.784086 0.822389 0.784203 0.819889 0.784789 0.817810 0.783891 0.810583 0.783500 0.805935
2 0.677180 0.601060 0.681734 0.600806 0.687542 0.600824 0.692602 0.601208 0.698836 0.601889 0.700562 0.607944 0.693609 0.610685 0.684740 0.610685 0.675312 0.610685 0.659375 0.611231 0.655875 0.610486 0.654755 0.605755 0.659674 0.605815 0.669380 0.605315 0.677456 0.603657 0.677503 0.602329
2 0.620688 0.613838 0.627247 0.624833 0.630333 0.629417 0.631320 0.632282 0.635495 0.638718 0.641805 0.647713 0.647742 0.654935 0.655677 0.664889 0.660482 0.664500 0.673729 0.665866 0.661594 0.650468 0.650846 0.636935 0.634268 0.613606 0.626492 0.602181 0.622104 0.597019
2 0.626094 0.637241 0.632674 0.646204 0.642708 0.660556 0.645164 0.663759 0.649977 0.666796 0.654716 0.668208 0.663794 0.669287 0.677591 0.670366 0.690740 0.671329 0.692130 0.671454 0.692656 0.670519 0.692724 0.669463 0.692445 0.668727 0.690086 0.668324 0.687888 0.668375 0.673729 0.665866 0.660482 0.664500 0.655677 0.664889 0.647742 0.654935 0.641805 0.647713 0.635495 0.638718 0.630573 0.632458 0.620193 0.619602 0.619766 0.627037
2 0.674964 0.582574 0.687542 0.600824 0.681734 0.600806 0.675807 0.593620 0.673367 0.589898 0.666883 0.589898 0.639758 0.590023 0.634565 0.589093 0.628951 0.586306 0.623026 0.585810 0.623026 0.585810 0.623260 0.582903 0.624089 0.577130 0.639133 0.578495 0.658516 0.580542 0.667195 0.581162
2 0.702849 0.615046 0.698961 0.616199 0.694583 0.618755 0.689078 0.621958 0.682922 0.624454 0.680008 0.624644 0.678117 0.624454 0.671583 0.618981 0.670935 0.618884 0.669638 0.618407 0.655875 0.610486 0.659375 0.611231 0.675312 0.610685 0.684740 0.610685 0.693609 0.610685 0.700562 0.607944
5 0.699945 0.630134 0.701557 0.628060 0.706560 0.629926 0.719109 0.671773 0.717305 0.679931 0.717305 0.684412 0.716276 0.688644 0.716034 0.686431 0.715747 0.684810 0.711451 0.688097 0.707284 0.689255 0.703378 0.691106 0.702938 0.689694 0.704104 0.688370 0.706437 0.686213 0.707044 0.681398 0.706578 0.678361 0.709703 0.672250 0.711576 0.671139 0.713201 0.667255 0.712513 0.664810 0.711326 0.664921 0.708641 0.665477 0.709193 0.659412 0.707419 0.652028 0.704057 0.640662
2 0.735419 0.688347 0.733677 0.688940 0.735687 0.694894 0.736490 0.698394 0.733094 0.703653 0.732010 0.697644 0.723070 0.664477 0.723885 0.661528 0.729714 0.675046
2 0.517943 0.362685 0.518146 0.364694 0.518146 0.370968 0.518250 0.375208 0.518984 0.376315 0.519909 0.376315 0.520117 0.374287 0.520117 0.370597 0.521164 0.368569 0.521372 0.363773 0.522398 0.364509 0.523125 0.367093 0.523229 0.372995 0.523125 0.379079 0.523125 0.382213 0.523654 0.384060 0.524578 0.386458 0.525302 0.387565 0.520690 0.394736 0.518422 0.395551 0.503242 0.404403 0.491279 0.376681 0.491911 0.373917 0.492938 0.372255 0.497398 0.371704 0.500831 0.370968 0.503010 0.370042 0.507174 0.371181 0.513779 0.369931
2 0.630990 0.706556 0.627117 0.708792 0.614052 0.709134 0.609505 0.711199 0.613810 0.715338 0.619182 0.714810 0.625667 0.714810 0.628474 0.713093 0.636990 0.710509 0.638583 0.709625 0.635992 0.709204
2 0.625656 0.726468 0.632237 0.718338 0.638583 0.709625 0.642456 0.704315 0.646190 0.700250 0.652352 0.701329 0.645542 0.707750 0.641000 0.711495 0.638302 0.715931 0.632422 0.723069 0.628083 0.729375
2 0.661594 0.650468 0.673729 0.665866 0.687888 0.668375 0.688531 0.664361 0.687443 0.663069 0.675362 0.660838 0.672122 0.658727
5 0.672714 0.669926 0.677591 0.670366 0.690740 0.671329 0.692828 0.681426 0.694036 0.685139 0.698305 0.693139 0.690469 0.694074 0.684219 0.695278 0.679688 0.697037 0.678724 0.698056 0.678854 0.701481 0.680721 0.703634 0.672276 0.697329 0.669242 0.695671 0.662240 0.692519 0.654867 0.690690 0.647773 0.690856 0.639089 0.689759 0.640539 0.688181 0.642961 0.680005 0.643766 0.675130 0.647388 0.677556 0.651464 0.679778 0.656102 0.682213 0.662839 0.685301 0.665299 0.686588 0.666589 0.686088 0.666792 0.683935 0.666185 0.682213 0.666185 0.682213 0.665906 0.678384 0.665771 0.675972 0.666990 0.673319 0.667534 0.669463
2 0.730880 0.638917 0.738953 0.662065 0.735576 0.666648 0.734875 0.669968 0.732169 0.661171 0.729042 0.652208 0.726435 0.643861 0.728943 0.640528
5 0.680169 0.718343 0.676242 0.716995 0.672635 0.714208 0.671065 0.712255 0.670125 0.709745 0.669026 0.702495 0.670422 0.701648 0.674188 0.703968 0.680302 0.707949 0.680008 0.709185 0.679846 0.714792
5 0.680169 0.718343 0.681573 0.722565 0.683464 0.726023 0.679682 0.725829 0.672177 0.726694 0.661305 0.725935 0.659805 0.722713 0.655182 0.715380 0.653932 0.713162 0.656828 0.711116 0.669026 0.702495 0.670125 0.709745 0.671065 0.712255 0.672635 0.714208 0.676242 0.716995
2 0.619758 0.626463 0.589003 0.660819 0.573867 0.677292 0.590945 0.693389 0.594034 0.694708 0.597888 0.694903 0.595023 0.684718 0.593005 0.677977 0.592320 0.674106 0.591474 0.670949 0.591716 0.668796 0.593693 0.666935 0.595427 0.670519 0.599823 0.680944 0.600013 0.676713 0.600896 0.671565 0.603510 0.669495 0.604445 0.667509 0.604398 0.664185 0.604865 0.661282 0.606125 0.658958 0.607992 0.656801 0.611820 0.649995 0.615346 0.646704 0.618969 0.644593 0.620734 0.644352 0.624469 0.645106 0.630396 0.647671 0.632867 0.649000 0.638966 0.655051 0.632674 0.646204 0.626094 0.637241
2 0.406612 0.450509 0.402417 0.450509 0.396870 0.464634 0.396870 0.464634 0.392016 0.478292 0.390133 0.475782 0.388409 0.466579 0.384958 0.462676 0.382479 0.461704 0.374534 0.473162 0.391391 0.492602 0.403729 0.459699
2 0.451083 0.472278 0.453034 0.465745 0.454758 0.467139 0.457250 0.465005 0.464555 0.484991 0.453672 0.508343 0.445573 0.503519
