0 0.409430 1.000000 0.409714 0.998278 0.411276 0.989940 0.412711 0.989014 0.421310 0.991792 0.424177 0.995264 0.426260 0.997815 0.430820 0.998278 0.434729 0.990634 0.434729 0.984843 0.436424 0.980903 0.437206 0.979514 0.440724 0.965384 0.450755 0.951718 0.458182 0.942454 0.463654 0.936894 0.465609 0.936431 0.470299 0.937819 0.471865 0.941065 0.475510 0.946394 0.480854 0.952412 0.483719 0.954037 0.484633 0.957509 0.485154 0.969093 0.484763 0.975347 0.484372 0.977894 0.484112 0.980671 0.483982 0.983222 0.483982 0.985074 0.484763 0.985769 0.485023 0.989245 0.482417 0.991329 0.478247 0.994569 0.475120 0.998046 0.473581 1.000000 0.468018 1.000000 0.467956 0.999898 0.466911 0.997352 0.465740 0.994338 0.465089 0.990171 0.464698 0.986694 0.460398 0.993181 0.456880 0.999667 0.456674 1.000000
2 0.502227 0.344435 0.505961 0.351491 0.507596 0.355056 0.507081 0.355968 0.506661 0.356468 0.499987 0.351736 0.496068 0.349000 0.491820 0.347259 0.490932 0.345931 0.490000 0.345102 0.489581 0.343190 0.489768 0.339102 0.491073 0.338296 0.498589 0.341782
5 0.403099 0.109722 0.403049 0.108505 0.403562 0.107486 0.404646 0.106736 0.407721 0.104537 0.408773 0.103894 0.409529 0.102611 0.410583 0.096556 0.415523 0.086755 0.416276 0.085949 0.417453 0.086167 0.418404 0.085384 0.462844 0.132444 0.465958 0.134176 0.467612 0.136426 0.468878 0.139713 0.500031 0.172153 0.499156 0.174056 0.498234 0.175139 0.495643 0.179852 0.493984 0.183551 0.493714 0.185958 0.492841 0.188370 0.488802 0.193083 0.487115 0.195014 0.486753 0.197690 0.485398 0.198440 0.482326 0.196352 0.469307 0.180764 0.443906 0.155102 0.414982 0.121227
5 0.418404 0.085384 0.418690 0.083060 0.419279 0.081713 0.419279 0.079921 0.422307 0.081417 0.443503 0.101755 0.465375 0.123884 0.470674 0.133306 0.484891 0.143773 0.493721 0.155736 0.504320 0.166806 0.502471 0.170394 0.501544 0.173685 0.500615 0.175755 0.499771 0.177926 0.499289 0.177551 0.499107 0.176102 0.499229 0.174069 0.500031 0.172153 0.468878 0.139713 0.467612 0.136426 0.465958 0.134176 0.462844 0.132444
5 0.323424 0.166407 0.329172 0.179958 0.333107 0.187287 0.353977 0.216611 0.372031 0.240718 0.384341 0.257491 0.394714 0.270042 0.402711 0.279259 0.404521 0.278704 0.406833 0.276704 0.408521 0.273593 0.405583 0.264153 0.402109 0.249954 0.394464 0.231273 0.386536 0.211389 0.380841 0.198731 0.365096 0.164130 0.358229 0.149023 0.355388 0.142227 0.352164 0.142806 0.351003 0.142227 0.348714 0.144458 0.344185 0.149523 0.338956 0.153755 0.327573 0.161796
5 0.377370 0.190787 0.385128 0.201694 0.393062 0.213245 0.398125 0.219912 0.407682 0.228574 0.428927 0.259343 0.430362 0.262676 0.431370 0.264532 0.432674 0.267486 0.433612 0.269287 0.434117 0.272116 0.433831 0.274171 0.433036 0.275458 0.431807 0.275204 0.431445 0.283560 0.430794 0.287921 0.429276 0.290491 0.427901 0.293319 0.423997 0.300519 0.420891 0.302829 0.402711 0.279259 0.404521 0.278704 0.406833 0.276704 0.408521 0.273593 0.405583 0.264153 0.402109 0.249954 0.394464 0.231273 0.386536 0.211389 0.380841 0.198731
5 0.365096 0.164130 0.380188 0.181278 0.404596 0.210366 0.434664 0.247037 0.434745 0.248977 0.437508 0.253134 0.436672 0.255218 0.436419 0.259088 0.436339 0.260870 0.435333 0.262954 0.434831 0.263991 0.432823 0.264444 0.431370 0.264532 0.430362 0.262676 0.428927 0.259343 0.407682 0.228574 0.398125 0.219912 0.393062 0.213245 0.385128 0.201694 0.377370 0.190787
5 0.380130 0.129583 0.391747 0.143958 0.456240 0.226083 0.458581 0.230245 0.459167 0.232171 0.459586 0.235144 0.460026 0.236759 0.456073 0.239458 0.455401 0.241838 0.449299 0.247194 0.443943 0.250009 0.442018 0.250167 0.440596 0.250912 0.437508 0.253134 0.434745 0.248977 0.434664 0.247037 0.404596 0.210366 0.380188 0.181278 0.365096 0.164130 0.363729 0.161245 0.367495 0.155745 0.369505 0.152917 0.370841 0.138199 0.377948 0.146514 0.378953 0.146824 0.380211 0.144588
5 0.443906 0.155102 0.414982 0.121227 0.403099 0.109722 0.396305 0.102792 0.394633 0.102227 0.393763 0.102792 0.395167 0.111861 0.392206 0.115208 0.388737 0.118167 0.390107 0.120736 0.391698 0.123815 0.391555 0.124977 0.389096 0.124977 0.387214 0.124338 0.385047 0.123431 0.384763 0.125884 0.385841 0.136662 0.391747 0.143958 0.456240 0.226083 0.458581 0.230245 0.459167 0.232171 0.459586 0.235144 0.459833 0.236662 0.462417 0.235130 0.464958 0.233301 0.465393 0.230046 0.466089 0.228111 0.467117 0.226968 0.469552 0.220157 0.471818 0.214000 0.473164 0.212574 0.473542 0.211324 0.473701 0.207222 0.474370 0.200380 0.474620 0.195176 0.473281 0.192944 0.461487 0.176736
5 0.500615 0.175755 0.503266 0.178421 0.504799 0.179731 0.504974 0.180343 0.504974 0.182204 0.504242 0.183139 0.503682 0.185051 0.499419 0.191296 0.495828 0.196023 0.490464 0.200472 0.489094 0.201903 0.488732 0.206065 0.488932 0.207144 0.486471 0.208431 0.484656 0.210079 0.483365 0.211444 0.482560 0.212019 0.481633 0.211444 0.476268 0.207144 0.474612 0.204491 0.474128 0.202481 0.474370 0.200380 0.474620 0.195176 0.473281 0.192944 0.461487 0.176736 0.443906 0.155102 0.469307 0.180764 0.482326 0.196352 0.485398 0.198440 0.486753 0.197690 0.487115 0.195014 0.488802 0.193083 0.492841 0.188370 0.493714 0.185958 0.493984 0.183551 0.495643 0.179852 0.498234 0.175139 0.499229 0.174069 0.499107 0.176102 0.499289 0.177551 0.499771 0.177926
5 0.435333 0.262954 0.440227 0.268940 0.442612 0.273310 0.441529 0.277681 0.440951 0.282694 0.441745 0.286292 0.442685 0.289375 0.437117 0.296829 0.436107 0.300556 0.434370 0.307755 0.433721 0.310065 0.431768 0.312764 0.430323 0.314565 0.420891 0.302829 0.423997 0.300519 0.427901 0.293319 0.429276 0.290491 0.430794 0.287921 0.431445 0.283560 0.431807 0.275204 0.433036 0.275458 0.433831 0.274171 0.434117 0.272116 0.433612 0.269287 0.432674 0.267486 0.431370 0.264532 0.432823 0.264444 0.434831 0.263991
5 0.446422 0.272153 0.450180 0.278838 0.452206 0.281153 0.453651 0.286421 0.454518 0.288731 0.454229 0.293745 0.453289 0.299014 0.451844 0.304796 0.449747 0.305440 0.447362 0.307241 0.442591 0.309940 0.440565 0.313407 0.439409 0.315722 0.438253 0.317009 0.435651 0.319963 0.430323 0.314565 0.431768 0.312764 0.433721 0.310065 0.434370 0.307755 0.436107 0.300556 0.437117 0.296829 0.442685 0.289375 0.441745 0.286292 0.440951 0.282694 0.441529 0.277681 0.442612 0.273310 0.443023 0.275366 0.443891 0.275755 0.445266 0.273440
5 0.451844 0.304796 0.454536 0.310338 0.456286 0.309005 0.458974 0.312671 0.459221 0.314338 0.455224 0.318000 0.451661 0.319222 0.446102 0.325111 0.442354 0.328444 0.435651 0.319963 0.438253 0.317009 0.439409 0.315722 0.440565 0.313407 0.442591 0.309940 0.447362 0.307241 0.449747 0.305440
5 0.459221 0.314338 0.459284 0.316894 0.461346 0.321444 0.463034 0.323889 0.463284 0.325333 0.461846 0.327556 0.459534 0.330778 0.453661 0.335218 0.450414 0.338662 0.442354 0.328444 0.446102 0.325111 0.451661 0.319222 0.455224 0.318000
5 0.463284 0.325333 0.464677 0.324394 0.467646 0.323245 0.469214 0.323819 0.468456 0.329579 0.467594 0.333995 0.468349 0.339565 0.467268 0.340810 0.465542 0.341676 0.463490 0.339657 0.462409 0.339278 0.459437 0.343787 0.456576 0.346764 0.450414 0.338662 0.453661 0.335218 0.459534 0.330778 0.461846 0.327556
5 0.483365 0.211444 0.485536 0.212259 0.486182 0.213264 0.487271 0.214843 0.487594 0.216421 0.487917 0.218213 0.491990 0.213981 0.495862 0.209463 0.501549 0.202940 0.502437 0.199782 0.499977 0.196843 0.497273 0.194046 0.495828 0.196023 0.490464 0.200472 0.489094 0.201903 0.488732 0.206065 0.488932 0.207144 0.486471 0.208431 0.484656 0.210079
5 0.487917 0.218213 0.486745 0.220940 0.486102 0.222227 0.484971 0.222444 0.481380 0.227032 0.478719 0.230333 0.478357 0.231264 0.477388 0.231194 0.476016 0.230333 0.473474 0.232481 0.472346 0.232986 0.468958 0.230546 0.467224 0.229398 0.466089 0.228111 0.467117 0.226968 0.469552 0.220157 0.471818 0.214000 0.472339 0.216093 0.473385 0.217639 0.474396 0.217949 0.475057 0.217454 0.475406 0.217144 0.475651 0.215412 0.478719 0.212620 0.480880 0.210884 0.481633 0.211444 0.482560 0.212019 0.483365 0.211444 0.485536 0.212259 0.486182 0.213264 0.487271 0.214843 0.487594 0.216421
5 0.468958 0.230546 0.470094 0.232694 0.470531 0.234917 0.469844 0.240806 0.469344 0.242694 0.469344 0.244694 0.470781 0.247801 0.466909 0.251356 0.455474 0.260579 0.448914 0.266907 0.448164 0.268685 0.446422 0.272153 0.445266 0.273440 0.443891 0.275755 0.443023 0.275366 0.442612 0.273310 0.440227 0.268940 0.435333 0.262954 0.436339 0.260870 0.436419 0.259088 0.436672 0.255218 0.437508 0.253134 0.440596 0.250912 0.442018 0.250167 0.443943 0.250009 0.449299 0.247194 0.455401 0.241838 0.456073 0.239458 0.460026 0.236759 0.462417 0.235130 0.464958 0.233301 0.465393 0.230046 0.466089 0.228111 0.467224 0.229398
5 0.466909 0.251356 0.467594 0.252912 0.467344 0.255579 0.466034 0.257356 0.465596 0.258912 0.465659 0.262241 0.465846 0.264907 0.465096 0.265796 0.462659 0.264241 0.459596 0.264685 0.458286 0.266241 0.458599 0.269685 0.456911 0.271796 0.454599 0.274685 0.453099 0.276014 0.452849 0.278903 0.452206 0.281153 0.450180 0.278838 0.446422 0.272153 0.448164 0.268685 0.448914 0.266907 0.455474 0.260579
5 0.502344 0.258519 0.502391 0.260093 0.501958 0.261343 0.503633 0.267005 0.504065 0.270463 0.504010 0.271796 0.503578 0.272852 0.502174 0.273718 0.500445 0.275069 0.499745 0.275648 0.498448 0.275926 0.496990 0.276213 0.497531 0.277181 0.499312 0.280065 0.500122 0.281588 0.500229 0.282741 0.498935 0.290912 0.498609 0.293213 0.497714 0.295662 0.495516 0.300236 0.493852 0.302032 0.492044 0.300750 0.491177 0.300491 0.489875 0.302806 0.488719 0.304347 0.485393 0.299463 0.488901 0.290898 0.490857 0.285907 0.491049 0.283699 0.489214 0.281398 0.491266 0.277856 0.492185 0.274102 0.491047 0.269190 0.493940 0.266782 0.496927 0.262801 0.497859 0.261060 0.498232 0.259898 0.498156 0.258060 0.500208 0.258060
5 0.465659 0.262241 0.470445 0.265088 0.470661 0.267657 0.470083 0.270227 0.469286 0.272153 0.467987 0.273056 0.465529 0.273824 0.463721 0.274213 0.463576 0.280509 0.463359 0.283593 0.462276 0.285519 0.460469 0.287449 0.459240 0.288218 0.457865 0.288218 0.454518 0.288731 0.453651 0.286421 0.452206 0.281153 0.452849 0.278903 0.453099 0.276014 0.454599 0.274685 0.456911 0.271796 0.458599 0.269685 0.458286 0.266241 0.459596 0.264685 0.462659 0.264241 0.465096 0.265796 0.465846 0.264907
5 0.475562 0.270213 0.476141 0.273810 0.476214 0.275870 0.474333 0.278824 0.471802 0.283065 0.471008 0.285509 0.467320 0.296431 0.461104 0.303630 0.456286 0.309005 0.454536 0.310338 0.451844 0.304796 0.453289 0.299014 0.454229 0.293745 0.454518 0.288731 0.457865 0.288218 0.459240 0.288218 0.460469 0.287449 0.462276 0.285519 0.463359 0.283593 0.463576 0.280509 0.463721 0.274213 0.465529 0.273824 0.467987 0.273056 0.469286 0.272153 0.470083 0.270227 0.470661 0.267657 0.470445 0.265088
5 0.484203 0.223431 0.486992 0.228139 0.489781 0.231861 0.492607 0.228074 0.498299 0.222769 0.499326 0.221106 0.498112 0.212477 0.497833 0.207333 0.495862 0.209463 0.491990 0.213981 0.487917 0.218213 0.486745 0.220940 0.486102 0.222227 0.484971 0.222444
5 0.489781 0.231861 0.487357 0.235884 0.481687 0.243278 0.478122 0.247306 0.476935 0.248653 0.475531 0.249421 0.474667 0.250093 0.473531 0.249708 0.472831 0.248653 0.470781 0.247801 0.469344 0.244694 0.469344 0.242694 0.469844 0.240806 0.470531 0.234917 0.470094 0.232694 0.472346 0.232986 0.473474 0.232481 0.476016 0.230333 0.477388 0.231194 0.478357 0.231264 0.478719 0.230333 0.481380 0.227032 0.484203 0.223431 0.486992 0.228139
5 0.499326 0.221106 0.502964 0.226282 0.505500 0.229356 0.505932 0.234731 0.505122 0.248940 0.504529 0.251148 0.504312 0.254218 0.503719 0.256139 0.503016 0.257676 0.502315 0.258444 0.500208 0.258060 0.498156 0.258060 0.496536 0.255755 0.493674 0.251917 0.492161 0.251148 0.490219 0.249708 0.489083 0.248269 0.488654 0.250861 0.488221 0.251917 0.487628 0.252875 0.486547 0.252685 0.485195 0.250861 0.483469 0.248556 0.482604 0.247403 0.481956 0.245963 0.481687 0.243278 0.487357 0.235884 0.489781 0.231861 0.492607 0.228074 0.498299 0.222769
5 0.477586 0.248213 0.479896 0.250991 0.479773 0.252769 0.478648 0.255102 0.478773 0.256769 0.480146 0.258653 0.480458 0.259986 0.480146 0.263986 0.479648 0.265986 0.478773 0.267431 0.477898 0.268653 0.477148 0.270097 0.475562 0.270213 0.470445 0.265088 0.465659 0.262241 0.465596 0.258912 0.466034 0.257356 0.467344 0.255579 0.467594 0.252912 0.466909 0.251356 0.470781 0.247801 0.472831 0.248653 0.473531 0.249708 0.474667 0.250093 0.475531 0.249421 0.476935 0.248653
5 0.479648 0.265986 0.479984 0.267532 0.480685 0.268528 0.481292 0.269773 0.481992 0.271181 0.482737 0.272843 0.483344 0.274667 0.483904 0.275329 0.485398 0.275162 0.486193 0.274167 0.486937 0.272676 0.487685 0.271431 0.491047 0.269190 0.493940 0.266782 0.496927 0.262801 0.497859 0.261060 0.498232 0.259898 0.498156 0.258060 0.496536 0.255755 0.493674 0.251917 0.492161 0.251148 0.490219 0.249708 0.489083 0.248269 0.488654 0.250861 0.488221 0.251917 0.487628 0.252875 0.486547 0.252685 0.485195 0.250861 0.483469 0.248556 0.482604 0.247403 0.481956 0.245963 0.481687 0.243278 0.478122 0.247306 0.477586 0.248213 0.479896 0.250991 0.479773 0.252769 0.478648 0.255102 0.478773 0.256769 0.480146 0.258653 0.480458 0.259986 0.480146 0.263986
5 0.489214 0.281398 0.485586 0.283625 0.478818 0.289685 0.474990 0.293583 0.471536 0.296241 0.469857 0.297069 0.468456 0.297731 0.467320 0.296431 0.471008 0.285509 0.472237 0.287532 0.472885 0.287148 0.473479 0.285995 0.474180 0.284171 0.474828 0.283403 0.476286 0.282634 0.477906 0.281773 0.479148 0.280236 0.482120 0.276778 0.483904 0.275329 0.485398 0.275162 0.486193 0.274167 0.486937 0.272676 0.487685 0.271431 0.491047 0.269190 0.492185 0.274102 0.491266 0.277856
5 0.478818 0.289685 0.482370 0.286574 0.479266 0.295296 0.477328 0.298519 0.475706 0.302185 0.474268 0.302519 0.472956 0.303074 0.471206 0.306185 0.468932 0.310718 0.467000 0.313727 0.465021 0.314583 0.461917 0.314657 0.460060 0.313648 0.458974 0.312671 0.456286 0.309005 0.461104 0.303630 0.467320 0.296431 0.468456 0.297731 0.469857 0.297069 0.471536 0.296241 0.474990 0.293583
5 0.472112 0.304343 0.474799 0.307782 0.474612 0.314449 0.474424 0.318000 0.473674 0.320222 0.472299 0.321444 0.469214 0.323819 0.467646 0.323245 0.464677 0.324394 0.463284 0.325333 0.463034 0.323889 0.461346 0.321444 0.459284 0.316894 0.459221 0.314338 0.458974 0.312671 0.460060 0.313648 0.461917 0.314657 0.465021 0.314583 0.467000 0.313727 0.468932 0.310718 0.471206 0.306185
5 0.474737 0.312338 0.479109 0.311116 0.481609 0.311005 0.482672 0.311338 0.485169 0.315005 0.487669 0.317671 0.488419 0.319333 0.488857 0.321556 0.489107 0.323444 0.488607 0.325556 0.485044 0.329667 0.483047 0.331000 0.480547 0.331000 0.479172 0.331444 0.477547 0.332662 0.476672 0.333218 0.475049 0.334106 0.474362 0.334440 0.473049 0.333440 0.470674 0.330111 0.468924 0.326778 0.469214 0.323819 0.472299 0.321444 0.473674 0.320222 0.474424 0.318000 0.474612 0.314449
5 0.490888 0.285907 0.488901 0.290898 0.486589 0.296231 0.484839 0.300231 0.483276 0.303343 0.482529 0.306005 0.482154 0.308227 0.482672 0.311338 0.481609 0.311005 0.479109 0.311116 0.474737 0.312338 0.474799 0.307782 0.472112 0.304343 0.472956 0.303074 0.474268 0.302519 0.475706 0.302185 0.477328 0.298519 0.479266 0.295296 0.482448 0.286759 0.485586 0.283625 0.489214 0.281398 0.491049 0.283699
5 0.499745 0.275648 0.504492 0.281278 0.505359 0.282949 0.505648 0.286421 0.505359 0.291046 0.502542 0.301069 0.498060 0.309167 0.495312 0.311995 0.492565 0.313153 0.491552 0.316491 0.490396 0.316620 0.487669 0.317671 0.485169 0.315005 0.482672 0.311338 0.482154 0.308227 0.482529 0.306005 0.483276 0.303343 0.484839 0.300231 0.485393 0.299463 0.488719 0.304347 0.489875 0.302806 0.491177 0.300491 0.492044 0.300750 0.493852 0.302032 0.495516 0.300236 0.497583 0.295606 0.498609 0.293213 0.498935 0.290912 0.500229 0.282741 0.500122 0.281588 0.499312 0.280065 0.497531 0.277181 0.498448 0.275926
5 0.468349 0.339565 0.470227 0.342968 0.470299 0.344255 0.469938 0.348366 0.469359 0.353250 0.469143 0.355819 0.467987 0.358005 0.465961 0.356074 0.464516 0.352477 0.463938 0.348620 0.460469 0.347852 0.456576 0.346764 0.459437 0.343787 0.462409 0.339278 0.463490 0.339657 0.465542 0.341676 0.467268 0.340810
5 0.488607 0.325556 0.490687 0.327356 0.493031 0.328097 0.494786 0.329736 0.494703 0.331963 0.489768 0.339102 0.485336 0.344157 0.481654 0.348319 0.478057 0.349958 0.475380 0.347727 0.473458 0.345051 0.470227 0.342968 0.468349 0.339565 0.467594 0.333995 0.468456 0.329579 0.468924 0.326778 0.470674 0.330111 0.473049 0.333440 0.474362 0.334440 0.475049 0.334106 0.476672 0.333218 0.477547 0.332662 0.479172 0.331444 0.480547 0.331000 0.483047 0.331000 0.485044 0.329667
1 0.502219 0.344407 0.501062 0.343023 0.500224 0.340861 0.500164 0.339218 0.500310 0.337162 0.500513 0.335468 0.501826 0.332167 0.502599 0.330926 0.503685 0.330648 0.504497 0.331750 0.509122 0.339356 0.511161 0.343194 0.513797 0.346611 0.517935 0.355454 0.521055 0.364727 0.524531 0.370907 0.527529 0.374639 0.530529 0.380926 0.531367 0.382847 0.531427 0.386898 0.531544 0.390731 0.532026 0.392440 0.532388 0.392546 0.533945 0.388389 0.534661 0.388708 0.534544 0.389778 0.533646 0.393079 0.532685 0.394250 0.531724 0.394356 0.531305 0.393931 0.530826 0.392653 0.530646 0.390417 0.530646 0.385940 0.530227 0.383167 0.528969 0.380079 0.527529 0.377727 0.526331 0.375810 0.524893 0.374000 0.521414 0.368139 0.519167 0.362894 0.517078 0.355528 0.513823 0.348718 0.511982 0.346097 0.510862 0.344602 0.508560 0.340185 0.505849 0.335505 0.504263 0.333301 0.503062 0.332611 0.502135 0.333301 0.501398 0.335366 0.501284 0.336403 0.501154 0.339542 0.501667 0.341616 0.503062 0.344171 0.508333 0.355046 0.513440 0.365583 0.518914 0.376431 0.522227 0.382130 0.525156 0.386532 0.528745 0.395394 0.530977 0.400042 0.532477 0.403699 0.532826 0.404690 0.532826 0.405620 0.532615 0.405991 0.528188 0.397005 0.523411 0.385727 0.520240 0.380148 0.511977 0.364468 0.507596 0.355056 0.505961 0.351491
5 0.297013 0.203889 0.288721 0.187306 0.294810 0.183389 0.308674 0.177398 0.311911 0.175097 0.316057 0.171644 0.321370 0.171644 0.331484 0.192037 0.343005 0.212407 0.357388 0.241662 0.371185 0.271329 0.373984 0.280079 0.374555 0.283259 0.376224 0.285444 0.376458 0.288046 0.372870 0.284847 0.369734 0.282472 0.366146 0.278491 0.361979 0.280648 0.359266 0.284731 0.335143 0.254995 0.306938 0.217222
5 0.357547 0.158755 0.356435 0.154731 0.355596 0.153046 0.355523 0.149398 0.359219 0.149204 0.362883 0.148806 0.362883 0.147792 0.358784 0.143718 0.358755 0.142060 0.361227 0.140282 0.364388 0.132481 0.363685 0.130005 0.362427 0.128514 0.362516 0.125519 0.365508 0.125852 0.372786 0.132907 0.378664 0.138218 0.384917 0.144190 0.389536 0.148009 0.395753 0.153481 0.403409 0.161954 0.415229 0.173750 0.423760 0.180292 0.433701 0.189894 0.442901 0.199713 0.447419 0.204171 0.447044 0.206278 0.448794 0.213167 0.449609 0.219051 0.456609 0.225056 0.455227 0.227278 0.454115 0.228287 0.453177 0.229907 0.451172 0.228051 0.449734 0.227046 0.447943 0.231296 0.446706 0.239412 0.439331 0.231185 0.439766 0.240181 0.440266 0.249509 0.434219 0.242505 0.424984 0.232806 0.411701 0.218213 0.396148 0.201894 0.379083 0.182597 0.362451 0.164551
5 0.384917 0.144190 0.377315 0.135782 0.371388 0.129644 0.368401 0.126907 0.368401 0.125662 0.370081 0.123171 0.374234 0.120435 0.375401 0.119190 0.376521 0.112801 0.377409 0.110560 0.381047 0.102597 0.383055 0.102264 0.383570 0.102500 0.384411 0.103250 0.410234 0.129417 0.441930 0.159255 0.468906 0.185454 0.466456 0.189551 0.466456 0.189551 0.465057 0.192620 0.463003 0.198014 0.461883 0.200171 0.461229 0.200088 0.460622 0.199009 0.459596 0.200333 0.460016 0.202412 0.458661 0.206560 0.456328 0.208051 0.456281 0.209546 0.454010 0.212546 0.447419 0.204171 0.442901 0.199713 0.433701 0.189894 0.423760 0.180292 0.415229 0.173750 0.403409 0.161954 0.395753 0.153481 0.389536 0.148009
5 0.464870 0.234852 0.462633 0.232213 0.459487 0.232356 0.457607 0.233384 0.456609 0.233602 0.453638 0.235727 0.452146 0.237019 0.450979 0.238903 0.451461 0.240102 0.462190 0.251861 0.474815 0.265917 0.494823 0.288435 0.498818 0.293671 0.507609 0.302417 0.525440 0.323931 0.533424 0.333111 0.534596 0.334616 0.535724 0.338417 0.535951 0.339593 0.531870 0.341514 0.530984 0.342181 0.531474 0.344005 0.539958 0.353324 0.541630 0.352431 0.541044 0.350500 0.541044 0.345296 0.543135 0.343958 0.546984 0.349014 0.548823 0.347676 0.548992 0.343065 0.552003 0.347676 0.554094 0.347227 0.554010 0.342917 0.556518 0.331167 0.559279 0.325815 0.562307 0.327806 0.563315 0.327157 0.562786 0.326019 0.559375 0.322639 0.557318 0.320694 0.553078 0.316412 0.551865 0.314755 0.550130 0.314398 0.547383 0.311681 0.544583 0.314171 0.542344 0.311602 0.540198 0.310602 0.538469 0.311185 0.536695 0.311269 0.514576 0.287454 0.489557 0.260986
5 0.451461 0.240102 0.449839 0.242657 0.446706 0.239412 0.439331 0.231185 0.439766 0.240181 0.440266 0.249509 0.440211 0.252102 0.437727 0.253926 0.434974 0.255463 0.433948 0.257000 0.436797 0.259120 0.445964 0.269815 0.464237 0.290875 0.480622 0.308231 0.488049 0.313931 0.500633 0.331287 0.511859 0.346162 0.517961 0.354032 0.521133 0.351491 0.526328 0.345542 0.531870 0.341514 0.535951 0.339593 0.535724 0.338417 0.534596 0.334616 0.533424 0.333111 0.525440 0.323931 0.507609 0.302417 0.498818 0.293671 0.494823 0.288435 0.474815 0.265917 0.462190 0.251861
