0 0.405198 0.972657 0.406604 0.969366 0.406086 0.966602 0.405938 0.961861 0.423411 0.927644 0.428742 0.917245 0.430518 0.913426 0.432961 0.914083 0.436589 0.918167 0.441477 0.929486 0.445104 0.936065 0.451250 0.938699 0.453617 0.940278 0.452286 0.944491 0.448362 0.950019 0.442956 0.954097 0.434961 0.962523 0.431779 0.966866 0.429779 0.975028 0.428359 1.000000 0.404521 1.000000
1 0.633945 0.625690 0.634594 0.617917 0.636430 0.603514 0.639182 0.588731 0.641883 0.574236 0.644474 0.561083 0.646742 0.549468 0.648094 0.539773 0.650523 0.534106 0.654411 0.519421 0.658245 0.504250 0.659974 0.497435 0.661000 0.497917 0.658083 0.510014 0.653602 0.528926 0.651279 0.536218 0.649552 0.539005 0.645771 0.560315 0.641721 0.582491 0.640479 0.587361 0.640063 0.591079 0.636862 0.608125 0.634810 0.625690
4 0.445083 0.399380 0.444497 0.409343 0.443076 0.416477 0.440984 0.420343 0.440315 0.416625 0.439310 0.414245 0.437638 0.414546 0.437305 0.416778 0.434375 0.420194 0.432453 0.425847 0.427349 0.423912 0.423586 0.420491 0.420659 0.416032 0.420409 0.412019 0.419823 0.405028 0.419990 0.402056 0.420240 0.400120 0.422583 0.396699 0.424677 0.393361 0.427703 0.387847 0.430198 0.386773 0.434133 0.387444 0.436383 0.387333 0.439396 0.387926 0.441820 0.389269 0.443326 0.390903 0.444414 0.392093
2 0.335109 0.287583 0.332922 0.294579 0.330609 0.296912 0.328797 0.296579 0.323885 0.293421 0.321646 0.292032 0.313240 0.285028 0.312177 0.284028 0.311891 0.283333 0.311490 0.282032 0.310984 0.281523 0.317052 0.273810 0.319367 0.270338 0.319414 0.272912 0.319742 0.275069 0.320909 0.275319 0.321935 0.274986 0.322448 0.273491 0.323102 0.274157 0.323661 0.276398 0.324594 0.278968 0.326602 0.283282 0.327581 0.285356 0.328563 0.285690 0.329169 0.284861 0.329682 0.282120 0.335284 0.283032 0.336669 0.286472
2 0.503854 0.457500 0.502654 0.458727 0.506003 0.467463 0.506380 0.469671 0.507667 0.469463 0.509177 0.467347 0.510727 0.465736 0.511818 0.466167 0.513596 0.464162 0.517466 0.460935 0.516857 0.457481 0.515669 0.454407 0.514599 0.452412 0.511630 0.451454 0.508174 0.452028 0.505690 0.455292
2 0.504372 0.470616 0.507667 0.469463 0.509177 0.467347 0.510727 0.465736 0.511818 0.466167 0.513596 0.464162 0.517466 0.460935 0.520409 0.460426 0.523758 0.459574 0.526583 0.458644 0.528234 0.456560 0.530654 0.454843 0.532549 0.452833 0.533839 0.452468 0.537151 0.452403 0.537268 0.456769 0.538484 0.460282 0.535617 0.462435 0.533315 0.464949 0.531544 0.465019 0.530372 0.465880 0.524768 0.470903 0.524768 0.473120 0.525815 0.475634 0.524607 0.476500 0.523557 0.476852 0.521862 0.474417 0.520328 0.473194 0.515734 0.476065 0.514039 0.477431 0.512703 0.478505 0.510367 0.478926 0.508753 0.478926 0.508190 0.479292 0.507586 0.479648
2 0.688565 0.511079 0.681693 0.522088 0.681211 0.524153 0.681211 0.525356 0.671919 0.542718 0.673544 0.546500 0.675792 0.541528 0.681404 0.547894 0.690404 0.560801 0.691169 0.557375 0.701979 0.533167
2 0.487674 0.483120 0.494586 0.488787 0.498044 0.486676 0.499500 0.485620 0.501391 0.484083 0.503659 0.483602 0.499771 0.473810 0.493633 0.478338 0.496318 0.480588 0.499378 0.483227 0.499047 0.483889 0.496948 0.482398 0.494615 0.480324 0.492885 0.478829 0.491724 0.479954
2 0.343820 0.255218 0.341120 0.262130 0.339661 0.268657 0.340094 0.270292 0.337826 0.278162 0.338396 0.278958 0.340544 0.283588 0.339698 0.285792 0.337320 0.293523 0.334615 0.301218 0.332992 0.298435 0.332937 0.296708 0.332922 0.294579 0.335109 0.287583 0.336669 0.286472 0.335284 0.283032 0.335656 0.282120 0.334396 0.279963 0.333930 0.279551 0.333089 0.278222 0.332482 0.277060 0.332203 0.275069 0.330995 0.267907 0.330135 0.263750 0.329919 0.260519 0.340271 0.247690 0.340758 0.247787 0.342161 0.250282 0.341568 0.251338 0.343458 0.252491
10 0.387432 0.277440 0.386625 0.278657 0.385740 0.281384 0.384891 0.283894 0.384367 0.285398 0.383076 0.285685 0.382029 0.285329 0.381302 0.284181 0.380375 0.282602 0.378880 0.280736 0.378034 0.280093 0.376703 0.280236 0.376503 0.280449 0.377953 0.284106 0.379326 0.283894 0.380052 0.287120 0.380695 0.288412 0.381867 0.289560 0.383602 0.290060 0.383560 0.294792 0.385375 0.295032 0.400542 0.293074 0.405583 0.292856 0.405383 0.291278 0.405060 0.289773 0.405102 0.288051 0.405102 0.285972 0.404979 0.283894 0.404698 0.283032 0.402841 0.281023 0.398646 0.279949 0.396307 0.281741 0.394331 0.279806 0.393646 0.279162 0.392919 0.278731 0.391385 0.277940 0.390336 0.277222 0.389247 0.277079 0.388805 0.276935
10 0.469747 0.444134 0.465589 0.446343 0.463646 0.447782 0.461917 0.447403 0.461216 0.447782 0.460729 0.450856 0.460242 0.452870 0.460190 0.454792 0.460622 0.457579 0.464724 0.461319 0.464563 0.458537 0.467424 0.457000 0.469693 0.456903 0.470125 0.459306 0.470125 0.460935 0.468721 0.462185 0.466021 0.462856 0.475849 0.472648 0.482328 0.477736 0.481951 0.474954 0.480818 0.471403 0.479576 0.466218 0.478495 0.465736 0.478063 0.464491 0.475578 0.465449 0.474716 0.464681 0.475201 0.461032 0.475310 0.459306 0.475578 0.457769 0.474284 0.455560 0.474716 0.454023 0.475417 0.452491 0.475578 0.452009 0.473635 0.445481 0.473852 0.444903 0.473852 0.444329 0.473635 0.443755
2 0.438070 0.327380 0.436344 0.328458 0.435047 0.329801 0.433859 0.332106 0.432995 0.333546 0.433914 0.334870 0.433966 0.335542 0.433966 0.337847 0.433750 0.338519 0.432563 0.338324 0.431536 0.338921 0.431591 0.339977 0.431914 0.340458 0.432779 0.340458 0.433859 0.341130 0.435857 0.342088 0.436828 0.343144 0.437586 0.344491 0.438880 0.345255 0.439367 0.346986 0.440284 0.348329 0.441526 0.349384 0.442714 0.350440 0.443367 0.351431 0.444135 0.347773 0.445385 0.341676 0.446112 0.337231 0.446917 0.336657 0.447284 0.336287 0.442365 0.330833
2 0.477029 0.383653 0.477818 0.381162 0.478193 0.379384 0.477755 0.375718 0.476818 0.372500 0.475755 0.370500 0.474445 0.368278 0.472883 0.366389 0.471195 0.365278 0.470070 0.363944 0.469445 0.363056 0.468633 0.365167 0.467195 0.364833 0.466010 0.363500 0.464448 0.362833 0.463260 0.362500 0.462135 0.362500 0.460573 0.362833 0.459885 0.363833 0.458326 0.365167 0.456888 0.363278 0.455013 0.361167 0.453701 0.361056 0.453536 0.362889 0.453013 0.364611 0.454974 0.366856 0.459503 0.371213 0.461276 0.366236 0.461510 0.365574 0.462490 0.366736 0.462396 0.367231 0.461836 0.367815 0.460156 0.371963 0.464167 0.376106 0.468805 0.381278 0.474773 0.387370 0.475693 0.387097 0.475005 0.385162 0.474786 0.384481
2 0.536966 0.502676 0.539073 0.504213 0.540693 0.506708 0.541664 0.509204 0.541826 0.511028 0.541719 0.511991 0.540099 0.513333 0.539341 0.515157 0.539289 0.517366 0.539234 0.518903 0.538263 0.519574 0.537669 0.520056 0.537182 0.522644 0.536372 0.524662 0.533727 0.524468 0.530326 0.521014 0.533023 0.517079 0.535130 0.510935
2 0.533836 0.433301 0.535049 0.432639 0.535609 0.433301 0.536870 0.431727 0.541677 0.428241 0.549378 0.423181 0.550172 0.422435 0.550591 0.421190 0.552552 0.420194 0.552971 0.421023 0.553159 0.423264 0.553810 0.424593 0.554232 0.425917 0.554745 0.427745 0.555865 0.428741 0.555911 0.430231 0.554091 0.434463 0.550732 0.435625 0.550031 0.435208 0.547651 0.436870 0.547091 0.435458 0.546018 0.435958 0.544477 0.439523 0.543497 0.439278 0.542609 0.439773 0.541909 0.440852 0.541536 0.442431
2 0.471562 0.424477 0.473021 0.426491 0.477393 0.430236 0.485763 0.438685 0.501531 0.455194 0.503854 0.457500 0.505690 0.455292 0.508174 0.452028 0.511630 0.451454 0.514599 0.452412 0.515896 0.453181 0.518003 0.450394 0.519081 0.448764 0.519245 0.446458 0.519406 0.445500 0.520865 0.445884 0.521565 0.446458 0.522701 0.444829 0.523779 0.444060 0.524320 0.443773 0.526102 0.440125 0.525995 0.439356 0.524805 0.438106 0.523240 0.436282 0.522375 0.438875 0.512440 0.427644 0.502828 0.417278 0.498724 0.413148 0.495716 0.414560 0.492682 0.416218 0.489273 0.418792 0.488060 0.419870 0.489602 0.421778 0.489508 0.423352 0.489414 0.424681 0.488482 0.424352 0.487969 0.423106 0.487362 0.422194 0.487362 0.421032 0.486846 0.420949 0.486333 0.421694 0.485495 0.421361 0.485073 0.420532 0.484328 0.419704 0.483674 0.419537 0.483161 0.418958 0.482039 0.417546 0.479221 0.421023 0.476187 0.424176 0.473901 0.424755 0.473154 0.421273 0.472268 0.422847
2 0.408148 0.348269 0.406219 0.345903 0.405518 0.345009 0.403128 0.348222 0.403716 0.350204 0.405331 0.352787 0.405854 0.354148 0.408115 0.356514 0.408260 0.357324 0.408490 0.358935 0.408792 0.358801 0.409698 0.358398 0.410607 0.356782 0.410607 0.355708 0.415750 0.353287 0.421878 0.351407 0.425659 0.350597 0.426341 0.352750 0.428156 0.356111 0.428081 0.359204 0.428458 0.360014 0.429443 0.363509 0.429141 0.366199 0.430578 0.369023 0.430578 0.372653 0.432013 0.376014 0.432167 0.379648 0.433375 0.382875 0.434133 0.387444 0.436383 0.387333 0.439396 0.387926 0.441820 0.389269 0.443326 0.390903 0.444414 0.392093 0.444849 0.396681 0.462344 0.414894 0.471008 0.422681 0.474042 0.417454 0.475115 0.415380 0.476141 0.412894 0.477260 0.410486 0.477773 0.412310 0.475393 0.417454 0.473154 0.421273 0.475721 0.418616 0.477167 0.416708 0.479221 0.415051 0.479828 0.414884 0.480781 0.415306 0.479568 0.413648 0.478633 0.411819 0.477419 0.409579 0.475880 0.407176 0.475414 0.406426 0.474292 0.405931 0.473172 0.404769 0.472286 0.403028 0.470419 0.398796 0.469812 0.397218 0.468039 0.396056 0.467852 0.394727 0.467240 0.396301 0.464497 0.402250 0.463005 0.400458 0.461432 0.398449 0.461352 0.397806 0.462641 0.395079 0.466836 0.386977 0.467482 0.385616 0.468289 0.385329 0.469620 0.386190 0.470508 0.388699 0.468693 0.390778 0.470792 0.389338 0.470792 0.389338 0.474773 0.387370 0.468805 0.381278 0.464167 0.376106 0.454974 0.366856 0.453013 0.364611 0.452206 0.364106 0.448474 0.359829 0.434602 0.345125 0.427060 0.337667 0.427974 0.336884 0.428352 0.335255 0.425326 0.331991 0.425057 0.333046 0.424398 0.334514 0.420359 0.330213 0.419638 0.329708 0.419432 0.328847 0.419638 0.327773 0.419638 0.327130 0.419073 0.326912 0.413346 0.338097
8 0.660995 0.530380 0.658289 0.533032 0.654508 0.537097 0.653388 0.539093 0.652688 0.548384 0.655115 0.545727 0.659083 0.540333 0.662862 0.536102 0.663937 0.536602 0.665198 0.536185 0.666456 0.535356 0.666503 0.534278 0.666083 0.532704 0.664544 0.528306 0.663516 0.526644 0.662396 0.526644 0.660810 0.528306
5 0.527419 0.375931 0.528221 0.376486 0.528396 0.379088 0.531742 0.392477 0.536594 0.412292 0.538742 0.420343 0.539208 0.422083 0.539164 0.425153 0.529500 0.428394 0.529734 0.426398 0.531836 0.420421 0.532208 0.417769 0.531555 0.416361 0.529500 0.414287 0.528055 0.412130 0.527167 0.411796 0.524323 0.407560 0.523016 0.404741 0.522315 0.402921 0.521430 0.400843 0.520680 0.399023 0.520445 0.398440 0.519000 0.400014 0.518068 0.401259 0.517695 0.404329 0.516016 0.400597 0.514008 0.397778 0.511721 0.396032 0.510039 0.394292 0.508594 0.393625 0.509388 0.387241
8 0.498154 0.469907 0.510951 0.501875 0.512206 0.505000 0.517727 0.509755 0.517560 0.506782 0.502503 0.465741 0.502503 0.463972 0.500445 0.465519 0.497443 0.468625
2 0.371276 0.358611 0.370052 0.362361 0.361591 0.353630 0.358563 0.350542 0.356828 0.348532 0.350250 0.342685 0.343932 0.336829 0.344826 0.333199 0.353438 0.341148 0.358745 0.346690 0.364560 0.352667 0.369745 0.357181
2 0.405518 0.345009 0.406612 0.344560 0.407500 0.342815 0.408151 0.341824 0.409641 0.341079 0.411555 0.339574 0.412070 0.338005 0.412865 0.335347 0.413797 0.334935 0.414404 0.333931 0.414875 0.331194 0.415430 0.328880 0.416039 0.327468 0.416458 0.326144 0.416552 0.324806 0.418372 0.323315 0.420331 0.323407 0.421914 0.323486 0.422854 0.323343 0.422977 0.324282 0.425073 0.324347 0.425797 0.324204 0.425719 0.322343 0.424951 0.321481 0.425073 0.320194 0.425073 0.319616 0.424344 0.318037 0.421922 0.314528 0.415633 0.313806 0.412523 0.314810 0.407487 0.317894 0.405469 0.319255 0.407549 0.320509 0.407549 0.321486 0.404281 0.342153 0.403128 0.348222
2 0.494862 0.372769 0.497427 0.376083 0.500320 0.380815 0.500555 0.382394 0.501815 0.382144 0.502328 0.380648 0.503635 0.381231 0.503823 0.382394 0.503635 0.384713 0.503122 0.385875 0.500089 0.387866 0.499435 0.392097 0.501862 0.392181 0.502422 0.395088 0.503448 0.396167 0.504755 0.396995 0.505549 0.397245 0.506247 0.396329 0.506669 0.395250 0.507323 0.394171 0.507648 0.392597 0.507089 0.389694 0.505969 0.386704 0.505687 0.380898 0.506763 0.379236 0.508583 0.378907 0.508490 0.377579 0.507977 0.376750 0.507602 0.376333 0.506156 0.376500 0.504102 0.377329 0.503448 0.377579 0.503401 0.376005 0.502747 0.374509 0.502188 0.373514 0.501862 0.373097 0.500880 0.373264 0.500927 0.371190 0.500229 0.370856 0.500229 0.373847 0.499622 0.373764 0.499294 0.372352 0.498781 0.373181 0.498315 0.374259 0.497242 0.374593 0.497055 0.373681 0.496820 0.372352 0.496354 0.371606 0.495888 0.370611
10 0.504583 0.397963 0.502669 0.402528 0.501549 0.404269 0.498935 0.405597 0.495995 0.407343 0.495977 0.406384 0.495742 0.405472 0.495604 0.403565 0.494529 0.402319 0.493643 0.401491 0.493409 0.400995 0.493409 0.399500 0.492289 0.398671 0.492195 0.397009 0.492289 0.395847 0.491448 0.395519 0.491263 0.396514 0.490237 0.396181 0.490609 0.394356 0.491682 0.394440 0.492802 0.393773 0.493083 0.392366 0.490143 0.384315 0.488508 0.381329 0.487294 0.377843 0.486690 0.373278 0.479880 0.364500 0.466448 0.351171 0.457326 0.344620 0.453076 0.341954 0.451326 0.341620 0.450391 0.339731 0.447766 0.335287 0.445453 0.332954 0.446516 0.331954 0.449703 0.334176 0.453638 0.334954 0.455615 0.335653 0.456023 0.335958 0.457836 0.336889 0.463635 0.339843 0.466544 0.342264 0.476555 0.350861 0.481818 0.356171 0.487253 0.362167 0.493000 0.370056 0.494862 0.372769 0.497427 0.376083 0.500320 0.380815 0.500555 0.382394 0.501815 0.382144 0.502328 0.380648 0.503635 0.381231 0.503823 0.382394 0.503635 0.384713 0.503122 0.385875 0.500089 0.387866 0.499435 0.392097 0.501862 0.392181 0.502422 0.395088 0.503448 0.396167 0.504755 0.396995
10 0.644992 0.564838 0.643216 0.574148 0.642083 0.580676 0.644135 0.581829 0.646839 0.584389 0.647375 0.584583 0.649102 0.587176 0.651208 0.586986 0.652396 0.588042 0.653044 0.587079 0.654232 0.583815 0.654664 0.580676 0.655638 0.575755 0.655794 0.573477 0.653310 0.570884 0.651148 0.568292 0.647747 0.567815 0.645695 0.566949
10 0.423997 0.307884 0.422755 0.307116 0.421839 0.306634 0.420813 0.305194 0.420003 0.304620 0.419193 0.304139 0.418500 0.303352 0.415813 0.303134 0.415409 0.303481 0.409831 0.303977 0.406448 0.303852 0.403641 0.303657 0.401911 0.303370 0.400346 0.300875 0.399104 0.301162 0.399375 0.305102 0.404396 0.307500 0.407042 0.307597 0.418544 0.307116 0.419409 0.308458 0.421245 0.311630 0.422271 0.313069 0.422271 0.313069 0.422271 0.313069 0.426026 0.314556 0.429831 0.316810 0.435177 0.321708 0.439367 0.326537 0.439068 0.319144 0.438604 0.318796 0.436969 0.318213 0.435057 0.316801 0.432630 0.314810 0.431602 0.313486 0.429260 0.311315 0.425901 0.308861 0.425823 0.307380 0.424000 0.306731
2 0.356773 0.296213 0.354039 0.298468 0.353698 0.304458 0.353771 0.309926 0.353990 0.311477 0.354185 0.313574 0.354724 0.317481 0.354185 0.320347 0.353943 0.323907 0.354479 0.325815 0.357068 0.331981 0.359461 0.336060 0.365661 0.344134 0.370888 0.350472 0.371815 0.353338 0.373135 0.354032 0.375724 0.361241 0.376888 0.357727 0.378130 0.351454 0.373036 0.337796 0.363417 0.313486 0.359312 0.302463
10 0.543836 0.459662 0.543026 0.461579 0.543188 0.463981 0.543404 0.465324 0.543133 0.469454 0.541836 0.471657 0.541729 0.474347 0.542323 0.477227 0.543510 0.478477 0.545456 0.478861 0.548096 0.479296 0.548096 0.478296 0.549344 0.477296 0.550344 0.477630 0.551125 0.480204 0.554742 0.482028 0.556526 0.488458 0.556466 0.490514 0.557341 0.489181 0.560091 0.485185 0.562203 0.482148 0.561362 0.482148 0.560802 0.480653 0.560430 0.478912 0.559404 0.476755 0.559216 0.475426 0.556742 0.471852 0.553932 0.467051 0.552529 0.464269 0.548586 0.463884 0.547508 0.461005 0.547130 0.458894 0.547021 0.457838 0.545888 0.458028 0.545779 0.459755 0.545779 0.461866 0.546211 0.464843 0.545672 0.465421
10 0.340060 0.273245 0.345354 0.273111 0.346784 0.277278 0.348760 0.280236 0.350424 0.282255 0.350643 0.285884 0.349214 0.288171 0.347315 0.288306 0.345052 0.291398 0.338245 0.302426 0.335672 0.302829 0.334615 0.301218 0.337320 0.293523 0.339698 0.285792 0.340544 0.283588 0.338396 0.278958
2 0.356344 0.260750 0.361258 0.261056 0.363802 0.262560 0.365531 0.263093 0.366315 0.264838 0.368828 0.266944 0.368255 0.270602 0.366458 0.275921 0.360789 0.276657 0.356443 0.275097
10 0.305018 0.274329 0.311729 0.268097 0.314432 0.265773 0.314602 0.262773 0.315276 0.261495 0.316372 0.263745 0.319031 0.259468 0.318609 0.256620 0.318906 0.254819 0.317893 0.252940 0.315867 0.251065 0.312448 0.252792 0.306750 0.259394 0.303669 0.265097 0.301263 0.270199 0.303352 0.272111
2 0.312448 0.252792 0.314409 0.251778 0.312552 0.250213 0.310354 0.249778 0.308646 0.252991 0.304396 0.258546 0.301417 0.263671 0.298000 0.270704 0.295021 0.278866 0.300198 0.279819 0.299961 0.278542 0.303352 0.272111 0.301263 0.270199 0.303669 0.265097 0.306750 0.259394
10 0.307354 0.282394 0.310404 0.286407 0.313685 0.290222 0.327245 0.308102 0.337583 0.323870 0.342049 0.329815 0.344826 0.333199 0.343193 0.339931 0.335680 0.331792 0.312115 0.300449 0.303589 0.287769 0.300888 0.284167 0.303404 0.283231 0.307133 0.281986
2 0.442461 0.417843 0.456299 0.426620 0.465784 0.431778 0.471008 0.422681 0.462344 0.414894 0.444849 0.396681 0.445083 0.399380 0.444497 0.409343 0.443076 0.416477
2 0.474786 0.384481 0.476281 0.388713 0.479034 0.393528 0.483701 0.400912 0.487388 0.405639 0.490888 0.408542 0.490003 0.409542 0.489721 0.411199 0.489815 0.412194 0.490422 0.412940 0.493737 0.412111 0.495417 0.410454 0.496164 0.408708 0.495977 0.406384 0.495742 0.405472 0.495604 0.403565 0.494529 0.402319 0.493643 0.401491 0.493409 0.400995 0.493409 0.399500 0.492289 0.398671 0.492195 0.397009 0.492289 0.395847 0.491448 0.395519 0.491263 0.396514 0.490237 0.396181 0.490609 0.394356 0.491682 0.394440 0.492802 0.393773 0.493083 0.392366 0.490143 0.384315 0.488508 0.381329 0.487294 0.377843 0.486409 0.376931 0.485615 0.375852 0.484263 0.376602 0.483701 0.378176 0.482956 0.377926 0.481182 0.378759 0.480995 0.380167 0.477029 0.383653
1 0.550734 0.452935 0.550729 0.454769 0.550003 0.455167 0.542018 0.446491 0.537383 0.441718 0.532362 0.438125 0.524937 0.433287 0.522565 0.431431 0.520125 0.430935 0.518312 0.429569 0.516255 0.427463 0.514932 0.426222 0.509492 0.423185 0.505099 0.419718 0.504297 0.418847 0.504333 0.417546 0.504471 0.416991 0.504786 0.416866 0.508552 0.420028 0.511969 0.422009 0.513852 0.423560 0.516919 0.425296 0.518628 0.427338 0.518906 0.428519 0.520266 0.429324 0.522219 0.429199 0.525893 0.431009 0.532474 0.435569 0.538260 0.439801 0.546242 0.448181
6 0.646839 0.584389 0.653279 0.612194 0.654617 0.616509 0.652357 0.625875 0.650602 0.630782 0.649180 0.624537 0.649932 0.621565 0.647841 0.618588 0.645917 0.620968 0.644914 0.616509 0.645414 0.613681 0.644747 0.611153 0.644411 0.611750 0.640732 0.596731 0.640063 0.591079 0.640479 0.587361
5 0.385583 0.309259 0.384734 0.313676 0.383359 0.322509 0.381661 0.331694 0.380354 0.340644 0.378130 0.351454 0.376888 0.357727 0.372443 0.371093 0.381792 0.381208 0.379242 0.375046 0.389375 0.368306 0.400294 0.362727 0.404281 0.342153 0.407549 0.321486 0.407549 0.320509
5 0.381792 0.381208 0.405161 0.404255 0.416206 0.397935 0.424677 0.393361 0.427703 0.387847 0.430198 0.386773 0.434133 0.387444 0.433375 0.382875 0.432167 0.379648 0.432013 0.376014 0.430578 0.372653 0.430578 0.369023 0.429141 0.366199 0.429443 0.363509 0.428458 0.360014 0.428081 0.359204 0.428156 0.356111 0.426341 0.352750 0.425659 0.350597 0.421878 0.351407 0.415750 0.353287 0.410607 0.355708 0.410607 0.356782 0.409698 0.358398 0.408792 0.358801 0.408490 0.358935 0.408260 0.357324 0.403344 0.360685 0.400294 0.362727 0.389375 0.368306 0.379242 0.375046
8 0.409336 0.293662 0.408812 0.299708 0.402797 0.300287 0.388609 0.302495 0.381419 0.301681 0.379065 0.297731 0.375862 0.291106 0.374161 0.286921 0.374096 0.285176 0.372461 0.279250 0.371023 0.279250 0.368255 0.270602 0.368828 0.266944 0.366315 0.264838 0.365531 0.263093 0.367557 0.262167 0.369258 0.259838 0.374161 0.274370 0.379719 0.288782 0.380432 0.290907 0.381112 0.292708 0.382969 0.294579 0.385375 0.295032 0.399174 0.293755
8 0.368417 0.258421 0.366948 0.255606 0.360734 0.252292 0.357740 0.251088 0.353331 0.248477 0.349148 0.244560 0.342820 0.237324 0.340617 0.241745 0.345023 0.247875 0.347398 0.248579 0.348641 0.250185 0.349206 0.247370 0.355760 0.252898 0.355872 0.255810 0.363672 0.259727 0.365141 0.262139
5 0.672693 0.548926 0.670273 0.561657 0.666984 0.572671 0.661370 0.601231 0.657404 0.618778 0.655370 0.625662 0.654885 0.630477 0.662823 0.615856 0.678792 0.585231 0.690404 0.560801 0.681404 0.547894 0.675792 0.541528
8 0.549490 0.481463 0.536805 0.495792 0.529557 0.503898 0.522122 0.512343 0.523747 0.515231 0.550987 0.484130
2 0.504583 0.397963 0.507242 0.402528 0.507477 0.403940 0.507383 0.405431 0.506870 0.407009 0.506451 0.408667 0.505281 0.410579 0.504070 0.410495 0.501456 0.411986 0.495716 0.414560 0.492682 0.416218 0.489273 0.418792 0.488060 0.419870 0.489602 0.421778 0.489508 0.423352 0.489414 0.424681 0.488482 0.424352 0.487969 0.423106 0.487362 0.422194 0.487362 0.421032 0.486846 0.420949 0.486333 0.421694 0.485495 0.421361 0.485073 0.420532 0.484328 0.419704 0.483674 0.419537 0.483161 0.418958 0.482039 0.417546 0.480781 0.415306 0.479568 0.413648 0.478633 0.411819 0.477419 0.409579 0.475880 0.407176 0.475414 0.406426 0.474292 0.405931 0.473172 0.404769 0.472286 0.403028 0.470419 0.398796 0.469812 0.397218 0.468039 0.396056 0.467852 0.394727 0.468693 0.392356 0.468693 0.390778 0.470792 0.389338 0.475693 0.387097 0.476281 0.388713 0.479034 0.393528 0.483701 0.400912 0.487388 0.405639 0.490888 0.408542 0.490003 0.409542 0.489721 0.411199 0.489815 0.412194 0.490422 0.412940 0.493737 0.412111 0.495417 0.410454 0.496164 0.408708 0.495995 0.407343 0.498935 0.405597 0.501549 0.404269 0.502669 0.402528
10 0.345674 0.292722 0.351234 0.300611 0.353734 0.303278 0.354039 0.298468 0.356773 0.296213 0.358044 0.299167 0.359831 0.296824 0.358664 0.293505 0.358151 0.291014 0.354839 0.288940 0.354839 0.287616 0.355294 0.286282 0.355232 0.285171 0.354391 0.283171 0.353073 0.282301 0.351734 0.282727 0.351109 0.284060 0.351172 0.287394 0.350047 0.287727 0.349214 0.288171
2 0.368109 0.319926 0.368047 0.325148 0.373036 0.337796 0.378130 0.351454 0.380354 0.340644 0.381661 0.331694 0.379169 0.329366
2 0.476555 0.350861 0.477458 0.349792 0.478573 0.347380 0.478453 0.346417 0.478393 0.345722 0.478844 0.345347 0.479146 0.345560 0.479206 0.346361 0.479568 0.346472 0.480320 0.345773 0.482641 0.342667 0.482370 0.341273 0.481917 0.340310 0.481375 0.339616 0.481344 0.336829 0.481255 0.335116 0.480773 0.333667 0.480260 0.333130 0.479990 0.333130 0.479448 0.333829 0.478904 0.332116 0.478331 0.330935 0.477669 0.330829 0.477307 0.331204 0.477307 0.329597 0.476042 0.330829 0.475620 0.330722 0.475229 0.331366 0.474263 0.333292 0.473753 0.332704 0.473419 0.331472 0.472758 0.332273 0.472786 0.332972 0.472154 0.332222 0.471974 0.331310 0.471883 0.330241 0.471312 0.329542 0.470617 0.329384 0.470107 0.329917 0.469534 0.331634 0.469383 0.331366 0.469503 0.329917 0.469352 0.328741 0.468810 0.328579 0.468419 0.328954 0.468117 0.330398 0.466911 0.327398 0.465526 0.324616 0.464563 0.324778 0.464081 0.325528 0.463898 0.327079 0.464169 0.328898 0.464380 0.329435 0.464471 0.330347 0.464742 0.331523 0.465917 0.333079 0.466310 0.333560 0.465885 0.335324 0.465729 0.338565 0.464062 0.340185
2 0.438977 0.316556 0.440237 0.312241 0.440003 0.310412 0.439305 0.308588 0.439211 0.307259 0.438229 0.306097 0.437250 0.305023 0.435617 0.304606 0.434404 0.305102 0.433422 0.303861 0.432536 0.302532 0.431648 0.301704 0.430810 0.301454 0.429922 0.302616 0.430063 0.306681 0.430669 0.310995 0.431182 0.311245 0.431602 0.313486 0.432630 0.314810 0.435057 0.316801 0.436969 0.318213 0.438604 0.318796
10 0.361685 0.237417 0.375826 0.246958 0.381758 0.250731 0.381156 0.251481 0.380404 0.254157 0.379500 0.255713 0.378263 0.256889 0.377932 0.257750 0.375763 0.256569 0.374167 0.256194 0.372448 0.256194 0.371724 0.256356 0.371065 0.256472 0.370661 0.254319 0.370055 0.252454 0.369250 0.250162 0.368766 0.248653 0.367594 0.245856 0.365982 0.243634 0.364409 0.243278 0.363880 0.242958
10 0.382682 0.251639 0.392643 0.259023 0.392724 0.258019 0.393815 0.258449 0.394419 0.260315 0.395669 0.259884 0.396193 0.261176 0.397607 0.260958 0.398130 0.261606 0.398615 0.262824 0.402122 0.265264 0.402284 0.266843 0.400549 0.278671 0.396315 0.276667 0.395589 0.278384 0.395185 0.279032 0.394581 0.278889 0.393773 0.277810 0.393250 0.277884 0.392401 0.278315 0.391385 0.277940 0.390336 0.277222 0.390021 0.275440 0.389771 0.269333 0.389646 0.267778 0.387586 0.266111 0.386279 0.265875 0.386440 0.264829 0.386440 0.263569 0.386010 0.262417 0.381474 0.262032 0.380940 0.260606 0.381216 0.258875 0.381820 0.256194 0.382602 0.253250 0.382693 0.252394
10 0.381216 0.258875 0.381820 0.256194 0.382602 0.253250 0.382693 0.252394 0.382513 0.251157 0.381758 0.250731 0.381156 0.251481 0.380404 0.254157 0.379500 0.255713 0.378263 0.256889 0.377932 0.257750 0.375763 0.256569 0.374167 0.256194 0.372448 0.256194 0.371724 0.256356 0.369526 0.256731 0.368417 0.258421 0.365141 0.262139 0.365531 0.263093 0.367557 0.262167 0.369258 0.259838 0.371661 0.266995 0.373638 0.265412 0.376745 0.265917 0.377591 0.266704 0.379745 0.266556 0.380016 0.263472 0.381474 0.262032 0.380940 0.260606
2 0.371966 0.267889 0.385336 0.265889 0.387586 0.266111 0.389646 0.267778 0.389771 0.269333 0.390021 0.275440 0.385523 0.277329 0.376401 0.277884 0.375526 0.277995 0.374161 0.274370
2 0.355299 0.240134 0.358206 0.243866 0.361875 0.248454 0.364336 0.250963 0.364299 0.253759 0.360734 0.252292 0.357740 0.251088 0.353331 0.248477 0.349148 0.244560 0.342820 0.237324 0.343122 0.236190 0.342938 0.235111 0.341258 0.233699 0.342352 0.233324 0.346013 0.236880 0.346768 0.237667 0.348099 0.237690 0.348260 0.238264 0.348826 0.238981 0.349674 0.238981 0.349875 0.239481 0.349875 0.240056 0.350117 0.240773 0.351005 0.241134 0.351690 0.240343 0.352617 0.241708 0.354594 0.242565
10 0.357005 0.234398 0.357779 0.237583 0.360586 0.243727 0.362260 0.247088 0.364336 0.250963 0.361875 0.248454 0.358206 0.243866 0.355299 0.240134 0.354581 0.242523 0.352617 0.241708 0.351690 0.240343 0.351005 0.241134 0.350117 0.240773 0.349875 0.240056 0.349875 0.239481 0.349674 0.238981 0.348826 0.238981 0.348260 0.238264 0.348099 0.237690 0.348422 0.236542 0.349068 0.236111 0.352052 0.225787 0.352859 0.223565 0.353706 0.223491 0.354232 0.224639 0.354393 0.225856 0.353505 0.227579 0.353063 0.228940 0.353182 0.229731 0.354716 0.230736
2 0.343458 0.252491 0.342161 0.250282 0.341542 0.249009 0.342193 0.248366 0.344143 0.250037 0.345013 0.249009 0.345023 0.247875 0.347398 0.248579 0.348641 0.250185 0.349206 0.247370 0.355760 0.252898 0.355872 0.255810 0.356344 0.260750 0.356443 0.275097 0.355076 0.275181 0.355026 0.276227 0.352927 0.275528 0.352193 0.274139 0.350581 0.271625 0.350339 0.272144 0.349849 0.274315 0.347328 0.272894 0.346674 0.272315 0.346721 0.274222 0.346784 0.277278 0.345354 0.273111 0.340060 0.273245 0.338396 0.278958 0.337826 0.278162 0.340094 0.270292 0.339661 0.268657 0.341120 0.262130 0.343820 0.255218
2 0.497104 0.451755 0.485177 0.444560 0.485393 0.439546 0.483875 0.438648 0.480333 0.438264 0.478164 0.437875 0.475417 0.438394 0.466815 0.432995 0.471008 0.425338 0.471562 0.424477 0.471562 0.424477 0.473021 0.426491 0.477393 0.430236 0.485763 0.438685 0.497612 0.451116
2 0.577448 0.485926 0.577977 0.485796 0.577839 0.488704 0.577138 0.489866 0.576531 0.490444 0.574151 0.490444 0.573451 0.488704 0.572190 0.488620 0.572049 0.490611 0.570510 0.490028 0.569391 0.489199 0.569391 0.485880 0.568503 0.485713 0.567383 0.483722 0.566076 0.482148 0.564909 0.480653 0.563930 0.479657 0.563977 0.478412 0.564724 0.478250 0.564349 0.476505 0.563789 0.476009 0.562857 0.476171 0.562344 0.477005 0.561828 0.477917 0.561549 0.478995 0.562203 0.482148 0.561362 0.482148 0.560802 0.480653 0.560430 0.478912 0.559404 0.476755 0.559216 0.475426 0.560289 0.473935 0.561362 0.474097 0.562063 0.473519 0.562529 0.472273 0.563042 0.470616 0.563323 0.469782 0.563602 0.469537 0.567664 0.472940 0.570698 0.474181 0.571724 0.474431 0.571638 0.475264 0.571701 0.477375 0.570956 0.479264 0.570826 0.481375 0.572763 0.486259 0.575268 0.488593 0.576635 0.489037
2 0.560995 0.500981 0.557815 0.503213 0.554888 0.503750 0.554646 0.501449 0.554445 0.500301 0.554161 0.499583 0.552669 0.499514 0.551701 0.499227 0.550812 0.499796 0.549453 0.498903 0.550125 0.497926 0.549721 0.497282 0.548672 0.499005 0.547612 0.496968 0.546190 0.496968 0.546107 0.494736 0.543680 0.493995 0.543430 0.492806 0.547779 0.488194 0.549367 0.489088 0.549786 0.492060 0.552380 0.492806 0.554969 0.492069 0.556393 0.493699 0.557331 0.495514 0.559203 0.498514
2 0.524768 0.473120 0.530464 0.475815 0.528927 0.478907 0.528034 0.484167 0.531005 0.484935 0.532948 0.477449 0.534245 0.477736 0.530495 0.470745 0.529432 0.468634 0.530807 0.467523 0.536555 0.476963 0.537617 0.479074 0.538143 0.478421 0.539820 0.472157 0.539781 0.468440 0.533490 0.466694 0.530372 0.465880 0.524768 0.470903
2 0.527021 0.487329 0.527365 0.490792 0.526240 0.493125 0.524365 0.494458 0.523177 0.495458 0.521492 0.496458 0.520742 0.496903 0.520156 0.495296 0.519292 0.494528 0.518698 0.495389 0.518510 0.486944 0.519016 0.483218 0.519305 0.481935 0.519956 0.480264 0.519813 0.479106 0.519234 0.477306 0.517716 0.474991 0.520328 0.473194 0.521862 0.474417 0.523557 0.476852 0.524607 0.476500 0.528927 0.478907 0.527677 0.485463 0.526958 0.484884 0.524583 0.481329 0.523771 0.480551 0.523271 0.481218 0.523646 0.482440
2 0.590956 0.461625 0.593698 0.462375 0.596885 0.464199 0.601529 0.468903 0.602716 0.469958 0.597818 0.480264 0.589883 0.472708 0.594318 0.466491 0.593443 0.464602 0.592755 0.463935 0.587826 0.469046 0.585195 0.467046 0.586253 0.465333 0.586635 0.464403 0.586534 0.463597 0.587576 0.463287 0.588138 0.462856 0.588182 0.462162
2 0.526583 0.458644 0.525521 0.456792 0.524435 0.452926 0.523766 0.448907 0.523779 0.444060 0.524320 0.443773 0.526102 0.440125 0.527781 0.439690 0.530039 0.440134 0.531711 0.441472 0.534388 0.444153 0.535893 0.447125 0.536563 0.449949 0.536479 0.452329 0.533839 0.452468 0.532549 0.452833 0.530654 0.454843 0.528234 0.456560
10 0.579323 0.499514 0.582695 0.503065 0.582570 0.505509 0.581823 0.507176 0.578135 0.513509 0.575385 0.506176 0.574073 0.503287 0.572951 0.502069 0.573638 0.500847 0.573576 0.499181 0.571951 0.498847 0.570638 0.499181 0.566201 0.494403 0.562828 0.490625 0.561641 0.485185 0.562766 0.483852 0.564909 0.480653 0.566076 0.482148 0.567383 0.483722 0.568503 0.485713 0.569391 0.485880 0.569391 0.489199 0.570510 0.490028 0.572049 0.490611 0.572701 0.490069
10 0.567888 0.509398 0.573388 0.520949 0.578135 0.513509 0.575385 0.506176 0.574073 0.503287 0.572951 0.502069 0.573638 0.500847 0.573576 0.499181 0.571951 0.498847 0.570638 0.499181 0.566201 0.494403 0.562828 0.490625 0.559578 0.493069 0.557331 0.495514 0.559203 0.498514 0.563578 0.504287
2 0.575268 0.470157 0.574823 0.468380 0.574573 0.466139 0.574734 0.464704 0.573484 0.463486 0.573039 0.460690 0.570578 0.459111 0.566786 0.457176 0.565617 0.455810 0.565698 0.454593 0.569812 0.456671 0.570578 0.456528 0.567716 0.448856 0.566464 0.446921 0.566344 0.445773 0.567432 0.444769 0.567997 0.444838 0.569208 0.446847 0.571789 0.453588 0.572919 0.457602 0.573161 0.457176 0.571747 0.446704 0.571185 0.443407 0.571104 0.441181 0.571870 0.440824 0.572354 0.440824 0.573201 0.445125 0.574250 0.455093 0.576872 0.457102 0.578888 0.457532 0.579372 0.458537 0.578849 0.459755 0.577799 0.460833 0.576992 0.461259 0.575904 0.461477 0.576388 0.462338 0.577315 0.463125 0.578198 0.464269 0.579091 0.465565 0.577154 0.465204 0.577135 0.469824
10 0.572701 0.467157 0.571638 0.475264 0.571701 0.477375 0.570956 0.479264 0.570826 0.481375 0.572763 0.486259 0.575268 0.488593 0.576635 0.489037 0.577448 0.485926 0.578948 0.483486 0.580198 0.482819 0.580073 0.480486 0.580573 0.478486 0.581260 0.478375 0.582010 0.481597 0.583516 0.478931 0.593318 0.488259 0.597818 0.480264 0.589883 0.472708 0.594318 0.466491 0.593443 0.464602 0.592755 0.463935 0.587826 0.469046 0.585195 0.467046 0.581448 0.464602 0.578948 0.462602 0.578198 0.464269 0.579760 0.466824 0.578135 0.467713 0.577135 0.469824 0.575268 0.470157 0.574823 0.468380 0.573826 0.467157
10 0.643487 0.565481 0.640354 0.563847 0.637060 0.564231 0.635388 0.565866 0.634091 0.568458 0.633331 0.569546 0.632581 0.572991 0.632643 0.574764 0.632331 0.575431 0.631018 0.575431 0.628206 0.572880 0.626021 0.571546 0.623396 0.571657 0.620565 0.571722 0.619190 0.573167 0.619003 0.575278 0.618815 0.576944 0.617878 0.580051 0.616992 0.583574 0.618555 0.585685 0.620052 0.584463 0.620927 0.584907 0.622052 0.586685 0.622810 0.588926 0.624552 0.587625 0.626888 0.585704 0.631036 0.583102 0.635953 0.579880 0.638602 0.577278 0.640102 0.575167 0.640729 0.574176 0.641112 0.574486 0.641323 0.575167 0.641883 0.574236
10 0.554544 0.520894 0.552659 0.524009 0.552281 0.526889 0.551578 0.529287 0.550500 0.530537 0.550984 0.532458 0.552281 0.533514 0.553414 0.533606 0.554279 0.533319 0.555576 0.534856 0.556602 0.535431 0.556115 0.536296 0.556979 0.537639 0.557951 0.538407 0.559138 0.537736 0.559401 0.536468 0.562682 0.537764 0.565234 0.533319 0.564318 0.532810 0.562966 0.533005 0.562477 0.531370 0.562372 0.529259 0.561294 0.526861 0.560146 0.523296 0.560208 0.521481 0.559289 0.520333 0.557542 0.518449 0.555979 0.519560
2 0.652396 0.588042 0.651208 0.586986 0.649102 0.587176 0.647375 0.584583 0.646839 0.584389 0.652143 0.607245 0.657391 0.596579 0.658703 0.595250 0.659578 0.594472 0.661815 0.586528 0.663159 0.577370 0.663271 0.571995 0.664391 0.565227 0.661703 0.563042 0.662003 0.564074 0.660745 0.564880 0.660573 0.565255 0.660016 0.566120 0.658477 0.565935 0.657792 0.565319 0.659411 0.567236 0.655794 0.573477 0.655638 0.575755 0.654232 0.583815 0.653044 0.587079
2 0.651411 0.493625 0.650742 0.508194 0.649990 0.519495 0.648484 0.525444 0.646060 0.526931 0.642294 0.524847 0.639703 0.518009 0.640789 0.512954 0.641542 0.508644 0.644805 0.507898 0.645474 0.502546
2 0.529500 0.428394 0.529026 0.429236 0.526969 0.428431 0.524180 0.428181 0.523695 0.428074 0.523534 0.427000 0.521839 0.420833 0.521034 0.416745 0.520104 0.416889 0.520104 0.418394 0.520427 0.420472 0.520992 0.422194 0.521477 0.421620 0.521477 0.422694 0.521518 0.424773 0.522122 0.425921 0.522565 0.426352 0.522768 0.427718 0.521880 0.427500 0.519961 0.427065 0.517451 0.424093 0.516919 0.425296 0.515883 0.423287 0.515010 0.421921 0.514594 0.420685 0.515859 0.419801 0.516932 0.420051 0.517771 0.421046 0.518753 0.420718 0.519685 0.418972 0.519732 0.417644 0.519172 0.416648 0.518612 0.415986 0.517026 0.415324 0.515719 0.414574 0.515117 0.414361 0.516971 0.412139 0.516971 0.411208 0.516810 0.409704 0.516729 0.408912 0.517172 0.407838 0.517073 0.405731 0.517695 0.404329 0.518068 0.401259 0.519000 0.400014 0.520445 0.398440 0.520680 0.399023 0.521430 0.400843 0.522315 0.402921 0.523016 0.404741 0.524323 0.407560 0.527167 0.411796 0.528055 0.412130 0.529500 0.414287 0.531555 0.416361 0.532208 0.417769 0.531836 0.420421 0.529734 0.426398
10 0.629521 0.527491 0.632328 0.533685 0.631747 0.539361 0.634680 0.544486 0.633115 0.544773 0.632195 0.547366 0.628740 0.546023 0.627497 0.545926 0.627391 0.547079 0.629549 0.549671 0.624750 0.550505 0.618594 0.548778
2 0.303073 0.289806 0.307068 0.301176 0.312490 0.305995 0.318594 0.313519 0.335680 0.331792 0.319240 0.309917 0.312115 0.300449 0.303589 0.287769
10 0.616130 0.566278 0.618628 0.568056 0.620503 0.570389 0.620565 0.571722 0.619190 0.573167 0.619003 0.575278 0.618815 0.576944 0.617878 0.580051 0.616992 0.583574 0.615492 0.583241 0.613992 0.584130 0.613505 0.581829 0.611943 0.579718 0.612068 0.578278 0.610318 0.580384 0.608383 0.578389 0.608883 0.576278 0.607320 0.575056 0.605195 0.575611 0.604695 0.575278 0.606508 0.571278 0.609195 0.566389 0.611068 0.565389 0.613880 0.564616
2 0.335284 0.283032 0.329682 0.282120 0.329169 0.284861 0.328563 0.285690 0.327581 0.285356 0.326602 0.283282 0.324594 0.278968 0.323661 0.276398 0.323102 0.274157 0.322448 0.273491 0.321935 0.274986 0.320909 0.275319 0.319742 0.275069 0.319414 0.272912 0.319367 0.270338 0.320862 0.270338 0.323521 0.266935 0.322820 0.265028 0.323008 0.264449 0.325482 0.264282 0.325482 0.266773 0.328563 0.266523 0.328888 0.267435 0.328935 0.269843 0.329961 0.272000 0.331362 0.273741 0.332203 0.275069 0.332482 0.277060 0.333089 0.278222 0.333930 0.279551 0.334396 0.279963 0.335656 0.282120
10 0.637070 0.513384 0.639703 0.518009 0.642294 0.524847 0.644617 0.530759 0.643940 0.532481 0.639661 0.539972 0.639372 0.545370 0.638784 0.545157 0.634680 0.544486 0.631747 0.539361 0.632328 0.533685 0.629521 0.527491
10 0.644474 0.561083 0.643487 0.565481 0.640354 0.563847 0.637060 0.564231 0.635388 0.565866 0.634091 0.568458 0.625451 0.564426 0.624424 0.563079 0.621240 0.561736 0.618810 0.560394 0.612383 0.560394 0.618594 0.548778 0.624750 0.550505 0.630581 0.553194 0.632417 0.553194 0.634307 0.555977 0.638789 0.558954 0.639328 0.560491 0.640620 0.559847 0.641057 0.561639 0.642078 0.561190
2 0.646344 0.551491 0.644508 0.549287 0.641862 0.546310 0.638784 0.545157 0.634680 0.544486 0.633115 0.544773 0.632195 0.547366 0.628740 0.546023 0.627497 0.545926 0.627391 0.547079 0.629549 0.549671 0.634302 0.552741 0.640620 0.559847 0.642078 0.561190 0.644474 0.561083
2 0.647424 0.552167 0.652339 0.557731 0.657792 0.565319 0.659411 0.567236 0.655794 0.573477 0.653310 0.570884 0.651148 0.568292 0.647747 0.567815 0.645695 0.566949 0.644992 0.564838 0.645771 0.560315
2 0.634810 0.625690 0.636862 0.608125 0.640063 0.591079 0.640732 0.596731 0.644411 0.611750 0.643581 0.612870 0.640474 0.612583 0.639023 0.614880 0.637167 0.620690 0.635878 0.623917 0.634867 0.626208
2 0.639409 0.578384 0.640781 0.579819 0.639182 0.588731 0.636430 0.603514 0.634594 0.617917 0.634279 0.621333 0.633229 0.620042 0.632424 0.619685 0.630690 0.619037 0.630044 0.619037 0.628591 0.621116 0.627341 0.622769 0.627461 0.623843 0.628268 0.624773 0.629276 0.625491 0.627445 0.625806 0.624526 0.612176 0.620865 0.594347 0.622865 0.591903 0.622984 0.590602 0.624552 0.589546 0.627445 0.587380 0.631352 0.585023 0.635151 0.582356 0.638776 0.579199
10 0.620865 0.594347 0.622865 0.591903 0.623052 0.589907 0.622052 0.586685 0.620927 0.584907 0.620052 0.584463 0.618555 0.585685 0.616992 0.583574 0.615492 0.583241 0.613992 0.584130 0.613180 0.586130 0.611367 0.586019 0.610620 0.587463 0.607432 0.590792 0.604807 0.593903 0.605370 0.597347 0.605013 0.598347 0.604451 0.598125 0.603891 0.597190 0.603203 0.597338 0.603401 0.598912 0.603846 0.599991 0.604172 0.600426 0.604208 0.602213 0.605833 0.602310 0.607521 0.602755 0.608456 0.603199 0.609893 0.604644 0.610831 0.605866 0.612393 0.609755 0.617836 0.615310 0.627445 0.625806 0.624526 0.612176
2 0.607021 0.614977 0.611961 0.629750 0.615831 0.641190 0.616703 0.637421 0.616703 0.632537 0.616641 0.630194 0.615891 0.628972 0.615953 0.626981 0.616141 0.624972 0.615081 0.620972 0.614081 0.621083 0.612768 0.619306 0.612956 0.617750 0.612018 0.614866 0.611018 0.615310 0.607893 0.612431
2 0.612393 0.609755 0.617836 0.615310 0.628018 0.626639 0.629956 0.629194 0.630268 0.630856 0.628893 0.634079 0.624646 0.640745 0.622768 0.641269 0.617516 0.642310 0.618078 0.633981 0.617891 0.628972 0.617016 0.624306 0.615393 0.617986
1 0.615831 0.641190 0.616703 0.637421 0.616703 0.632537 0.616641 0.630194 0.615891 0.628972 0.615953 0.626981 0.616141 0.624972 0.615081 0.620972 0.614081 0.621083 0.612768 0.619306 0.612956 0.617750 0.612018 0.614866 0.611018 0.615310 0.607893 0.612431 0.607021 0.614977 0.605083 0.609977 0.603458 0.605421 0.603271 0.603310 0.603771 0.602310 0.605833 0.602310 0.607521 0.602755 0.608456 0.603199 0.609893 0.604644 0.610831 0.605866 0.612393 0.609755 0.615393 0.617986 0.617016 0.624306 0.617891 0.628972 0.618078 0.633981 0.617516 0.642310 0.616193 0.642630
10 0.629464 0.639116 0.622768 0.641269 0.616193 0.642630 0.617766 0.645500 0.619742 0.652310 0.626237 0.652310 0.635878 0.647866 0.646323 0.640407 0.648018 0.637111 0.650602 0.630782 0.649180 0.624537 0.649932 0.621565 0.647841 0.618588 0.645917 0.620968 0.645917 0.620968 0.644901 0.620708 0.644362 0.618407 0.644914 0.616509 0.645414 0.613681 0.644747 0.611153 0.644411 0.611750 0.643581 0.612870 0.640474 0.612583 0.639023 0.614880 0.637167 0.620690 0.635878 0.623917 0.634867 0.626208 0.635271 0.627287 0.635974 0.627213 0.636094 0.628505 0.636013 0.629005 0.635328 0.629435 0.634078 0.631083 0.636862 0.635102 0.638878 0.632088 0.640026 0.634907
2 0.650602 0.630782 0.652357 0.625875 0.654617 0.616509 0.657266 0.604690 0.659578 0.594472 0.661815 0.586528 0.663159 0.577370 0.663271 0.571995 0.664391 0.565227 0.661703 0.563042 0.660247 0.561847 0.660023 0.560255 0.661031 0.559060 0.660807 0.556273 0.661367 0.555875 0.662487 0.556472 0.662599 0.557667 0.664612 0.558000 0.666070 0.557810 0.666826 0.553588 0.668823 0.554162 0.669471 0.555218 0.669742 0.556468 0.669039 0.557042 0.668661 0.561074 0.669094 0.561458 0.667852 0.567796 0.666932 0.567699 0.666984 0.572671 0.661370 0.601231 0.657404 0.618778 0.655370 0.625662 0.654885 0.630477 0.649945 0.638486 0.649385 0.635898
5 0.297013 0.203889 0.288721 0.187306 0.294810 0.183389 0.308674 0.177398 0.311911 0.175097 0.316057 0.171644 0.321370 0.171644 0.331484 0.192037 0.343005 0.212407 0.357388 0.241662 0.371185 0.271329 0.373984 0.280079 0.374555 0.283259 0.376224 0.285444 0.376458 0.288046 0.372870 0.284847 0.369734 0.282472 0.366146 0.278491 0.361979 0.280648 0.359266 0.284731 0.335143 0.254995 0.306938 0.217222
5 0.357547 0.158755 0.356435 0.154731 0.355596 0.153046 0.355523 0.149398 0.359219 0.149204 0.362883 0.148806 0.362883 0.147792 0.358784 0.143718 0.358755 0.142060 0.361227 0.140282 0.364388 0.132481 0.363685 0.130005 0.362427 0.128514 0.362516 0.125519 0.365508 0.125852 0.372786 0.132907 0.378664 0.138218 0.384917 0.144190 0.389536 0.148009 0.395753 0.153481 0.403409 0.161954 0.415229 0.173750 0.423760 0.180292 0.433701 0.189894 0.442901 0.199713 0.447419 0.204171 0.447044 0.206278 0.448794 0.213167 0.449609 0.219051 0.456609 0.225056 0.455227 0.227278 0.454115 0.228287 0.453177 0.229907 0.451172 0.228051 0.449734 0.227046 0.447943 0.231296 0.446706 0.239412 0.439331 0.231185 0.439766 0.240181 0.440266 0.249509 0.434219 0.242505 0.424984 0.232806 0.411701 0.218213 0.396148 0.201894 0.379083 0.182597 0.362451 0.164551
5 0.384917 0.144190 0.377315 0.135782 0.371388 0.129644 0.368401 0.126907 0.368401 0.125662 0.370081 0.123171 0.374234 0.120435 0.375401 0.119190 0.376521 0.112801 0.377409 0.110560 0.381047 0.102597 0.383055 0.102264 0.383570 0.102500 0.384411 0.103250 0.410234 0.129417 0.441930 0.159255 0.468906 0.185454 0.466456 0.189551 0.466456 0.189551 0.465057 0.192620 0.463003 0.198014 0.461883 0.200171 0.461229 0.200088 0.460622 0.199009 0.459596 0.200333 0.460016 0.202412 0.458661 0.206560 0.456328 0.208051 0.456281 0.209546 0.454010 0.212546 0.447419 0.204171 0.442901 0.199713 0.433701 0.189894 0.423760 0.180292 0.415229 0.173750 0.403409 0.161954 0.395753 0.153481 0.389536 0.148009
5 0.464870 0.234852 0.462633 0.232213 0.459487 0.232356 0.457607 0.233384 0.456609 0.233602 0.453638 0.235727 0.452146 0.237019 0.450979 0.238903 0.451461 0.240102 0.462190 0.251861 0.474815 0.265917 0.494823 0.288435 0.498818 0.293671 0.507609 0.302417 0.525440 0.323931 0.533424 0.333111 0.534596 0.334616 0.535724 0.338417 0.535951 0.339593 0.531870 0.341514 0.530984 0.342181 0.531474 0.344005 0.539958 0.353324 0.541630 0.352431 0.541044 0.350500 0.541044 0.345296 0.543135 0.343958 0.546984 0.349014 0.548823 0.347676 0.548992 0.343065 0.552003 0.347676 0.554094 0.347227 0.554010 0.342917 0.556518 0.331167 0.559279 0.325815 0.562307 0.327806 0.563315 0.327157 0.562786 0.326019 0.559375 0.322639 0.557318 0.320694 0.553078 0.316412 0.551865 0.314755 0.550130 0.314398 0.547383 0.311681 0.544583 0.314171 0.542344 0.311602 0.540198 0.310602 0.538469 0.311185 0.536695 0.311269 0.514576 0.287454 0.489557 0.260986
5 0.451461 0.240102 0.449839 0.242657 0.446706 0.239412 0.439331 0.231185 0.439766 0.240181 0.440266 0.249509 0.440211 0.252102 0.437727 0.253926 0.434974 0.255463 0.433948 0.257000 0.436797 0.259120 0.445964 0.269815 0.464237 0.290875 0.480622 0.308231 0.488049 0.313931 0.500633 0.331287 0.511859 0.346162 0.517961 0.354032 0.521133 0.351491 0.526328 0.345542 0.531870 0.341514 0.535951 0.339593 0.535724 0.338417 0.534596 0.334616 0.533424 0.333111 0.525440 0.323931 0.507609 0.302417 0.498818 0.293671 0.494823 0.288435 0.474815 0.265917 0.462190 0.251861
