0 0.561221 0.410056 0.562393 0.420167 0.563732 0.423144 0.563898 0.426713 0.565237 0.431917 0.566406 0.434995 0.568247 0.442222 0.569703 0.445653 0.571057 0.446681 0.576669 0.441861 0.581214 0.440495 0.585185 0.441699 0.587987 0.442384 0.589443 0.442384 0.590990 0.443245 0.593961 0.448870 0.593448 0.450718 0.594393 0.452250 0.596122 0.455593 0.597573 0.457523 0.599521 0.461125 0.600315 0.466389 0.599953 0.470245 0.599091 0.476542 0.597354 0.485148 0.597716 0.489269 0.596560 0.492347 0.595599 0.489315 0.593583 0.485861 0.594010 0.482028 0.592839 0.481134 0.590664 0.480093 0.588992 0.478903 0.586732 0.475481 0.584810 0.470875 0.582133 0.471009 0.579815 0.470620 0.577073 0.468301 0.575482 0.469208 0.573307 0.471514 0.573383 0.474338 0.574831 0.476019 0.579958 0.479199 0.582635 0.482028 0.584893 0.484407 0.588154 0.487083 0.588406 0.489611 0.588992 0.493329 0.591250 0.501806 0.592495 0.505208 0.593943 0.507616 0.594044 0.509685 0.593458 0.514681 0.593266 0.517431 0.590263 0.524139 0.587268 0.532389 0.586104 0.536704 0.579906 0.537907 0.574203 0.538412 0.572169 0.536866 0.571568 0.533597 0.574161 0.528389 0.575164 0.525861 0.577424 0.517537 0.577924 0.515602 0.576109 0.512523 0.571258 0.494829 0.568750 0.495574 0.566240 0.497505 0.563815 0.501222 0.564065 0.506278 0.564065 0.516986 0.564651 0.529329 0.560745 0.526028 0.552422 0.517074 0.551654 0.511333 0.550818 0.501523 0.546802 0.496912 0.544125 0.495125 0.541365 0.502264 0.533753 0.494977 0.526174 0.485699 0.519307 0.476241 0.518044 0.472106 0.517852 0.465921 0.524344 0.452153 0.529471 0.449579 0.538664 0.448718 0.547279 0.453880 0.546409 0.446815 0.545245 0.440449 0.546602 0.430995 0.547857 0.423769 0.549120 0.419125
5 0.493263 0.322097 0.501133 0.332181 0.508146 0.341074 0.508979 0.342093 0.515568 0.350731 0.517727 0.353708 0.518862 0.353898 0.524424 0.347657 0.528365 0.344106 0.532307 0.340745 0.534901 0.337773 0.534883 0.335718 0.534576 0.333931 0.526102 0.325208 0.512622 0.308727 0.506768 0.301356 0.504914 0.302579 0.502839 0.304315 0.500279 0.308000
5 0.626771 0.683889 0.638284 0.714796 0.644766 0.706667
1 0.476276 0.368657 0.479792 0.357731 0.480599 0.355139 0.485435 0.341356 0.491979 0.325046 0.493263 0.322097 0.500279 0.308000 0.502839 0.304315 0.504914 0.302579 0.506768 0.301356 0.510000 0.301028 0.515612 0.301139 0.521039 0.302981 0.524760 0.304065 0.529396 0.307208 0.533440 0.308750 0.528646 0.303694 0.524919 0.302060 0.519172 0.300565 0.516008 0.299815 0.510523 0.299250 0.507945 0.299250 0.506206 0.299718 0.504570 0.300468 0.503224 0.301231 0.502328 0.302639 0.499271 0.308352 0.495370 0.315662 0.492469 0.321565 0.491354 0.323935 0.488229 0.331898 0.484583 0.341435 0.480599 0.353056 0.478836 0.358361 0.475805 0.367875 0.474844 0.370231 0.475573 0.371065
5 0.433536 0.256185 0.442867 0.266278 0.457521 0.283611 0.468380 0.295889 0.480714 0.308824 0.484299 0.312194 0.486828 0.313694 0.488674 0.315662 0.492469 0.321565 0.495370 0.315662 0.499271 0.308352 0.502328 0.302639 0.503224 0.301231 0.504570 0.300468 0.489164 0.282435 0.465073 0.255329 0.451719 0.239995 0.451089 0.238273 0.454505 0.235125 0.457187 0.233500 0.455255 0.231236 0.449875 0.223954 0.448747 0.225296 0.448458 0.232847 0.447612 0.235708 0.446307 0.239625 0.440146 0.232009 0.439107 0.232009 0.440901 0.247968 0.439391 0.250148 0.437911 0.251917
5 0.491258 0.442565 0.493630 0.437898 0.494880 0.437454 0.495693 0.440454 0.497380 0.443454 0.499880 0.445454 0.501315 0.445231 0.507370 0.441435 0.513875 0.435343 0.516224 0.434259 0.517552 0.431204 0.511818 0.423569 0.507557 0.419162 0.507339 0.423403 0.505896 0.432269 0.504810 0.434708 0.501628 0.433944 0.498523 0.434708 0.496786 0.434708 0.495992 0.433810 0.496711 0.431245 0.495844 0.429181 0.495125 0.429310 0.495125 0.430468 0.494544 0.430079 0.494036 0.431500 0.492661 0.432009 0.490208 0.433944 0.489052 0.435866 0.486664 0.436000 0.484641 0.435222
5 0.513401 0.448611 0.513039 0.450926 0.511956 0.453366 0.509786 0.455426 0.508268 0.457736 0.505451 0.459667 0.497497 0.450412 0.498221 0.448741 0.501315 0.445231 0.506701 0.442019 0.507370 0.441435 0.513875 0.435343 0.516224 0.434259 0.517552 0.431204 0.521125 0.428819 0.525156 0.434792 0.523398 0.436750 0.522388 0.438162 0.520870 0.440477 0.518411 0.442532
5 0.527638 0.372241 0.525633 0.376106 0.521534 0.380421 0.519023 0.381463 0.517268 0.382505 0.514453 0.385509 0.513607 0.386028 0.510982 0.387546 0.509794 0.388690 0.509544 0.387546 0.508294 0.381806 0.508987 0.380569 0.509638 0.379963 0.512451 0.376074 0.514326 0.372185 0.514638 0.369296 0.514638 0.365190 0.516034 0.361940 0.517117 0.359755 0.519148 0.356542 0.520948 0.358861 0.522536 0.363769 0.523289 0.367782 0.524102 0.370694 0.527195 0.366681 0.529286 0.366681 0.529872 0.367278 0.528870 0.370995
5 0.562969 0.403931 0.567034 0.413218 0.575414 0.425403 0.577716 0.427704 0.578323 0.428278 0.582326 0.433074 0.586865 0.440093 0.587987 0.442384 0.585185 0.441699 0.581214 0.440495 0.576669 0.441861 0.571057 0.446681 0.569703 0.445653 0.568247 0.442222 0.566406 0.434995 0.565237 0.431917 0.563898 0.426713 0.563732 0.423144 0.562393 0.420167 0.561221 0.410056 0.561536 0.405426
5 0.528547 0.344977 0.527935 0.350491 0.527161 0.354792 0.528615 0.360815 0.529872 0.367278 0.529286 0.366681 0.527195 0.366681 0.524102 0.370694 0.523289 0.367782 0.522536 0.363769 0.520948 0.358861 0.519148 0.356542 0.522323 0.353458 0.524570 0.350505 0.526516 0.347292
5 0.520870 0.440477 0.522779 0.447569 0.524344 0.452153 0.521766 0.455542 0.519813 0.456056 0.516417 0.457468 0.511789 0.461065 0.509693 0.463250 0.505451 0.459667 0.508268 0.457736 0.509786 0.455426 0.511956 0.453366 0.513039 0.450926 0.513401 0.448611 0.518411 0.442532
5 0.335315 0.198681 0.347565 0.217269 0.358099 0.231639 0.382430 0.259944 0.400393 0.280847 0.402599 0.284329 0.401701 0.287523 0.398924 0.288685 0.398620 0.291273 0.398688 0.292671 0.398656 0.294384 0.398385 0.295671 0.397693 0.295884 0.395469 0.295935 0.383656 0.284764 0.378919 0.290134 0.376919 0.288532 0.376815 0.287171 0.369891 0.268042 0.356193 0.239324 0.346839 0.219505
5 0.337138 0.186569 0.358393 0.208069 0.382201 0.232083 0.406479 0.258116 0.416208 0.268528 0.416682 0.272560 0.415076 0.275079 0.413469 0.277431 0.410448 0.279782 0.408273 0.280287 0.406008 0.281963 0.403740 0.285829 0.402599 0.284329 0.400393 0.280847 0.382430 0.259944 0.358099 0.231639 0.347565 0.217269 0.335315 0.198681 0.329286 0.186537 0.335805 0.188384
5 0.339294 0.182356 0.342643 0.177130 0.342724 0.175824 0.343703 0.175389 0.344440 0.161745 0.352359 0.168278 0.353094 0.155356 0.353005 0.153907 0.377466 0.180500 0.437578 0.247648 0.438672 0.249972 0.437911 0.251917 0.433536 0.256185 0.431461 0.256185 0.428833 0.257361 0.418781 0.267069 0.416682 0.272560 0.416208 0.268528 0.406479 0.258116 0.382201 0.232083 0.358393 0.208069 0.337138 0.186569 0.338216 0.184287
5 0.357891 0.158931 0.355773 0.152157 0.355703 0.149398 0.355984 0.148894 0.358948 0.148394 0.360148 0.147889 0.360643 0.147389 0.359938 0.145130 0.358948 0.143250 0.359161 0.141620 0.361349 0.137981 0.363253 0.134968 0.364383 0.132838 0.363818 0.130579 0.362971 0.128949 0.362125 0.127065 0.362690 0.125185 0.364523 0.125560 0.366146 0.127440 0.369674 0.129949 0.375294 0.134588 0.392195 0.150264 0.419549 0.177551 0.446003 0.208472 0.448839 0.211699 0.448930 0.217907 0.449875 0.223954 0.448747 0.225296 0.448458 0.232847 0.447612 0.235708 0.446284 0.239236 0.440146 0.232009 0.439107 0.232009 0.440901 0.247968 0.439391 0.250148 0.438672 0.249972 0.437578 0.247648 0.377466 0.180500
5 0.376919 0.288532 0.396594 0.304560 0.422391 0.326713 0.453544 0.353722 0.457698 0.357222 0.463260 0.362236 0.472375 0.369819 0.474885 0.375917 0.471456 0.386176 0.464430 0.402384 0.461586 0.408032 0.454813 0.400449 0.422969 0.361620 0.359432 0.284838 0.361729 0.280958 0.365885 0.278824 0.369276 0.281546
5 0.395495 0.295940 0.408797 0.308329 0.426974 0.327194 0.442036 0.339769 0.464177 0.359181 0.466602 0.361181 0.477161 0.372773 0.483341 0.376981 0.478815 0.388639 0.475852 0.395194 0.472310 0.399949 0.471156 0.401231 0.470578 0.403806 0.469896 0.405648 0.465802 0.412801 0.461586 0.408032 0.464430 0.402384 0.471456 0.386176 0.474885 0.375917 0.472375 0.369819 0.463128 0.362037 0.457698 0.357222 0.453544 0.353722 0.422391 0.326713 0.396594 0.304560 0.378919 0.290134 0.383656 0.284764
5 0.401107 0.288338 0.398924 0.288685 0.398620 0.291273 0.398688 0.292671 0.398656 0.294384 0.398385 0.295671 0.397693 0.295884 0.395469 0.295935 0.408797 0.308329 0.426974 0.327194 0.442036 0.339769 0.464154 0.359176 0.466641 0.361250 0.474792 0.370231 0.475805 0.367875 0.470417 0.362037 0.467695 0.359384 0.462148 0.354074 0.448104 0.339773 0.414443 0.302389
5 0.470417 0.362037 0.467865 0.359472 0.462148 0.354074 0.448104 0.339773 0.414443 0.302389 0.401107 0.288338 0.401672 0.287458 0.402599 0.284329 0.403740 0.285829 0.406008 0.281963 0.408273 0.280287 0.410448 0.279782 0.413469 0.277431 0.415076 0.275079 0.416682 0.272560 0.418781 0.267069 0.428833 0.257361 0.431458 0.256097 0.436458 0.261620 0.444372 0.271412 0.458273 0.286343 0.477750 0.309176 0.491354 0.323935 0.488229 0.331898 0.484583 0.341435 0.480599 0.353056 0.478836 0.358361 0.475805 0.367875
5 0.491979 0.325046 0.485435 0.341356 0.480599 0.355139 0.479792 0.357731 0.476276 0.368657 0.477956 0.369958 0.478888 0.371005 0.482852 0.375139 0.488661 0.381671 0.489513 0.380699 0.496406 0.371588 0.497380 0.369856 0.498419 0.371370 0.499271 0.371810 0.500250 0.371588 0.503177 0.366278 0.504214 0.363352 0.506164 0.361611 0.507938 0.360745 0.509216 0.359556 0.509888 0.358583 0.511086 0.356449 0.514263 0.357829 0.514969 0.357704 0.514474 0.355819 0.511510 0.351556 0.506755 0.343644 0.504542 0.339523 0.499534 0.332681
5 0.451089 0.238273 0.454505 0.235125 0.457187 0.233500 0.459505 0.232417 0.461763 0.232523 0.462966 0.233620 0.474206 0.245222 0.499784 0.272407 0.528646 0.303694 0.524919 0.302060 0.519172 0.300565 0.516008 0.299815 0.510523 0.299250 0.507945 0.299250 0.506206 0.299718 0.504570 0.300468 0.489164 0.282435 0.465073 0.255329 0.451779 0.240037
5 0.461297 0.200037 0.463911 0.203606 0.479789 0.219917 0.498563 0.240241 0.523826 0.266208 0.539208 0.281514 0.541536 0.284213 0.542807 0.279505 0.544078 0.277120 0.544995 0.274991 0.545833 0.273194 0.533070 0.259810 0.514227 0.239111 0.489880 0.214394 0.470781 0.193194 0.468646 0.191037 0.467747 0.191329 0.467664 0.188426 0.465461 0.191472
5 0.470802 0.405111 0.473862 0.409551 0.475362 0.410662 0.474987 0.411884 0.475737 0.415329 0.477362 0.417884 0.478612 0.418440 0.480172 0.419106 0.481234 0.420213 0.484940 0.413019 0.486115 0.412273 0.488620 0.414949 0.490701 0.411352 0.493263 0.409796 0.495411 0.409139 0.496786 0.409009 0.495411 0.412727 0.495917 0.414407 0.498372 0.412727 0.499747 0.410806 0.502208 0.410042 0.503654 0.410162 0.504234 0.410676 0.503654 0.413764 0.504664 0.415949 0.506471 0.417750 0.507557 0.419162 0.507339 0.423403 0.505896 0.432269 0.504810 0.434708 0.501628 0.433944 0.498523 0.434708 0.496786 0.434708 0.495992 0.433810 0.496711 0.431245 0.495844 0.429181 0.495125 0.429310 0.495125 0.430468 0.494544 0.430079 0.494036 0.431500 0.492661 0.432009 0.490208 0.433944 0.489052 0.435866 0.486664 0.436000 0.484641 0.435222 0.465805 0.412625 0.469896 0.405648 0.470578 0.403806
5 0.486115 0.412273 0.486302 0.408130 0.486490 0.405241 0.486208 0.398620 0.486708 0.396412 0.488958 0.394856 0.490583 0.393958 0.491393 0.393523 0.490271 0.391634 0.487771 0.390856 0.483521 0.386958 0.480703 0.383704 0.478815 0.388639 0.475852 0.395194 0.472310 0.399949 0.471156 0.401231 0.470578 0.403806 0.470802 0.405111 0.473862 0.409551 0.475362 0.410662 0.474987 0.411884 0.475737 0.415329 0.477362 0.417884 0.478612 0.418440 0.480172 0.419106 0.481234 0.420213 0.484940 0.413019
5 0.510388 0.359079 0.512638 0.362968 0.514638 0.365190 0.514638 0.369296 0.514326 0.372185 0.512451 0.376074 0.509638 0.379963 0.507263 0.383181 0.505578 0.384847 0.504578 0.384292 0.503453 0.382185 0.502953 0.381741 0.501078 0.388403 0.498018 0.393292 0.496706 0.393403 0.494393 0.399065 0.492831 0.402843 0.491581 0.404731 0.489646 0.403509 0.488833 0.401731 0.487521 0.400843 0.486208 0.398620 0.486708 0.396412 0.488958 0.394856 0.490583 0.393958 0.491393 0.393523 0.490271 0.391634 0.487771 0.390856 0.483521 0.386958 0.480703 0.383704 0.483341 0.376981 0.477161 0.372773 0.475573 0.371065 0.476276 0.368657 0.477956 0.369958 0.478888 0.371005 0.482852 0.375139 0.488661 0.381671 0.489513 0.380699 0.496406 0.371588 0.497380 0.369856 0.498419 0.371370 0.499271 0.371810 0.500250 0.371588 0.503177 0.366278 0.504214 0.363352 0.506164 0.361611 0.507938 0.360745 0.509216 0.359556 0.509888 0.358583
5 0.514453 0.385509 0.513919 0.396991 0.517526 0.402222 0.517839 0.403750 0.511294 0.410097 0.510044 0.411208 0.508169 0.408208 0.507294 0.408208 0.505859 0.409319 0.504234 0.410676 0.503654 0.410162 0.502208 0.410042 0.499747 0.410806 0.498372 0.412727 0.495917 0.414407 0.495411 0.412727 0.496786 0.409009 0.495411 0.409139 0.493263 0.409796 0.490701 0.411352 0.488620 0.414949 0.486115 0.412273 0.486302 0.408130 0.486490 0.405241 0.486208 0.398620 0.487521 0.400843 0.488833 0.401731 0.489646 0.403509 0.491581 0.404731 0.492831 0.402843 0.494393 0.399065 0.496706 0.393403 0.498018 0.393292 0.501078 0.388403 0.502953 0.381741 0.503453 0.382185 0.504578 0.384292 0.505578 0.384847 0.507224 0.383134 0.508294 0.381806 0.509544 0.387546 0.509794 0.388690 0.510982 0.387546 0.513607 0.386028
5 0.436458 0.261620 0.437440 0.260597 0.442867 0.266278 0.457521 0.283611 0.468380 0.295889 0.480714 0.308824 0.484299 0.312194 0.486828 0.313694 0.488674 0.315662 0.492469 0.321565 0.491354 0.323935 0.477750 0.309176 0.458273 0.286343 0.444372 0.271412
5 0.530716 0.342407 0.530492 0.343690 0.528547 0.344977 0.526516 0.347292 0.524570 0.350505 0.522323 0.353458 0.519148 0.356542 0.517117 0.359755 0.516034 0.361940 0.514638 0.365190 0.512638 0.362968 0.510388 0.359079 0.509888 0.358583 0.511086 0.356449 0.514263 0.357829 0.514969 0.357704 0.514474 0.355819 0.511510 0.351556 0.506755 0.343644 0.504542 0.339523 0.499534 0.332681 0.491979 0.325046 0.493263 0.322097 0.501133 0.332181 0.508146 0.341074 0.508979 0.342093 0.515568 0.350731 0.517727 0.353708 0.518862 0.353898 0.524424 0.347657 0.528365 0.344106
5 0.606375 0.542597 0.616568 0.562519 0.640294 0.599940 0.657607 0.629231 0.677112 0.659843 0.671740 0.670190 0.663232 0.682333 0.656177 0.691227 0.641789 0.667579 0.617284 0.626199 0.595740 0.590856 0.590781 0.581204 0.586971 0.570653 0.585294 0.563287 0.585281 0.562005 0.588086 0.555963 0.590573 0.549625 0.594786 0.544819 0.596622 0.543574 0.596833 0.541556 0.597432 0.540694 0.599911 0.540028 0.601104 0.539167 0.601914 0.539255 0.603042 0.540218
5 0.611198 0.519366 0.623495 0.536912 0.643401 0.569921 0.662135 0.601148 0.680456 0.631037 0.688065 0.645759 0.682797 0.654083 0.677112 0.659843 0.657607 0.629231 0.640294 0.599940 0.616568 0.562519 0.606375 0.542597 0.605008 0.537907 0.604232 0.534977 0.602875 0.531722 0.602591 0.529315 0.604232 0.528106 0.607526 0.526042 0.608974 0.525000 0.610237 0.523972
5 0.622237 0.502634 0.636849 0.526546 0.654367 0.553389 0.673102 0.582944 0.696667 0.618282 0.700133 0.624065 0.688065 0.645759 0.680456 0.631037 0.662135 0.601148 0.643401 0.569921 0.623495 0.536912 0.611198 0.519366 0.610255 0.516602 0.611677 0.516310 0.613768 0.515569 0.617706 0.509514 0.619391 0.504542 0.621849 0.502356
5 0.593961 0.448870 0.604646 0.464532 0.615328 0.480417 0.622326 0.489194 0.623951 0.490194 0.624763 0.491856 0.622284 0.497477 0.621721 0.498569 0.621628 0.500722 0.621849 0.502356 0.619391 0.504542 0.617706 0.509514 0.614818 0.513995 0.611969 0.511097 0.603427 0.502708 0.597828 0.495245 0.597172 0.493838 0.596560 0.492347 0.597716 0.489269 0.597354 0.485148 0.599091 0.476542 0.599953 0.470245 0.600315 0.466389 0.599521 0.461125 0.597573 0.457523 0.596122 0.455593 0.594393 0.452250 0.593448 0.450718
5 0.584810 0.470875 0.586732 0.475481 0.588992 0.478903 0.590664 0.480093 0.592839 0.481134 0.594010 0.482028 0.593583 0.485861 0.592253 0.488421 0.589828 0.492583 0.588992 0.493329 0.588406 0.489611 0.588154 0.487083 0.584893 0.484407 0.582635 0.482028 0.579958 0.479199 0.574831 0.476019 0.573383 0.474338 0.573307 0.471514 0.575482 0.469208 0.577073 0.468301 0.579815 0.470620 0.582133 0.471009
5 0.576109 0.512523 0.566156 0.530519 0.564651 0.529329 0.564065 0.516986 0.564065 0.506278 0.563815 0.501222 0.566240 0.497505 0.568750 0.495574 0.571258 0.494829
5 0.547266 0.274630 0.553156 0.279278 0.554760 0.281630 0.557029 0.286333 0.557917 0.288056 0.556094 0.290648 0.554036 0.294954 0.551693 0.301481 0.549219 0.307176 0.547656 0.310602 0.543831 0.307319 0.542479 0.305981 0.540969 0.302454 0.540969 0.297079 0.543237 0.286500 0.544937 0.280116 0.546638 0.275917
5 0.537031 0.421065 0.537578 0.424861 0.535911 0.425231 0.534453 0.430231 0.535682 0.435389 0.534562 0.436981 0.528516 0.437579 0.525156 0.434792 0.521125 0.428819 0.517766 0.422250 0.514742 0.417671 0.513091 0.413023 0.514141 0.413097 0.515352 0.412736 0.517971 0.410370 0.518375 0.409153 0.518336 0.407787 0.516641 0.405134 0.517839 0.403750 0.517526 0.402222 0.513919 0.396991 0.514453 0.385509 0.517268 0.382505 0.519023 0.381463 0.521534 0.380421 0.525633 0.376106 0.527638 0.372241 0.530039 0.373319 0.534630 0.375907 0.534740 0.386667 0.534193 0.397407 0.534844 0.407963 0.535312 0.415741
5 0.288958 0.186574 0.294503 0.184069 0.302250 0.180708 0.305932 0.178023 0.309427 0.177269 0.313492 0.173153 0.317365 0.171472 0.319063 0.171759 0.321224 0.172963 0.324948 0.179583 0.335315 0.198681 0.346839 0.219505 0.356193 0.239324 0.369891 0.268042 0.376815 0.287171 0.376919 0.288532 0.369276 0.281546 0.365885 0.278824 0.361729 0.280958 0.359432 0.284838 0.338914 0.258505 0.306820 0.217440 0.294898 0.200157
5 0.506768 0.301356 0.512622 0.308727 0.526102 0.325208 0.534633 0.334208 0.534836 0.335653 0.536745 0.331898 0.538021 0.329444 0.539349 0.326296 0.541042 0.323102 0.542448 0.320556 0.543229 0.319491 0.546693 0.312731 0.543758 0.313250 0.540628 0.311708 0.537815 0.312056 0.533440 0.308750 0.529396 0.307208 0.524760 0.304065 0.521039 0.302981 0.515612 0.301139 0.510000 0.301028
5 0.462966 0.233620 0.474206 0.245222 0.499784 0.272407 0.533440 0.308750 0.537815 0.312056 0.540727 0.311741 0.543755 0.313139 0.546693 0.312731 0.547656 0.310602 0.545734 0.309130 0.543831 0.307319 0.543508 0.308907 0.542687 0.309347 0.541049 0.306306 0.539659 0.303546 0.539497 0.298889 0.539424 0.294676 0.540318 0.289736 0.541049 0.287134 0.541547 0.284375 0.541536 0.284306 0.539208 0.281514 0.523826 0.266208 0.498563 0.240241 0.479789 0.219917 0.463911 0.203606 0.461297 0.200037 0.455581 0.210634 0.454357 0.212083 0.447229 0.204843 0.446492 0.206875 0.446003 0.208472 0.448839 0.211699 0.448930 0.217907 0.451802 0.221264 0.455958 0.225713
5 0.537799 0.392269 0.536799 0.406819 0.537612 0.413486 0.540984 0.406708 0.541734 0.409597 0.543484 0.408264 0.544297 0.409042 0.547044 0.402491
5 0.385615 0.095088 0.391331 0.099736 0.401854 0.109750 0.418266 0.124120 0.430849 0.136606 0.432646 0.139361 0.436557 0.146185 0.439503 0.149088 0.448568 0.155329 0.453948 0.159102 0.459010 0.166653 0.463664 0.171296 0.470359 0.177829 0.473135 0.180440 0.472073 0.182472 0.470440 0.186102 0.469625 0.188713 0.468646 0.191037 0.467747 0.191329 0.467654 0.188356 0.468555 0.185551 0.441977 0.159727 0.436234 0.153921 0.435109 0.151519 0.433982 0.149718 0.432068 0.148116 0.429253 0.146713 0.426776 0.145315 0.382667 0.100852 0.383810 0.098037 0.384708 0.095889
5 0.467654 0.188356 0.465461 0.191472 0.461297 0.200037 0.455581 0.210634 0.454357 0.212083 0.447229 0.204843 0.446492 0.206875 0.446003 0.208472 0.419549 0.177551 0.392195 0.150264 0.375294 0.134588 0.369674 0.129949 0.368135 0.127028 0.368555 0.124634 0.369901 0.122838 0.371583 0.121343 0.373518 0.120444 0.374865 0.119250 0.376714 0.111176 0.379742 0.104148 0.382667 0.100852 0.426776 0.145315 0.429253 0.146713 0.432068 0.148116 0.433982 0.149718 0.435109 0.151519 0.436234 0.153921 0.441977 0.159727 0.468555 0.185551
5 0.595740 0.590856 0.617284 0.626199 0.641789 0.667579 0.656177 0.691227 0.646995 0.703051 0.644766 0.706667 0.626771 0.683889 0.620898 0.669250 0.606656 0.627995 0.597693 0.598565
5 0.297013 0.203889 0.288721 0.187306 0.294810 0.183389 0.308674 0.177398 0.311911 0.175097 0.316057 0.171644 0.321370 0.171644 0.331484 0.192037 0.343005 0.212407 0.357388 0.241662 0.371185 0.271329 0.373984 0.280079 0.374555 0.283259 0.376224 0.285444 0.376458 0.288046 0.372870 0.284847 0.369734 0.282472 0.366146 0.278491 0.361979 0.280648 0.359266 0.284731 0.335143 0.254995 0.306938 0.217222
5 0.357547 0.158755 0.356435 0.154731 0.355596 0.153046 0.355523 0.149398 0.359219 0.149204 0.362883 0.148806 0.362883 0.147792 0.358784 0.143718 0.358755 0.142060 0.361227 0.140282 0.364388 0.132481 0.363685 0.130005 0.362427 0.128514 0.362516 0.125519 0.365508 0.125852 0.372786 0.132907 0.378664 0.138218 0.384917 0.144190 0.389536 0.148009 0.395753 0.153481 0.403409 0.161954 0.415229 0.173750 0.423760 0.180292 0.433701 0.189894 0.442901 0.199713 0.447419 0.204171 0.447044 0.206278 0.448794 0.213167 0.449609 0.219051 0.456609 0.225056 0.455227 0.227278 0.454115 0.228287 0.453177 0.229907 0.451172 0.228051 0.449734 0.227046 0.447943 0.231296 0.446706 0.239412 0.439331 0.231185 0.439766 0.240181 0.440266 0.249509 0.434219 0.242505 0.424984 0.232806 0.411701 0.218213 0.396148 0.201894 0.379083 0.182597 0.362451 0.164551
5 0.384917 0.144190 0.377315 0.135782 0.371388 0.129644 0.368401 0.126907 0.368401 0.125662 0.370081 0.123171 0.374234 0.120435 0.375401 0.119190 0.376521 0.112801 0.377409 0.110560 0.381047 0.102597 0.383055 0.102264 0.383570 0.102500 0.384411 0.103250 0.410234 0.129417 0.441930 0.159255 0.468906 0.185454 0.466456 0.189551 0.466456 0.189551 0.465057 0.192620 0.463003 0.198014 0.461883 0.200171 0.461229 0.200088 0.460622 0.199009 0.459596 0.200333 0.460016 0.202412 0.458661 0.206560 0.456328 0.208051 0.456281 0.209546 0.454010 0.212546 0.447419 0.204171 0.442901 0.199713 0.433701 0.189894 0.423760 0.180292 0.415229 0.173750 0.403409 0.161954 0.395753 0.153481 0.389536 0.148009
5 0.464870 0.234852 0.462633 0.232213 0.459487 0.232356 0.457607 0.233384 0.456609 0.233602 0.453638 0.235727 0.452146 0.237019 0.450979 0.238903 0.451461 0.240102 0.462190 0.251861 0.474815 0.265917 0.494823 0.288435 0.498818 0.293671 0.507609 0.302417 0.525440 0.323931 0.533424 0.333111 0.534596 0.334616 0.535724 0.338417 0.535951 0.339593 0.531870 0.341514 0.530984 0.342181 0.531474 0.344005 0.539958 0.353324 0.541630 0.352431 0.541044 0.350500 0.541044 0.345296 0.543135 0.343958 0.546984 0.349014 0.548823 0.347676 0.548992 0.343065 0.552003 0.347676 0.554094 0.347227 0.554010 0.342917 0.556518 0.331167 0.559279 0.325815 0.562307 0.327806 0.563315 0.327157 0.562786 0.326019 0.559375 0.322639 0.557318 0.320694 0.553078 0.316412 0.551865 0.314755 0.550130 0.314398 0.547383 0.311681 0.544583 0.314171 0.542344 0.311602 0.540198 0.310602 0.538469 0.311185 0.536695 0.311269 0.514576 0.287454 0.489557 0.260986
5 0.451461 0.240102 0.449839 0.242657 0.446706 0.239412 0.439331 0.231185 0.439766 0.240181 0.440266 0.249509 0.440211 0.252102 0.437727 0.253926 0.434974 0.255463 0.433948 0.257000 0.436797 0.259120 0.445964 0.269815 0.464237 0.290875 0.480622 0.308231 0.488049 0.313931 0.500633 0.331287 0.511859 0.346162 0.517961 0.354032 0.521133 0.351491 0.526328 0.345542 0.531870 0.341514 0.535951 0.339593 0.535724 0.338417 0.534596 0.334616 0.533424 0.333111 0.525440 0.323931 0.507609 0.302417 0.498818 0.293671 0.494823 0.288435 0.474815 0.265917 0.462190 0.251861
