0 0.600727 0.291704 0.604982 0.290310 0.609461 0.287921 0.610021 0.290111 0.613380 0.293097 0.623346 0.300264 0.625026 0.303051 0.624578 0.311014 0.624130 0.317782 0.624690 0.321366 0.631857 0.334306 0.637456 0.346648 0.639023 0.351028 0.641487 0.356204 0.643279 0.360981 0.645742 0.359787 0.648766 0.355407 0.651901 0.347843 0.653021 0.340676 0.653917 0.331519 0.652909 0.318778 0.651901 0.311810 0.650893 0.307231 0.653805 0.309222 0.655484 0.307630 0.659740 0.300264 0.660971 0.293694 0.661979 0.285731 0.662091 0.273389 0.660971 0.266222 0.657724 0.255079 0.653602 0.247157 0.647214 0.240792 0.643924 0.239245 0.641409 0.238213 0.632310 0.237523 0.628536 0.237523 0.627375 0.237181 0.625633 0.236148 0.623794 0.236148 0.622536 0.236148 0.621083 0.236319 0.618820 0.233069 0.617563 0.231005 0.617271 0.226014 0.616982 0.223088 0.616206 0.219130 0.615240 0.217069 0.608755 0.217755 0.591336 0.239829 0.589979 0.242222 0.589534 0.244889 0.586089 0.241963 0.584435 0.237694 0.583534 0.234773 0.582789 0.231569 0.579643 0.229694 0.572599 0.227838 0.568099 0.227097 0.564740 0.227097 0.562505 0.229301 0.560714 0.231278 0.559708 0.232880 0.554773 0.236662 0.552315 0.239449 0.550854 0.242634 0.549964 0.249792 0.548956 0.255759 0.548841 0.260356 0.549180 0.264329 0.549518 0.267324 0.543352 0.274685 0.538542 0.282843 0.534729 0.295176 0.533393 0.306722 0.533724 0.315292 0.536190 0.326833 0.538872 0.334991 0.540440 0.339375 0.545706 0.340977 0.546383 0.338981 0.546044 0.334199 0.545820 0.330810 0.546266 0.326644 0.547273 0.323856 0.549063 0.324648 0.549964 0.326042 0.553766 0.324648 0.554221 0.322653 0.555005 0.313296 0.556456 0.307926 0.557802 0.302542 0.559031 0.294593 0.574932 0.288620 0.579518 0.286421 0.581318 0.284630 0.582654 0.284630 0.579411 0.301148 0.578182 0.312106 0.571456 0.317870 0.570451 0.320074 0.569784 0.326231 0.570672 0.339977 0.573258 0.354500 0.576500 0.365856 0.578289 0.374009 0.579857 0.378398 0.581763 0.381185 0.584221 0.382181 0.586911 0.381769 0.589156 0.378792 0.590492 0.374611 0.592622 0.370037 0.594974 0.363069 0.600016 0.346343 0.603490 0.326644 0.602591 0.323856 0.596096 0.313500 0.596203 0.310319 0.597219 0.304537 0.598893 0.300356 0.600016 0.297380 0.600461 0.294384
5 0.498062 0.279597 0.498602 0.278481 0.503083 0.282468 0.501740 0.293306 0.500214 0.300319 0.498062 0.303667 0.495552 0.307176 0.492505 0.311000 0.489635 0.312273 0.488380 0.315463 0.486766 0.317218 0.485510 0.317375 0.483987 0.317375 0.482552 0.315940 0.478339 0.308606 0.478966 0.306375 0.481924 0.299843 0.485331 0.303667 0.487841 0.298884 0.490172 0.300481 0.492414 0.298407 0.493750 0.295125 0.494646 0.291458 0.495544 0.291458 0.498602 0.284222
5 0.451818 0.309102 0.452966 0.309884 0.456909 0.313231 0.458883 0.314028 0.462557 0.313870 0.464352 0.311639 0.466682 0.308292 0.468297 0.305102 0.469461 0.303028 0.470089 0.303028 0.471615 0.302870 0.472779 0.300639 0.474661 0.298884 0.475737 0.297134 0.476635 0.293944 0.475286 0.289954 0.470268 0.283903 0.469641 0.286773 0.468109 0.284764 0.466789 0.288065 0.462667 0.296509 0.456391 0.304319
5 0.475286 0.289954 0.479862 0.285657 0.484346 0.280556 0.486758 0.279824 0.487742 0.277907 0.488729 0.275199 0.488909 0.268824 0.490443 0.266208 0.485422 0.270037 0.482641 0.272106 0.482911 0.273704 0.479503 0.275296 0.476365 0.279440 0.474482 0.281514 0.470896 0.282630 0.470268 0.283903
5 0.496359 0.258241 0.498690 0.260315 0.498870 0.262227 0.499229 0.263819 0.500932 0.267963 0.500573 0.271472 0.498781 0.272588 0.494836 0.275773 0.494656 0.278167 0.498062 0.279597 0.498602 0.284222 0.495544 0.291458 0.494646 0.291458 0.493750 0.295125 0.491331 0.292894 0.489896 0.294644 0.486846 0.287472 0.487654 0.284764 0.486758 0.279824 0.487742 0.277907 0.488729 0.275199 0.488909 0.268824 0.490443 0.266208
5 0.477401 0.243954 0.483807 0.252819 0.486049 0.248519 0.488740 0.251069 0.490891 0.251069 0.494208 0.255690 0.496359 0.258241 0.499857 0.258083 0.500484 0.253935 0.501292 0.249315 0.501560 0.246764 0.502096 0.242463 0.501112 0.238000 0.500753 0.234014 0.502008 0.232259 0.502367 0.228593 0.495995 0.220500 0.494674 0.222634 0.492753 0.224343 0.489633 0.227329 0.487005 0.230278 0.486164 0.232005 0.484003 0.235843 0.480763 0.239259
5 0.496359 0.258241 0.490443 0.266208 0.485422 0.270037 0.482641 0.272106 0.480130 0.273065 0.476187 0.267009 0.475648 0.266208 0.476276 0.265093 0.476096 0.263500 0.477083 0.258880 0.475380 0.256167 0.477083 0.251389 0.476992 0.249954 0.474401 0.247366 0.477401 0.243954 0.483807 0.252819 0.486049 0.248519 0.488740 0.251069 0.490891 0.251069 0.494208 0.255690
5 0.463276 0.250431 0.464352 0.253620 0.463096 0.255852 0.462648 0.258398 0.462307 0.261444 0.470359 0.268921 0.472870 0.269556 0.475289 0.267324 0.476276 0.265093 0.476096 0.263500 0.477083 0.258880 0.475380 0.256167 0.477083 0.251389 0.476992 0.249954 0.474401 0.247366 0.470081 0.249926 0.467422 0.247315 0.466755 0.247940
5 0.462109 0.265731 0.465427 0.269079 0.464711 0.270514 0.460497 0.272903 0.460047 0.281032 0.459510 0.283426 0.456013 0.288366 0.453055 0.289958 0.450185 0.290278 0.449917 0.287250 0.450365 0.283745 0.449469 0.281991 0.448034 0.279597 0.450724 0.278644 0.451531 0.276731 0.451440 0.274338 0.453234 0.272106 0.456732 0.268282 0.455565 0.263662 0.456281 0.262704 0.458792 0.264616 0.460227 0.265574
5 0.441234 0.273574 0.443620 0.269884 0.447667 0.263981 0.449742 0.263060 0.451919 0.260481 0.457937 0.254023 0.459286 0.253657 0.461154 0.251625 0.463276 0.250431 0.464352 0.253620 0.463096 0.255852 0.462648 0.258398 0.462109 0.265731 0.460227 0.265574 0.458792 0.264616 0.456281 0.262704 0.455565 0.263662 0.456732 0.268282 0.453234 0.272106 0.451440 0.274338 0.451531 0.276731 0.450724 0.278644 0.448034 0.279597 0.445703 0.277208 0.443641 0.272426
5 0.439885 0.273759 0.441234 0.273574 0.443641 0.272426 0.445703 0.277208 0.448034 0.279597 0.449469 0.281991 0.450365 0.283745 0.449917 0.287250 0.451352 0.297611 0.450992 0.301116 0.450005 0.303190 0.448841 0.303509 0.444357 0.306537 0.440055 0.308769 0.438081 0.310361 0.436826 0.313551 0.436378 0.314986 0.432135 0.319630 0.427422 0.313843 0.431026 0.309042 0.431427 0.308421 0.432427 0.308065 0.433279 0.306375 0.432927 0.302370 0.433128 0.299880 0.433628 0.296949 0.434128 0.296236 0.436680 0.293032 0.438229 0.291968 0.439732 0.289389 0.440031 0.287519 0.437680 0.285028 0.437331 0.283162 0.438081 0.277468
5 0.432109 0.262269 0.434596 0.266014 0.439885 0.273759 0.438081 0.277468 0.437331 0.283162 0.437680 0.285028 0.440031 0.287519 0.439732 0.289389 0.438229 0.291968 0.436680 0.293032 0.434128 0.296236 0.433628 0.296949 0.433128 0.299880 0.432927 0.302370 0.433279 0.306375 0.432427 0.308065 0.431427 0.308421 0.431026 0.309042 0.427500 0.313843 0.419063 0.303241 0.419906 0.300611 0.421359 0.298949 0.423331 0.296185 0.424990 0.292866 0.426753 0.287699 0.427479 0.283273 0.427792 0.278477 0.428620 0.275157 0.430591 0.273685 0.430385 0.269995 0.431875 0.263657
5 0.467422 0.247315 0.466755 0.247940 0.461154 0.251625 0.459286 0.253657 0.457937 0.254023 0.451919 0.260481 0.449742 0.263060 0.447667 0.263981 0.443620 0.269884 0.441234 0.273574 0.439885 0.273759 0.434596 0.266014 0.432109 0.262269 0.432266 0.260926 0.433198 0.258782 0.433333 0.256162 0.433266 0.254616 0.433599 0.253898 0.434068 0.252949 0.434688 0.252222 0.435250 0.251852 0.437276 0.250310 0.438203 0.248764 0.439997 0.248356 0.442255 0.247838 0.445958 0.244958 0.449490 0.242491 0.452615 0.240944 0.451805 0.239917 0.451719 0.236019 0.453326 0.236005 0.454643 0.236694 0.456349 0.236144 0.460766 0.234213 0.462005 0.231875 0.462315 0.229532 0.462703 0.227602 0.465878 0.230296 0.466000 0.232856 0.465159 0.236694 0.465279 0.245019
1 0.543294 0.385954 0.544500 0.385954 0.550193 0.395597 0.554880 0.398690 0.557760 0.400597 0.559568 0.402500 0.561177 0.405241 0.561846 0.408454 0.563654 0.414648 0.564727 0.417620 0.568544 0.420241 0.569883 0.422981 0.571021 0.426435 0.571557 0.429648 0.578589 0.439171 0.578521 0.441435 0.567339 0.427625 0.564190 0.422981 0.561935 0.418509 0.551466 0.400477 0.551466 0.400477
5 0.470831 0.204046 0.478094 0.211056 0.480997 0.210315 0.482969 0.208472 0.484732 0.207366 0.485354 0.206815 0.486391 0.200176 0.491682 0.196301 0.495935 0.192245 0.498633 0.187264 0.501745 0.180074 0.498010 0.175648 0.496557 0.177861 0.495625 0.177306 0.494276 0.175093 0.490646 0.183023 0.488570 0.189477 0.486391 0.190954 0.485044 0.193167 0.483695 0.194458 0.483487 0.196856 0.482552 0.197593 0.480375 0.196116 0.450083 0.164028 0.434573 0.148806 0.450458 0.166713 0.461076 0.179523 0.469909 0.191921 0.470917 0.193852 0.470995 0.201153
5 0.471094 0.339019 0.473451 0.338926 0.474901 0.338926 0.476000 0.330833 0.476810 0.330472 0.476102 0.338926 0.476602 0.338926 0.479253 0.332968 0.479854 0.327542 0.480654 0.326917 0.481904 0.326028 0.482604 0.328431 0.486307 0.333856 0.489307 0.328255 0.490258 0.327273 0.491339 0.324708 0.491070 0.319764 0.492505 0.319449 0.493661 0.321940 0.497161 0.317227 0.498214 0.316778 0.499063 0.315537 0.500865 0.317759 0.502115 0.319806 0.514771 0.343463 0.528930 0.368810 0.540086 0.386773 0.568401 0.436667 0.568052 0.441023 0.561849 0.448583 0.554393 0.456500 0.550992 0.458278 0.550141 0.459611 0.534784 0.449296 0.524578 0.431778 0.525279 0.428662 0.524628 0.428130 0.523901 0.430352 0.481495 0.357986 0.480596 0.356074
5 0.412138 0.084699 0.404516 0.096046 0.405557 0.099523 0.403732 0.103458 0.401258 0.104384 0.398076 0.106514 0.415357 0.124833 0.434573 0.148806 0.450083 0.164028 0.480375 0.196116 0.482552 0.197593 0.483487 0.196856 0.483695 0.194458 0.485044 0.193167 0.486391 0.190954 0.488570 0.189477 0.490646 0.183023 0.494276 0.175093 0.496568 0.170866 0.464646 0.138898 0.463602 0.135426 0.459562 0.131255 0.454742 0.128014 0.413570 0.085625
5 0.498010 0.175648 0.497802 0.173486 0.500604 0.167032 0.499956 0.165306 0.498216 0.162806 0.489708 0.154588 0.482945 0.145421 0.481471 0.143755 0.471245 0.134944 0.468133 0.132917 0.465542 0.131440 0.461495 0.123324 0.447076 0.107648 0.433070 0.094370 0.424771 0.086440 0.421036 0.082755 0.418547 0.081278 0.416057 0.079620 0.415229 0.081463 0.414708 0.082569 0.412138 0.084699 0.413570 0.085625 0.454742 0.128014 0.459562 0.131255 0.463602 0.135426 0.464646 0.138898 0.496568 0.170866 0.494221 0.175032 0.495625 0.177306 0.496557 0.177861
5 0.459437 0.341491 0.456747 0.346593 0.455672 0.349699 0.457018 0.351292 0.522737 0.435292 0.523901 0.430352 0.481495 0.357986 0.458990 0.352250 0.458453 0.350338 0.462846 0.350977 0.470198 0.353208 0.480596 0.356074 0.471094 0.339019 0.466612 0.339181 0.463831 0.340134
5 0.528924 0.360375 0.534271 0.370708 0.543802 0.387375 0.551706 0.401153 0.561935 0.418509 0.567359 0.428843 0.571313 0.437245 0.571234 0.439722 0.570458 0.440963 0.569763 0.441375 0.567818 0.445634 0.562797 0.452810 0.556518 0.460458 0.554279 0.461102 0.550992 0.458278 0.554393 0.456500 0.561849 0.448583 0.568052 0.441023 0.568401 0.436667 0.540086 0.386773 0.530313 0.370681 0.528763 0.363241
5 0.502115 0.319806 0.502531 0.319074 0.504625 0.321556 0.509661 0.328579 0.518651 0.343597 0.527562 0.358333 0.528414 0.365912 0.528930 0.368810
5 0.485437 0.216218 0.479549 0.225620 0.474630 0.230528 0.472589 0.229889 0.469948 0.232449 0.467786 0.231810 0.462703 0.227602 0.464406 0.225810 0.465182 0.223606 0.465570 0.222231 0.466578 0.219338 0.467198 0.216444 0.468203 0.214102 0.469828 0.217514 0.470909 0.217301 0.472708 0.215380 0.474388 0.213458 0.478094 0.211056 0.480997 0.210315
5 0.319219 0.165394 0.326690 0.159120 0.339034 0.149347 0.341836 0.145657 0.344844 0.144000 0.345776 0.142157 0.347229 0.141972 0.351898 0.141417 0.374927 0.191028 0.392188 0.233940 0.400799 0.257917 0.405362 0.272375 0.404440 0.274440 0.403122 0.276102 0.401990 0.277005 0.402948 0.279352 0.403909 0.282551 0.403906 0.284491 0.398620 0.278935 0.376078 0.249375 0.327083 0.183648
5 0.381523 0.207292 0.383911 0.209875 0.386815 0.215037 0.392417 0.219278 0.399781 0.224630 0.412750 0.239750 0.429659 0.258375 0.432318 0.260833 0.431875 0.263657 0.430385 0.269995 0.430591 0.273685 0.428620 0.275157 0.427792 0.278477 0.427479 0.283273 0.426753 0.287699 0.424990 0.292866 0.423331 0.296185 0.421359 0.298949 0.419906 0.300611 0.419010 0.303287 0.403906 0.284630 0.403909 0.282551 0.402948 0.279352 0.401990 0.277005 0.403122 0.276102 0.404440 0.274440 0.405362 0.272375 0.400799 0.257917 0.392188 0.233940
5 0.434688 0.252222 0.435250 0.251852 0.437276 0.250310 0.438203 0.248764 0.439997 0.248356 0.442255 0.247838 0.445958 0.244958 0.449490 0.242491 0.452615 0.240944 0.451805 0.239917 0.451719 0.236019 0.451862 0.223657 0.451052 0.224171 0.448273 0.230449 0.447060 0.228495 0.445148 0.215736 0.444339 0.214190 0.443354 0.213986 0.441906 0.215940 0.440750 0.220778 0.439302 0.218407 0.439013 0.214088 0.437333 0.205444 0.436003 0.203593 0.435018 0.204417 0.433862 0.207398 0.433052 0.210588 0.431372 0.208120 0.429753 0.195667 0.428651 0.194227 0.427089 0.194435 0.425526 0.197829 0.425120 0.200301 0.423557 0.197625 0.421880 0.186718 0.421128 0.184245 0.419102 0.185171 0.417771 0.189597 0.417250 0.191653 0.416555 0.189083 0.414182 0.176426 0.381708 0.142056 0.380203 0.152139 0.375052 0.144935 0.367005 0.137116 0.366833 0.137838 0.366427 0.151625 0.366023 0.151625 0.365617 0.152347 0.365617 0.153579 0.365617 0.154611 0.364055 0.154815 0.363534 0.156051 0.362260 0.158519 0.360812 0.160681 0.362841 0.162606 0.377260 0.180310 0.396971 0.205394 0.412945 0.224940 0.413362 0.224574 0.414607 0.224940 0.415747 0.227708 0.421036 0.234532 0.421867 0.233977 0.422594 0.234347 0.423734 0.237481 0.425083 0.238773 0.428922 0.244306 0.430789 0.244306 0.431516 0.245968 0.431516 0.247625
5 0.432266 0.260926 0.433198 0.258782 0.433333 0.256162 0.433266 0.254616 0.433599 0.253898 0.434068 0.252949 0.434688 0.252222 0.431516 0.247625 0.431516 0.245968 0.430789 0.244306 0.428922 0.244306 0.425083 0.238773 0.423734 0.237481 0.422594 0.234347 0.421867 0.233977 0.421036 0.234532 0.415747 0.227708 0.414607 0.224940 0.413362 0.224574 0.412945 0.224940 0.396971 0.205394 0.377260 0.180310 0.362841 0.162606 0.362115 0.163713 0.374927 0.191028 0.381523 0.207292 0.383911 0.209875 0.386815 0.215037 0.392417 0.219278 0.399781 0.224630 0.412750 0.239750 0.429659 0.258375 0.431630 0.260407
5 0.482552 0.315940 0.481904 0.319051 0.482253 0.328722 0.484167 0.327894 0.488112 0.325343 0.491339 0.324708 0.491070 0.319764 0.492505 0.319449 0.493310 0.316259 0.494745 0.314824 0.496898 0.312116 0.492505 0.311000 0.489635 0.312273 0.488380 0.315463 0.486766 0.317218 0.485510 0.317375 0.483987 0.317375
5 0.451719 0.236019 0.453326 0.236005 0.454643 0.236694 0.456349 0.236144 0.460766 0.234213 0.462005 0.231875 0.462315 0.229532 0.462703 0.227602 0.464406 0.225810 0.465182 0.223606 0.465570 0.222231 0.466578 0.219338 0.467198 0.216444 0.468203 0.214102 0.469677 0.212449 0.470685 0.209556 0.470995 0.201153 0.470917 0.193852 0.469909 0.191921 0.461076 0.179523 0.450458 0.166713 0.434573 0.148806 0.415357 0.124833 0.398076 0.106514 0.396760 0.106097 0.393505 0.103069 0.390250 0.102241 0.390716 0.104861 0.392341 0.106097 0.391336 0.108306 0.391336 0.109542 0.389940 0.112435 0.388469 0.114917 0.386763 0.116708 0.385135 0.117671 0.385445 0.118912 0.387151 0.122079 0.387383 0.124699 0.385135 0.124282 0.383198 0.124009 0.381417 0.123319 0.381029 0.124282 0.381029 0.126352 0.381958 0.135167 0.376612 0.128556 0.375992 0.129106 0.376690 0.143431 0.375052 0.144935 0.380203 0.152139 0.381708 0.142056 0.414182 0.176426 0.416555 0.189083 0.417250 0.191653 0.417771 0.189597 0.419102 0.185171 0.421128 0.184245 0.421880 0.186718 0.423557 0.197625 0.425120 0.200301 0.425526 0.197829 0.427089 0.194435 0.428651 0.194227 0.429753 0.195667 0.431372 0.208120 0.433052 0.210588 0.433862 0.207398 0.435018 0.204417 0.436003 0.203593 0.437333 0.205444 0.439013 0.214088 0.439302 0.218407 0.440750 0.220778 0.441906 0.215940 0.443354 0.213986 0.444339 0.214190 0.445148 0.215736 0.447060 0.228495 0.448273 0.230449 0.451052 0.224171 0.451862 0.223657
5 0.494422 0.193407 0.499607 0.198940 0.498529 0.201481 0.496247 0.205116 0.492646 0.207903 0.486766 0.215148 0.485437 0.216218 0.480997 0.210315 0.482969 0.208472 0.484732 0.207366 0.485354 0.206815 0.486391 0.200176 0.491682 0.196301
5 0.465581 0.327282 0.464263 0.329648 0.463544 0.334750 0.458971 0.339051 0.452068 0.345269 0.452068 0.345269 0.447206 0.337949 0.449297 0.336431 0.453172 0.332435 0.455497 0.331750 0.460224 0.324722 0.463555 0.323069 0.464250 0.322546
5 0.482552 0.315940 0.481904 0.319051 0.482253 0.328722 0.479938 0.330370 0.476810 0.330472 0.473799 0.332324 0.471891 0.333662 0.470443 0.333662 0.465581 0.327282 0.464250 0.322546 0.468979 0.320454 0.470607 0.318384 0.471148 0.316319 0.472003 0.307917 0.472698 0.311361 0.478667 0.309981 0.478339 0.308606
5 0.486758 0.279824 0.484346 0.280556 0.479862 0.285657 0.481068 0.289319 0.480990 0.296343 0.481924 0.299843 0.485331 0.303667 0.487841 0.298884 0.490172 0.300481 0.492414 0.298407 0.493750 0.295125 0.491331 0.292894 0.489896 0.294644 0.486846 0.287472 0.487654 0.284764
5 0.460224 0.324722 0.463555 0.323069 0.468979 0.320454 0.470607 0.318384 0.471148 0.316319 0.472003 0.307917 0.469461 0.303028 0.468297 0.305102 0.466682 0.308292 0.464352 0.311639 0.462557 0.313870 0.458883 0.314028 0.456909 0.313231 0.455883 0.316458 0.458286 0.321690
5 0.469461 0.303028 0.472003 0.307917 0.472698 0.311361 0.478667 0.309981 0.478339 0.308606 0.478966 0.306375 0.481924 0.299843 0.480990 0.296343 0.481068 0.289319 0.479862 0.285657 0.475286 0.289954 0.476635 0.293944 0.475737 0.297134 0.474661 0.298884 0.472779 0.300639 0.471615 0.302870 0.470089 0.303028
5 0.452966 0.309884 0.456909 0.313231 0.455883 0.316458 0.458286 0.321690 0.460224 0.324722 0.455497 0.331750 0.453172 0.332435 0.449297 0.336431 0.447206 0.337949 0.439141 0.328426 0.439786 0.327417 0.442206 0.324227 0.446331 0.321361 0.449648 0.315940
5 0.451818 0.309102 0.452966 0.309884 0.449648 0.315940 0.446331 0.321361 0.442206 0.324227 0.439167 0.328519 0.432057 0.319491 0.436378 0.314986 0.436826 0.313551 0.438081 0.310361 0.440055 0.308769 0.444357 0.306537 0.447065 0.304639 0.450563 0.309741
5 0.462307 0.261444 0.467688 0.267343 0.467057 0.269398 0.472448 0.275463 0.466789 0.288065 0.462667 0.296509 0.456391 0.304319 0.451818 0.309102 0.450563 0.309741 0.447065 0.304639 0.448841 0.303509 0.450005 0.303190 0.450992 0.301116 0.451352 0.297611 0.450185 0.290278 0.453055 0.289958 0.456013 0.288366 0.459510 0.283426 0.460047 0.281032 0.460497 0.272903 0.464711 0.270514 0.465427 0.269079 0.462109 0.265731
5 0.482911 0.273704 0.479503 0.275296 0.476365 0.279440 0.474482 0.281514 0.470896 0.282630 0.469641 0.286773 0.468109 0.284764 0.472448 0.275463 0.467057 0.269398 0.467688 0.267343 0.467688 0.267343 0.468109 0.266593 0.470359 0.268921 0.472870 0.269556 0.475289 0.267324 0.475648 0.266208 0.476187 0.267009 0.480130 0.273065 0.482641 0.272106
5 0.487005 0.230278 0.489633 0.227329 0.492753 0.224343 0.494674 0.222634 0.495995 0.220500 0.495393 0.219222 0.494914 0.206630 0.492646 0.207903 0.486766 0.215148 0.485437 0.216218 0.480401 0.224106
5 0.465878 0.230296 0.466000 0.232856 0.465159 0.236694 0.465279 0.245019 0.470081 0.249926 0.474401 0.247366 0.477401 0.243954 0.480763 0.239259 0.484003 0.235843 0.486164 0.232005 0.487005 0.230278 0.480401 0.224106 0.479549 0.225620 0.474630 0.230528 0.472589 0.229889 0.469948 0.232449 0.467786 0.231810
5 0.297013 0.203889 0.288721 0.187306 0.294810 0.183389 0.308674 0.177398 0.311911 0.175097 0.316057 0.171644 0.321370 0.171644 0.331484 0.192037 0.343005 0.212407 0.357388 0.241662 0.371185 0.271329 0.373984 0.280079 0.374555 0.283259 0.376224 0.285444 0.376458 0.288046 0.372870 0.284847 0.369734 0.282472 0.366146 0.278491 0.361979 0.280648 0.359266 0.284731 0.335143 0.254995 0.306938 0.217222
5 0.357547 0.158755 0.356435 0.154731 0.355596 0.153046 0.355523 0.149398 0.359219 0.149204 0.362883 0.148806 0.362883 0.147792 0.358784 0.143718 0.358755 0.142060 0.361227 0.140282 0.364388 0.132481 0.363685 0.130005 0.362427 0.128514 0.362516 0.125519 0.365508 0.125852 0.372786 0.132907 0.378664 0.138218 0.384917 0.144190 0.389536 0.148009 0.395753 0.153481 0.403409 0.161954 0.415229 0.173750 0.423760 0.180292 0.433701 0.189894 0.442901 0.199713 0.447419 0.204171 0.447044 0.206278 0.448794 0.213167 0.449609 0.219051 0.456609 0.225056 0.455227 0.227278 0.454115 0.228287 0.453177 0.229907 0.451172 0.228051 0.449734 0.227046 0.447943 0.231296 0.446706 0.239412 0.439331 0.231185 0.439766 0.240181 0.440266 0.249509 0.434219 0.242505 0.424984 0.232806 0.411701 0.218213 0.396148 0.201894 0.379083 0.182597 0.362451 0.164551
5 0.384917 0.144190 0.377315 0.135782 0.371388 0.129644 0.368401 0.126907 0.368401 0.125662 0.370081 0.123171 0.374234 0.120435 0.375401 0.119190 0.376521 0.112801 0.377409 0.110560 0.381047 0.102597 0.383055 0.102264 0.383570 0.102500 0.384411 0.103250 0.410234 0.129417 0.441930 0.159255 0.468906 0.185454 0.466456 0.189551 0.466456 0.189551 0.465057 0.192620 0.463003 0.198014 0.461883 0.200171 0.461229 0.200088 0.460622 0.199009 0.459596 0.200333 0.460016 0.202412 0.458661 0.206560 0.456328 0.208051 0.456281 0.209546 0.454010 0.212546 0.447419 0.204171 0.442901 0.199713 0.433701 0.189894 0.423760 0.180292 0.415229 0.173750 0.403409 0.161954 0.395753 0.153481 0.389536 0.148009
5 0.464870 0.234852 0.462633 0.232213 0.459487 0.232356 0.457607 0.233384 0.456609 0.233602 0.453638 0.235727 0.452146 0.237019 0.450979 0.238903 0.451461 0.240102 0.462190 0.251861 0.474815 0.265917 0.494823 0.288435 0.498818 0.293671 0.507609 0.302417 0.525440 0.323931 0.533424 0.333111 0.534596 0.334616 0.535724 0.338417 0.535951 0.339593 0.531870 0.341514 0.530984 0.342181 0.531474 0.344005 0.539958 0.353324 0.541630 0.352431 0.541044 0.350500 0.541044 0.345296 0.543135 0.343958 0.546984 0.349014 0.548823 0.347676 0.548992 0.343065 0.552003 0.347676 0.554094 0.347227 0.554010 0.342917 0.556518 0.331167 0.559279 0.325815 0.562307 0.327806 0.563315 0.327157 0.562786 0.326019 0.559375 0.322639 0.557318 0.320694 0.553078 0.316412 0.551865 0.314755 0.550130 0.314398 0.547383 0.311681 0.544583 0.314171 0.542344 0.311602 0.540198 0.310602 0.538469 0.311185 0.536695 0.311269 0.514576 0.287454 0.489557 0.260986
5 0.451461 0.240102 0.449839 0.242657 0.446706 0.239412 0.439331 0.231185 0.439766 0.240181 0.440266 0.249509 0.440211 0.252102 0.437727 0.253926 0.434974 0.255463 0.433948 0.257000 0.436797 0.259120 0.445964 0.269815 0.464237 0.290875 0.480622 0.308231 0.488049 0.313931 0.500633 0.331287 0.511859 0.346162 0.517961 0.354032 0.521133 0.351491 0.526328 0.345542 0.531870 0.341514 0.535951 0.339593 0.535724 0.338417 0.534596 0.334616 0.533424 0.333111 0.525440 0.323931 0.507609 0.302417 0.498818 0.293671 0.494823 0.288435 0.474815 0.265917 0.462190 0.251861
