0 0.304323 0.242546 0.301289 0.244032 0.298438 0.243343 0.295977 0.241269 0.295328 0.239194 0.294810 0.237352 0.294292 0.229523 0.292737 0.226296 0.290664 0.223074 0.288932 0.220000 0.287685 0.216162 0.286906 0.213167 0.286130 0.209713 0.286130 0.204648 0.286130 0.201421 0.286648 0.196815 0.286648 0.194514 0.284576 0.192671 0.283021 0.190366 0.281854 0.187370 0.280948 0.183227 0.280299 0.178157 0.279263 0.175625 0.277682 0.171157 0.277060 0.165491 0.276542 0.160653 0.276932 0.154667 0.278745 0.149093 0.281648 0.141329 0.282513 0.138000 0.283674 0.135250 0.288609 0.124755 0.289810 0.122398 0.292789 0.122398 0.297195 0.125852 0.299914 0.125852 0.304578 0.127694 0.307818 0.127694 0.310669 0.128384 0.325698 0.120787 0.327898 0.122398 0.331398 0.118713 0.334378 0.115028 0.339172 0.110421 0.342151 0.107657 0.343445 0.106736 0.347591 0.106736 0.350961 0.107657 0.354328 0.113185 0.357180 0.124241 0.359383 0.133454 0.360807 0.140593 0.361068 0.147042 0.361068 0.151880 0.367286 0.162014 0.370135 0.168463 0.373375 0.177977 0.374930 0.185116 0.375060 0.190644 0.374151 0.196171 0.372339 0.201931 0.371560 0.207227 0.370654 0.212755 0.366768 0.214366 0.357049 0.212292 0.355885 0.207227 0.355107 0.201236 0.354849 0.195250 0.353422 0.192255 0.349794 0.191565 0.346815 0.189954 0.337875 0.171296 0.337099 0.168764 0.335154 0.166690 0.333081 0.163005 0.332174 0.171296 0.332693 0.177745 0.332693 0.183505 0.333464 0.194120 0.334143 0.199509 0.335193 0.202986 0.338188 0.207250 0.341930 0.210449 0.345378 0.213630 0.347333 0.215241 0.348526 0.219227 0.348836 0.224824 0.348836 0.231227 0.348672 0.236574 0.348526 0.239750 0.346880 0.245093 0.344938 0.246958 0.344029 0.250157 0.343135 0.253083 0.341180 0.255204 0.338044 0.256009 0.334143 0.256009 0.331138 0.256009 0.328146 0.255204 0.326198 0.254398 0.321172 0.251204 0.319271 0.248009 0.317055 0.244560 0.316448 0.240556 0.316005 0.238157 0.314206 0.233898 0.313299 0.228829 0.313753 0.224569 0.315708 0.221093 0.316901 0.215773 0.317951 0.207505 0.318544 0.204046 0.318701 0.197394 0.318698 0.189630 0.317354 0.184056 0.317354 0.181662 0.314659 0.176870 0.309555 0.176338 0.307456 0.177125 0.305513 0.181662 0.303555 0.188847 0.303555 0.194190 0.302961 0.200847 0.304010 0.206972 0.305357 0.213630 0.305833 0.216157 0.308052 0.226435 0.309555 0.231505 0.310260 0.236157 0.310182 0.238241 0.307396 0.239861
10 0.410911 0.332361 0.412576 0.332472 0.413815 0.329403 0.415383 0.324986 0.415977 0.322394 0.413437 0.318648 0.411927 0.318657 0.409870 0.320185 0.406581 0.324023 0.404312 0.327287 0.403177 0.329306 0.403125 0.331319 0.403773 0.334009 0.405229 0.334968 0.407013 0.334009 0.407984 0.333528 0.409333 0.335162 0.409982 0.336120 0.410911 0.336759
2 0.432927 0.350194 0.432565 0.334384 0.430326 0.334384 0.423529 0.332713 0.410898 0.332356 0.410911 0.336759 0.410779 0.344120 0.409867 0.345824 0.410010 0.348394 0.411383 0.349167 0.412685 0.348653 0.427562 0.350657 0.429443 0.350657
2 0.495211 0.477569 0.495586 0.473685 0.495398 0.471463 0.494773 0.469574 0.494398 0.466907 0.490711 0.459579 0.489648 0.459468 0.488836 0.459023 0.487464 0.458579 0.486214 0.458134 0.484464 0.458134 0.483339 0.457690 0.481039 0.456968 0.478404 0.455468 0.476404 0.453912 0.475216 0.453579 0.474466 0.453690 0.473279 0.454134 0.472654 0.454690 0.473466 0.456023 0.485526 0.467574
2 0.321844 0.258806 0.320354 0.260181 0.310307 0.258894 0.310596 0.257097 0.313344 0.257352 0.313344 0.238972 0.316005 0.238157 0.316448 0.240556 0.317055 0.244560 0.319271 0.248009 0.320615 0.255463
10 0.568268 0.481787 0.572042 0.468023 0.573784 0.467509 0.576010 0.466648 0.577557 0.465787 0.579010 0.466134 0.580172 0.468023 0.581430 0.468199 0.583461 0.468713 0.583945 0.470778 0.583945 0.472153 0.580268 0.485231 0.576203 0.487468 0.571753 0.489014 0.571365 0.489014
2 0.509896 0.394532 0.513076 0.397616 0.515964 0.399537 0.519148 0.402755 0.527172 0.409824 0.527326 0.411282 0.526701 0.412616 0.525326 0.415394 0.515461 0.405843 0.509099 0.398903
2 0.483734 0.444241 0.482880 0.446560 0.481625 0.445519 0.479284 0.444329 0.478029 0.445370 0.477026 0.447750 0.476094 0.450139 0.474852 0.449236 0.473930 0.447602 0.471839 0.440611 0.473596 0.437639 0.476357 0.435407 0.481375 0.433028 0.483734 0.439037
2 0.292789 0.122398 0.291326 0.121264 0.290513 0.119931 0.288891 0.119375 0.287578 0.119375 0.285703 0.119042 0.284953 0.119264 0.284516 0.118153 0.284703 0.116824 0.284266 0.115491 0.283516 0.114713 0.281581 0.114157 0.279831 0.114157 0.278456 0.114046 0.278518 0.112824 0.278768 0.112157 0.278268 0.111491 0.276643 0.110824 0.275081 0.110269 0.274081 0.110269 0.273021 0.110269 0.272271 0.110157 0.271958 0.109269 0.272146 0.108380 0.272583 0.107491 0.272583 0.106824 0.271646 0.106380 0.270521 0.106380 0.269146 0.106269 0.267771 0.106269 0.266771 0.106602 0.266333 0.106824 0.265896 0.107157 0.265336 0.107935 0.265523 0.109157 0.265958 0.111046 0.265523 0.113269 0.265086 0.115046 0.264773 0.117486 0.264896 0.118981 0.268464 0.120602 0.272922 0.124236 0.283674 0.135250 0.288609 0.124755 0.289810 0.122398
8 0.402370 0.315046 0.397172 0.305468 0.393065 0.296884 0.381255 0.275069 0.379924 0.273921 0.378250 0.272880 0.375674 0.268583 0.373768 0.268181 0.372266 0.271528 0.388891 0.296847 0.392362 0.299630 0.393818 0.302218 0.393927 0.306412 0.393927 0.309384 0.394711 0.312773 0.397062 0.317546 0.398852 0.320134 0.400307 0.321532 0.401880 0.321532 0.402440 0.318940 0.402737 0.316907
2 0.283674 0.135250 0.272922 0.124236 0.268464 0.120602 0.264896 0.118981 0.263245 0.118218 0.261503 0.118560 0.259953 0.120968 0.260341 0.122690 0.263245 0.123551 0.266589 0.125185 0.271857 0.128616 0.271909 0.129481 0.268346 0.126699 0.267643 0.126986 0.267914 0.127944 0.271964 0.130731 0.272018 0.134856 0.282604 0.137963
2 0.465201 0.371440 0.463583 0.371194 0.460904 0.370458 0.460341 0.369106 0.463651 0.362995 0.464174 0.363310 0.467135 0.365185 0.468643 0.366963 0.470331 0.367074 0.471956 0.367963 0.473893 0.368296 0.475516 0.367852 0.476203 0.366852 0.476141 0.365407 0.475766 0.363407 0.475578 0.362185 0.475641 0.361185 0.476141 0.360741 0.476703 0.360296 0.476891 0.358963 0.476828 0.358079 0.476828 0.356190 0.477453 0.354856 0.478141 0.354190 0.479078 0.354968 0.479953 0.355079 0.481703 0.355079 0.484201 0.354968 0.485951 0.355301 0.487388 0.356745 0.488388 0.358190 0.489201 0.359852 0.490135 0.360852 0.491198 0.361741 0.492198 0.364074 0.493385 0.366074 0.494010 0.368185 0.494323 0.370519 0.494385 0.372185 0.494698 0.373292 0.495010 0.374736 0.495323 0.376403 0.496073 0.377514 0.496698 0.378069 0.496823 0.379847 0.496885 0.382181 0.496885 0.383292 0.494479 0.386389 0.493089 0.389236 0.485633 0.383245 0.483036 0.382171 0.485068 0.380106 0.486422 0.378218 0.486229 0.375977 0.483656 0.374019 0.482146 0.373278 0.479552 0.371935 0.477635 0.371644 0.476292 0.371644 0.473870 0.372829 0.471945 0.372986 0.470271 0.372986 0.468094 0.372694
6 0.327292 0.268102 0.329055 0.295426 0.328570 0.300588 0.325667 0.300417 0.323542 0.270648 0.323120 0.262574
10 0.353323 0.245398 0.358221 0.248481 0.359294 0.251023 0.362714 0.252023 0.366031 0.251296 0.366594 0.254106 0.367154 0.269444 0.370523 0.270352 0.373076 0.268356 0.372922 0.263819 0.371135 0.247847 0.371339 0.244944 0.370013 0.241769 0.367461 0.236417 0.364659 0.236190 0.364659 0.236190 0.361182 0.235778 0.355977 0.240046 0.354648 0.241495
5 0.446859 0.337116 0.448216 0.339523 0.451409 0.341241 0.453924 0.344338 0.457602 0.347435 0.462828 0.351394 0.466409 0.354662 0.467214 0.356000 0.463651 0.362995 0.460336 0.369083 0.457419 0.375037 0.453477 0.383389 0.450776 0.387611 0.446328 0.389949 0.445359 0.390292 0.441526 0.392671 0.440378 0.390792 0.439893 0.387181 0.439990 0.385116 0.441924 0.383741 0.441536 0.382361 0.439602 0.380986 0.438635 0.378579 0.436505 0.376685 0.434859 0.375481 0.434667 0.372556 0.433313 0.370491 0.431956 0.371694 0.431474 0.372037 0.430602 0.371866 0.428763 0.371005 0.427602 0.369977 0.426344 0.368255 0.426102 0.368032 0.428128 0.364819 0.433404 0.355694 0.438031 0.347856
2 0.489250 0.415491 0.484870 0.408148 0.483745 0.407259 0.479948 0.401019 0.474940 0.402231 0.474229 0.402819 0.472438 0.406838 0.476607 0.415921 0.484169 0.430690 0.484687 0.420157
2 0.366281 0.272880 0.363047 0.268426 0.362268 0.271542 0.364844 0.276065 0.361510 0.280880 0.360677 0.284329 0.358438 0.288843 0.354974 0.290926 0.351979 0.286856 0.351359 0.289639 0.350786 0.292778 0.351799 0.296852 0.351799 0.301245 0.352565 0.303213 0.352982 0.305296 0.352982 0.307676 0.352565 0.309606 0.352565 0.311690 0.353651 0.314514 0.352982 0.316449 0.352982 0.319569 0.352565 0.321356 0.352815 0.323287 0.354573 0.325074 0.357333 0.325815 0.360427 0.325370 0.365279 0.325370 0.367620 0.324773 0.372305 0.324773 0.374646 0.324181 0.376654 0.323736 0.379247 0.323287 0.381328 0.322731 0.386594 0.323995 0.388188 0.325255 0.390609 0.326093 0.394802 0.325676 0.395924 0.325148 0.396393 0.324625 0.396310 0.323736 0.396227 0.323287 0.396143 0.322245 0.396227 0.320315 0.396227 0.318380 0.395221 0.316449 0.394635 0.314907 0.393776 0.313009 0.393299 0.311542 0.393927 0.309384 0.393927 0.306412 0.393818 0.302218 0.392362 0.299630 0.388878 0.296708 0.373698 0.281106
2 0.446872 0.391958 0.446328 0.389949 0.450776 0.387611 0.450776 0.387611 0.453477 0.383389 0.457419 0.375037 0.460336 0.369083 0.460904 0.370458 0.459818 0.374171 0.457971 0.378181 0.456471 0.383532 0.454128 0.389486 0.454128 0.389486 0.451622 0.397227 0.450365 0.400051 0.451292 0.401097 0.453714 0.401616 0.457391 0.401616 0.456151 0.404282 0.454154 0.407259 0.452372 0.409944 0.450427 0.410616 0.449401 0.410907 0.449089 0.411019 0.447878 0.403713 0.447490 0.396657
2 0.414271 0.305509 0.416089 0.309407 0.418893 0.313847 0.418352 0.315000 0.414680 0.315769 0.412034 0.316537 0.410253 0.313083 0.408471 0.314907 0.407799 0.316648 0.407003 0.316394 0.404906 0.316778 0.402737 0.316907 0.402370 0.315046 0.398031 0.306963 0.399094 0.302745 0.406716 0.301079 0.411026 0.301523 0.412526 0.304074
2 0.423198 0.403370 0.423971 0.401648 0.423971 0.400102 0.424747 0.398208 0.426102 0.397005 0.428813 0.395801 0.431328 0.394593 0.433651 0.393565 0.435198 0.392875 0.436747 0.392185 0.438198 0.392704 0.439167 0.393389 0.440521 0.394079 0.441536 0.392685 0.445367 0.390366 0.446232 0.394769 0.447102 0.400958 0.447198 0.406120 0.447878 0.411282 0.444490 0.411801 0.441393 0.411801 0.439167 0.414898 0.439456 0.417306 0.438878 0.419542 0.436359 0.417648 0.429294 0.409565
2 0.333464 0.194120 0.347086 0.202000 0.351232 0.204764 0.348513 0.211213 0.341930 0.210449 0.338188 0.207250 0.335193 0.202986 0.334143 0.199509
2 0.277682 0.171157 0.268096 0.179208 0.260706 0.186574 0.258914 0.189560 0.254211 0.195134 0.252755 0.200111 0.253427 0.202301 0.259586 0.203495 0.264177 0.206282 0.266193 0.210463 0.267604 0.214907 0.281701 0.210722 0.286130 0.209713 0.286130 0.204648 0.286130 0.201421 0.286648 0.196815 0.286648 0.194514 0.284576 0.192671 0.283021 0.190366 0.281854 0.187370 0.280948 0.183227 0.280299 0.178157 0.279263 0.175625
2 0.402536 0.292898 0.401250 0.289060 0.400185 0.285963 0.398250 0.283208 0.395539 0.282523 0.393604 0.282694 0.392104 0.283778 0.391708 0.284468 0.390893 0.285273 0.389732 0.284241 0.389055 0.281833 0.388958 0.278394 0.381023 0.258093 0.379958 0.258093 0.379185 0.258093 0.378023 0.257403 0.376862 0.257574 0.375893 0.258435 0.375216 0.259810 0.375120 0.262394 0.375508 0.265144 0.375674 0.268583 0.378250 0.272880 0.379924 0.273921 0.381263 0.275111 0.393065 0.296884 0.393281 0.296241 0.394005 0.294699 0.394583 0.294185 0.395307 0.294699 0.396102 0.295472 0.396753 0.294958 0.398344 0.292898 0.399284 0.291745 0.400872 0.292384
10 0.485682 0.404264 0.482727 0.401176 0.481326 0.400264 0.479948 0.401019 0.474940 0.402231 0.474229 0.402819 0.475003 0.400236 0.476841 0.398347 0.477906 0.397139 0.478391 0.394560 0.479359 0.390949 0.480133 0.388884 0.481487 0.386301 0.483036 0.382171 0.485633 0.383245 0.484719 0.384880 0.491198 0.390787 0.492094 0.391352 0.490659 0.394708 0.486620 0.402264
3 0.403203 0.382407 0.409401 0.363079 0.411323 0.364565 0.404799 0.384639 0.423198 0.403370 0.423971 0.401648 0.423971 0.400102 0.424747 0.398208 0.426102 0.397005 0.428813 0.395801 0.431328 0.394593 0.433651 0.393565 0.435198 0.392875 0.436747 0.392185 0.438198 0.392704 0.439167 0.393389 0.440521 0.394079 0.441536 0.392685 0.440378 0.390792 0.439893 0.387181 0.439990 0.385116 0.441924 0.383741 0.441536 0.382361 0.439602 0.380986 0.438635 0.378579 0.436505 0.376685 0.434859 0.375481 0.434667 0.372556 0.433313 0.370491 0.431956 0.371694 0.431474 0.372037 0.430602 0.371866 0.428763 0.371005 0.427602 0.369977 0.426344 0.368255 0.426102 0.368032 0.428128 0.364819 0.427562 0.364792 0.425755 0.365306 0.425393 0.364148 0.426044 0.362606 0.425828 0.361065 0.425250 0.359653 0.425682 0.358625 0.426622 0.356310 0.426695 0.352713 0.427562 0.350657 0.412685 0.348653 0.411383 0.349167 0.410010 0.348394 0.409867 0.345824 0.410779 0.344120 0.410911 0.336759 0.409982 0.336120 0.409333 0.335162 0.407984 0.333528 0.407013 0.334009 0.405229 0.334968 0.403773 0.334009 0.403125 0.331319 0.403177 0.329306 0.402260 0.330361 0.401234 0.330843 0.400747 0.329593 0.401612 0.328347 0.404635 0.323833 0.406365 0.322009 0.407445 0.318361 0.407799 0.316648 0.407003 0.316394 0.404906 0.316778 0.402737 0.316907 0.402440 0.318944 0.401880 0.321532 0.400307 0.321532 0.398852 0.320134 0.397062 0.317546 0.394711 0.312773 0.393927 0.309384 0.393299 0.311542 0.393776 0.313009 0.394635 0.314907 0.395221 0.316449 0.396227 0.318380 0.396227 0.320315 0.396143 0.322245 0.396227 0.323287 0.396310 0.323736 0.396393 0.324625 0.395958 0.325194 0.397331 0.325838 0.398849 0.326866 0.400000 0.327731 0.399922 0.329769 0.399792 0.333472 0.398810 0.337273 0.399010 0.339537 0.404521 0.341750 0.407021 0.343083 0.408146 0.344856 0.407958 0.347523 0.406708 0.349745 0.405771 0.348968 0.405958 0.348634 0.407271 0.346190 0.407271 0.344634 0.405521 0.343972 0.399115 0.341065 0.399753 0.349481 0.398971 0.349495 0.398487 0.340819 0.394930 0.339315 0.392750 0.338454 0.391299 0.339028 0.390573 0.340463 0.390169 0.341824 0.389404 0.341611 0.388354 0.341106 0.388315 0.340532 0.388635 0.340102 0.389443 0.340032 0.389846 0.339528 0.390370 0.337954 0.391742 0.336806 0.393195 0.336949 0.395776 0.337954 0.398245 0.339097 0.398245 0.338454 0.397273 0.337528 0.394711 0.335972 0.388964 0.333194 0.388078 0.332907 0.386458 0.331528 0.384896 0.342269 0.383771 0.346491 0.381023 0.345491 0.380398 0.345269 0.380211 0.344157 0.381927 0.329630 0.380414 0.328407 0.380052 0.327125 0.380341 0.325324 0.380922 0.323014 0.379247 0.323287 0.376654 0.323736 0.374646 0.324181 0.372305 0.324773 0.367620 0.324773 0.365224 0.325269 0.364750 0.330889 0.364828 0.334968 0.362693 0.334264 0.361510 0.336667
3 0.504320 0.401583 0.506836 0.407083 0.513958 0.421759 0.514688 0.420120 0.515120 0.418491 0.515445 0.417528 0.516578 0.417625 0.518523 0.419931 0.519763 0.421273 0.520359 0.422042 0.521437 0.422907 0.522625 0.422907 0.524138 0.423000 0.524948 0.422713 0.524948 0.423866 0.524786 0.424731 0.524409 0.425977 0.523760 0.427704 0.523005 0.428856 0.522031 0.429528 0.521169 0.429241 0.520737 0.428856 0.519440 0.428856 0.517708 0.429352 0.526221 0.445005 0.525745 0.443069 0.524432 0.440185 0.523490 0.437500 0.529117 0.429963 0.530221 0.425296 0.530641 0.423958 0.530289 0.422755 0.530794 0.422370 0.532023 0.423009 0.533974 0.424940 0.534844 0.426481 0.534987 0.428153 0.535781 0.427764 0.536000 0.426352 0.535492 0.424556 0.534698 0.423269 0.533758 0.422625 0.532529 0.421727 0.531083 0.421083 0.531299 0.419926 0.531299 0.418898 0.531083 0.417486 0.526701 0.412616 0.525326 0.415394 0.515461 0.405843 0.527201 0.419833 0.526201 0.421611 0.513880 0.406389 0.500333 0.390620 0.511023 0.405120 0.507409 0.406148
3 0.497661 0.385139 0.498057 0.387097 0.498951 0.388671 0.497721 0.390727 0.499023 0.394199 0.504320 0.401583 0.503164 0.402861 0.495714 0.408815 0.495685 0.408940 0.489250 0.415491 0.484870 0.408148 0.487187 0.404537 0.494854 0.387731
3 0.424076 0.316921 0.426896 0.317449 0.428443 0.317792 0.431057 0.317963 0.432122 0.318310 0.433477 0.318995 0.434346 0.318481 0.435315 0.319343 0.436185 0.320718 0.435799 0.322611 0.435799 0.324157 0.436573 0.326394 0.437927 0.328116 0.438896 0.329148 0.439477 0.330009 0.440057 0.331898 0.440542 0.333449 0.441604 0.335171 0.442669 0.336718 0.443927 0.337750 0.445669 0.337750 0.446859 0.337116 0.439974 0.345417 0.438031 0.347856 0.433404 0.355694 0.432406 0.354384 0.430888 0.352454 0.429948 0.351296 0.429443 0.350657 0.432927 0.350194 0.432565 0.334384 0.430326 0.334384 0.423529 0.332713 0.412576 0.332472 0.413815 0.329403 0.415383 0.324986 0.415977 0.322394 0.413437 0.318648 0.414841 0.318361 0.418406 0.317880 0.421484 0.318074 0.423427 0.317787
3 0.483734 0.439037 0.484151 0.430560 0.476607 0.415921 0.472438 0.406838 0.474229 0.402819 0.473068 0.403162 0.469099 0.403505 0.463776 0.403333 0.459810 0.402477 0.457391 0.401616 0.456151 0.404282 0.454154 0.407259 0.452372 0.409944 0.450427 0.410616 0.449401 0.410907 0.449089 0.411019 0.450008 0.415273 0.459125 0.417801 0.458875 0.422111 0.451172 0.420370 0.455620 0.437093 0.472654 0.454690 0.473279 0.454134 0.474466 0.453690 0.475216 0.453579 0.476404 0.453912 0.478404 0.455468 0.481039 0.456968 0.472424 0.449236 0.464479 0.440315 0.465565 0.438676 0.469331 0.442843 0.473930 0.447602 0.471839 0.440611 0.473596 0.437639 0.476357 0.435407 0.481375 0.433028
2 0.524826 0.471588 0.525076 0.466264 0.526180 0.444921 0.517708 0.429352 0.513958 0.421759 0.506836 0.407083 0.504320 0.401583 0.503164 0.402861 0.495714 0.408815 0.495685 0.408940 0.489250 0.415491 0.484687 0.420157 0.484151 0.430560 0.483734 0.439037 0.483648 0.444093 0.487831 0.453162 0.489148 0.455690 0.490711 0.459579 0.494398 0.466907 0.503271 0.486125 0.505818 0.487130
10 0.393065 0.296884 0.396844 0.296745 0.403841 0.294301 0.405591 0.291968 0.405716 0.290634 0.406591 0.290190 0.407904 0.291968 0.415651 0.297079 0.417714 0.298301 0.416964 0.301301 0.414271 0.305509 0.412526 0.304074 0.411026 0.301523 0.406716 0.301079 0.399094 0.302745 0.398031 0.306963 0.397172 0.305468
5 0.451292 0.401097 0.453714 0.401616 0.457391 0.401616 0.459810 0.402477 0.463776 0.403333 0.469099 0.403505 0.473068 0.403162 0.474229 0.402819 0.475003 0.400236 0.476841 0.398347 0.477906 0.397139 0.478391 0.394560 0.479359 0.390949 0.480133 0.388884 0.481487 0.386301 0.483036 0.382171 0.485068 0.380106 0.486422 0.378218 0.486229 0.375977 0.483656 0.374019 0.482146 0.373278 0.479552 0.371935 0.477635 0.371644 0.476292 0.371644 0.473870 0.372829 0.471945 0.372986 0.470271 0.372986 0.468094 0.372694 0.465247 0.371491 0.463583 0.371194 0.461154 0.370458 0.460904 0.370458 0.459818 0.374171 0.457971 0.378181 0.456471 0.383532 0.454128 0.389486 0.451622 0.397227 0.450365 0.400051
2 0.345956 0.298755 0.339115 0.310972 0.353529 0.327532 0.361510 0.336667 0.362693 0.334264 0.364828 0.334968 0.364750 0.330889 0.365279 0.325370 0.360427 0.325370 0.357333 0.325815 0.354534 0.325014 0.352815 0.323287 0.352565 0.321356 0.352982 0.319569 0.352982 0.316449 0.353651 0.314514 0.352565 0.311690 0.352565 0.309606 0.352982 0.307676 0.352982 0.305296 0.352565 0.303213 0.351813 0.301282 0.350641 0.301282 0.348885 0.301130 0.347044 0.299792
8 0.361456 0.280787 0.358203 0.281481 0.355313 0.281296 0.351589 0.281250 0.345599 0.279259 0.336594 0.272708 0.328820 0.267181 0.323120 0.259347 0.321120 0.251065 0.319271 0.248009 0.320615 0.255463 0.321844 0.258806 0.323073 0.262532 0.327292 0.268102 0.337112 0.275704 0.344367 0.281231 0.351104 0.283764 0.354573 0.284181 0.357081 0.284773 0.360677 0.284329
2 0.332359 0.173407 0.341292 0.192662 0.342875 0.192380 0.344052 0.187884 0.344604 0.185074 0.337875 0.171296 0.337099 0.168764 0.335154 0.166690 0.333060 0.163000 0.332969 0.164102 0.332174 0.171296
10 0.288932 0.220000 0.280336 0.222894 0.267984 0.227157 0.266352 0.227069 0.264820 0.223801 0.263695 0.223347 0.263237 0.221625 0.267617 0.218565 0.277672 0.215120 0.286859 0.213120 0.287685 0.216162 0.287685 0.216162
10 0.341893 0.210431 0.348513 0.211213 0.357109 0.212269 0.366708 0.214301 0.373938 0.215583 0.375383 0.215583 0.390997 0.218926 0.410339 0.224491 0.410180 0.228079 0.409060 0.229273 0.410404 0.233255 0.408388 0.233454 0.407716 0.236639 0.407198 0.238356 0.407797 0.241023 0.408247 0.243954 0.407948 0.245551 0.406747 0.245819 0.406299 0.242352 0.405698 0.238088 0.399404 0.238088 0.399253 0.239954 0.398503 0.240755 0.397005 0.240755 0.396255 0.240486 0.395628 0.238944 0.378690 0.233954 0.377820 0.238083 0.375401 0.237394 0.374917 0.233264 0.361094 0.230833 0.358560 0.230685 0.358078 0.235671 0.356979 0.236491 0.355742 0.236449 0.353234 0.231394 0.348836 0.231227 0.348836 0.224824 0.348526 0.219227 0.347333 0.215241 0.345378 0.213630
8 0.243740 0.256505 0.251466 0.235208 0.258969 0.224657 0.267617 0.218565 0.277672 0.215120 0.286859 0.213120 0.286130 0.209713 0.281701 0.210722 0.267604 0.214907 0.255945 0.223861 0.248779 0.236403 0.241612 0.255111 0.242060 0.256505
5 0.297013 0.203889 0.288721 0.187306 0.294810 0.183389 0.308674 0.177398 0.311911 0.175097 0.316057 0.171644 0.321370 0.171644 0.331484 0.192037 0.343005 0.212407 0.357388 0.241662 0.371185 0.271329 0.373984 0.280079 0.374555 0.283259 0.376224 0.285444 0.376458 0.288046 0.372870 0.284847 0.369734 0.282472 0.366146 0.278491 0.361979 0.280648 0.359266 0.284731 0.335143 0.254995 0.306938 0.217222
5 0.357547 0.158755 0.356435 0.154731 0.355596 0.153046 0.355523 0.149398 0.359219 0.149204 0.362883 0.148806 0.362883 0.147792 0.358784 0.143718 0.358755 0.142060 0.361227 0.140282 0.364388 0.132481 0.363685 0.130005 0.362427 0.128514 0.362516 0.125519 0.365508 0.125852 0.372786 0.132907 0.378664 0.138218 0.384917 0.144190 0.389536 0.148009 0.395753 0.153481 0.403409 0.161954 0.415229 0.173750 0.423760 0.180292 0.433701 0.189894 0.442901 0.199713 0.447419 0.204171 0.447044 0.206278 0.448794 0.213167 0.449609 0.219051 0.456609 0.225056 0.455227 0.227278 0.454115 0.228287 0.453177 0.229907 0.451172 0.228051 0.449734 0.227046 0.447943 0.231296 0.446706 0.239412 0.439331 0.231185 0.439766 0.240181 0.440266 0.249509 0.434219 0.242505 0.424984 0.232806 0.411701 0.218213 0.396148 0.201894 0.379083 0.182597 0.362451 0.164551
5 0.384917 0.144190 0.377315 0.135782 0.371388 0.129644 0.368401 0.126907 0.368401 0.125662 0.370081 0.123171 0.374234 0.120435 0.375401 0.119190 0.376521 0.112801 0.377409 0.110560 0.381047 0.102597 0.383055 0.102264 0.383570 0.102500 0.384411 0.103250 0.410234 0.129417 0.441930 0.159255 0.468906 0.185454 0.466456 0.189551 0.466456 0.189551 0.465057 0.192620 0.463003 0.198014 0.461883 0.200171 0.461229 0.200088 0.460622 0.199009 0.459596 0.200333 0.460016 0.202412 0.458661 0.206560 0.456328 0.208051 0.456281 0.209546 0.454010 0.212546 0.447419 0.204171 0.442901 0.199713 0.433701 0.189894 0.423760 0.180292 0.415229 0.173750 0.403409 0.161954 0.395753 0.153481 0.389536 0.148009
5 0.464870 0.234852 0.462633 0.232213 0.459487 0.232356 0.457607 0.233384 0.456609 0.233602 0.453638 0.235727 0.452146 0.237019 0.450979 0.238903 0.451461 0.240102 0.462190 0.251861 0.474815 0.265917 0.494823 0.288435 0.498818 0.293671 0.507609 0.302417 0.525440 0.323931 0.533424 0.333111 0.534596 0.334616 0.535724 0.338417 0.535951 0.339593 0.531870 0.341514 0.530984 0.342181 0.531474 0.344005 0.539958 0.353324 0.541630 0.352431 0.541044 0.350500 0.541044 0.345296 0.543135 0.343958 0.546984 0.349014 0.548823 0.347676 0.548992 0.343065 0.552003 0.347676 0.554094 0.347227 0.554010 0.342917 0.556518 0.331167 0.559279 0.325815 0.562307 0.327806 0.563315 0.327157 0.562786 0.326019 0.559375 0.322639 0.557318 0.320694 0.553078 0.316412 0.551865 0.314755 0.550130 0.314398 0.547383 0.311681 0.544583 0.314171 0.542344 0.311602 0.540198 0.310602 0.538469 0.311185 0.536695 0.311269 0.514576 0.287454 0.489557 0.260986
5 0.451461 0.240102 0.449839 0.242657 0.446706 0.239412 0.439331 0.231185 0.439766 0.240181 0.440266 0.249509 0.440211 0.252102 0.437727 0.253926 0.434974 0.255463 0.433948 0.257000 0.436797 0.259120 0.445964 0.269815 0.464237 0.290875 0.480622 0.308231 0.488049 0.313931 0.500633 0.331287 0.511859 0.346162 0.517961 0.354032 0.521133 0.351491 0.526328 0.345542 0.531870 0.341514 0.535951 0.339593 0.535724 0.338417 0.534596 0.334616 0.533424 0.333111 0.525440 0.323931 0.507609 0.302417 0.498818 0.293671 0.494823 0.288435 0.474815 0.265917 0.462190 0.251861
