0 0.440943 0.037718 0.440349 0.031273 0.440026 0.026944 0.437589 0.022352 0.435888 0.016903 0.433599 0.016986 0.432693 0.012380 0.429971 0.005931 0.429073 0.000000 0.433979 0.000000 0.464565 0.000352 0.460552 0.006060 0.457742 0.018190 0.458143 0.024968 0.461755 0.036028 0.464365 0.046019 0.465771 0.052440 0.461180 0.056106 0.454284 0.056370 0.450086 0.051310 0.445440 0.048375
0 0.472794 0.000352 0.474799 0.010343 0.476005 0.022829 0.475201 0.030676 0.473797 0.033171 0.468982 0.043875 0.468526 0.050241 0.470174 0.057440 0.472872 0.067296 0.476406 0.074917 0.483831 0.082051 0.494466 0.075986 0.500286 0.061000 0.502695 0.041736 0.502091 0.029606 0.496674 0.024255 0.490654 0.021403 0.487042 0.000000 0.487042 0.000000 0.487042 0.000000
0 0.509919 0.040310 0.512294 0.039139 0.515909 0.033486 0.519451 0.025130 0.521589 0.007963 0.521763 0.005852 0.521477 0.000000 0.505956 0.000000 0.505956 0.000000 0.505956 0.000000 0.506708 0.010699 0.508513 0.027106 0.508313 0.034958
5 0.636003 0.456231 0.637578 0.464009 0.638891 0.469301 0.638628 0.473657 0.638690 0.476171 0.638607 0.478722 0.638714 0.486106 0.637839 0.487347 0.621997 0.485171 0.621385 0.486106 0.621471 0.488130 0.632500 0.490463 0.636701 0.490616 0.628125 0.498708 0.616047 0.491551 0.603617 0.483148 0.595008 0.473477 0.593474 0.474449 0.590719 0.475088 0.588138 0.473042 0.588211 0.472417 0.590560 0.471551 0.592253 0.471120 0.592891 0.471551 0.596224 0.470370 0.600651 0.468611 0.602578 0.467639 0.604583 0.466806 0.607068 0.466690 0.612130 0.464171 0.615937 0.462824 0.619320 0.461648 0.631508 0.456866 0.635482 0.455750
5 0.683596 0.553944 0.687151 0.556097 0.685336 0.561208 0.681932 0.568606 0.683141 0.573713 0.684503 0.578153 0.683823 0.586491 0.687529 0.589181 0.691008 0.581111 0.693505 0.568875 0.694943 0.556634 0.696229 0.543593 0.697370 0.533796 0.695169 0.531755 0.693128 0.535255 0.691083 0.536463 0.691464 0.537810 0.689419 0.539153 0.689419 0.541440 0.689344 0.544667
5 0.441464 0.353847 0.441984 0.350708 0.441984 0.350708 0.442542 0.349968 0.446497 0.353583 0.450904 0.358403 0.453617 0.364028 0.453909 0.365671 0.458721 0.373454 0.467211 0.373296 0.474477 0.373764 0.471982 0.375981 0.470398 0.375481 0.468138 0.376588 0.467742 0.378394 0.466443 0.379199 0.462714 0.381606 0.458081 0.383014 0.454409 0.384222 0.452995 0.384120 0.445857 0.378972 0.445844 0.376977 0.445385 0.373722
8 0.440026 0.026944 0.422724 0.024671 0.402568 0.019917 0.399138 0.018426 0.398469 0.022741 0.407503 0.025120 0.417539 0.027796 0.425820 0.029431 0.435940 0.030620 0.440349 0.031273
5 0.521589 0.007963 0.533359 0.008796 0.540268 0.010208 0.541714 0.012366 0.543862 0.018421 0.543440 0.019667 0.542880 0.019667 0.543487 0.022819 0.545076 0.027880 0.545120 0.032194 0.545727 0.035514 0.549880 0.051361 0.551375 0.055426 0.553755 0.072023 0.561875 0.070361 0.557396 0.081148 0.556508 0.084468 0.552401 0.087287 0.535039 0.079736 0.533398 0.080620 0.536208 0.076343 0.537812 0.069921 0.534602 0.066708 0.533799 0.060644 0.536609 0.060287 0.537010 0.057792 0.531391 0.051370 0.521156 0.046019 0.509919 0.040310 0.512294 0.039139 0.515909 0.033486 0.519451 0.025130
5 0.475570 0.113667 0.470924 0.194949 0.475870 0.197079 0.491310 0.199477 0.498055 0.101676 0.486716 0.113537
5 0.471500 0.356491 0.467911 0.353690 0.463799 0.350889 0.457497 0.347310 0.455396 0.358514 0.453909 0.365671 0.458721 0.373454 0.467211 0.373296 0.474477 0.373764 0.475003 0.377343 0.473602 0.384343 0.476839 0.384190 0.481107 0.382458 0.483216 0.370583 0.483919 0.366833 0.478151 0.362560
5 0.488958 0.326838 0.485591 0.321329 0.482091 0.315102 0.480779 0.317903 0.479641 0.321639 0.478065 0.329417 0.477802 0.333620 0.476490 0.338907 0.475177 0.344977 0.472112 0.354468 0.471500 0.356491 0.478151 0.362560 0.483919 0.366833 0.484388 0.363083 0.486029 0.350171 0.487904 0.347255 0.488490 0.337880
11 0.499698 0.343241 0.499737 0.310176 0.498448 0.273097 0.483919 0.271847 0.486263 0.284972 0.487904 0.295593 0.487786 0.308301 0.488958 0.326838 0.488490 0.337880 0.487904 0.347255 0.486029 0.350171 0.484388 0.363083 0.483919 0.366833 0.483216 0.370583 0.481107 0.382458 0.479323 0.396389 0.478997 0.398287 0.478646 0.401204 0.497221 0.414208 0.498659 0.394440 0.499070 0.375866
14 0.576320 0.434597 0.574727 0.431824 0.574844 0.428699 0.568768 0.419380 0.557831 0.407856 0.548414 0.397954 0.541919 0.395162 0.540630 0.400162 0.537701 0.404954 0.535474 0.409954 0.534068 0.413495 0.531958 0.413912 0.527039 0.411412 0.524695 0.411829 0.525516 0.417241 0.526570 0.420782 0.524695 0.423074 0.518133 0.421407 0.514617 0.420782 0.512977 0.422032 0.512159 0.424532 0.525867 0.433282 0.555563 0.452755 0.559721 0.448995 0.567857 0.442120
2 0.619320 0.461648 0.621214 0.458657 0.622839 0.454722 0.623073 0.451204 0.623021 0.448935 0.622734 0.446991 0.622917 0.444907 0.622625 0.440273 0.621328 0.436852 0.619630 0.434449 0.618219 0.432338 0.616068 0.433056 0.613359 0.432440 0.608776 0.433148 0.604609 0.433565 0.601776 0.434046 0.601154 0.434546 0.602057 0.437764 0.602792 0.438667 0.602904 0.442282 0.602792 0.443991 0.601888 0.445398 0.598836 0.446500 0.597141 0.447907 0.596464 0.448208 0.596576 0.450620 0.599401 0.451222 0.603299 0.453032 0.609969 0.457051 0.613979 0.460065 0.615937 0.462824
5 0.683766 0.509185 0.679018 0.506023 0.674844 0.505509 0.670302 0.504588 0.662951 0.502722 0.655125 0.500106 0.649523 0.499176 0.648122 0.499796 0.647599 0.500731 0.646635 0.499954 0.645935 0.499954 0.645935 0.501042 0.646461 0.502130 0.646023 0.502597 0.644797 0.502444 0.644273 0.503532 0.643747 0.504468 0.643747 0.508509 0.647599 0.511157 0.649875 0.512556 0.651711 0.517847 0.658365 0.537454 0.665531 0.557060 0.666380 0.536852 0.667677 0.523810 0.669826 0.526023 0.668865 0.538681 0.667112 0.560477 0.668193 0.563356 0.673919 0.563681 0.679464 0.562838 0.679609 0.561620 0.678721 0.560037 0.683596 0.553944 0.689344 0.544667 0.689419 0.541440 0.689419 0.539153 0.691464 0.537810 0.691083 0.536463 0.693128 0.535255 0.691273 0.533250 0.690135 0.533097 0.687771 0.526718 0.687042 0.524556 0.685630 0.523148 0.684331 0.518528 0.683482 0.510593
5 0.467911 0.353690 0.467737 0.347468 0.468438 0.341866 0.466424 0.338907 0.463010 0.339532 0.460471 0.340310 0.458896 0.336421 0.457760 0.333463 0.456708 0.334083 0.456359 0.337042 0.457060 0.343264 0.457583 0.343579 0.458372 0.341866 0.459159 0.342644 0.459073 0.346222 0.459685 0.347778 0.460909 0.347000 0.461872 0.346380 0.463185 0.346690 0.463750 0.350880
5 0.441984 0.350708 0.442268 0.344199 0.442531 0.332685 0.441568 0.328486 0.438943 0.327241 0.435966 0.327394 0.431065 0.329574 0.429664 0.332065 0.430628 0.335486 0.431852 0.342176 0.430276 0.338755 0.428526 0.334708 0.427039 0.337819 0.425464 0.341556 0.423888 0.345602 0.421701 0.350736 0.423799 0.351667 0.428438 0.352444 0.432026 0.352912 0.437190 0.353380 0.440078 0.354157 0.437716 0.342023 0.438417 0.340620 0.439466 0.342176 0.440341 0.346380 0.441464 0.353847
5 0.472872 0.067296 0.476406 0.074917 0.483831 0.082051 0.494466 0.075986 0.500286 0.061000 0.502695 0.041736 0.502091 0.029606 0.496674 0.024255 0.490654 0.021403 0.487042 0.000000 0.505956 -0.000000 0.506708 0.010699 0.508513 0.027106 0.508313 0.034958 0.509919 0.040310 0.521156 0.046019 0.531391 0.051370 0.537010 0.057792 0.536609 0.060287 0.533799 0.060644 0.534602 0.066708 0.537812 0.069921 0.536208 0.076343 0.533398 0.080620 0.527779 0.080620 0.523365 0.079907 0.519687 0.085324 0.511427 0.089750 0.510242 0.091977 0.506451 0.095546 0.498055 0.101676 0.486716 0.113537 0.475570 0.113667 0.472422 0.113134 0.472422 0.104875 0.475721 0.100875 0.475120 0.099542 0.472573 0.098477 0.473471 0.086750
5 0.468526 0.050241 0.468982 0.043875 0.473797 0.033171 0.475201 0.030676 0.476005 0.022829 0.474799 0.010343 0.472794 0.000352 0.464565 0.000352 0.460552 0.006060 0.457742 0.018190 0.458143 0.024968 0.461755 0.036028 0.464365 0.046019 0.465771 0.052440
3 0.510242 0.091977 0.506451 0.095546 0.498055 0.101676 0.491310 0.199477 0.475870 0.197079 0.470924 0.194949 0.475570 0.113667 0.472422 0.113134 0.472422 0.104875 0.475721 0.100875 0.475120 0.099542 0.472573 0.098477 0.473471 0.086750 0.472872 0.067296 0.470174 0.057440 0.468526 0.050241 0.461180 0.056106 0.454284 0.056370 0.450086 0.051310 0.445440 0.048375 0.440943 0.037718 0.412461 0.068630 0.394023 0.090750 0.396422 0.097676 0.424003 0.167500 0.466427 0.276227 0.508250 0.232792 0.526029 0.213657 0.524497 0.186528 0.517677 0.138347
1 0.509794 0.286463 0.510841 0.288861 0.523734 0.252884 0.528380 0.238227 0.528146 0.211519 0.525823 0.184278 0.524661 0.167764 0.520948 0.144648 0.515375 0.110389 0.511427 0.089750 0.510242 0.091977 0.517677 0.138347 0.524497 0.186528 0.526029 0.213657 0.526508 0.233963 0.523703 0.244810
3 0.519687 0.085324 0.553516 0.184815 0.528146 0.211519 0.525823 0.184278 0.524661 0.167764 0.520948 0.144648 0.515375 0.110389 0.511427 0.089750
13 0.405547 0.284491 0.405745 0.319986 0.391276 0.338278 0.365328 0.319454 0.323190 0.284301 0.337159 0.269282 0.360997 0.242963 0.366482 0.248625 0.366409 0.254532
2 0.423208 0.295097 0.432557 0.282681 0.434146 0.242968 0.410724 0.224847 0.379495 0.200431 0.377326 0.204542 0.372771 0.209681 0.367206 0.214310 0.366482 0.248625 0.366409 0.254532 0.405547 0.284491 0.422167 0.296231
15 0.375521 0.307546 0.388917 0.307259 0.389083 0.319153 0.365328 0.319454 0.364576 0.317815 0.372354 0.310083
5 0.668193 0.563356 0.670893 0.570991 0.677500 0.573074 0.675745 0.583185 0.683823 0.586491 0.684503 0.578153 0.683141 0.573713 0.681932 0.568606 0.679609 0.561620 0.679464 0.562838 0.673919 0.563681
5 0.509424 0.363319 0.521880 0.348718 0.525664 0.359069 0.529445 0.371176 0.529672 0.374403 0.527789 0.379875 0.512977 0.422032 0.512159 0.424532 0.497221 0.414208 0.498659 0.394440 0.499070 0.375866
5 0.520523 0.403412 0.528023 0.404245 0.531654 0.403204 0.535638 0.395287 0.536224 0.388204 0.537747 0.382583 0.534701 0.382375 0.533529 0.382375 0.530016 0.381125 0.527789 0.379875 0.526380 0.384213 0.523570 0.392579
5 0.575125 0.459361 0.575125 0.459361 0.579599 0.464014 0.584370 0.467843 0.588083 0.470843 0.588211 0.472417 0.588138 0.473042 0.586253 0.472356 0.578307 0.467264 0.570320 0.461958 0.566424 0.459171 0.564911 0.458593 0.562427 0.456866 0.560312 0.455648 0.556745 0.454273 0.557831 0.453361 0.562591 0.448593 0.567448 0.444889 0.568495 0.443690 0.568987 0.443093 0.569792 0.443690 0.570104 0.444338 0.570833 0.444338 0.571719 0.445310 0.573242 0.444810 0.574310 0.445366 0.575651 0.445773 0.577776 0.445782 0.581112 0.447060 0.583857 0.448458 0.585964 0.449847 0.589688 0.451977 0.593411 0.453782 0.594479 0.453935 0.593568 0.455403 0.590924 0.458856 0.589286 0.462171 0.588495 0.463880 0.587760 0.465588 0.587875 0.467495 0.588083 0.468519 0.582469 0.464389 0.576010 0.458537 0.574745 0.458389
5 0.670302 0.504588 0.670302 0.504588 0.674844 0.505509 0.668953 0.501120 0.656479 0.491620 0.648810 0.484801 0.648326 0.486051 0.650971 0.489028 0.647714 0.490000 0.645961 0.491505 0.643815 0.496829 0.643747 0.504468 0.644273 0.503532 0.644797 0.502444 0.646023 0.502597 0.646461 0.502130 0.645935 0.501042 0.645935 0.499954 0.646635 0.499954 0.647599 0.500731 0.648122 0.499796 0.649523 0.499176 0.655125 0.500106 0.662951 0.502722
3 0.697370 0.533796 0.703333 0.526898 0.708247 0.520065 0.713448 0.513032 0.716328 0.516648 0.711229 0.537139 0.708253 0.545542 0.695385 0.575417 0.688471 0.590977 0.687529 0.589181 0.691008 0.581111 0.693505 0.568875 0.694943 0.556634 0.696229 0.543593
5 0.703333 0.526898 0.699305 0.527468 0.695349 0.526968 0.694615 0.528574 0.692805 0.527972 0.692185 0.527366 0.691562 0.528171 0.690771 0.527366 0.691505 0.525963 0.687042 0.524556 0.685630 0.523148 0.684331 0.518528 0.683482 0.510593 0.683766 0.509185 0.686081 0.501750 0.687370 0.498333 0.685685 0.495926 0.686419 0.494019 0.689818 0.493935 0.691953 0.495741 0.693828 0.497546 0.695286 0.500324 0.696823 0.502870 0.698854 0.504769 0.701562 0.508796 0.705068 0.514208 0.708247 0.520065
6 0.585906 0.441356 0.577776 0.445782 0.581112 0.447060 0.583857 0.448458 0.587323 0.447176 0.602792 0.438667 0.602057 0.437764 0.601154 0.434546 0.600898 0.434065
5 0.596576 0.450620 0.594479 0.453935 0.595430 0.461472 0.596224 0.470370 0.600651 0.468611 0.602578 0.467639 0.604583 0.466806 0.607068 0.466690 0.612130 0.464171 0.615937 0.462824 0.613979 0.460065 0.609969 0.457051 0.603299 0.453032 0.599401 0.451222
1 0.568768 0.419380 0.557831 0.407856 0.548414 0.397954 0.550641 0.395796 0.560565 0.406417 0.572109 0.418477 0.579187 0.425662 0.589870 0.436250 0.587266 0.437546
5 0.512977 0.422032 0.516091 0.413597 0.520523 0.403412 0.528023 0.404245 0.531654 0.403204 0.535638 0.395287 0.536224 0.388204 0.537747 0.382583 0.541815 0.384875 0.545266 0.385431 0.549500 0.384597 0.547305 0.389616 0.546992 0.392963 0.548414 0.397954 0.541919 0.395162 0.540630 0.400162 0.537701 0.404954 0.535474 0.409954 0.534068 0.413495 0.531958 0.413912 0.527039 0.411412 0.524695 0.411829 0.525516 0.417241 0.526570 0.420782 0.524695 0.423074 0.518133 0.421407 0.514617 0.420782
5 0.509424 0.363319 0.506914 0.356347 0.505659 0.342681 0.502521 0.343241 0.499698 0.343241 0.499070 0.375866
5 0.297013 0.203889 0.288721 0.187306 0.294810 0.183389 0.308674 0.177398 0.311911 0.175097 0.316057 0.171644 0.321370 0.171644 0.331484 0.192037 0.343005 0.212407 0.357388 0.241662 0.371185 0.271329 0.373984 0.280079 0.374555 0.283259 0.376224 0.285444 0.376458 0.288046 0.372870 0.284847 0.369734 0.282472 0.366146 0.278491 0.361979 0.280648 0.359266 0.284731 0.335143 0.254995 0.306938 0.217222
5 0.357547 0.158755 0.356435 0.154731 0.355596 0.153046 0.355523 0.149398 0.359219 0.149204 0.362883 0.148806 0.362883 0.147792 0.358784 0.143718 0.358755 0.142060 0.361227 0.140282 0.364388 0.132481 0.363685 0.130005 0.362427 0.128514 0.362516 0.125519 0.365508 0.125852 0.372786 0.132907 0.378664 0.138218 0.384917 0.144190 0.389536 0.148009 0.395753 0.153481 0.403409 0.161954 0.415229 0.173750 0.423760 0.180292 0.433701 0.189894 0.442901 0.199713 0.447419 0.204171 0.447044 0.206278 0.448794 0.213167 0.449609 0.219051 0.456609 0.225056 0.455227 0.227278 0.454115 0.228287 0.453177 0.229907 0.451172 0.228051 0.449734 0.227046 0.447943 0.231296 0.446706 0.239412 0.439331 0.231185 0.439766 0.240181 0.440266 0.249509 0.434219 0.242505 0.424984 0.232806 0.411701 0.218213 0.396148 0.201894 0.379083 0.182597 0.362451 0.164551
5 0.384917 0.144190 0.377315 0.135782 0.371388 0.129644 0.368401 0.126907 0.368401 0.125662 0.370081 0.123171 0.374234 0.120435 0.375401 0.119190 0.376521 0.112801 0.377409 0.110560 0.381047 0.102597 0.383055 0.102264 0.383570 0.102500 0.384411 0.103250 0.410234 0.129417 0.441930 0.159255 0.468906 0.185454 0.466456 0.189551 0.466456 0.189551 0.465057 0.192620 0.463003 0.198014 0.461883 0.200171 0.461229 0.200088 0.460622 0.199009 0.459596 0.200333 0.460016 0.202412 0.458661 0.206560 0.456328 0.208051 0.456281 0.209546 0.454010 0.212546 0.447419 0.204171 0.442901 0.199713 0.433701 0.189894 0.423760 0.180292 0.415229 0.173750 0.403409 0.161954 0.395753 0.153481 0.389536 0.148009
5 0.464870 0.234852 0.462633 0.232213 0.459487 0.232356 0.457607 0.233384 0.456609 0.233602 0.453638 0.235727 0.452146 0.237019 0.450979 0.238903 0.451461 0.240102 0.462190 0.251861 0.474815 0.265917 0.494823 0.288435 0.498818 0.293671 0.507609 0.302417 0.525440 0.323931 0.533424 0.333111 0.534596 0.334616 0.535724 0.338417 0.535951 0.339593 0.531870 0.341514 0.530984 0.342181 0.531474 0.344005 0.539958 0.353324 0.541630 0.352431 0.541044 0.350500 0.541044 0.345296 0.543135 0.343958 0.546984 0.349014 0.548823 0.347676 0.548992 0.343065 0.552003 0.347676 0.554094 0.347227 0.554010 0.342917 0.556518 0.331167 0.559279 0.325815 0.562307 0.327806 0.563315 0.327157 0.562786 0.326019 0.559375 0.322639 0.557318 0.320694 0.553078 0.316412 0.551865 0.314755 0.550130 0.314398 0.547383 0.311681 0.544583 0.314171 0.542344 0.311602 0.540198 0.310602 0.538469 0.311185 0.536695 0.311269 0.514576 0.287454 0.489557 0.260986
5 0.451461 0.240102 0.449839 0.242657 0.446706 0.239412 0.439331 0.231185 0.439766 0.240181 0.440266 0.249509 0.440211 0.252102 0.437727 0.253926 0.434974 0.255463 0.433948 0.257000 0.436797 0.259120 0.445964 0.269815 0.464237 0.290875 0.480622 0.308231 0.488049 0.313931 0.500633 0.331287 0.511859 0.346162 0.517961 0.354032 0.521133 0.351491 0.526328 0.345542 0.531870 0.341514 0.535951 0.339593 0.535724 0.338417 0.534596 0.334616 0.533424 0.333111 0.525440 0.323931 0.507609 0.302417 0.498818 0.293671 0.494823 0.288435 0.474815 0.265917 0.462190 0.251861
