0 0.946383 1.000000 0.948086 0.990593 0.950161 0.979926 0.955583 0.976644 0.964352 0.976236 0.975195 0.977671 0.979349 0.982389 0.983964 0.993667 0.984836 1.000000
2 0.554466 0.593181 0.551409 0.594782 0.549247 0.595903 0.549159 0.598139 0.549518 0.599898 0.549969 0.601657 0.549609 0.603259 0.547630 0.603579 0.546549 0.605019 0.545648 0.605657 0.544120 0.605338 0.542500 0.603579 0.542049 0.598940 0.541060 0.589824 0.541060 0.584222 0.536753 0.577222 0.537583 0.574634 0.539146 0.575185 0.541956 0.574079 0.546120 0.571116 0.552471 0.565750 0.553409 0.564454 0.554555 0.562972 0.556219 0.563898 0.557990 0.563713 0.559172 0.564056 0.561607 0.563606 0.562865 0.563009 0.561938 0.565727 0.560849 0.567250 0.559917 0.570565 0.559294 0.573056 0.558904 0.574301 0.557971 0.577065 0.558206 0.578861 0.557076 0.578625 0.556177 0.578625 0.555906 0.579106 0.555276 0.581023 0.554737 0.581662 0.554378 0.581662 0.552578 0.581343 0.551768 0.581343 0.550419 0.581343 0.549609 0.582306 0.549339 0.585023 0.549698 0.586625 0.551138 0.588542 0.551948 0.589981 0.553388 0.591903
2 0.509578 0.302282 0.513760 0.300838 0.515560 0.299083 0.516375 0.296708 0.516391 0.294963 0.514221 0.287329 0.513586 0.284315 0.512307 0.284625 0.509984 0.285759 0.506383 0.286898 0.504117 0.288032 0.501969 0.289065 0.496740 0.292472 0.493719 0.293921 0.492034 0.294644 0.489536 0.293921 0.489013 0.293921 0.488432 0.298361 0.488026 0.300940 0.487969 0.302593 0.491164 0.306106 0.492674 0.308481 0.493604 0.310755 0.493951 0.312509 0.494299 0.315296 0.494823 0.316227 0.495927 0.316639 0.496622 0.315194 0.497495 0.310444 0.497669 0.304866 0.496857 0.303625 0.496622 0.302593 0.496216 0.300426 0.503594 0.296398 0.505047 0.297532 0.506383 0.297639 0.508010 0.298153 0.508648 0.300116
2 0.527622 0.273653 0.530581 0.271264 0.531117 0.265407 0.531385 0.257880 0.530513 0.256329 0.525807 0.251907 0.524732 0.253458 0.515391 0.265884 0.515188 0.269708 0.515523 0.278194 0.518146 0.281778 0.518214 0.284046 0.519422 0.282134 0.523523 0.278310
2 0.532453 0.272852 0.529505 0.273292 0.527622 0.273653 0.523523 0.278310 0.519422 0.282134 0.518214 0.284046 0.518010 0.285602 0.518346 0.287750 0.519758 0.288347 0.521169 0.288347 0.524260 0.280463 0.525943 0.278671 0.537099 0.290259 0.539250 0.290023 0.540057 0.275444 0.538609 0.275227 0.534836 0.276671 0.532859 0.275435
2 0.544828 0.272097 0.544594 0.248685 0.544419 0.246727 0.542966 0.244042 0.536344 0.245588 0.532396 0.246417 0.531755 0.248380 0.532453 0.272852 0.532859 0.275435 0.534836 0.276671 0.538609 0.275227 0.540057 0.275444 0.542206 0.274847 0.543753 0.274847 0.544560 0.273894
2 0.529781 0.446037 0.535357 0.439634 0.536578 0.438806 0.537391 0.439736 0.538146 0.442319 0.538320 0.442731 0.538495 0.443556 0.538495 0.445829 0.537740 0.448722 0.537448 0.455019 0.535182 0.457500 0.531406 0.462352 0.530362 0.461630 0.530479 0.459255 0.529956 0.451407
2 0.521125 0.443662 0.520021 0.445727 0.518221 0.453986 0.521648 0.456361 0.524612 0.457292 0.527341 0.459458 0.530362 0.461630 0.530479 0.459255 0.529956 0.451407 0.529781 0.446037 0.529664 0.441903 0.529026 0.437773 0.528503 0.437463 0.523276 0.441491
2 0.527690 0.426713 0.525367 0.425278 0.523451 0.424347 0.521706 0.423833 0.521010 0.425690 0.520836 0.430856 0.520836 0.437773 0.521125 0.443662 0.523276 0.441491 0.528503 0.437463 0.529026 0.437773 0.529664 0.441903 0.529781 0.446037 0.535357 0.439634 0.536578 0.438806 0.537391 0.439736 0.538146 0.442319 0.538320 0.442731 0.538495 0.443556 0.538495 0.445829 0.537740 0.448722 0.537448 0.455019 0.535182 0.457500 0.531406 0.462352 0.533091 0.463074 0.534672 0.464014 0.534667 0.462690 0.536531 0.460338 0.539242 0.453347 0.543477 0.444745 0.544016 0.441875 0.544352 0.438769 0.544352 0.435546 0.536831 0.431731
2 0.526586 0.352782 0.524234 0.355644 0.519826 0.361241 0.519557 0.363162 0.519557 0.366361 0.525034 0.367042 0.524328 0.376412 0.533872 0.368884 0.536591 0.366181 0.539398 0.364056 0.546523 0.358968 0.533974 0.357731 0.530607 0.350708 0.529792 0.349986 0.527516 0.351852
2 0.539398 0.364056 0.536628 0.366255 0.533872 0.368884 0.524328 0.376412 0.521708 0.378560 0.521169 0.380352 0.520094 0.385852 0.519625 0.388718 0.519354 0.390509 0.519625 0.393139 0.518953 0.395287 0.518146 0.396366 0.517742 0.397560 0.517474 0.399111 0.517607 0.400069 0.518542 0.401394 0.519953 0.401755 0.523987 0.406056 0.527018 0.409032 0.530102 0.409759 0.531044 0.409759 0.537362 0.410597 0.544484 0.410713 0.549734 0.384176 0.550878 0.383458 0.545648 0.375046 0.541818 0.368356
2 0.569497 0.376773 0.568904 0.378870 0.567076 0.383222 0.552693 0.383458 0.550878 0.383458 0.545648 0.375046 0.541818 0.368356 0.539398 0.364056 0.546523 0.358968 0.553260 0.353185 0.553701 0.352097 0.554932 0.351968 0.555951 0.350611 0.557971 0.348537 0.560227 0.347292 0.561237 0.349505 0.562872 0.354907 0.565833 0.365620 0.567138 0.370972 0.569047 0.376773
2 0.570031 0.383343 0.567076 0.383222 0.552693 0.383458 0.550878 0.383458 0.549734 0.384176 0.544484 0.410713 0.543208 0.418241 0.542341 0.422412 0.538039 0.422056 0.537839 0.424083 0.541669 0.424444 0.541198 0.426356 0.540594 0.427074 0.541997 0.427421 0.544352 0.427657 0.545964 0.428134 0.548115 0.429329 0.553477 0.429065 0.556656 0.429463 0.558427 0.428745 0.560945 0.429065 0.564005 0.428264 0.565354 0.426185 0.565266 0.422667 0.565714 0.418986 0.568323 0.402671 0.569492 0.392755 0.570302 0.389875 0.571443 0.384773 0.571042 0.383458
2 0.572102 0.396111 0.570302 0.389875 0.571443 0.384773 0.571042 0.383458 0.570031 0.383343 0.571807 0.379005 0.572208 0.379898 0.573013 0.379898 0.573615 0.379722 0.574068 0.379366 0.574870 0.378472 0.575273 0.377398 0.575622 0.375704 0.575826 0.373829 0.576484 0.372301 0.576833 0.373435 0.577182 0.373125 0.577820 0.372301 0.582583 0.358981 0.584617 0.356694 0.586565 0.354782 0.587576 0.354903 0.587977 0.356097 0.587977 0.357769 0.586633 0.360519 0.585221 0.362431 0.584617 0.367926 0.583878 0.374856 0.583799 0.378676 0.581820 0.387634 0.580831 0.390514 0.579299 0.395310 0.578042 0.394671 0.576872 0.394671
2 0.576484 0.372301 0.575826 0.373829 0.575622 0.375704 0.575273 0.377398 0.574870 0.378472 0.574068 0.379366 0.573615 0.379722 0.573013 0.379898 0.572208 0.379898 0.571807 0.379005 0.571557 0.378204 0.571005 0.376241 0.570604 0.374634 0.570000 0.372579 0.570000 0.370528 0.570401 0.367046 0.570654 0.363120 0.573000 0.352681 0.574685 0.347931 0.575729 0.347412 0.580841 0.352269 0.580609 0.355056 0.580667 0.361356 0.578227 0.364968 0.576716 0.368995 0.576427 0.371269
2 0.580135 0.330704 0.580841 0.329444 0.582234 0.328616 0.582758 0.328514 0.583398 0.328514 0.583805 0.329653 0.583630 0.330579 0.582469 0.331611 0.581771 0.332130 0.581479 0.332852 0.581365 0.333676 0.581888 0.335329 0.582701 0.339565 0.584211 0.347931 0.584560 0.351958 0.583281 0.355366 0.582815 0.356912 0.582583 0.358981 0.577820 0.372301 0.577182 0.373125 0.576833 0.373435 0.576484 0.372301 0.576427 0.371269 0.576716 0.368995 0.578227 0.364968 0.580667 0.361356 0.580609 0.355056 0.580841 0.352269 0.575729 0.347412 0.574685 0.347931 0.573000 0.352681 0.569339 0.347722 0.568526 0.347208 0.567305 0.347292 0.570258 0.343148 0.578503 0.332778
2 0.553260 0.353185 0.553029 0.351019 0.552029 0.346792 0.550169 0.347412 0.544651 0.347824 0.541398 0.344213 0.540063 0.342458 0.533383 0.337088 0.531234 0.344523 0.530013 0.343694 0.527516 0.351852 0.529792 0.349986 0.530607 0.350708 0.533974 0.357731 0.546523 0.358968
2 0.553409 0.338042 0.553016 0.336880 0.552146 0.336778 0.551216 0.336981 0.548719 0.337810 0.547383 0.338736 0.541049 0.336880 0.533208 0.335329 0.529896 0.332750 0.530130 0.336468 0.527979 0.337088 0.526760 0.337810 0.525831 0.338431 0.525714 0.340185 0.526586 0.352782 0.527516 0.351852 0.530013 0.343694 0.531234 0.344523 0.533383 0.337088 0.540063 0.342458 0.541398 0.344213 0.544651 0.347824 0.550169 0.347412 0.552029 0.346792 0.553596 0.346690
2 0.577130 0.320574 0.580135 0.330704 0.578503 0.332778 0.570258 0.343148 0.567305 0.347292 0.562482 0.348954 0.561237 0.349505 0.560227 0.347292 0.561628 0.346463 0.559995 0.339273 0.560539 0.334991 0.575234 0.320333
2 0.554372 0.320250 0.554318 0.323653 0.554862 0.329046 0.555513 0.335338 0.556094 0.341523 0.555875 0.345907 0.555951 0.350611 0.557971 0.348537 0.560227 0.347292 0.561628 0.346463 0.559995 0.339273 0.560539 0.334991 0.575234 0.320333 0.577130 0.320574 0.575266 0.312866 0.573237 0.311708 0.571930 0.310032 0.570625 0.307968 0.569971 0.306292 0.568885 0.306292 0.567143 0.306292 0.566201 0.306806 0.564607 0.307065 0.562794 0.307065 0.561052 0.308097 0.560690 0.308356 0.560086 0.310213 0.556523 0.313921 0.555112 0.317384
2 0.550208 0.310185 0.544594 0.307032 0.542503 0.306519 0.541747 0.307861 0.540120 0.305690 0.535997 0.303523 0.533672 0.301769 0.530943 0.299495 0.529839 0.303009 0.526935 0.318083 0.526760 0.319736 0.525542 0.325727 0.525133 0.329134 0.525948 0.330167 0.529896 0.332750 0.533208 0.335329 0.541049 0.336880 0.547383 0.338736 0.549068 0.329755 0.549823 0.322630 0.550578 0.321907 0.551622 0.320977 0.552669 0.320148 0.553701 0.319176 0.552760 0.315949 0.551414 0.311889
2 0.548055 0.295639 0.546104 0.298866 0.545568 0.300657 0.545568 0.301972 0.550208 0.310185 0.551414 0.311889 0.552760 0.315949 0.553701 0.319176 0.554372 0.320250 0.555112 0.317384 0.556523 0.313921 0.560086 0.310213 0.560690 0.308356 0.557862 0.303843 0.553161 0.296713 0.551414 0.294444 0.549534 0.292292
2 0.561560 0.286440 0.561430 0.287750 0.550406 0.288708 0.547852 0.289546 0.543685 0.281301 0.543753 0.274847 0.542206 0.274847 0.540057 0.275444 0.539250 0.290023 0.539047 0.292889 0.541333 0.295995 0.548055 0.295639 0.549534 0.292292 0.551414 0.294444 0.553161 0.296713 0.557862 0.303843 0.558297 0.300875 0.564823 0.305389 0.565404 0.304745 0.565911 0.302810 0.566130 0.301264 0.566273 0.299588 0.566638 0.297653 0.566708 0.295463 0.566708 0.292495 0.566708 0.290046 0.566565 0.288370 0.564680 0.287597
2 0.562286 0.279991 0.562237 0.277356 0.557263 0.270185 0.555448 0.269588 0.546979 0.271144 0.544828 0.272097 0.544560 0.273894 0.543753 0.274847 0.543685 0.281301 0.547852 0.289546 0.550406 0.288708 0.561430 0.287750 0.561560 0.286440
2 0.484490 0.728301 0.491570 0.734963 0.492612 0.739778 0.492349 0.743019 0.492216 0.746361 0.487846 0.747319 0.486839 0.747319 0.485898 0.747440 0.485091 0.747676 0.484151 0.747319 0.483948 0.744569 0.483138 0.742551 0.481159 0.737926 0.480638 0.728671
2 0.486810 0.402569 0.487312 0.399537 0.492635 0.395519 0.498961 0.390611 0.502023 0.387486 0.502826 0.389986 0.502927 0.399894 0.502625 0.405338 0.502826 0.406407 0.502977 0.408194 0.502826 0.408907 0.503578 0.410870 0.504091 0.413343 0.505034 0.423856 0.505888 0.429435 0.505385 0.431042 0.501948 0.436287 0.491227 0.449981 0.489802 0.448722 0.488195 0.445333 0.485836 0.441403 0.483828 0.438907 0.486859 0.439255 0.487263 0.439880 0.488568 0.439519 0.491380 0.437736 0.494240 0.433718 0.495898 0.428097 0.496852 0.422204 0.496953 0.416495 0.496398 0.412745 0.495143 0.408282 0.492484 0.405069 0.489221 0.402569
2 0.477201 0.436407 0.471898 0.425778 0.471750 0.423097 0.476719 0.413370 0.478023 0.413282 0.479479 0.415421 0.486810 0.428991 0.487414 0.431847 0.487263 0.437912 0.486859 0.439255 0.483828 0.438907 0.481771 0.441759 0.480164 0.441134 0.478909 0.438903
2 0.500492 0.455907 0.501125 0.457477 0.501125 0.460245 0.501513 0.468537 0.502526 0.479046 0.502604 0.485542 0.504935 0.487343 0.506646 0.488444 0.508047 0.490380 0.506180 0.494116 0.505870 0.495773 0.505557 0.498398 0.505247 0.503514 0.497547 0.503241 0.497315 0.500472 0.497471 0.496880 0.498326 0.493977 0.499880 0.491074 0.501359 0.487894 0.501669 0.486236 0.501047 0.480014 0.499958 0.471306 0.499648 0.465356 0.499258 0.461903 0.499258 0.460796 0.498096 0.459051
2 0.545708 0.451769 0.542672 0.452394 0.540857 0.453106 0.539578 0.453347 0.539242 0.453347 0.536531 0.460338 0.539721 0.460338 0.543219 0.461032 0.550779 0.461773 0.553096 0.459509 0.555818 0.452898 0.555727 0.450977 0.555367 0.447139 0.555367 0.445060 0.555547 0.443139 0.556536 0.441861 0.557706 0.441060 0.558786 0.439940 0.559685 0.438343 0.553477 0.429065 0.551745 0.430764 0.552820 0.431481 0.554029 0.432676 0.554299 0.433870 0.554299 0.434829 0.554164 0.436259 0.553224 0.438412 0.551609 0.441162 0.550130 0.443431 0.549055 0.445102 0.547779 0.447014 0.546299 0.450838
2 0.578219 0.535093 0.578401 0.530477 0.578852 0.527759 0.579570 0.524718 0.588927 0.515759 0.588839 0.526958 0.586768 0.530319 0.584453 0.534060 0.583583 0.534579 0.582714 0.535736 0.581771 0.536898 0.581190 0.538574 0.580609 0.539991 0.579451 0.541023 0.578870 0.538704 0.578654 0.536898
2 0.558206 0.578861 0.557076 0.578625 0.556177 0.578625 0.555906 0.579106 0.555276 0.581023 0.554737 0.581662 0.554378 0.581662 0.552578 0.581343 0.551768 0.581343 0.550419 0.581343 0.549609 0.582306 0.549339 0.585023 0.549698 0.586625 0.551138 0.588542 0.551948 0.589981 0.553388 0.591903 0.554466 0.593181 0.555727 0.593819 0.556177 0.594301 0.556536 0.596380 0.556896 0.599579 0.557617 0.602139 0.558336 0.604537 0.559505 0.607417 0.560857 0.610296 0.561216 0.611736 0.561664 0.613176 0.562026 0.615574 0.562656 0.616537 0.564904 0.617653 0.566703 0.618935 0.567604 0.621176 0.567604 0.622616 0.566536 0.626903 0.570760 0.626620 0.574880 0.627968 0.576828 0.628833 0.578578 0.626356 0.579831 0.625463 0.581917 0.599681 0.582279 0.589495 0.581698 0.587046 0.580974 0.584338 0.579958 0.579829 0.564542 0.577481 0.562326 0.577343 0.561159 0.577755 0.559448 0.579000
2 0.562865 0.563009 0.561938 0.565727 0.560849 0.567250 0.559917 0.570565 0.559294 0.573056 0.558904 0.574301 0.557971 0.577065 0.558206 0.578861 0.559448 0.579000 0.561159 0.577755 0.562326 0.577343 0.564542 0.577481 0.565383 0.574796 0.565969 0.572556 0.567562 0.569125 0.568234 0.565995 0.568654 0.563310 0.568906 0.560921 0.568906 0.558685 0.568906 0.556597 0.568823 0.556000 0.568068 0.556148 0.566893 0.557343 0.565466 0.559731 0.564542 0.561819
2 0.579958 0.579829 0.579016 0.576861 0.578146 0.574282 0.578000 0.570287 0.578146 0.563713 0.578219 0.557398 0.576911 0.550306 0.574779 0.548245 0.572932 0.547347 0.566893 0.549736 0.562193 0.550931 0.559341 0.550931 0.558503 0.551523 0.558839 0.553764 0.558839 0.556296 0.558839 0.559134 0.558839 0.561819 0.559172 0.564056 0.561607 0.563606 0.562865 0.563009 0.564542 0.561819 0.565466 0.559731 0.566893 0.557343 0.568068 0.556148 0.568823 0.556000 0.568906 0.556597 0.568906 0.558685 0.568906 0.560921 0.568654 0.563310 0.568234 0.565995 0.567562 0.569125 0.565969 0.572556 0.565383 0.574796 0.564542 0.577481
2 0.583729 0.583565 0.583875 0.578537 0.584453 0.569903 0.584599 0.566292 0.584599 0.563324 0.580393 0.545407 0.579451 0.541023 0.578870 0.538704 0.578654 0.536898 0.578219 0.535093 0.577492 0.535222 0.577057 0.536384 0.576839 0.537801 0.577781 0.541282 0.578654 0.545407 0.578000 0.546051 0.577565 0.546181 0.577057 0.548241 0.576911 0.550306 0.578219 0.557398 0.578146 0.563713 0.578000 0.570287 0.578146 0.574282 0.579016 0.576861 0.579958 0.579829 0.580974 0.584338 0.581698 0.587046 0.582279 0.589495 0.582714 0.586787
2 0.582401 0.624574 0.583148 0.618889 0.583656 0.608574 0.585180 0.596972 0.585977 0.591944 0.585977 0.587949 0.587716 0.587176 0.588151 0.585370 0.587716 0.584856 0.586919 0.584856 0.586049 0.586014 0.585180 0.585500 0.585034 0.584727 0.585323 0.583565 0.585831 0.582407 0.586266 0.580856 0.585469 0.580602 0.584818 0.581116 0.583729 0.583565 0.582714 0.586787 0.581917 0.592977 0.581917 0.596329 0.581917 0.599681 0.579831 0.625463
2 0.576828 0.628833 0.578578 0.626356 0.579831 0.625463 0.582401 0.624574 0.583969 0.624907 0.585471 0.625463 0.586664 0.626912 0.587604 0.630032 0.587604 0.634602 0.587039 0.642065 0.586255 0.646162 0.585120 0.641352 0.582786 0.636444 0.580461 0.633069
2 0.573096 0.631991 0.575151 0.630185 0.578237 0.632204 0.582680 0.639037 0.584034 0.643949 0.584956 0.650500 0.584833 0.655120 0.583654 0.659782 0.582026 0.662120 0.580539 0.662532 0.581055 0.660454 0.581430 0.656792 0.581477 0.652296 0.579839 0.646639 0.578013 0.644889 0.577263 0.644056 0.576794 0.640894 0.574688 0.636731 0.573565 0.633903
2 0.556570 0.634236 0.555919 0.633069 0.555703 0.629991 0.552063 0.629458 0.548451 0.630833 0.548833 0.632898 0.549922 0.634009 0.550622 0.634977 0.551328 0.635944 0.551328 0.636769 0.550857 0.638287 0.550784 0.639676 0.551711 0.641755 0.552570 0.643546 0.553190 0.645065 0.554432 0.647968 0.554747 0.648935 0.555214 0.650741 0.555839 0.654333 0.555682 0.657644 0.555602 0.659579 0.556065 0.663870 0.555911 0.668708 0.557495 0.668917 0.559089 0.667273 0.559380 0.663296 0.561271 0.661903 0.564208 0.660264 0.566073 0.658542 0.571365 0.654046 0.571927 0.649551 0.573799 0.645056 0.573003 0.642310 0.556570 0.634236
2 0.569302 0.673708 0.569578 0.671602 0.564208 0.660264 0.561271 0.661903 0.559424 0.663398 0.559089 0.667273 0.557495 0.668917 0.554810 0.673838 0.553635 0.676523 0.552880 0.677417 0.552208 0.678310 0.551706 0.679505 0.551034 0.680102 0.550279 0.681593 0.550362 0.683236 0.551203 0.684579 0.551872 0.685023 0.553299 0.685023 0.554979 0.685620 0.556656 0.686069 0.557997 0.686069 0.560529 0.685745
2 0.422216 0.377199 0.418286 0.380394 0.416151 0.393370 0.420982 0.408546 0.422328 0.411144 0.423453 0.410546 0.428169 0.406551 0.428732 0.403755 0.429966 0.390579 0.428169 0.387583 0.424128 0.377199
2 0.585190 0.408676 0.586500 0.408750 0.588117 0.408750 0.589737 0.406190 0.590008 0.404912 0.586318 0.395310 0.586680 0.392273 0.586768 0.389236 0.587219 0.384917 0.586680 0.382194 0.585599 0.379634 0.584969 0.378676 0.583799 0.378676 0.581820 0.387634 0.580831 0.390514 0.579299 0.395310 0.578042 0.394671 0.576872 0.394671 0.572102 0.396111 0.573836 0.404255 0.578424 0.401625 0.580523 0.400380 0.583789 0.404255
2 0.508297 0.684764 0.507820 0.693366 0.509026 0.700644 0.516615 0.694222 0.518422 0.690579 0.517586 0.688745 0.518099 0.684347 0.511659 0.685676 0.509839 0.685843
2 0.508823 0.664713 0.508664 0.675588 0.508297 0.684764 0.509839 0.685843 0.511659 0.685676 0.518099 0.684347 0.527154 0.684181 0.529859 0.682523 0.527255 0.677431 0.526125 0.679782 0.520758 0.680199 0.513432 0.678704 0.511984 0.677958 0.511565 0.676218 0.514349 0.664769
2 0.514349 0.664769 0.511565 0.676218 0.511984 0.677958 0.513432 0.678704 0.520758 0.680199 0.526125 0.679782 0.527255 0.677431 0.518466 0.663333
2 0.488773 0.702486 0.489312 0.705833 0.490052 0.707148 0.490471 0.709921 0.491016 0.711995 0.492026 0.712685 0.492182 0.714481 0.490245 0.718481 0.487352 0.721694 0.480839 0.725486 0.482164 0.717560 0.484573 0.714347
2 0.445154 0.688148 0.447844 0.690301 0.448380 0.693528 0.444711 0.701685 0.437781 0.716565 0.433599 0.714037 0.434417 0.711588 0.439034 0.701847
2 0.441599 0.678273 0.443945 0.679667 0.446497 0.682056 0.446565 0.683250 0.446229 0.685639 0.445154 0.688148 0.439034 0.701847 0.434417 0.711588
2 0.498323 0.570949 0.500302 0.578787 0.501831 0.583264 0.502732 0.583583 0.525945 0.569829 0.526615 0.568241 0.527461 0.566505 0.529888 0.560528 0.531474 0.558042 0.531242 0.556463 0.525174 0.557130 0.522932 0.556218 0.521805 0.555111 0.518747 0.549833 0.516857 0.545671 0.503622 0.547338 0.503531 0.551014 0.502992 0.554218 0.497232 0.556616 0.494904 0.559431
2 0.443177 0.453704 0.449956 0.456097 0.452677 0.457477 0.451893 0.461537 0.448380 0.464708 0.446701 0.465426 0.444078 0.465426 0.441995 0.466144 0.441435 0.471958 0.441021 0.474333 0.438464 0.471542 0.436721 0.471338 0.435583 0.471722 0.437263 0.452931
2 0.443776 0.294097 0.441302 0.295898 0.439299 0.291292 0.437924 0.288847 0.437487 0.285958 0.435633 0.281208 0.434445 0.281208 0.431690 0.286583 0.428234 0.297241 0.427586 0.299546 0.427208 0.301083 0.427586 0.302616 0.431474 0.309528 0.432068 0.309144 0.433148 0.309338 0.434065 0.310681 0.442977 0.324505 0.444219 0.327769 0.445299 0.329403 0.447188 0.332185 0.447242 0.333528 0.446755 0.334296 0.446703 0.334875 0.446919 0.335352 0.447901 0.334861 0.448464 0.333750 0.449734 0.332769 0.450094 0.331171 0.452974 0.326690 0.454773 0.320292 0.455404 0.314852 0.454503 0.311014 0.453693 0.305417 0.451625 0.300458 0.448745 0.295819 0.447214 0.294986
2 0.581010 0.499606 0.580680 0.492870 0.581068 0.489139 0.582156 0.481532 0.582935 0.475449 0.582935 0.468676 0.582935 0.464528 0.582935 0.458310 0.582935 0.450565 0.581846 0.441995 0.578891 0.428171 0.577065 0.418065 0.578042 0.420458 0.579211 0.421032 0.579815 0.420315 0.579654 0.418306 0.579049 0.414935 0.577719 0.412713 0.575620 0.412644 0.575370 0.411611 0.573836 0.404255 0.578424 0.401625 0.580523 0.400380 0.583789 0.404255 0.585190 0.408676 0.586797 0.411667 0.587367 0.414759 0.586979 0.417940 0.585500 0.424023 0.583789 0.430245 0.583932 0.431014 0.585885 0.438468 0.588221 0.447662 0.588766 0.450153 0.588766 0.451949 0.588146 0.452639 0.586357 0.452639 0.584956 0.452639 0.586357 0.458583 0.587755 0.463838 0.588146 0.466190 0.588068 0.467569 0.587445 0.469644 0.586823 0.472824 0.586589 0.475588 0.585656 0.485681 0.585958 0.496407 0.583169 0.497208
2 0.583549 0.683898 0.583781 0.685630 0.584094 0.688639 0.583529 0.692093 0.581148 0.700005 0.577826 0.704574 0.575633 0.705912 0.570305 0.703903 0.566544 0.701454 0.562159 0.693875 0.560841 0.688639 0.560490 0.685690 0.563945 0.681083 0.572044 0.686940 0.575826 0.689338 0.577284 0.686653 0.566159 0.677917 0.569505 0.673519 0.573063 0.672370 0.575068 0.670366 0.575320 0.674602 0.575383 0.676051 0.575883 0.677051 0.577138 0.678056 0.578260 0.679074
2 0.529839 0.303009 0.526935 0.318083 0.526760 0.319736 0.523711 0.321227 0.519516 0.314157 0.519516 0.313130 0.520096 0.310815 0.520674 0.308500 0.521396 0.306574 0.522987 0.305546 0.525299 0.304519
2 0.468659 0.498477 0.470339 0.497282 0.474437 0.502542 0.470271 0.511380 0.466305 0.519625 0.464693 0.523213 0.462273 0.523926 0.461130 0.524046 0.460055 0.523329 0.458039 0.520819 0.450378 0.514491 0.450846 0.513412 0.461870 0.520940 0.463417 0.520583 0.465096 0.517477
2 0.463375 0.490264 0.465174 0.492023 0.465625 0.494102 0.466255 0.495065 0.467693 0.497144 0.467154 0.501940 0.465445 0.508019 0.463914 0.509139 0.463464 0.509301 0.461216 0.509139 0.460495 0.508977 0.459326 0.508977 0.457076 0.508338 0.455818 0.508338 0.455456 0.506259 0.454737 0.504181 0.454378 0.503542 0.454018 0.501782 0.453656 0.499704 0.453747 0.498264 0.453469 0.495370 0.450914 0.494894 0.446680 0.493458 0.445068 0.493935 0.444060 0.494894 0.443521 0.494653 0.443724 0.492264 0.444193 0.490352 0.447687 0.486407 0.452661 0.481032 0.455552 0.480079 0.458240 0.480676 0.460930 0.482106 0.462542 0.483662
2 0.485669 0.348106 0.490909 0.349815 0.499760 0.347412 0.494352 0.369440 0.492792 0.377023 0.489766 0.367583
2 0.550779 0.461773 0.549247 0.467852 0.548438 0.470731 0.547719 0.471375 0.547180 0.468815 0.546279 0.467532 0.544659 0.467532 0.543940 0.467694 0.542411 0.468171 0.541331 0.468171 0.539172 0.468171 0.537102 0.468014 0.534404 0.468495 0.534943 0.466412 0.534672 0.464014 0.534667 0.462690 0.536531 0.460338 0.539721 0.460338 0.543219 0.461032
2 0.540594 0.427074 0.541997 0.427421 0.544352 0.427657 0.545964 0.428134 0.548115 0.429329 0.549930 0.430046 0.551745 0.430764 0.552820 0.431481 0.554029 0.432676 0.554299 0.433870 0.554299 0.434829 0.554164 0.436259 0.553224 0.438412 0.551609 0.441162 0.550130 0.443431 0.549055 0.445102 0.547779 0.447014 0.546299 0.450838 0.545763 0.451796 0.542672 0.452394 0.540857 0.453106 0.539578 0.453347 0.539242 0.453347 0.543477 0.444745 0.544016 0.441875 0.544352 0.438769 0.544352 0.435546 0.536831 0.431731 0.537974 0.428866 0.539250 0.427907
2 0.501948 0.436287 0.502469 0.447394 0.501844 0.452944 0.500492 0.455907 0.498096 0.459051 0.493099 0.459236 0.491227 0.449981
2 0.523987 0.406056 0.521164 0.410713 0.520893 0.411551 0.515786 0.416690 0.512628 0.420037 0.511284 0.420991 0.510544 0.422546 0.509805 0.423380 0.508193 0.423380 0.507857 0.420514 0.505034 0.423856 0.504091 0.413343 0.503823 0.409880 0.504831 0.406176 0.515047 0.406532 0.516930 0.405694 0.518409 0.402949 0.518542 0.401394 0.519953 0.401755
2 0.544484 0.410713 0.537362 0.410597 0.531044 0.409759 0.530102 0.409759 0.530237 0.412745 0.530372 0.414301 0.530034 0.415019 0.528557 0.414778 0.527951 0.414537 0.526474 0.413819 0.526070 0.412986 0.524927 0.411792 0.524591 0.411551 0.523247 0.410597 0.522641 0.410597 0.521164 0.410713 0.520893 0.411551 0.520693 0.413343 0.520693 0.415134 0.520693 0.416449 0.521500 0.418361 0.522036 0.419079 0.523448 0.420273 0.524255 0.422185 0.524995 0.423500 0.526875 0.424574 0.527951 0.424574 0.530505 0.422782 0.533596 0.420870 0.543208 0.418241
2 0.584599 0.566292 0.585253 0.565130 0.585831 0.562551 0.586846 0.558042 0.587281 0.555463 0.587862 0.551338 0.587935 0.548500 0.587935 0.545148 0.587935 0.542056 0.587573 0.539088 0.586846 0.537287 0.585760 0.535352 0.584453 0.534060 0.583583 0.534579 0.582714 0.535736 0.581771 0.536898 0.581190 0.538574 0.580609 0.539991 0.579451 0.541023 0.580393 0.545407 0.584599 0.563324
2 0.425690 0.480755 0.420643 0.480236 0.420643 0.454477 0.419745 0.454676 0.419297 0.445690 0.420083 0.440699 0.419521 0.417333 0.418398 0.416537 0.417948 0.413741 0.417948 0.410944 0.418060 0.407750 0.419633 0.408546 0.420982 0.408546 0.422328 0.411144 0.423453 0.410546 0.428169 0.406551 0.428732 0.403755 0.429966 0.390579 0.428169 0.387583 0.424128 0.377199 0.422216 0.377199 0.424352 0.360222 0.430417 0.360426 0.432102 0.360625 0.433766 0.363894 0.433766 0.365954 0.434273 0.370338 0.434492 0.372398 0.436086 0.372917 0.436003 0.377306 0.436422 0.380588 0.436339 0.381782 0.435753 0.382676 0.434073 0.383421 0.433737 0.384315 0.433318 0.386556 0.433151 0.389088 0.432815 0.391625 0.432648 0.394162 0.432648 0.396694 0.432648 0.400125 0.432479 0.403259 0.432898 0.407583 0.432143 0.409972 0.431893 0.411014 0.431893 0.412060 0.432648 0.414296 0.432648 0.414745 0.432815 0.419218 0.432000 0.428287 0.428701 0.429153 0.428117 0.450722 0.428117 0.458319
2 0.434427 0.472296 0.435583 0.471722 0.437263 0.452931 0.443219 0.453676 0.444562 0.447264 0.439359 0.439060 0.439443 0.437120 0.442464 0.426829 0.444227 0.420264 0.447247 0.414000 0.450182 0.407435 0.451190 0.406838 0.452531 0.408481 0.453372 0.408481 0.453708 0.402963 0.453539 0.399380 0.453286 0.396995 0.452784 0.393713 0.452281 0.390880 0.451862 0.388792 0.451526 0.386704 0.450688 0.384315 0.446659 0.378051 0.446156 0.375815 0.447583 0.372829 0.448422 0.370894 0.448672 0.370148 0.447078 0.368356 0.444982 0.367014 0.444057 0.365375 0.443258 0.362088 0.441445 0.364278 0.438336 0.369435 0.436086 0.372917 0.436003 0.377306 0.436422 0.380588 0.436339 0.381782 0.435753 0.382676 0.434073 0.383421 0.433737 0.384315 0.433318 0.386556 0.433151 0.389088 0.432815 0.391625 0.432648 0.394162 0.432648 0.396694 0.432648 0.400125 0.432479 0.403259 0.432898 0.407583 0.432143 0.409972 0.431893 0.411014 0.431893 0.412060 0.432648 0.414296 0.432648 0.414745 0.432815 0.419218 0.432000 0.428287 0.434815 0.423801 0.435883 0.423801 0.435107 0.447963
2 0.441445 0.364278 0.438336 0.369435 0.436086 0.372917 0.434492 0.372398 0.434273 0.370338 0.433766 0.365954 0.433766 0.363894 0.434057 0.361185 0.433911 0.353838 0.438044 0.346102 0.438401 0.352287
2 0.522396 0.336306 0.521888 0.333727 0.520727 0.332051 0.517755 0.329986 0.516956 0.329083 0.516159 0.326894 0.515362 0.324444 0.514346 0.323796 0.513693 0.323796 0.512242 0.324315 0.510865 0.325088 0.509706 0.325991 0.508763 0.326505 0.508617 0.327023 0.508544 0.328954 0.508255 0.330500 0.507820 0.332176 0.507385 0.333852 0.507094 0.337463
2 0.523443 0.545269 0.523133 0.550796 0.522977 0.556231 0.525174 0.557130 0.531242 0.556463 0.531474 0.558042 0.529888 0.560528 0.527461 0.566505 0.526615 0.568241 0.525945 0.569829 0.529432 0.571671 0.531375 0.573056 0.532484 0.573708 0.532484 0.572782 0.533107 0.571116 0.534253 0.569634 0.535294 0.567968 0.535607 0.565750 0.535919 0.563157 0.536544 0.560009 0.537479 0.556681 0.538208 0.554829 0.538833 0.552977 0.539563 0.550574 0.539979 0.548537 0.539250 0.546870 0.538729 0.545944 0.537552 0.545352 0.536276 0.544991
2 0.565669 0.488722 0.570297 0.487653 0.572232 0.488222 0.575862 0.491810 0.575495 0.494074 0.572344 0.495694 0.567849 0.497569 0.563570 0.502546 0.562094 0.504347 0.560615 0.501306 0.560227 0.499093 0.559917 0.495912 0.559216 0.492181
2 0.564456 0.445699 0.564125 0.443981 0.563682 0.442616 0.563560 0.439532 0.562391 0.439676 0.562430 0.436667 0.565052 0.436306 0.566867 0.434583 0.567716 0.432005 0.568924 0.431287 0.569328 0.428417 0.570135 0.424833 0.569974 0.422037 0.572474 0.419241 0.575177 0.418380 0.577102 0.418079 0.578042 0.420458 0.579211 0.421032 0.579815 0.420315 0.579654 0.418306 0.579049 0.414935 0.577719 0.412713 0.575620 0.412644 0.573724 0.414005 0.569651 0.419815 0.567917 0.426481 0.565698 0.433440 0.563398 0.434153 0.560776 0.436306 0.559685 0.438343 0.558786 0.439940 0.557706 0.441060 0.556536 0.441861 0.555547 0.443139 0.555367 0.445060 0.555367 0.447139 0.555727 0.450977 0.555818 0.452898 0.557076 0.454019 0.558607 0.453218 0.558966 0.452417 0.559685 0.452097 0.561484 0.452097 0.561576 0.450181 0.561664 0.447620 0.563195 0.446019
2 0.575177 0.418380 0.574599 0.419481 0.575286 0.424481 0.574411 0.433699 0.576724 0.442255 0.578672 0.452898 0.578760 0.457218 0.579784 0.467690 0.580659 0.468579 0.581596 0.468023 0.581659 0.462579 0.582935 0.458310 0.582935 0.450565 0.581846 0.441995 0.578891 0.428171 0.577065 0.418065
2 0.570302 0.389875 0.569492 0.392755 0.569492 0.392755 0.568323 0.402671 0.567833 0.411306 0.567779 0.417162 0.567917 0.426481 0.569651 0.419815 0.573724 0.414005 0.575620 0.412644 0.575370 0.411611 0.573836 0.404255 0.572102 0.396111
2 0.562286 0.279991 0.563229 0.279218 0.564172 0.277931 0.564896 0.277671 0.572510 0.288370 0.577078 0.295204 0.577805 0.296366 0.579036 0.297523 0.579833 0.298685 0.579906 0.300620 0.580260 0.302935 0.582430 0.311546 0.583370 0.319514 0.581635 0.322468 0.580044 0.320926 0.579828 0.324912 0.578453 0.325296 0.577130 0.320574 0.575201 0.312829 0.573237 0.311708 0.571930 0.310032 0.570625 0.307968 0.569971 0.306292 0.568885 0.306292 0.567143 0.306292 0.566201 0.306806 0.564607 0.307065 0.562794 0.307065 0.561052 0.308097 0.560690 0.308356 0.557862 0.303843 0.558297 0.300875 0.564823 0.305389 0.565404 0.304745 0.565911 0.302810 0.566130 0.301264 0.566273 0.299588 0.566638 0.297653 0.566708 0.295463 0.566708 0.292495 0.566708 0.290046 0.566565 0.288370 0.564680 0.287597 0.561560 0.286440
9 0.575633 0.705912 0.564385 0.717926 0.556161 0.725606 0.551703 0.721639 0.532331 0.740718 0.520901 0.752856 0.515049 0.753602 0.510867 0.755583 0.506990 0.756972 0.507391 0.752792 0.507794 0.751236 0.507526 0.749329 0.506719 0.748250 0.498789 0.747056 0.495966 0.747296 0.493479 0.748370 0.493479 0.748370 0.492349 0.743019 0.492612 0.739778 0.491570 0.734963 0.498385 0.739528 0.501208 0.741801 0.498453 0.730088 0.497513 0.726861 0.497766 0.722134 0.498185 0.719907 0.495815 0.715444 0.493307 0.713958 0.492182 0.714481 0.492026 0.712685 0.491016 0.711995 0.490471 0.709921 0.490052 0.707148 0.491867 0.707986 0.494419 0.705236 0.495630 0.703681 0.496503 0.702130 0.498990 0.700815 0.501544 0.699620 0.502956 0.698667 0.504839 0.697588 0.506654 0.696037 0.507820 0.693366 0.509026 0.700644 0.516615 0.694222 0.518422 0.690579 0.531367 0.685463 0.532232 0.686005 0.534174 0.684898 0.536391 0.681389 0.544401 0.673921 0.545646 0.670463 0.547201 0.668806 0.548211 0.667287 0.548211 0.664935 0.547591 0.662583 0.546190 0.661616 0.545802 0.659819 0.545956 0.657333 0.543854 0.648611 0.545841 0.645083 0.545995 0.642181 0.545995 0.639000 0.546617 0.637204 0.546930 0.634435 0.546930 0.630426 0.542573 0.629458 0.535341 0.628079 0.533865 0.627523 0.530208 0.626833 0.529638 0.625181 0.526211 0.621954 0.526010 0.620162 0.523320 0.618606 0.520406 0.618866 0.519677 0.617014 0.519677 0.614792 0.522255 0.614778 0.524326 0.614935 0.526198 0.616338 0.528984 0.613861 0.529682 0.613616 0.529820 0.610889 0.531974 0.609176 0.534943 0.607097 0.536471 0.606778 0.537552 0.605977 0.538721 0.605176 0.539440 0.605657 0.539891 0.607417 0.539982 0.609176 0.540070 0.609977 0.541060 0.609815 0.543221 0.609338 0.544391 0.608218 0.544570 0.606778 0.544120 0.605338 0.545648 0.605657 0.546549 0.605019 0.547630 0.603579 0.549609 0.603259 0.549969 0.601657 0.552578 0.603097 0.553297 0.605657 0.554107 0.607898 0.554737 0.609176 0.555096 0.610616 0.555727 0.612537 0.556896 0.614616 0.557706 0.617653 0.542729 0.618954 0.541484 0.619782 0.541018 0.621167 0.540865 0.622824 0.542107 0.623931 0.542107 0.623931 0.543508 0.624620 0.544906 0.625315 0.544906 0.626694 0.547799 0.629472 0.548451 0.630833 0.548833 0.632898 0.549922 0.634009 0.550622 0.634977 0.551328 0.635944 0.551328 0.636769 0.550857 0.638287 0.550784 0.639676 0.551711 0.641755 0.552570 0.643546 0.553190 0.645065 0.554432 0.647968 0.554747 0.648935 0.555214 0.650741 0.555839 0.654333 0.555682 0.657644 0.555602 0.659579 0.556065 0.663870 0.555911 0.668708 0.557495 0.668917 0.554810 0.673838 0.553635 0.676523 0.552880 0.677417 0.552208 0.678310 0.551706 0.679505 0.551034 0.680102 0.550279 0.681593 0.550362 0.683236 0.551203 0.684579 0.551872 0.685023 0.553299 0.685023 0.554979 0.685620 0.556656 0.686069 0.557997 0.686069 0.560529 0.685745 0.560841 0.688639 0.562159 0.693875 0.566544 0.701454 0.570305 0.703903
1 0.583549 0.683898 0.578260 0.679074 0.578823 0.676667 0.579711 0.675245 0.580555 0.674838 0.581958 0.674495 0.581818 0.672329 0.581255 0.670259 0.581117 0.669000 0.580836 0.666597 0.580695 0.665514 0.581302 0.665764 0.582193 0.668509 0.582568 0.670833 0.582615 0.674579 0.583036 0.674329 0.583362 0.672745 0.583924 0.668259 0.584833 0.659449 0.584833 0.655120 0.584956 0.650500 0.584034 0.643949 0.582680 0.639037 0.578237 0.632204 0.575151 0.630185 0.571359 0.629120 0.569242 0.628736 0.562854 0.629319 0.559281 0.631139 0.555919 0.633069 0.555703 0.629991 0.560362 0.627579 0.566536 0.626903 0.570760 0.626620 0.574880 0.627968 0.576828 0.628833 0.580461 0.633069 0.582786 0.636444 0.585120 0.641352 0.586255 0.646162 0.586688 0.650690 0.586307 0.659745 0.585602 0.669199 0.584477 0.675194 0.583964 0.677356 0.584810 0.679921
2 0.502120 0.647380 0.493924 0.645574 0.474997 0.638486 0.472823 0.637194 0.463323 0.631264 0.461221 0.628042 0.460568 0.630236 0.461583 0.634102 0.464266 0.637194 0.472534 0.642093 0.492766 0.649056 0.501031 0.651245
2 0.425690 0.480755 0.428505 0.480579 0.430641 0.478509 0.434427 0.472296 0.435107 0.447963 0.435883 0.423801 0.434815 0.423801 0.432000 0.428287 0.428701 0.429153 0.428117 0.450722 0.428117 0.458319
2 0.450182 0.583194 0.455237 0.590134 0.456714 0.590852 0.473315 0.588222 0.471435 0.585356 0.468612 0.582727 0.465453 0.584435 0.464578 0.584796 0.456378 0.581329 0.453086 0.583241 0.451807 0.583597
2 0.464115 0.553241 0.466930 0.551458 0.469888 0.550023 0.471971 0.549546 0.470628 0.560898 0.469013 0.572606 0.468477 0.576907 0.465453 0.584435 0.464578 0.584796 0.456378 0.581329 0.455773 0.579778 0.467133 0.564958 0.467940 0.561019
2 0.441844 0.562259 0.442065 0.559838 0.443518 0.559324 0.446068 0.546111 0.450490 0.543727 0.454206 0.541148 0.460680 0.549546 0.464115 0.553241 0.467940 0.561019 0.467133 0.564958 0.455773 0.579778 0.456378 0.581329 0.453086 0.583241 0.451807 0.583597 0.450263 0.583241 0.448385 0.578944 0.445505 0.571907 0.443031 0.565269
2 0.435159 0.585981 0.435969 0.601338 0.437318 0.602139 0.448745 0.600537 0.449464 0.598940 0.448385 0.578944 0.445505 0.571907 0.435159 0.573986
2 0.429398 0.570148 0.432370 0.571106 0.433807 0.571426 0.435159 0.573986 0.435159 0.585981 0.433990 0.590620 0.432818 0.592060 0.429922 0.592083 0.426070 0.589981 0.426789 0.586782 0.428409 0.578144 0.428859 0.574625
9 0.574211 0.721912 0.559716 0.736282 0.559297 0.740495 0.559297 0.744213 0.556510 0.749417 0.555674 0.752634 0.565849 0.747681 0.568914 0.746194 0.582154 0.739505 0.582852 0.735292
2 0.465677 0.663380 0.467062 0.656972 0.467102 0.654949 0.467370 0.653005 0.468810 0.648528 0.469799 0.645968 0.471599 0.645329 0.472974 0.645361 0.476086 0.650889 0.477375 0.652824 0.476286 0.655176 0.475432 0.656282 0.474323 0.663856 0.470539 0.681606 0.471060 0.684199 0.469906 0.687620 0.469906 0.684477 0.468865 0.682995 0.467302 0.681699 0.465742 0.679847 0.464076 0.677074 0.463555 0.675407 0.464310 0.669750 0.465052 0.667917
2 0.413484 0.671352 0.408388 0.687898 0.404641 0.704556 0.404432 0.706407 0.410547 0.712255 0.417029 0.720843 0.419997 0.724296 0.431042 0.720139 0.434417 0.711588 0.441599 0.678273 0.441495 0.674204 0.441495 0.674204 0.440453 0.670130 0.439768 0.668032 0.435958 0.655315 0.435258 0.655449 0.435258 0.658218 0.435258 0.659458 0.436115 0.659046 0.440234 0.672870 0.440625 0.674806 0.439458 0.672870 0.435958 0.670384 0.431992 0.667894 0.427326 0.660981 0.426081 0.659875 0.421417 0.668722 0.415195 0.667204
2 0.535341 0.628079 0.533865 0.627523 0.530208 0.626833 0.525854 0.626005 0.519945 0.629736 0.517456 0.630704 0.516523 0.630704 0.513258 0.634991 0.508125 0.638861 0.505013 0.641074 0.503693 0.643148 0.502120 0.647380 0.501031 0.651245 0.499104 0.650889 0.493583 0.658907 0.490393 0.664023 0.492026 0.665819 0.495839 0.665681 0.500115 0.666375 0.502836 0.662778 0.507503 0.661398 0.507503 0.664023 0.508823 0.664713 0.514349 0.664769 0.518466 0.663333 0.513258 0.655176 0.522044 0.643148
2 0.543854 0.648611 0.541992 0.646824 0.540979 0.646685 0.529237 0.656366 0.527060 0.658991 0.526750 0.660375 0.527604 0.665074 0.528693 0.667421 0.530560 0.670741 0.531414 0.673644 0.532036 0.676134 0.533669 0.678898 0.536391 0.681389 0.544401 0.673921 0.545646 0.670463 0.547201 0.668806 0.548211 0.667287 0.548211 0.664935 0.547591 0.662583 0.546190 0.661616 0.545802 0.659819 0.545956 0.657333
5 0.562094 0.504347 0.562638 0.508630 0.562094 0.511810 0.562094 0.513333 0.562404 0.515269 0.562482 0.517204 0.562172 0.519278 0.561859 0.520657 0.561549 0.522731 0.561393 0.523838 0.559995 0.526190 0.559138 0.527157 0.558672 0.528676 0.557815 0.530750 0.555794 0.508630 0.559917 0.495912 0.560227 0.499093 0.560615 0.501306
5 0.472534 0.642093 0.472974 0.645361 0.476086 0.650889 0.477375 0.652824 0.480797 0.654898 0.484919 0.655866 0.490130 0.653241 0.492766 0.649056
5 0.493924 0.645574 0.495362 0.639519 0.494823 0.634620 0.493659 0.629736 0.490859 0.622963 0.488604 0.619921 0.487594 0.618954 0.484250 0.617986 0.480362 0.618954 0.476240 0.622963 0.473125 0.628056 0.472823 0.637194
5 0.569578 0.671602 0.572065 0.671273 0.574125 0.670690 0.575068 0.670366 0.577872 0.667694 0.580539 0.662532 0.581055 0.660454 0.581430 0.656792 0.581477 0.652296 0.579839 0.646639 0.578013 0.644889 0.577263 0.644056 0.576794 0.640894 0.574688 0.636731 0.573565 0.633903 0.573096 0.631991 0.571036 0.629907 0.569242 0.628736 0.562854 0.629319 0.559281 0.631139 0.555919 0.633069 0.556570 0.634236 0.573003 0.642310 0.573799 0.645056 0.571927 0.649551 0.571365 0.654046 0.566073 0.658542 0.564208 0.660264
5 0.479479 0.415421 0.479982 0.412565 0.482193 0.406944 0.484201 0.404000 0.486810 0.402569 0.489221 0.402569 0.492484 0.405069 0.495143 0.408282 0.496398 0.412745 0.496953 0.416495 0.496852 0.422204 0.495898 0.428097 0.494240 0.433718 0.491380 0.437736 0.488568 0.439519 0.487263 0.439880 0.486859 0.439255 0.487263 0.437912 0.487414 0.431847 0.486810 0.428991
5 0.483828 0.438907 0.485836 0.441403 0.488195 0.445333 0.489802 0.448722 0.491227 0.449981 0.493099 0.459236 0.492464 0.461130 0.490607 0.462292 0.490607 0.462292 0.488195 0.463093 0.486089 0.461667 0.482372 0.458005 0.479260 0.453454 0.477805 0.449884 0.476750 0.447116 0.475745 0.443458 0.475695 0.440333 0.476047 0.437745 0.476497 0.436764 0.477201 0.436407 0.478909 0.438903 0.480164 0.441134 0.481771 0.441759
2 0.426815 0.730838 0.422859 0.727134 0.417029 0.720843 0.410576 0.712329 0.407354 0.709310 0.406815 0.732185 0.414013 0.729787 0.421661 0.729625
2 0.547719 0.471375 0.548872 0.475449 0.549263 0.478079 0.548872 0.480292 0.548250 0.482917 0.547396 0.486236 0.546773 0.487477 0.536742 0.494528 0.533477 0.494944 0.531609 0.494667 0.530208 0.496190 0.528109 0.491213 0.529432 0.491347 0.531221 0.488583 0.534404 0.468495 0.537102 0.468014 0.539172 0.468171 0.541331 0.468171 0.542411 0.468171 0.543940 0.467694 0.544659 0.467532 0.546279 0.467532 0.547180 0.468815
2 0.577565 0.546181 0.574779 0.548245 0.572932 0.547347 0.566893 0.549736 0.562193 0.550931 0.559341 0.550931 0.559755 0.549407 0.559987 0.547343 0.559448 0.544833 0.561424 0.543171 0.563716 0.540949 0.564547 0.539838 0.566005 0.538171 0.567359 0.537431 0.568607 0.535213 0.569753 0.535213 0.572148 0.537060 0.574021 0.537616 0.574742 0.538463 0.574742 0.538977 0.576839 0.537801 0.577781 0.541282 0.578654 0.545407 0.578000 0.546051
2 0.551937 0.533889 0.552714 0.533472 0.554893 0.536931 0.555982 0.536653 0.556758 0.535273 0.557768 0.533338 0.558464 0.542083 0.558823 0.543907 0.558823 0.543907 0.559448 0.544833 0.559987 0.547343 0.559755 0.549407 0.559328 0.550907 0.558503 0.551523 0.556427 0.551495 0.550182 0.555569 0.546745 0.559083 0.539979 0.570190 0.537583 0.574634 0.536753 0.577222 0.534773 0.578333 0.533419 0.576667 0.532484 0.573708 0.532484 0.572782 0.533107 0.571116 0.534253 0.569634 0.535294 0.567968 0.535607 0.565750 0.535919 0.563157 0.536544 0.560009 0.537479 0.556681 0.538208 0.554829 0.538833 0.552977 0.539563 0.550574 0.539979 0.548537 0.539250 0.546870 0.538729 0.545944 0.538208 0.543537 0.537792 0.540949 0.551742 0.538171
2 0.576693 0.487606 0.577232 0.492889 0.580680 0.492870 0.581010 0.499606 0.581010 0.499606 0.583169 0.497208 0.585958 0.496407 0.589187 0.493926 0.589461 0.500301 0.589299 0.509981 0.588927 0.515759 0.579570 0.524718 0.578367 0.525185 0.577492 0.535222 0.577057 0.536384 0.574021 0.537616 0.572148 0.537060 0.569753 0.535213 0.568607 0.535213 0.567359 0.537431 0.566005 0.538171 0.564547 0.539838 0.563716 0.540949 0.561424 0.543171 0.559448 0.544833 0.558823 0.543907 0.558510 0.542060 0.557768 0.533338 0.557815 0.530750 0.558672 0.528676 0.559138 0.527157 0.559995 0.526190 0.561393 0.523838 0.561549 0.522731 0.561859 0.520657 0.562172 0.519278 0.562482 0.517204 0.562404 0.515269 0.562094 0.513333 0.562094 0.511810 0.562638 0.508630 0.562094 0.504347 0.563570 0.502546 0.567849 0.497569 0.572344 0.495694 0.575495 0.494074
2 0.521635 0.456361 0.524612 0.457292 0.527341 0.459458 0.530362 0.461630 0.531406 0.462352 0.531406 0.462352 0.533091 0.463074 0.534672 0.464014 0.534943 0.466412 0.534404 0.468495 0.531221 0.488583 0.529432 0.491347 0.528109 0.491213 0.523521 0.481259 0.520177 0.474343 0.518026 0.476250 0.518026 0.476250 0.513167 0.483931 0.508047 0.490380 0.506646 0.488444 0.504935 0.487343 0.507859 0.484569 0.508039 0.468574 0.507409 0.464574 0.503990 0.461537 0.503721 0.454495 0.503990 0.449699 0.504349 0.448097 0.504799 0.447301 0.505701 0.446657 0.506148 0.446657 0.507049 0.446819 0.508219 0.447458 0.509120 0.449380 0.511367 0.449537 0.518221 0.453986
2 0.416893 0.587102 0.416893 0.592542 0.419232 0.593023 0.421482 0.592542 0.422292 0.593343 0.424271 0.594620 0.425260 0.592380 0.426070 0.589981 0.426789 0.586782 0.428409 0.578144 0.428859 0.574625 0.429398 0.570148 0.429398 0.567106 0.428680 0.565190 0.427240 0.563431 0.423372 0.562787 0.422292 0.565829 0.421841 0.566787 0.421122 0.566630 0.419143 0.585343 0.417971 0.587583
2 0.418422 0.548551 0.413294 0.550310 0.410865 0.551273 0.408706 0.570787 0.410953 0.588861 0.412755 0.589181 0.414734 0.587583 0.415362 0.586144 0.416263 0.585981 0.416893 0.587102 0.417971 0.587583 0.419143 0.585343 0.421122 0.566630 0.420492 0.564389 0.419232 0.557032
2 0.416893 0.539116 0.418422 0.548551 0.419232 0.557032 0.420492 0.564389 0.421122 0.566630 0.421841 0.566787 0.422292 0.565829 0.423372 0.562787 0.425661 0.551801 0.427617 0.542787 0.428070 0.540380 0.424451 0.539917 0.422471 0.540875 0.420133 0.542472
2 0.417917 0.505727 0.416172 0.515602 0.415813 0.522639 0.416083 0.532718 0.416893 0.539116 0.420133 0.542472 0.422471 0.540875 0.424451 0.539917 0.428070 0.540380 0.432188 0.540468 0.433542 0.540380 0.433844 0.538861 0.432888 0.534329 0.430797 0.525449 0.429867 0.516051 0.429461 0.514296 0.428026 0.510292 0.426781 0.506417 0.424138 0.504208 0.421260 0.504208
2 0.432656 0.511301 0.428026 0.510292 0.426781 0.506417 0.424138 0.504208 0.421260 0.504208 0.417917 0.505727 0.416049 0.505315 0.415352 0.503653 0.416594 0.496880 0.418607 0.491236 0.419479 0.488250 0.419883 0.486935 0.420622 0.485861 0.421159 0.485741 0.422302 0.485741 0.423042 0.485741 0.424656 0.486338 0.426133 0.487412 0.429693 0.491472 0.435385 0.499528 0.433643 0.510477
2 0.446068 0.546111 0.450490 0.543727 0.454206 0.541148 0.455833 0.537120 0.461130 0.524046 0.460055 0.523329 0.458039 0.520819 0.450378 0.514491 0.448805 0.518778 0.447852 0.518958 0.440443 0.534444 0.444680 0.535468 0.447469 0.539083
2 0.440443 0.534444 0.444680 0.535468 0.447469 0.539083 0.446068 0.546111 0.443518 0.559324 0.442065 0.559838 0.431146 0.560046 0.430565 0.558495 0.430180 0.553319 0.434044 0.546806 0.434797 0.544125 0.436453 0.541449
2 0.447852 0.518958 0.440443 0.534444 0.436453 0.541449 0.434797 0.544125 0.434044 0.546806 0.430180 0.553319 0.428271 0.556620 0.427719 0.556088 0.425661 0.551801 0.427617 0.542787 0.428070 0.540380 0.432188 0.540468 0.433542 0.540380 0.433844 0.538861 0.432888 0.534329 0.434862 0.536912 0.435617 0.532782 0.435617 0.532782 0.437594 0.522764 0.440672 0.513676 0.441576 0.510745 0.442328 0.513245 0.442680 0.516009 0.442831 0.517171 0.444185 0.518690 0.444737 0.518690 0.445643 0.518333 0.446596 0.517884
2 0.442414 0.508102 0.441576 0.510745 0.442328 0.513245 0.442680 0.516009 0.442831 0.517171 0.444185 0.518690 0.444737 0.518690 0.445643 0.518333 0.446596 0.517884 0.447852 0.518958 0.448805 0.518778 0.450378 0.514491 0.450846 0.513412 0.451867 0.508514 0.451667 0.506463 0.450411 0.505745 0.448203 0.503606 0.446646 0.503338 0.445141 0.503875
2 0.440208 0.503042 0.444060 0.494894 0.445068 0.493935 0.446680 0.493458 0.450914 0.494894 0.453469 0.495370 0.453073 0.499588 0.452169 0.505120 0.451667 0.506463 0.450411 0.505745 0.448203 0.503606 0.446646 0.503338 0.445141 0.503875 0.442414 0.508102 0.441659 0.505620
2 0.436083 0.495708 0.437768 0.499014 0.440208 0.503042 0.441659 0.505620 0.442414 0.508102 0.440672 0.513676 0.437594 0.522764 0.435617 0.532782 0.434862 0.536912 0.432888 0.534329 0.430797 0.525449 0.429867 0.516051 0.429461 0.514296 0.432656 0.511301 0.433643 0.510477 0.435385 0.499528
2 0.429495 0.488250 0.429693 0.491472 0.435385 0.499528 0.436083 0.495708 0.437128 0.491269 0.438174 0.490958 0.440440 0.493231 0.443521 0.494653 0.443724 0.492264 0.444193 0.490352 0.447687 0.486407 0.444214 0.485144 0.443138 0.484546 0.442534 0.481560 0.437021 0.474866 0.435477 0.476898 0.431174 0.486097
2 0.441995 0.466144 0.441484 0.472060 0.442198 0.477616 0.442534 0.481560 0.443138 0.484546 0.444214 0.485144 0.452661 0.481032 0.455552 0.480079 0.458240 0.480676 0.461701 0.480093 0.461253 0.478491 0.460260 0.474333 0.458461 0.469532 0.455583 0.460894 0.451893 0.461537 0.448380 0.464708 0.446701 0.465426 0.444078 0.465426
2 0.488195 0.463093 0.486266 0.465056 0.482036 0.476250 0.477448 0.486491 0.473849 0.491449 0.471148 0.492727 0.468810 0.491606 0.465174 0.492023 0.463375 0.490264 0.462542 0.483662 0.461701 0.480093 0.461253 0.478491 0.460260 0.474333 0.458461 0.469532 0.455583 0.460894 0.451893 0.461537 0.452677 0.457477 0.454854 0.450704 0.462555 0.435222 0.463953 0.433421 0.463953 0.433421 0.465198 0.433560 0.477805 0.449884 0.479260 0.453454 0.482372 0.458005 0.486089 0.461667
2 0.441021 0.474333 0.442198 0.477616 0.442534 0.481560 0.437021 0.474866 0.435477 0.476898 0.431174 0.486097 0.429495 0.488250 0.427880 0.488130 0.426133 0.487412 0.424656 0.486338 0.423042 0.485741 0.422302 0.485741 0.421159 0.485741 0.420622 0.485861 0.419883 0.486935 0.419479 0.488250 0.418607 0.491236 0.416388 0.492074 0.415917 0.491597 0.415581 0.489565 0.415380 0.487773 0.415312 0.485620 0.415581 0.484069 0.416792 0.483472 0.417396 0.483231 0.418203 0.482273 0.419076 0.481079 0.420643 0.480236 0.425690 0.480755 0.428505 0.480579 0.430641 0.478509 0.434427 0.472296 0.435583 0.471722 0.436721 0.471338 0.438464 0.471542
2 0.454854 0.450704 0.452677 0.457477 0.449956 0.456097 0.444562 0.447264 0.439359 0.439060 0.439443 0.437120 0.442464 0.426829 0.444227 0.420264 0.447247 0.414000 0.450182 0.407435 0.451190 0.406838 0.452531 0.408481 0.454609 0.412208 0.456531 0.413847 0.446068 0.425542 0.445445 0.427755 0.453299 0.447523
2 0.477805 0.449884 0.465198 0.433560 0.463953 0.433421 0.463953 0.433421 0.462555 0.435222 0.454854 0.450704 0.453299 0.447523 0.445445 0.427755 0.446068 0.425542 0.456531 0.413847 0.457786 0.412060 0.463643 0.405519 0.464979 0.405963 0.471750 0.423097 0.471898 0.425778 0.477201 0.436407 0.476497 0.436764 0.476047 0.437745 0.475695 0.440333 0.475745 0.443458 0.476750 0.447116
2 0.471750 0.423097 0.464979 0.405963 0.479367 0.387375 0.482128 0.392431 0.482031 0.393782 0.485924 0.403074 0.484201 0.404000 0.482193 0.406944 0.479982 0.412565 0.479479 0.415421 0.478023 0.413282 0.476719 0.413370
2 0.524328 0.376412 0.525034 0.367042 0.519557 0.366361 0.506216 0.366412 0.501531 0.366560 0.500779 0.367301 0.500279 0.380537 0.499859 0.387227 0.498961 0.390611 0.502023 0.387486 0.502826 0.389986 0.512177 0.397551 0.511997 0.399472 0.506240 0.403148 0.504831 0.406176 0.515047 0.406532 0.516930 0.405694 0.518409 0.402949 0.518542 0.401394 0.517607 0.400069 0.517474 0.399111 0.517742 0.397560 0.518146 0.396366 0.518953 0.395287 0.519625 0.393139 0.519354 0.390509 0.519625 0.388718 0.520094 0.385852 0.521169 0.380352 0.521708 0.378560
2 0.519826 0.361241 0.519557 0.363162 0.519557 0.366361 0.506216 0.366412 0.501531 0.366560 0.500779 0.367301 0.500279 0.380537 0.499859 0.387227 0.498961 0.390611 0.492635 0.395519 0.486477 0.392880 0.486896 0.390352 0.491661 0.381431 0.492667 0.380537 0.492792 0.377023 0.494352 0.369440 0.499760 0.347412 0.505188 0.349968
2 0.525807 0.353741 0.524234 0.355644 0.519826 0.361241 0.505188 0.349968 0.499760 0.347412 0.502133 0.346745 0.503003 0.344523 0.503802 0.342315 0.507589 0.343588
2 0.526586 0.352782 0.525807 0.353741 0.507589 0.343588 0.503802 0.342315 0.504977 0.338944 0.507094 0.337463 0.522396 0.336306 0.525375 0.336972 0.525831 0.338431 0.525714 0.340185
2 0.475604 0.378454 0.479367 0.387375 0.482128 0.392431 0.486477 0.392880 0.486896 0.390352 0.491661 0.381431 0.492667 0.380537 0.492792 0.377023 0.489766 0.367583 0.485669 0.348106 0.482044 0.352431 0.480370 0.353472 0.476021 0.356449 0.472591 0.361653 0.472424 0.364477 0.474096 0.367153 0.474599 0.370574
2 0.472424 0.364477 0.472591 0.361653 0.476021 0.356449 0.480370 0.353472 0.482044 0.352431 0.485669 0.348106 0.479828 0.344417 0.477828 0.343194 0.476891 0.344528 0.476203 0.344745 0.474828 0.344745 0.473768 0.344745 0.472518 0.344968 0.472143 0.346190 0.467831 0.345190 0.464396 0.344306 0.463458 0.344856 0.463146 0.346968 0.462833 0.349968 0.461352 0.351440 0.459201 0.353231 0.464396 0.364074
2 0.476690 0.387227 0.479367 0.387375 0.464979 0.405963 0.463643 0.405519 0.457786 0.412060 0.456531 0.413847 0.454609 0.412208 0.452531 0.408481 0.453372 0.408481 0.453708 0.402963 0.453539 0.399380 0.453940 0.400611 0.466570 0.396894 0.467740 0.392431 0.466820 0.389606 0.476523 0.388713
2 0.466820 0.389606 0.467740 0.392431 0.466570 0.396894 0.453940 0.400611 0.453539 0.399380 0.453286 0.396995 0.452784 0.393713 0.452281 0.390880 0.451862 0.388792 0.454107 0.385889 0.455445 0.384847 0.457870 0.384255 0.459378 0.381875 0.463810 0.378903 0.465148 0.382620
2 0.464396 0.364074 0.472424 0.364477 0.474096 0.367153 0.474599 0.370574 0.475604 0.378454 0.476690 0.387227 0.476523 0.388713 0.466820 0.389606 0.465148 0.382620 0.463810 0.378903 0.459378 0.381875 0.457870 0.384255 0.455445 0.384847 0.454107 0.385889 0.451862 0.388792 0.451526 0.386704 0.450688 0.384315 0.446659 0.378051 0.446156 0.375815 0.447583 0.372829 0.448422 0.370894 0.448672 0.370148 0.449714 0.369963 0.450898 0.366741 0.452898 0.364519
2 0.438044 0.346102 0.441443 0.337931 0.442339 0.339750 0.445776 0.350523 0.450898 0.366741 0.449714 0.369963 0.448672 0.370148 0.447078 0.368356 0.444982 0.367014 0.444057 0.365375 0.443258 0.362088 0.439995 0.350227 0.438401 0.352287
2 0.430417 0.360426 0.432102 0.360625 0.433766 0.363894 0.434057 0.361185 0.433911 0.353838 0.438044 0.346102 0.441443 0.337931 0.443393 0.337292 0.444464 0.336639 0.446919 0.335352 0.446703 0.334875 0.446755 0.334296 0.447242 0.333528 0.447188 0.332185 0.445299 0.329403 0.444219 0.327769 0.442977 0.324505 0.434065 0.310681 0.433148 0.309338 0.432068 0.309144 0.431474 0.309528 0.424453 0.325083 0.423698 0.328153 0.423698 0.330171 0.424669 0.336407 0.425372 0.342171 0.425805 0.345338 0.426021 0.348699 0.426344 0.350231 0.427154 0.351671 0.428073 0.353495 0.429260 0.356759
2 0.459201 0.353231 0.464396 0.364074 0.452898 0.364519 0.452898 0.364519 0.450898 0.366741 0.445776 0.350523 0.447151 0.342639 0.447089 0.341306 0.444464 0.336639 0.447901 0.334861 0.448464 0.333750 0.449734 0.332769 0.452164 0.338847
2 0.461352 0.351440 0.462833 0.349968 0.463146 0.346968 0.463458 0.344856 0.464396 0.344306 0.467831 0.345190 0.472143 0.346190 0.472518 0.344968 0.473768 0.344745 0.474828 0.344745 0.476203 0.344745 0.476891 0.344528 0.477828 0.343194 0.476453 0.341417 0.476266 0.338417 0.476266 0.336417 0.476828 0.335194 0.470893 0.323644 0.469456 0.320310 0.467549 0.320454 0.467279 0.322532 0.466651 0.326690 0.464130 0.329731 0.458193 0.335968 0.460547 0.345940
2 0.522396 0.336306 0.525375 0.336972 0.525831 0.338431 0.526760 0.337810 0.527979 0.337088 0.530130 0.336468 0.529896 0.332750 0.525948 0.330167 0.525133 0.329134 0.525542 0.325727 0.526760 0.319736 0.523711 0.321227 0.519878 0.322509 0.518070 0.322509 0.515901 0.321741 0.513747 0.322111 0.513693 0.323796 0.514346 0.323796 0.515362 0.324444 0.516159 0.326894 0.516956 0.329083 0.517755 0.329986 0.520727 0.332051 0.521844 0.333694
2 0.541333 0.295995 0.543552 0.298028 0.543753 0.300537 0.543372 0.302977 0.542503 0.306519 0.541747 0.307861 0.540120 0.305690 0.535997 0.303523 0.533672 0.301769 0.530943 0.299495 0.529839 0.303009 0.525299 0.304519 0.522987 0.305546 0.521396 0.306574 0.520674 0.308500 0.520096 0.310815 0.519516 0.313130 0.519516 0.314157 0.523711 0.321227 0.519878 0.322509 0.518070 0.322509 0.515901 0.321741 0.513747 0.322111 0.513573 0.320458 0.512062 0.319324 0.511831 0.316741 0.513573 0.309616 0.514737 0.305278 0.515432 0.304245 0.516594 0.301870 0.518995 0.293500 0.519992 0.292185 0.521169 0.288347 0.524260 0.280463 0.525943 0.278671 0.537099 0.290259 0.539047 0.292889
2 0.502422 0.344106 0.502133 0.346745 0.499760 0.347412 0.490909 0.349815 0.485669 0.348106 0.479828 0.344417 0.477828 0.343194 0.476453 0.341417 0.476266 0.338417 0.476266 0.336417 0.476828 0.335194 0.470893 0.323644 0.469456 0.320310 0.469518 0.318755 0.469893 0.317421 0.470393 0.316866 0.472039 0.316329 0.474073 0.316019 0.476919 0.315194 0.480870 0.314574 0.480987 0.315815 0.481508 0.316329 0.481974 0.315917 0.482206 0.313745 0.484297 0.314986 0.497542 0.337292 0.501432 0.341528
2 0.486893 0.302500 0.484935 0.301356 0.484414 0.304245 0.483542 0.307139 0.482323 0.310236 0.482206 0.313745 0.484297 0.314986 0.497542 0.337292 0.501432 0.341528 0.502422 0.344106 0.503003 0.344523 0.504977 0.338944 0.507094 0.337463 0.507385 0.333852 0.507820 0.332176 0.508255 0.330500 0.508544 0.328954 0.508617 0.327023 0.507940 0.325005 0.507940 0.323556 0.507708 0.321597 0.507125 0.320255 0.506719 0.319944 0.505789 0.320148 0.505383 0.320356 0.504628 0.319944 0.504628 0.317463 0.499167 0.316639 0.497599 0.317671 0.495927 0.316639 0.494823 0.316227 0.494299 0.315296 0.493951 0.312509 0.493604 0.310755 0.492674 0.308481 0.491164 0.306106 0.487969 0.302593
2 0.512062 0.307343 0.512237 0.310028 0.507534 0.309824 0.505674 0.313333 0.504628 0.317463 0.499167 0.316639 0.497599 0.317671 0.495927 0.316639 0.496622 0.315194 0.497495 0.310444 0.497669 0.304866 0.496857 0.303625 0.496622 0.302593 0.496216 0.300426 0.503594 0.296398 0.505047 0.297532 0.506383 0.297639 0.508010 0.298153 0.508648 0.300116 0.509578 0.302282
2 0.481406 0.299306 0.480232 0.303009 0.481276 0.305898 0.481974 0.307759 0.482323 0.310236 0.482206 0.313745 0.481974 0.315917 0.481508 0.316329 0.480987 0.315815 0.480870 0.314574 0.480927 0.313231 0.480870 0.310856 0.480695 0.308792 0.480115 0.306519 0.476919 0.315194 0.474073 0.316019 0.472039 0.316329 0.467549 0.314375 0.467729 0.312134 0.468268 0.310056 0.468630 0.308454 0.469169 0.307333 0.469440 0.306056 0.469078 0.304778 0.469260 0.303495 0.469888 0.302694 0.470250 0.302218 0.470430 0.300139 0.470430 0.299819 0.469620 0.298856 0.468813 0.297310 0.470156 0.296472 0.470492 0.294801 0.470828 0.293009 0.471107 0.289644
2 0.453690 0.287273 0.452253 0.288940 0.450094 0.293417 0.448745 0.295819 0.451625 0.300458 0.453693 0.305417 0.454503 0.311014 0.455404 0.314852 0.454773 0.320292 0.452974 0.326690 0.450094 0.331171 0.449734 0.332769 0.452164 0.338847 0.454682 0.337727 0.458193 0.335968 0.464130 0.329731 0.466651 0.326690 0.467279 0.322532 0.467549 0.320454 0.467549 0.318051 0.467549 0.316292 0.467549 0.314375 0.467729 0.312134 0.468268 0.310056 0.468630 0.308454 0.469169 0.307333 0.469440 0.306056 0.469078 0.304778 0.469260 0.303495 0.469888 0.302694 0.470250 0.302218 0.470430 0.300139 0.470430 0.299819 0.469620 0.298856 0.468813 0.297310 0.468208 0.295759 0.467333 0.294444 0.466326 0.293366 0.465250 0.292532 0.464443 0.292532 0.461823 0.293847 0.459068 0.294204
2 0.468516 0.277176 0.459268 0.266245 0.456042 0.262301 0.453690 0.259194 0.453219 0.259074 0.452078 0.262060 0.451539 0.263972 0.451003 0.265648 0.450531 0.267319 0.449659 0.268514 0.448852 0.269708 0.447909 0.270426 0.446969 0.271264 0.446565 0.272097 0.446497 0.273532 0.447036 0.275324 0.447909 0.277116 0.449659 0.281657 0.452479 0.285958 0.453690 0.287273 0.459068 0.294204 0.461823 0.293847 0.464443 0.292532 0.465250 0.292532 0.466326 0.293366 0.467333 0.294444 0.468208 0.295759 0.468813 0.297310 0.470156 0.296472 0.470492 0.294801 0.470828 0.293009 0.471107 0.289644 0.467531 0.286324 0.467688 0.282315 0.467919 0.279968
2 0.491279 0.281005 0.490938 0.278032 0.479896 0.270426 0.473984 0.266278 0.472508 0.265310 0.471654 0.265037 0.471185 0.265037 0.470562 0.265866 0.470562 0.267523 0.470331 0.268769 0.469786 0.270287 0.469164 0.271810 0.468852 0.273194 0.468542 0.274852 0.468516 0.277176 0.467919 0.279968 0.467688 0.282315 0.467531 0.286324 0.471107 0.289644 0.481406 0.299306 0.486893 0.302500 0.487969 0.302593 0.488026 0.300940 0.488432 0.298361 0.489013 0.293921 0.489536 0.293921 0.492034 0.294644 0.491229 0.291806 0.490526 0.288236 0.490477 0.282611
2 0.501143 0.282148 0.500768 0.278685 0.500266 0.276898 0.499562 0.275917 0.494893 0.278417 0.491279 0.281005 0.490477 0.282611 0.490526 0.288236 0.491229 0.291806 0.492034 0.294644 0.493719 0.293921 0.496740 0.292472 0.501969 0.289065 0.501026 0.286898 0.501026 0.285556
2 0.513049 0.281157 0.512703 0.279046 0.512703 0.277500 0.512529 0.275949 0.512297 0.274606 0.511599 0.274403 0.502768 0.276778 0.501607 0.277708 0.501318 0.278843 0.501143 0.282148 0.501026 0.285556 0.501026 0.286898 0.501969 0.289065 0.504117 0.288032 0.506383 0.286898 0.509984 0.285759 0.512307 0.284625 0.512878 0.283593
2 0.464693 0.523213 0.468089 0.529037 0.473578 0.540236 0.472589 0.542796 0.471971 0.549546 0.469888 0.550023 0.466930 0.551458 0.464115 0.553241 0.460680 0.549546 0.454206 0.541148 0.455833 0.537120 0.461130 0.524046 0.462273 0.523926
2 0.482036 0.476250 0.484104 0.478329 0.484286 0.480569 0.482305 0.492727 0.480057 0.491769 0.474437 0.502542 0.470339 0.497282 0.468659 0.498477 0.467693 0.497144 0.466255 0.495065 0.465625 0.494102 0.465174 0.492023 0.468810 0.491606 0.471148 0.492727 0.473849 0.491449 0.477448 0.486491
2 0.482305 0.492727 0.483656 0.494648 0.485096 0.494648 0.485544 0.496407 0.485724 0.498324 0.489865 0.503764 0.489234 0.515440 0.488784 0.531597 0.486714 0.532875 0.478167 0.537995 0.475917 0.538954 0.473578 0.540236 0.468089 0.529037 0.464693 0.523213 0.466305 0.519625 0.470271 0.511380 0.474437 0.502542 0.480057 0.491769
2 0.488784 0.531597 0.488547 0.543894 0.486620 0.548819 0.485779 0.551819 0.484333 0.561241 0.486500 0.566593 0.487224 0.573019 0.486982 0.576014 0.486620 0.577944 0.486620 0.579870 0.486742 0.584579 0.485055 0.586292 0.478430 0.587366 0.473315 0.588222 0.471435 0.585356 0.468612 0.582727 0.467469 0.581370 0.467448 0.579583 0.468477 0.576907 0.469013 0.572606 0.470628 0.560898 0.471971 0.549546 0.472589 0.542796 0.473578 0.540236 0.475917 0.538954 0.478167 0.537995 0.486714 0.532875
2 0.503622 0.547338 0.503531 0.551014 0.502992 0.554218 0.497232 0.556616 0.484727 0.557894 0.485779 0.551819 0.486620 0.548819 0.488547 0.543894 0.489135 0.547657
2 0.497232 0.556616 0.494904 0.559431 0.498323 0.570949 0.494003 0.574787 0.488784 0.584384 0.487164 0.586944 0.485055 0.586292 0.486742 0.584579 0.486620 0.579870 0.486620 0.577944 0.486982 0.576014 0.487224 0.573019 0.486500 0.566593 0.484333 0.561241 0.484727 0.557894
2 0.489865 0.503764 0.490674 0.502806 0.497547 0.503241 0.505247 0.503514 0.518477 0.502963 0.517307 0.536556 0.516857 0.545671 0.503622 0.547338 0.489135 0.547657 0.488547 0.543894 0.488784 0.531597 0.489234 0.515440
2 0.486266 0.465056 0.483836 0.471611 0.484104 0.478329 0.484286 0.480569 0.485096 0.494648 0.485544 0.496407 0.485724 0.498324 0.489865 0.503764 0.490674 0.502806 0.497547 0.503241 0.497315 0.500472 0.497471 0.496880 0.498326 0.493977 0.499880 0.491074 0.501359 0.487894 0.501669 0.486236 0.501047 0.480014 0.499958 0.471306 0.499648 0.465356 0.499258 0.461903 0.499258 0.460796 0.498096 0.459051 0.493099 0.459236 0.492464 0.461130 0.490607 0.462292 0.490607 0.462292 0.488195 0.463093
2 0.501125 0.460245 0.503990 0.461537 0.507409 0.464574 0.508039 0.468574 0.507859 0.484569 0.504935 0.487343 0.502604 0.485542 0.502526 0.479046 0.501513 0.468537
2 0.509805 0.423380 0.510109 0.428583 0.510109 0.433384 0.510109 0.437380 0.511188 0.443139 0.511367 0.449537 0.509120 0.449380 0.508219 0.447458 0.507049 0.446819 0.506148 0.446657 0.505701 0.446657 0.504799 0.447301 0.504349 0.448097 0.503990 0.449699 0.503721 0.454495 0.503990 0.461537 0.501125 0.460245 0.501125 0.457477 0.500492 0.455907 0.501844 0.452944 0.502469 0.447394 0.501948 0.436287 0.505385 0.431042 0.505888 0.429435 0.505034 0.423856 0.507857 0.420514 0.508193 0.423380
2 0.510109 0.433384 0.511997 0.433384 0.514247 0.432741 0.516497 0.433222 0.517846 0.434824 0.520836 0.437773 0.520836 0.430856 0.521010 0.425690 0.521706 0.423833 0.522036 0.419079 0.521500 0.418361 0.520693 0.416449 0.520693 0.415134 0.520693 0.413343 0.520893 0.411551 0.515786 0.416690 0.512628 0.420037 0.511284 0.420991 0.510544 0.422546 0.509805 0.423380 0.510109 0.428583
2 0.511367 0.449537 0.518221 0.453986 0.520021 0.445727 0.521125 0.443662 0.520836 0.437773 0.517846 0.434824 0.516497 0.433222 0.514247 0.432741 0.511997 0.433384 0.510109 0.433384 0.510109 0.437380 0.511188 0.443139
2 0.548872 0.480292 0.551828 0.483884 0.553229 0.484435 0.557893 0.490657 0.559216 0.492181 0.565669 0.488722 0.578760 0.457218 0.578672 0.452898 0.576422 0.452736 0.571112 0.446181 0.568682 0.445699 0.566883 0.445699 0.564456 0.445699 0.563195 0.446019 0.561664 0.447620 0.561576 0.450181 0.561484 0.452097 0.559685 0.452097 0.558966 0.452417 0.558607 0.453218 0.557076 0.454019 0.555818 0.452898 0.553096 0.459509 0.550779 0.461773 0.549247 0.467852 0.548438 0.470731 0.547719 0.471375 0.548872 0.475449 0.549263 0.478079
2 0.551937 0.533889 0.552714 0.533472 0.554893 0.536931 0.555982 0.536653 0.556758 0.535273 0.557768 0.533338 0.557815 0.530750 0.555794 0.508630 0.559917 0.495912 0.559216 0.492181 0.557893 0.490657 0.553229 0.484435 0.551828 0.483884 0.547396 0.486236 0.546773 0.487477 0.536742 0.494528 0.551625 0.492000 0.553182 0.496148 0.554036 0.504440 0.553648 0.520204
2 0.530208 0.496190 0.537010 0.509843 0.537641 0.513361 0.532154 0.522958 0.534763 0.524398 0.536471 0.525681 0.537010 0.527597 0.537281 0.531116 0.537281 0.534634 0.537792 0.540949 0.551742 0.538171 0.551937 0.533889 0.553648 0.520204 0.554036 0.504440 0.553182 0.496148 0.551625 0.492000 0.536742 0.494528 0.533477 0.494944 0.531609 0.494667
2 0.532154 0.522958 0.519557 0.542472 0.517307 0.536556 0.516857 0.545671 0.518747 0.549833 0.521805 0.555111 0.522977 0.556231 0.523133 0.550796 0.523443 0.545269 0.536276 0.544991 0.537552 0.545352 0.538208 0.543537 0.537792 0.540949 0.537281 0.534634 0.537281 0.531116 0.537010 0.527597 0.536471 0.525681 0.534763 0.524398
2 0.505247 0.503514 0.505557 0.498398 0.505870 0.495773 0.506180 0.494116 0.508047 0.490380 0.513167 0.483931 0.518026 0.476250 0.520177 0.474343 0.523521 0.481259 0.528109 0.491213 0.530208 0.496190 0.537010 0.509843 0.537641 0.513361 0.532154 0.522958 0.519557 0.542472 0.517307 0.536556 0.518477 0.502963
2 0.467693 0.497144 0.468659 0.498477 0.465096 0.517477 0.463417 0.520583 0.461870 0.520940 0.450846 0.513412 0.451867 0.508514 0.451667 0.506463 0.452169 0.505120 0.453073 0.499588 0.453469 0.495370 0.453747 0.498264 0.453656 0.499704 0.454018 0.501782 0.454378 0.503542 0.454737 0.504181 0.455456 0.506259 0.455818 0.508338 0.457076 0.508338 0.459326 0.508977 0.460495 0.508977 0.461216 0.509139 0.463464 0.509301 0.463914 0.509139 0.465445 0.508019 0.467154 0.501940
2 0.558839 0.561819 0.557990 0.563713 0.556219 0.563898 0.554555 0.562972 0.553409 0.564454 0.552471 0.565750 0.546120 0.571116 0.541956 0.574079 0.539146 0.575185 0.537583 0.574634 0.539979 0.570190 0.546745 0.559083 0.550182 0.555569 0.556427 0.551495 0.558503 0.551523 0.558839 0.553764 0.558839 0.556296 0.558839 0.559134
2 0.549969 0.601657 0.552578 0.603097 0.553297 0.605657 0.554107 0.607898 0.554737 0.609176 0.555096 0.610616 0.555727 0.612537 0.556896 0.614616 0.557706 0.617653 0.561664 0.618296 0.562656 0.616537 0.562026 0.615574 0.561664 0.613176 0.561216 0.611736 0.560857 0.610296 0.559505 0.607417 0.558336 0.604537 0.557617 0.602139 0.556896 0.599579 0.556536 0.596380 0.556177 0.594301 0.555727 0.593819 0.554466 0.593181 0.551409 0.594782 0.549247 0.595903 0.549159 0.598139 0.549518 0.599898
2 0.566536 0.626903 0.560286 0.627546 0.555703 0.629991 0.552063 0.629458 0.544906 0.626694 0.544906 0.625315 0.543508 0.624620 0.542107 0.623931 0.542107 0.623931 0.540865 0.622824 0.541018 0.621167 0.541484 0.619782 0.542729 0.618954 0.557706 0.617653 0.561664 0.618296 0.562656 0.616537 0.564904 0.617653 0.566703 0.618935 0.567604 0.621176 0.567604 0.622616
2 0.543854 0.648611 0.545841 0.645083 0.545995 0.642181 0.545995 0.639000 0.546617 0.637204 0.546930 0.634435 0.546930 0.630426 0.542573 0.629458 0.535341 0.628079 0.522044 0.643148 0.513258 0.655176 0.518466 0.663333 0.527255 0.677431 0.531375 0.685588 0.532232 0.686005 0.534174 0.684898 0.536391 0.681389 0.533669 0.678898 0.532036 0.676134 0.531414 0.673644 0.530560 0.670741 0.528693 0.667421 0.527604 0.665074 0.526750 0.660375 0.527060 0.658991 0.529237 0.656366 0.540979 0.646685 0.541992 0.646824
2 0.508664 0.675588 0.507258 0.675125 0.502687 0.677157 0.500065 0.678231 0.497781 0.680144 0.495362 0.682894 0.494891 0.684565 0.491664 0.692690 0.489716 0.697352 0.488841 0.700097 0.488773 0.702486 0.489312 0.705833 0.490052 0.707148 0.491867 0.707986 0.494419 0.705236 0.495630 0.703681 0.496503 0.702130 0.498990 0.700815 0.501544 0.699620 0.502956 0.698667 0.504839 0.697588 0.506654 0.696037 0.507820 0.693366
2 0.492026 0.665819 0.491328 0.667755 0.490859 0.670935 0.490393 0.675912 0.490393 0.677569 0.492648 0.679782 0.494516 0.681306 0.495362 0.682894 0.497781 0.680144 0.500065 0.678231 0.502687 0.677157 0.507258 0.675125 0.508664 0.675588 0.508823 0.664713 0.507503 0.664023 0.507503 0.661398 0.502836 0.662778 0.500115 0.666375 0.495839 0.665681
2 0.534773 0.578333 0.534672 0.580866 0.541331 0.593023 0.542049 0.598940 0.542500 0.603579 0.544120 0.605338 0.544570 0.606778 0.544391 0.608218 0.543221 0.609338 0.541060 0.609815 0.540070 0.609977 0.539982 0.609176 0.539891 0.607417 0.539440 0.605657 0.538721 0.605176 0.537552 0.605977 0.536471 0.606778 0.534943 0.607097 0.531974 0.609176 0.527115 0.613176 0.524326 0.614935 0.522255 0.614778 0.519646 0.612375 0.509479 0.595903 0.507409 0.592222 0.506419 0.590301 0.502732 0.583583 0.525945 0.569829 0.529432 0.571671 0.531375 0.573056 0.533419 0.576667 0.533419 0.576667
2 0.485055 0.586292 0.485948 0.589625 0.485115 0.592769 0.484177 0.595546 0.489591 0.604986 0.490424 0.609981 0.491987 0.614056 0.492818 0.609611 0.503229 0.628861 0.508331 0.626639 0.506768 0.621458 0.520406 0.618866 0.519677 0.617014 0.519677 0.614792 0.519646 0.612375 0.509479 0.595903 0.507409 0.592222 0.506419 0.590301 0.502732 0.583583 0.501831 0.583264 0.500302 0.578787 0.498323 0.570949 0.494003 0.574787 0.488784 0.584384 0.487164 0.586944
2 0.503229 0.628861 0.501477 0.629241 0.499326 0.629481 0.498654 0.630917 0.498250 0.632588 0.498453 0.634861 0.498654 0.636532 0.498789 0.638324 0.499193 0.640116 0.499461 0.641551 0.499797 0.642505 0.500805 0.643102 0.501477 0.643102 0.503693 0.643148 0.505013 0.641074 0.508125 0.638861 0.513258 0.634991 0.516523 0.630704 0.517456 0.630704 0.519945 0.629736 0.525854 0.626005 0.530208 0.626833 0.529638 0.625181 0.526211 0.621954 0.522380 0.622551 0.514852 0.624463 0.508331 0.626639
2 0.491987 0.614056 0.492135 0.617176 0.493279 0.618847 0.494419 0.620759 0.495294 0.622912 0.497578 0.627449 0.498049 0.628644 0.497378 0.630199 0.495630 0.633546 0.494823 0.634620 0.495362 0.639519 0.493924 0.645574 0.502120 0.647380 0.503693 0.643148 0.501477 0.643102 0.500805 0.643102 0.499797 0.642505 0.499461 0.641551 0.499193 0.640116 0.498789 0.638324 0.498654 0.636532 0.498453 0.634861 0.498250 0.632588 0.498654 0.630917 0.499326 0.629481 0.501477 0.629241 0.503229 0.628861 0.492818 0.609611
2 0.477375 0.652824 0.476286 0.655176 0.475432 0.656282 0.474344 0.663884 0.475042 0.665130 0.485385 0.669968 0.490859 0.670935 0.491328 0.667755 0.492026 0.665819 0.490393 0.664023 0.493583 0.658907 0.499104 0.650889 0.492766 0.649056 0.490130 0.653241 0.484919 0.655866 0.480797 0.654898
2 0.473315 0.588222 0.471323 0.592931 0.469034 0.600000 0.465422 0.606639 0.464096 0.614773 0.463372 0.622269 0.463323 0.631264 0.472823 0.637194 0.473125 0.628056 0.476240 0.622963 0.480362 0.618954 0.484250 0.617986 0.487594 0.618954 0.488839 0.610796 0.489591 0.604986 0.484177 0.595546 0.485115 0.592769 0.485948 0.589625 0.485055 0.586292 0.478430 0.587366
2 0.455237 0.590134 0.458193 0.595500 0.456388 0.598926 0.457833 0.627407 0.461221 0.628042 0.463323 0.631264 0.463372 0.622269 0.464096 0.614773 0.465422 0.606639 0.469034 0.600000 0.471323 0.592931 0.473315 0.588222 0.456714 0.590852
2 0.448385 0.578944 0.450182 0.583194 0.455237 0.590134 0.458193 0.595500 0.456388 0.598926 0.454232 0.600426 0.445445 0.608444 0.442023 0.612454 0.439224 0.615634 0.437203 0.617431 0.435958 0.617431 0.434635 0.614255 0.433003 0.609829 0.432380 0.608171 0.434169 0.608171 0.435102 0.607894 0.440003 0.601671 0.448745 0.600537 0.449464 0.598940
2 0.445445 0.608444 0.443992 0.616273 0.444096 0.619051 0.448260 0.630894 0.455237 0.627935 0.457318 0.617569 0.456388 0.598926 0.454232 0.600426
2 0.429922 0.592083 0.424698 0.604968 0.428299 0.603315 0.432771 0.607032 0.432380 0.608171 0.434169 0.608171 0.435102 0.607894 0.440003 0.601671 0.437318 0.602139 0.435969 0.601338 0.435503 0.592370 0.432818 0.592060
2 0.442023 0.612454 0.441833 0.620769 0.441833 0.625417 0.440846 0.627583 0.434398 0.638736 0.433003 0.609829 0.434635 0.614255 0.435958 0.617431 0.437203 0.617431 0.439224 0.615634
2 0.434398 0.638736 0.434669 0.644060 0.433862 0.645014 0.430703 0.647167 0.425057 0.643940 0.425260 0.614426 0.424385 0.607616 0.423917 0.606301 0.424698 0.604968 0.428299 0.603315 0.432771 0.607032 0.432380 0.608171 0.433003 0.609829
2 0.423917 0.606301 0.423109 0.604986 0.420958 0.604750 0.420286 0.604986 0.419232 0.593023 0.416893 0.592542 0.416893 0.587102 0.416263 0.585981 0.415362 0.586144 0.414734 0.587583 0.412755 0.589181 0.413901 0.600685 0.414104 0.601282 0.414776 0.605944 0.413029 0.609171 0.411281 0.613472 0.410674 0.616218 0.417935 0.619565 0.417799 0.643343 0.423714 0.645852 0.425057 0.643940 0.425260 0.614426 0.424385 0.607616
2 0.410674 0.616218 0.409130 0.633884 0.409130 0.640796 0.417799 0.643343 0.417935 0.619565
2 0.409130 0.640796 0.408117 0.643560 0.406641 0.663606 0.406641 0.670796 0.413484 0.671352 0.415195 0.667204 0.416440 0.643009
2 0.416440 0.643009 0.417799 0.643343 0.423714 0.645852 0.425057 0.643940 0.430703 0.647167 0.430904 0.650472 0.429893 0.654208 0.428958 0.657111 0.427326 0.660981 0.426081 0.659875 0.421417 0.668722 0.415195 0.667204
2 0.430703 0.647167 0.434247 0.646463 0.435802 0.646463 0.438836 0.645361 0.441247 0.646190 0.443268 0.648954 0.444279 0.651856 0.443578 0.657940 0.441792 0.664435 0.439768 0.668032 0.435958 0.655315 0.435258 0.655449 0.435258 0.658218 0.435258 0.659458 0.436115 0.659046 0.440234 0.672870 0.440625 0.674806 0.439458 0.672870 0.435958 0.670384 0.431992 0.667894 0.427326 0.660981 0.428958 0.657111 0.429893 0.654208 0.430904 0.650472
2 0.444279 0.651856 0.445990 0.650750 0.446922 0.650199 0.447313 0.647847 0.447313 0.645912 0.447313 0.642731 0.447313 0.641074 0.447078 0.638861 0.447622 0.637204 0.448633 0.636648 0.449411 0.636375 0.449646 0.636375 0.449799 0.636375 0.450344 0.637204 0.450344 0.637755 0.450888 0.639829 0.451432 0.639968 0.452289 0.639690 0.452911 0.638722 0.453456 0.637343 0.454156 0.636926 0.454854 0.636926 0.456333 0.637894 0.458122 0.639968 0.458510 0.641903 0.457966 0.644255 0.456021 0.651028 0.453221 0.654069 0.452521 0.656417 0.452911 0.658218 0.456721 0.660292 0.459677 0.661398 0.462398 0.661120 0.462398 0.663606 0.460531 0.664852 0.458742 0.669829 0.456643 0.674255 0.453917 0.679426 0.452930 0.679528 0.451128 0.679630 0.449211 0.679940 0.447469 0.680046 0.445901 0.679218 0.443945 0.679667 0.441599 0.678273 0.441495 0.674204 0.440453 0.670130 0.439768 0.668032 0.441792 0.664435 0.443578 0.657940
2 0.435802 0.646463 0.435141 0.638204 0.443240 0.634431 0.448260 0.630894 0.455237 0.627935 0.457833 0.627407 0.460008 0.627931 0.460568 0.630236 0.461284 0.637606 0.462966 0.656963 0.463302 0.659352 0.464042 0.666403 0.464310 0.669750 0.461016 0.671542 0.459740 0.671898 0.458742 0.669829 0.460531 0.664852 0.462398 0.663606 0.462398 0.661120 0.459677 0.661398 0.456721 0.660292 0.452911 0.658218 0.452521 0.656417 0.453221 0.654069 0.456021 0.651028 0.457966 0.644255 0.458510 0.641903 0.458122 0.639968 0.456333 0.637894 0.454854 0.636926 0.454156 0.636926 0.453456 0.637343 0.452911 0.638722 0.452289 0.639690 0.451432 0.639968 0.450888 0.639829 0.450344 0.637755 0.450344 0.637204 0.449799 0.636375 0.449646 0.636375 0.449411 0.636375 0.448633 0.636648 0.447622 0.637204 0.447078 0.638861 0.447313 0.641074 0.447313 0.642731 0.447313 0.645912 0.447313 0.647847 0.446922 0.650199 0.445990 0.650750 0.444279 0.651856 0.443268 0.648954 0.441247 0.646190 0.438836 0.645361
2 0.468760 0.691324 0.469906 0.687620 0.469906 0.684477 0.468865 0.682995 0.467302 0.681699 0.465742 0.679847 0.464076 0.677074 0.463555 0.675407 0.459740 0.671898 0.458742 0.669829 0.457932 0.673556 0.455539 0.680032 0.454266 0.682731 0.453799 0.684898 0.452406 0.686551 0.451070 0.687481 0.450315 0.688824 0.448919 0.691495 0.448380 0.693528 0.444711 0.701685 0.444711 0.716866 0.446065 0.719083 0.446690 0.721491 0.448044 0.722417 0.449188 0.719824 0.451375 0.717421 0.453039 0.712792 0.453456 0.711125 0.456372 0.706685 0.458453 0.693912 0.461370 0.686139 0.462201 0.685954
2 0.460568 0.630236 0.461583 0.634102 0.464266 0.637194 0.472534 0.642093 0.472974 0.645361 0.471599 0.645329 0.469799 0.645968 0.468810 0.648528 0.467370 0.653005 0.467102 0.654949 0.462107 0.647102 0.461284 0.637606
2 0.468760 0.691324 0.474456 0.697005 0.477948 0.685227 0.482164 0.675806 0.483852 0.677088 0.485385 0.669968 0.475042 0.665130 0.474344 0.663884 0.470539 0.681606 0.471060 0.684199 0.469906 0.687620
2 0.483852 0.677088 0.485779 0.677944 0.488669 0.680301 0.490393 0.677569 0.492648 0.679782 0.494516 0.681306 0.495362 0.682894 0.494891 0.684565 0.491664 0.692690 0.489716 0.697352 0.488841 0.700097 0.488773 0.702486 0.484573 0.714347 0.482164 0.717560 0.480839 0.725486 0.480638 0.728671 0.479154 0.728269 0.478792 0.726769 0.475177 0.725056 0.473852 0.723343 0.472768 0.722060 0.472286 0.721204 0.472047 0.720130 0.471805 0.717991 0.470120 0.713708 0.468794 0.711995 0.467227 0.710708 0.466263 0.710708 0.465060 0.711139 0.463372 0.709852 0.462169 0.709208 0.458555 0.707282 0.456372 0.706685 0.458453 0.693912 0.461370 0.686139 0.462201 0.685954 0.468760 0.691324 0.474456 0.697005 0.477948 0.685227 0.482164 0.675806
2 0.490315 0.727065 0.493680 0.727940 0.495362 0.727819 0.496167 0.726148 0.497513 0.726861 0.498453 0.730088 0.501208 0.741801 0.498385 0.739528 0.491570 0.734963 0.484490 0.728301
2 0.502432 0.762852 0.500349 0.759625 0.496383 0.755324 0.494096 0.752694 0.490065 0.759625 0.486503 0.769185 0.488049 0.772769 0.489258 0.771694 0.488049 0.768944 0.487914 0.767750 0.488654 0.766676 0.489930 0.766319 0.492081 0.772171 0.493359 0.770139 0.495375 0.770259 0.497794 0.766319
2 0.502432 0.762852 0.505846 0.760676 0.506990 0.756972 0.507391 0.752792 0.507794 0.751236 0.507526 0.749329 0.506719 0.748250 0.498789 0.747056 0.495966 0.747296 0.493479 0.748370 0.491932 0.749565 0.490052 0.751718 0.489648 0.752912 0.487633 0.754463 0.485211 0.758407 0.483464 0.760079 0.482927 0.766176 0.486503 0.769185 0.490065 0.759625 0.494096 0.752694 0.496383 0.755324 0.500349 0.759625
2 0.400112 0.826296 0.400831 0.802278 0.404521 0.801801 0.423417 0.797958 0.424586 0.797162 0.428125 0.802759 0.429656 0.809694 0.430758 0.813907 0.426299 0.823569 0.425461 0.839181 0.425740 0.847606 0.408055 0.844630
2 0.428125 0.802759 0.428589 0.795847 0.428490 0.780000 0.427969 0.769954 0.425440 0.768495 0.419771 0.765616 0.413833 0.764815 0.407445 0.767375 0.405646 0.770574 0.404521 0.801801 0.423417 0.797958 0.424586 0.797162
2 0.427969 0.769954 0.427781 0.763056 0.428771 0.755537 0.429490 0.751060 0.426789 0.747861 0.418333 0.745144 0.411854 0.745463 0.405911 0.749444 0.405646 0.770574 0.407445 0.767375 0.413833 0.764815 0.419771 0.765616 0.425440 0.768495
2 0.429490 0.751060 0.430120 0.736023 0.426815 0.730838 0.421661 0.729625 0.414013 0.729787 0.406815 0.732185 0.405911 0.749444 0.411854 0.745463 0.418333 0.745144 0.426789 0.747861
2 0.481695 0.763551 0.482414 0.746278 0.480615 0.742759 0.475846 0.738440 0.474227 0.740838 0.476026 0.752995 0.478094 0.761954
2 0.543435 0.844231 0.548432 0.861630 0.537604 0.863852 0.528964 0.864593 0.521781 0.864407 0.521365 0.852190 0.533544 0.845898
2 0.548432 0.861630 0.547932 0.843903 0.554076 0.843477 0.563711 0.843690 0.568125 0.844213 0.570216 0.850329 0.564794 0.861463
2 0.554076 0.843477 0.563711 0.843690 0.564555 0.838120 0.564555 0.829130 0.555760 0.833412 0.555521 0.837264
2 0.572625 0.825704 0.580094 0.821421 0.578167 0.836407 0.574672 0.843046 0.568073 0.844167 0.569253 0.841764 0.571661 0.832981
5 0.297013 0.203889 0.288721 0.187306 0.294810 0.183389 0.308674 0.177398 0.311911 0.175097 0.316057 0.171644 0.321370 0.171644 0.331484 0.192037 0.343005 0.212407 0.357388 0.241662 0.371185 0.271329 0.373984 0.280079 0.374555 0.283259 0.376224 0.285444 0.376458 0.288046 0.372870 0.284847 0.369734 0.282472 0.366146 0.278491 0.361979 0.280648 0.359266 0.284731 0.335143 0.254995 0.306938 0.217222
5 0.357547 0.158755 0.356435 0.154731 0.355596 0.153046 0.355523 0.149398 0.359219 0.149204 0.362883 0.148806 0.362883 0.147792 0.358784 0.143718 0.358755 0.142060 0.361227 0.140282 0.364388 0.132481 0.363685 0.130005 0.362427 0.128514 0.362516 0.125519 0.365508 0.125852 0.372786 0.132907 0.378664 0.138218 0.384917 0.144190 0.389536 0.148009 0.395753 0.153481 0.403409 0.161954 0.415229 0.173750 0.423760 0.180292 0.433701 0.189894 0.442901 0.199713 0.447419 0.204171 0.447044 0.206278 0.448794 0.213167 0.449609 0.219051 0.456609 0.225056 0.455227 0.227278 0.454115 0.228287 0.453177 0.229907 0.451172 0.228051 0.449734 0.227046 0.447943 0.231296 0.446706 0.239412 0.439331 0.231185 0.439766 0.240181 0.440266 0.249509 0.434219 0.242505 0.424984 0.232806 0.411701 0.218213 0.396148 0.201894 0.379083 0.182597 0.362451 0.164551
5 0.384917 0.144190 0.377315 0.135782 0.371388 0.129644 0.368401 0.126907 0.368401 0.125662 0.370081 0.123171 0.374234 0.120435 0.375401 0.119190 0.376521 0.112801 0.377409 0.110560 0.381047 0.102597 0.383055 0.102264 0.383570 0.102500 0.384411 0.103250 0.410234 0.129417 0.441930 0.159255 0.468906 0.185454 0.466456 0.189551 0.466456 0.189551 0.465057 0.192620 0.463003 0.198014 0.461883 0.200171 0.461229 0.200088 0.460622 0.199009 0.459596 0.200333 0.460016 0.202412 0.458661 0.206560 0.456328 0.208051 0.456281 0.209546 0.454010 0.212546 0.447419 0.204171 0.442901 0.199713 0.433701 0.189894 0.423760 0.180292 0.415229 0.173750 0.403409 0.161954 0.395753 0.153481 0.389536 0.148009
5 0.464870 0.234852 0.462633 0.232213 0.459487 0.232356 0.457607 0.233384 0.456609 0.233602 0.453638 0.235727 0.452146 0.237019 0.450979 0.238903 0.451461 0.240102 0.462190 0.251861 0.474815 0.265917 0.494823 0.288435 0.498818 0.293671 0.507609 0.302417 0.525440 0.323931 0.533424 0.333111 0.534596 0.334616 0.535724 0.338417 0.535951 0.339593 0.531870 0.341514 0.530984 0.342181 0.531474 0.344005 0.539958 0.353324 0.541630 0.352431 0.541044 0.350500 0.541044 0.345296 0.543135 0.343958 0.546984 0.349014 0.548823 0.347676 0.548992 0.343065 0.552003 0.347676 0.554094 0.347227 0.554010 0.342917 0.556518 0.331167 0.559279 0.325815 0.562307 0.327806 0.563315 0.327157 0.562786 0.326019 0.559375 0.322639 0.557318 0.320694 0.553078 0.316412 0.551865 0.314755 0.550130 0.314398 0.547383 0.311681 0.544583 0.314171 0.542344 0.311602 0.540198 0.310602 0.538469 0.311185 0.536695 0.311269 0.514576 0.287454 0.489557 0.260986
5 0.451461 0.240102 0.449839 0.242657 0.446706 0.239412 0.439331 0.231185 0.439766 0.240181 0.440266 0.249509 0.440211 0.252102 0.437727 0.253926 0.434974 0.255463 0.433948 0.257000 0.436797 0.259120 0.445964 0.269815 0.464237 0.290875 0.480622 0.308231 0.488049 0.313931 0.500633 0.331287 0.511859 0.346162 0.517961 0.354032 0.521133 0.351491 0.526328 0.345542 0.531870 0.341514 0.535951 0.339593 0.535724 0.338417 0.534596 0.334616 0.533424 0.333111 0.525440 0.323931 0.507609 0.302417 0.498818 0.293671 0.494823 0.288435 0.474815 0.265917 0.462190 0.251861
