0 0.495573 0.298838 0.490831 0.299181 0.486089 0.306236 0.478927 0.309505 0.476505 0.316560 0.476409 0.321546 0.472664 0.328139 0.473846 0.334588 0.467042 0.337704 0.460974 0.341815 0.455979 0.349801 0.452292 0.359917 0.450865 0.381773 0.450724 0.383347 0.452081 0.388667 0.454693 0.392727 0.456281 0.383023 0.462721 0.377102 0.466437 0.376736 0.472451 0.392606 0.471049 0.400380 0.470875 0.405806 0.470133 0.412685 0.470911 0.419597 0.471378 0.423537 0.473318 0.428972 0.474086 0.430991 0.475279 0.440986 0.482651 0.450653 0.486833 0.441329 0.486823 0.435278 0.489865 0.433398 0.492159 0.407157 0.496672 0.389532 0.524466 0.417028 0.527995 0.417977 0.530708 0.398231 0.531760 0.376287 0.527596 0.368435 0.522766 0.356991 0.527667 0.357528 0.527667 0.357528 0.534159 0.358245 0.540117 0.358958 0.545828 0.359417 0.545885 0.361292 0.550333 0.369852 0.551940 0.370954 0.553284 0.375972 0.553620 0.381454 0.552945 0.385801 0.551755 0.386657 0.554232 0.389755 0.556784 0.393931 0.560497 0.390870 0.563008 0.383620 0.563008 0.369954 0.562693 0.354898 0.557831 0.344023 0.553107 0.338167 0.545326 0.333556 0.541987 0.332588 0.541518 0.330634 0.541203 0.325894 0.540732 0.317250 0.539477 0.306653 0.534318 0.303245 0.532870 0.298102 0.531049 0.300009 0.528156 0.299431 0.526570 0.297519
5 0.445891 0.423148 0.441518 0.415708 0.437456 0.412042 0.433646 0.410153 0.428958 0.410375 0.424148 0.413486 0.421023 0.417042 0.417901 0.422370 0.415214 0.429037 0.413526 0.435366 0.412276 0.442810 0.413109 0.458361 0.415206 0.465690 0.418315 0.471986 0.420339 0.474556 0.421495 0.475968 0.425333 0.474056 0.426339 0.479569 0.430242 0.479440 0.433784 0.477556 0.436083 0.476620 0.440359 0.472963 0.444474 0.466796 0.445521 0.462852 0.446654 0.458750 0.447826 0.453361 0.448310 0.449704 0.448391 0.445972 0.449401 0.443199 0.448893 0.435102 0.447594 0.428032
2 0.414461 0.508639 0.421417 0.508407 0.421974 0.506657 0.428927 0.506995 0.428182 0.489565 0.425333 0.474056 0.417396 0.478282 0.413341 0.479454
2 0.428927 0.506995 0.421974 0.506657 0.421417 0.508407 0.420773 0.516565 0.422023 0.528449 0.424336 0.550551 0.439143 0.549773 0.439518 0.534556 0.437581 0.527894 0.437643 0.509231 0.436706 0.507009
2 0.526802 0.730755 0.526875 0.759671 0.559401 0.753519 0.557839 0.736343 0.557187 0.710833
2 0.428927 0.506995 0.436706 0.507009 0.437643 0.509231 0.439299 0.507162 0.435958 0.493431 0.432654 0.484079 0.433784 0.477556 0.430242 0.479440 0.426339 0.479569 0.428182 0.489565
2 0.569557 0.748208 0.569557 0.752097 0.580615 0.750431 0.585802 0.737102 0.574492 0.732769
2 0.561141 0.575009 0.579760 0.573343 0.580948 0.617329 0.572888 0.617995
2 0.428354 0.748065 0.439724 0.770833 0.443286 0.770278 0.442224 0.762292 0.444659 0.760505 0.444909 0.726519 0.446659 0.723417 0.447221 0.714741 0.449034 0.711532 0.479023 0.709301 0.478961 0.703093 0.480961 0.700537 0.486958 0.699759 0.489833 0.701981 0.485896 0.690759 0.452781 0.698856 0.428602 0.707310
2 0.489833 0.701981 0.489656 0.711162 0.491008 0.712505 0.493544 0.757338 0.495219 0.763958 0.502078 0.763287 0.502833 0.758394 0.502563 0.742361
2 0.451122 0.688449 0.452781 0.698856 0.485896 0.690759 0.479112 0.668491 0.481570 0.666046 0.481570 0.659236 0.501232 0.647028 0.501016 0.599861 0.489667 0.606028 0.484750 0.611810 0.477016 0.618625 0.456411 0.637000 0.442026 0.649727
2 0.477016 0.618625 0.456411 0.637000 0.442026 0.649727 0.451122 0.688449 0.424878 0.708032 0.423646 0.710468 0.417372 0.599093 0.436276 0.594190 0.456349 0.590917 0.486711 0.585412
2 0.550802 0.681727 0.556904 0.681727 0.583234 0.656491 0.555549 0.553593 0.527529 0.574708 0.526023 0.577236 0.523682 0.578722 0.525104 0.634782 0.530625 0.631361 0.546349 0.675227
2 0.445521 0.462852 0.444474 0.466796 0.440359 0.472963 0.436083 0.476620 0.433784 0.477556 0.432654 0.484079 0.444513 0.517426 0.451049 0.510324 0.452096 0.507315 0.451896 0.503083 0.453307 0.502796 0.454115 0.500000 0.457099 0.499782 0.457260 0.493759 0.451977 0.479491 0.449112 0.466653
2 0.449883 0.441741 0.448391 0.445972 0.448310 0.449704 0.447826 0.453361 0.449599 0.456944 0.451779 0.460384 0.459846 0.466412 0.460531 0.461319 0.462750 0.459884 0.462669 0.456657 0.463112 0.450560 0.464122 0.447046 0.457909 0.446259
2 0.408732 0.294491 0.409867 0.299963 0.409219 0.308986 0.412513 0.334333 0.415909 0.333130 0.417719 0.317370 0.419771 0.313912 0.423010 0.304889 0.423443 0.292792 0.421714 0.291833 0.411346 0.292986
2 0.426021 0.315079 0.419607 0.314333 0.417719 0.317370 0.415909 0.333130 0.425672 0.331440 0.425289 0.329644 0.424557 0.326361 0.425115 0.319542
2 0.422349 0.351403 0.414646 0.359366 0.416607 0.364264 0.417026 0.381935 0.423654 0.380440 0.424682 0.374218 0.425943 0.371398 0.430141 0.370069 0.429721 0.367000 0.429909 0.362352 0.426268 0.356546
2 0.425443 0.355509 0.430737 0.350287 0.430529 0.347190 0.421010 0.333245 0.418919 0.334796 0.417107 0.343782 0.417594 0.348676 0.416234 0.351032 0.413099 0.351218 0.411669 0.356671 0.409576 0.358778 0.410029 0.371611 0.413727 0.374644 0.415432 0.368694 0.416563 0.364167 0.414646 0.359366 0.422349 0.351403
16 0.424216 0.597005 0.436276 0.594190 0.456349 0.590917 0.470951 0.588005 0.461206 0.567681 0.455893 0.566681 0.454143 0.565014 0.439906 0.564569 0.425279 0.562014
16 0.487417 0.463829 0.482016 0.458352 0.475859 0.474097 0.470029 0.491954 0.465698 0.510417 0.462943 0.522606 0.458792 0.536546 0.457435 0.545514 0.455195 0.550819 0.456036 0.557704 0.458138 0.565588 0.459536 0.567245 0.461206 0.567681 0.470951 0.588005 0.486711 0.585412 0.487633 0.582347 0.489732 0.583921 0.493555 0.577537 0.499956 0.563597 0.500305 0.553699 0.500521 0.517606 0.496958 0.506949 0.490424 0.492259 0.489615 0.482375
16 0.494378 0.472403 0.499865 0.476995 0.500388 0.502810 0.494378 0.490620
16 0.555549 0.553593 0.561141 0.575009 0.573786 0.573653 0.573474 0.557440 0.574224 0.540000 0.574411 0.527338 0.573411 0.512343 0.567727 0.511454 0.560104 0.511898 0.550857 0.512787 0.542109 0.514898 0.534112 0.518671 0.535424 0.535667 0.536174 0.539333 0.536799 0.552551 0.536737 0.554884 0.537674 0.567102
16 0.523122 0.526361 0.524372 0.578565 0.526023 0.577236 0.527529 0.574708 0.537674 0.567102 0.536737 0.554884 0.536799 0.552551 0.536174 0.539333 0.535424 0.535667 0.534112 0.518671 0.542109 0.514898 0.550857 0.512787 0.560104 0.511898 0.558385 0.509620 0.554305 0.506398 0.548102 0.502935 0.539005 0.501500 0.531831 0.502310 0.531557 0.506278 0.529995 0.512977 0.527432 0.520204 0.524779 0.524648
16 0.523122 0.526361 0.524779 0.524648 0.527432 0.520204 0.529995 0.512977 0.531557 0.506278 0.531831 0.502310 0.531773 0.496829 0.531292 0.494824 0.527781 0.503282 0.526208 0.510528 0.523021 0.514185
16 0.420893 0.518019 0.418393 0.523227 0.416331 0.530227 0.415458 0.535444 0.415768 0.547662 0.418706 0.554329 0.422206 0.559880 0.425279 0.562014 0.439906 0.564569 0.454143 0.565014 0.455893 0.566681 0.459536 0.567245 0.458138 0.565588 0.456036 0.557704 0.455195 0.550819 0.457435 0.545514 0.457836 0.543065 0.456388 0.542852 0.455013 0.536569 0.454388 0.532426 0.452958 0.526657 0.450901 0.522995 0.448846 0.519963 0.447659 0.513884 0.444513 0.517426 0.443161 0.513699 0.440969 0.512273 0.437549 0.513088 0.437581 0.527894 0.439518 0.534556 0.439143 0.549773 0.424336 0.550551 0.422023 0.528449
16 0.531292 0.494824 0.531773 0.496829 0.531831 0.502310 0.539005 0.501500 0.548102 0.502935 0.554305 0.506398 0.558385 0.509620 0.560651 0.505000 0.562487 0.499815 0.564052 0.493194 0.564701 0.485222 0.564539 0.476778 0.563620 0.470634 0.561461 0.463241 0.559732 0.459208 0.556763 0.456042 0.554333 0.458727 0.550284 0.459111 0.544289 0.453449 0.540508 0.454792 0.535865 0.460074 0.532516 0.465546 0.532464 0.490407
16 0.533914 0.441037 0.534047 0.457125 0.535826 0.455884 0.537497 0.453222 0.538648 0.450431 0.540078 0.449565 0.541508 0.451176 0.544289 0.453449 0.550284 0.459111 0.554333 0.458727 0.556763 0.456042 0.560089 0.453593 0.560891 0.442870 0.558451 0.396944 0.556784 0.393931 0.554232 0.389755 0.551755 0.386657 0.548620 0.383310 0.545271 0.380708 0.541961 0.379218 0.541471 0.381759 0.538578 0.386287 0.540544 0.388597 0.542500 0.395032 0.543883 0.402671 0.540591 0.418153 0.540979 0.427787 0.538172 0.440005
16 0.516161 0.256782 0.516255 0.263421 0.517318 0.267282 0.518779 0.271120 0.518073 0.277074 0.517841 0.279019 0.518729 0.279764 0.519943 0.278519 0.520781 0.276361 0.522461 0.273625 0.523583 0.281838 0.524888 0.290134 0.526336 0.291130 0.526010 0.294449 0.526570 0.297519 0.528156 0.299431 0.531049 0.300009 0.532870 0.298102 0.534318 0.303245 0.540336 0.306065 0.541318 0.304241 0.541365 0.300509 0.542065 0.295032 0.542297 0.288894 0.542297 0.283745 0.542203 0.274704 0.541365 0.269310 0.540198 0.267815 0.538143 0.269477 0.535016 0.267403 0.530070 0.265741 0.527221 0.264417 0.523909 0.263171
16 0.492378 0.289546 0.495573 0.298838 0.490831 0.299181 0.486089 0.306236 0.478927 0.309505 0.476505 0.316560 0.476409 0.321546 0.472664 0.328139 0.473846 0.334588 0.467042 0.337704 0.467039 0.325218 0.464870 0.314037 0.463135 0.304144 0.463859 0.297458 0.474919 0.295662 0.483159 0.292190
16 0.430141 0.370069 0.425943 0.371398 0.424682 0.374218 0.423654 0.380440 0.417026 0.381935 0.410714 0.382718 0.412276 0.442810 0.413526 0.435366 0.415214 0.429037 0.417901 0.422370 0.421023 0.417042 0.424148 0.413486 0.428958 0.410375 0.433646 0.410153 0.437456 0.412042 0.441518 0.415708 0.445891 0.423148 0.446641 0.414042 0.446578 0.379273 0.445328 0.374940 0.441143 0.371722 0.434583 0.369611
16 0.496849 0.414537 0.494714 0.421343 0.495281 0.429560 0.494958 0.436963 0.494273 0.447384 0.493932 0.451898 0.494664 0.455718 0.499695 0.455282 0.499060 0.418731
16 0.474086 0.430991 0.475279 0.440986 0.482651 0.450653 0.486833 0.441329 0.486823 0.435278 0.489865 0.433398 0.489820 0.437829 0.489018 0.445704 0.488682 0.453361 0.487794 0.460037 0.484589 0.457861 0.477370 0.455685 0.471164 0.454486 0.470490 0.444431 0.471924 0.434375 0.473318 0.428972
16 0.448893 0.435102 0.449401 0.443199 0.449883 0.441741 0.457909 0.446259 0.464122 0.447046 0.463732 0.448921 0.466094 0.448472 0.467607 0.447690 0.468992 0.448472 0.470948 0.451273 0.470490 0.444431 0.471924 0.434375 0.473318 0.428972 0.471378 0.423537 0.470602 0.422523 0.468586 0.422634 0.465370 0.424815 0.464393 0.428412 0.461336 0.430870 0.454776 0.435523
16 0.453021 0.461292 0.451977 0.479491 0.457260 0.493759 0.458240 0.487653 0.459854 0.481912 0.462193 0.475819 0.464857 0.472162 0.467276 0.469435 0.469776 0.467144 0.472359 0.465852 0.474940 0.464917 0.477521 0.464917 0.479094 0.465491 0.482016 0.458352 0.487417 0.463829 0.487794 0.460037 0.484589 0.457861 0.477370 0.455685 0.471164 0.454486 0.470948 0.451273 0.468992 0.448472 0.467607 0.447690 0.466094 0.448472 0.463732 0.448921 0.463112 0.450560 0.462669 0.456657 0.462750 0.459884 0.460531 0.461319 0.459846 0.466412
16 0.536620 0.370009 0.537547 0.376694 0.537841 0.385287 0.538578 0.386287 0.541471 0.381759 0.541961 0.379218 0.545271 0.380708 0.548620 0.383310 0.551755 0.386657 0.552945 0.385801 0.553620 0.381454 0.553284 0.375972 0.551940 0.370954 0.550333 0.369852 0.545885 0.361292 0.545828 0.359417 0.540117 0.358958 0.538661 0.362847
11 0.557177 0.701421 0.557187 0.710833 0.557839 0.736343 0.558703 0.745495 0.562391 0.747736 0.564583 0.752634 0.569557 0.752097 0.569557 0.748208 0.571690 0.741662 0.571036 0.714532 0.570151 0.709722 0.568565 0.706319 0.566229 0.703250 0.563477 0.701338 0.559695 0.700843
11 0.563477 0.701338 0.566229 0.703250 0.568565 0.706319 0.570151 0.709722 0.571036 0.714532 0.571690 0.741662 0.574492 0.732769 0.575177 0.728157 0.577839 0.724588 0.581057 0.723176 0.583672 0.725088 0.585070 0.688912 0.584979 0.683602 0.583719 0.677130 0.579797 0.674144 0.576391 0.672731 0.572190 0.672565 0.569016 0.673727 0.564771 0.677213 0.563276 0.681194 0.563182 0.689907
2 0.426021 0.315079 0.425115 0.319542 0.424557 0.326361 0.425289 0.329644 0.425672 0.331440 0.427109 0.334218 0.430133 0.335176 0.435370 0.341898 0.437099 0.341898 0.438180 0.328935 0.439906 0.319338 0.428404 0.309546
4 0.501232 0.647028 0.481570 0.659236 0.481570 0.666046 0.479112 0.668491 0.485896 0.690759 0.489833 0.701981 0.502563 0.742361
4 0.525104 0.634782 0.530625 0.631361 0.546349 0.675227 0.550802 0.681727 0.552367 0.686144 0.554042 0.688255 0.553609 0.694014 0.554747 0.697565 0.554526 0.702750 0.557208 0.711042 0.526802 0.730755
2 0.462513 0.226611 0.434448 0.284421 0.447859 0.296875 0.454206 0.283185 0.459245 0.281190 0.462979 0.281523 0.467693 0.283931 0.470586 0.286917 0.473341 0.290898 0.474919 0.295662 0.483159 0.292190 0.489320 0.290269 0.492195 0.280495 0.492185 0.275954 0.493443 0.275509 0.492039 0.256495
5 0.474919 0.295662 0.473341 0.290898 0.470586 0.286917 0.467693 0.283931 0.462979 0.281523 0.459245 0.281190 0.454206 0.283185 0.447859 0.296875 0.464659 0.312139 0.463135 0.304144 0.463859 0.297458
5 0.457099 0.499782 0.458362 0.499769 0.460823 0.498264 0.464089 0.497333 0.469172 0.495537 0.470029 0.491954 0.475859 0.474097 0.479094 0.465491 0.477521 0.464917 0.474940 0.464917 0.472359 0.465852 0.469776 0.467144 0.467276 0.469435 0.464857 0.472162 0.462193 0.475819 0.459854 0.481912 0.458240 0.487653 0.457260 0.493759
2 0.477016 0.618625 0.484750 0.611810 0.489667 0.606028 0.501016 0.599861 0.500857 0.594972 0.487633 0.582347
2 0.422232 0.713505 0.428333 0.740287 0.428602 0.707310 0.452781 0.698856 0.451122 0.688449 0.424878 0.708032
2 0.469172 0.495537 0.464089 0.497333 0.460823 0.498264 0.458362 0.499769 0.457099 0.499782 0.454115 0.500000 0.453307 0.502796 0.451896 0.503083 0.452096 0.507315 0.451049 0.510324 0.447659 0.513884 0.448846 0.519963 0.450901 0.522995 0.452958 0.526657 0.454388 0.532426 0.455013 0.536569 0.456388 0.542852 0.457836 0.543065 0.458792 0.536546 0.462943 0.522606 0.465698 0.510417
2 0.462721 0.377102 0.456281 0.383023 0.454693 0.392727 0.452081 0.388667 0.450789 0.391019 0.449437 0.395819 0.448573 0.402060 0.448305 0.407532 0.449815 0.409838 0.451922 0.413579 0.454784 0.420014 0.458349 0.421259 0.462073 0.420972 0.464719 0.417898 0.467745 0.415213 0.468284 0.410986 0.470875 0.405806 0.471049 0.400380 0.472451 0.392606 0.466437 0.376736
2 0.421010 0.333245 0.425672 0.331440 0.427109 0.334218 0.430133 0.335176 0.435370 0.341898 0.437099 0.341898 0.446279 0.353032 0.445956 0.366856 0.445328 0.374940 0.441143 0.371722 0.434583 0.369611 0.430141 0.370069 0.429721 0.367000 0.429909 0.362352 0.426268 0.356546 0.425443 0.355509 0.430737 0.350287 0.430529 0.347190
2 0.420911 0.272755 0.414227 0.292190 0.421714 0.291833 0.423443 0.292792 0.423010 0.304889 0.419771 0.313912 0.426021 0.315079 0.428404 0.309546 0.439906 0.319338 0.438180 0.328935 0.437099 0.341898 0.446279 0.353032 0.445956 0.366856 0.445328 0.374940 0.446578 0.379273 0.449620 0.383981 0.450865 0.381773 0.452292 0.359917 0.455979 0.349801 0.460974 0.341815 0.467042 0.337704 0.467039 0.325218 0.464870 0.314037 0.464659 0.312139 0.447859 0.296875
2 0.450865 0.381773 0.449620 0.383981 0.446578 0.379273 0.446641 0.414042 0.445891 0.423148 0.447594 0.428032 0.448893 0.435102 0.454776 0.435523 0.457164 0.428065 0.458349 0.421259 0.454784 0.420014 0.451922 0.413579 0.449815 0.409838 0.448305 0.407532 0.448573 0.402060 0.449437 0.395819 0.450789 0.391019 0.452081 0.388667 0.450724 0.383347
5 0.297013 0.203889 0.288721 0.187306 0.294810 0.183389 0.308674 0.177398 0.311911 0.175097 0.316057 0.171644 0.321370 0.171644 0.331484 0.192037 0.343005 0.212407 0.357388 0.241662 0.371185 0.271329 0.373984 0.280079 0.374555 0.283259 0.376224 0.285444 0.376458 0.288046 0.372870 0.284847 0.369734 0.282472 0.366146 0.278491 0.361979 0.280648 0.359266 0.284731 0.335143 0.254995 0.306938 0.217222
5 0.357547 0.158755 0.356435 0.154731 0.355596 0.153046 0.355523 0.149398 0.359219 0.149204 0.362883 0.148806 0.362883 0.147792 0.358784 0.143718 0.358755 0.142060 0.361227 0.140282 0.364388 0.132481 0.363685 0.130005 0.362427 0.128514 0.362516 0.125519 0.365508 0.125852 0.372786 0.132907 0.378664 0.138218 0.384917 0.144190 0.389536 0.148009 0.395753 0.153481 0.403409 0.161954 0.415229 0.173750 0.423760 0.180292 0.433701 0.189894 0.442901 0.199713 0.447419 0.204171 0.447044 0.206278 0.448794 0.213167 0.449609 0.219051 0.456609 0.225056 0.455227 0.227278 0.454115 0.228287 0.453177 0.229907 0.451172 0.228051 0.449734 0.227046 0.447943 0.231296 0.446706 0.239412 0.439331 0.231185 0.439766 0.240181 0.440266 0.249509 0.434219 0.242505 0.424984 0.232806 0.411701 0.218213 0.396148 0.201894 0.379083 0.182597 0.362451 0.164551
5 0.384917 0.144190 0.377315 0.135782 0.371388 0.129644 0.368401 0.126907 0.368401 0.125662 0.370081 0.123171 0.374234 0.120435 0.375401 0.119190 0.376521 0.112801 0.377409 0.110560 0.381047 0.102597 0.383055 0.102264 0.383570 0.102500 0.384411 0.103250 0.410234 0.129417 0.441930 0.159255 0.468906 0.185454 0.466456 0.189551 0.466456 0.189551 0.465057 0.192620 0.463003 0.198014 0.461883 0.200171 0.461229 0.200088 0.460622 0.199009 0.459596 0.200333 0.460016 0.202412 0.458661 0.206560 0.456328 0.208051 0.456281 0.209546 0.454010 0.212546 0.447419 0.204171 0.442901 0.199713 0.433701 0.189894 0.423760 0.180292 0.415229 0.173750 0.403409 0.161954 0.395753 0.153481 0.389536 0.148009
5 0.464870 0.234852 0.462633 0.232213 0.459487 0.232356 0.457607 0.233384 0.456609 0.233602 0.453638 0.235727 0.452146 0.237019 0.450979 0.238903 0.451461 0.240102 0.462190 0.251861 0.474815 0.265917 0.494823 0.288435 0.498818 0.293671 0.507609 0.302417 0.525440 0.323931 0.533424 0.333111 0.534596 0.334616 0.535724 0.338417 0.535951 0.339593 0.531870 0.341514 0.530984 0.342181 0.531474 0.344005 0.539958 0.353324 0.541630 0.352431 0.541044 0.350500 0.541044 0.345296 0.543135 0.343958 0.546984 0.349014 0.548823 0.347676 0.548992 0.343065 0.552003 0.347676 0.554094 0.347227 0.554010 0.342917 0.556518 0.331167 0.559279 0.325815 0.562307 0.327806 0.563315 0.327157 0.562786 0.326019 0.559375 0.322639 0.557318 0.320694 0.553078 0.316412 0.551865 0.314755 0.550130 0.314398 0.547383 0.311681 0.544583 0.314171 0.542344 0.311602 0.540198 0.310602 0.538469 0.311185 0.536695 0.311269 0.514576 0.287454 0.489557 0.260986
5 0.451461 0.240102 0.449839 0.242657 0.446706 0.239412 0.439331 0.231185 0.439766 0.240181 0.440266 0.249509 0.440211 0.252102 0.437727 0.253926 0.434974 0.255463 0.433948 0.257000 0.436797 0.259120 0.445964 0.269815 0.464237 0.290875 0.480622 0.308231 0.488049 0.313931 0.500633 0.331287 0.511859 0.346162 0.517961 0.354032 0.521133 0.351491 0.526328 0.345542 0.531870 0.341514 0.535951 0.339593 0.535724 0.338417 0.534596 0.334616 0.533424 0.333111 0.525440 0.323931 0.507609 0.302417 0.498818 0.293671 0.494823 0.288435 0.474815 0.265917 0.462190 0.251861
