0 0.433503 0.212634 0.429336 0.204727 0.425190 0.199889 0.425839 0.196204 0.424154 0.195051 0.424167 0.174722 0.423766 0.168796 0.435036 0.163727 0.438794 0.170870 0.444883 0.177778 0.448073 0.185972 0.447216 0.201273 0.452656 0.216241 0.457292 0.225880 0.458464 0.229954 0.460182 0.232639 0.463906 0.228889 0.466260 0.224074 0.471120 0.216713 0.472349 0.202884 0.470664 0.188144 0.464609 0.171991 0.458099 0.159815 0.451232 0.146917 0.447396 0.141019 0.451102 0.142079 0.454990 0.144380 0.460299 0.149449 0.464318 0.156819 0.467297 0.161884 0.470547 0.167037 0.471443 0.157509 0.471224 0.151296 0.469844 0.143426 0.467885 0.136912 0.465547 0.133148 0.462708 0.126019 0.460052 0.122083 0.455286 0.116991 0.448958 0.110139 0.442005 0.115046 0.439167 0.117269 0.435078 0.119954 0.427943 0.113565 0.429336 0.105685 0.428687 0.098778 0.425969 0.090023 0.424672 0.079199 0.421432 0.075745 0.414635 0.071343 0.409766 0.074491 0.407057 0.078750 0.405885 0.086106 0.405990 0.095463 0.404979 0.099468 0.405495 0.103565 0.407839 0.114907 0.412495 0.121120 0.412234 0.124806 0.405367 0.118815 0.399279 0.114440 0.396818 0.109833 0.392023 0.116514 0.387865 0.123796 0.382891 0.133241 0.380781 0.137870 0.383083 0.143231 0.386193 0.147144 0.388526 0.148759 0.389432 0.152213 0.384870 0.152454 0.383099 0.162361 0.381120 0.177778 0.379818 0.187130 0.379427 0.196852 0.382214 0.204398 0.386224 0.215046 0.388151 0.219306 0.391635 0.224074 0.398891 0.230523 0.398047 0.223287 0.397336 0.216935 0.395393 0.197356 0.395651 0.188602 0.396948 0.178931 0.399661 0.171065 0.402776 0.162806 0.409531 0.168796 0.409089 0.177639 0.409125 0.188375 0.408995 0.202884 0.402518 0.210023 0.401484 0.213056 0.404401 0.227917 0.407958 0.234208 0.413141 0.239968 0.414036 0.242361 0.424414 0.240426 0.425969 0.229602 0.432964 0.224306
5 0.574557 0.487130 0.575362 0.489708 0.579049 0.492370 0.584109 0.492481 0.586234 0.495037 0.590607 0.496259 0.596292 0.499148 0.598604 0.500704 0.601667 0.500815 0.606289 0.497259 0.613633 0.493431 0.614224 0.492037 0.615161 0.488153 0.613474 0.486486 0.611102 0.486264 0.607352 0.486708 0.599479 0.486931 0.596104 0.484708 0.594669 0.481819 0.599229 0.479486 0.598544 0.477134 0.595117 0.475194 0.592414 0.474694 0.588385 0.473657 0.583742 0.473690 0.578497 0.473764 0.575104 0.473750
5 0.573404 0.499093 0.573456 0.499093 0.575562 0.499764 0.579937 0.501204 0.580747 0.500819 0.587065 0.502069 0.590964 0.502731 0.590953 0.499093 0.591927 0.499167 0.591927 0.502731 0.610443 0.505694 0.612984 0.506486 0.613753 0.506032 0.612180 0.504097 0.610323 0.500509 0.608469 0.498861 0.607138 0.498074 0.608266 0.496208 0.606289 0.497259 0.601667 0.500815 0.598604 0.500704 0.596292 0.499148 0.590607 0.496259 0.586234 0.495037 0.584109 0.492481 0.579049 0.492370 0.575362 0.489708 0.574557 0.487130
5 0.616091 0.484690 0.615398 0.486815 0.615161 0.488153 0.614224 0.492037 0.613633 0.493431 0.628164 0.506282 0.636622 0.512065 0.634531 0.506389 0.622380 0.493042 0.616815 0.488287 0.617104 0.486491
5 0.637214 0.487458 0.636786 0.486551 0.630534 0.485380 0.619896 0.482685 0.615469 0.482269 0.617320 0.483917 0.618766 0.487519 0.622958 0.490986 0.626573 0.494583 0.634237 0.503583 0.635737 0.505028 0.634896 0.501806 0.634352 0.498653 0.634740 0.496620 0.638359 0.490833 0.637003 0.488583
5 0.595654 0.466097 0.594310 0.464009 0.594271 0.462648 0.596609 0.463366 0.598505 0.461644 0.599826 0.459102 0.600807 0.457685 0.603719 0.452699 0.603042 0.452699 0.591076 0.451046 0.591234 0.464398 0.591445 0.470463 0.592708 0.470042 0.593919 0.469681 0.593919 0.468032
5 0.613130 0.476486 0.609195 0.476486 0.605766 0.476847 0.597375 0.473977 0.592617 0.473333 0.588047 0.471481 0.591445 0.470463 0.592708 0.470042 0.593919 0.469681 0.593919 0.468032 0.595654 0.466097 0.594310 0.464009 0.594271 0.462648 0.596609 0.463366 0.598505 0.461644 0.599826 0.459102 0.600542 0.457815 0.603719 0.452699 0.605073 0.449259 0.606526 0.448227 0.607977 0.445301 0.611654 0.449088 0.614945 0.453560 0.619687 0.460097 0.621042 0.461991 0.620656 0.465259 0.622979 0.470250 0.621237 0.473000 0.619977 0.474551 0.620172 0.472111 0.620078 0.469875 0.619005 0.467384 0.615458 0.473356
5 0.691018 0.608019 0.691206 0.609764 0.692091 0.609926 0.692557 0.613412 0.693310 0.615903 0.694612 0.612000 0.696432 0.608847 0.697505 0.605366 0.699010 0.603611 0.700911 0.606343 0.703021 0.611111 0.703516 0.614815 0.703953 0.614782 0.704021 0.615704 0.703432 0.616981 0.702732 0.619551 0.703198 0.622458 0.703174 0.623088 0.697214 0.632944 0.695779 0.634486 0.694703 0.634060 0.692651 0.633407 0.691253 0.631917 0.688917 0.630921 0.687471 0.629644 0.687703 0.623255 0.688177 0.617856 0.680130 0.616417 0.677862 0.609699 0.689365 0.606819 0.690505 0.607023
5 0.684109 0.627153 0.693732 0.656500 0.701008 0.639250 0.699000 0.637616 0.697661 0.635829 0.695779 0.634486 0.694706 0.634074 0.692651 0.633407 0.691253 0.631917 0.688917 0.630921 0.687471 0.629644 0.684362 0.627352
5 0.670292 0.514620 0.669198 0.517167 0.668156 0.517259 0.667482 0.516519 0.667427 0.514944 0.661776 0.508139 0.666750 0.496935 0.672005 0.504583 0.672560 0.505361 0.671927 0.505366
5 0.666698 0.578926 0.671500 0.563278 0.673336 0.563278 0.676089 0.570671 0.676630 0.573644 0.674297 0.580324 0.670495 0.588704
5 0.672055 0.585139 0.676089 0.587829 0.679685 0.588500 0.682458 0.588556 0.685076 0.588671 0.686966 0.588333 0.687565 0.587491 0.687724 0.584407 0.687880 0.580597 0.687977 0.577458 0.687914 0.574264 0.688826 0.572755 0.683875 0.566991 0.679760 0.562963 0.678018 0.561292 0.676919 0.560245 0.674253 0.557759 0.671846 0.554102 0.670695 0.552116 0.667656 0.549028 0.667651 0.550273 0.666674 0.550644 0.667023 0.552130 0.669148 0.554241 0.670508 0.556593 0.671346 0.558454 0.672078 0.560005 0.672844 0.562046 0.673159 0.563412 0.676089 0.570671 0.676630 0.573644 0.674297 0.580324
5 0.395721 0.352421 0.396005 0.378093 0.402094 0.383051 0.401531 0.375366 0.401047 0.362171 0.400401 0.353708 0.398102 0.352204
5 0.405055 0.378787 0.407841 0.376051 0.411714 0.373611 0.416151 0.380384 0.418659 0.365505 0.417565 0.364856 0.417969 0.365880 0.417214 0.366991 0.416667 0.368426 0.414219 0.367361 0.412734 0.366898 0.411745 0.366574 0.411510 0.358148 0.408542 0.358565 0.408464 0.357037 0.406849 0.356898 0.406198 0.355741 0.405469 0.355324 0.404401 0.355324 0.403359 0.355556 0.402734 0.356111 0.401979 0.356944 0.401562 0.357546 0.401615 0.361574 0.402734 0.360648 0.403672 0.360046 0.404766 0.359769 0.405807 0.359907 0.406354 0.359907 0.406224 0.361389 0.405339 0.361944 0.404531 0.362315 0.403333 0.362176 0.402448 0.362037 0.401813 0.362426 0.405195 0.364963 0.405648 0.365958 0.405021 0.370667 0.404115 0.370792 0.404044 0.372218 0.403451 0.372153 0.403242 0.373023 0.404602 0.374384
5 0.474984 0.405343 0.477214 0.408139 0.480107 0.412037 0.484029 0.418343 0.486549 0.422324 0.487992 0.423815 0.488307 0.420597 0.488464 0.418222 0.488229 0.413889 0.487258 0.411981 0.486185 0.412810 0.483898 0.408741 0.481378 0.404431 0.480164 0.402935 0.478297 0.402273 0.477365 0.402273 0.476383 0.402519 0.475685 0.403185 0.475122 0.404181
5 0.427904 0.402833 0.437026 0.386060 0.440148 0.383505 0.442836 0.381949 0.445773 0.384394 0.448896 0.387727 0.451208 0.388394 0.453271 0.389171 0.453708 0.390616 0.454268 0.392394 0.455393 0.396167 0.454768 0.396833 0.452833 0.396389 0.450458 0.395611 0.449146 0.396611 0.447458 0.395722 0.446771 0.396389 0.445648 0.398167 0.444023 0.399500 0.443273 0.400389 0.442461 0.400722 0.440773 0.403056 0.439586 0.404389 0.439898 0.405944 0.439586 0.408829 0.438648 0.411051
2 0.467232 0.376551 0.464146 0.397269 0.463214 0.415935 0.462560 0.416185 0.462187 0.419255 0.461859 0.419921 0.461766 0.427801 0.464922 0.430833 0.471148 0.426472 0.473172 0.424028 0.470167 0.423074 0.466760 0.415190 0.467227 0.397602 0.468609 0.396699 0.468784 0.394032 0.470643 0.390324 0.469755 0.386009 0.469477 0.383935 0.469570 0.382440 0.470073 0.376606 0.470914 0.366403 0.469372 0.366403 0.468628 0.366153 0.468253 0.368310 0.467927 0.368310 0.467599 0.367398 0.467414 0.366981 0.467086 0.366981 0.466854 0.367398 0.466854 0.368310 0.467086 0.368894 0.467599 0.369222 0.468206 0.369472 0.468253 0.370301 0.467880 0.370968 0.467508 0.371463 0.467786 0.372875 0.468115 0.374532 0.468393 0.375944 0.468440 0.376940 0.467880 0.375611 0.467039 0.371134 0.466573 0.368977 0.466247 0.367481 0.465500 0.366403 0.465034 0.365491 0.464799 0.364412 0.464333 0.363417 0.463539 0.363417 0.463214 0.363912 0.463214 0.365157 0.463633 0.366319 0.464146 0.366981 0.464521 0.367481 0.465081 0.368560 0.465500 0.370218 0.466107 0.372625 0.466807 0.374699
2 0.468628 0.366153 0.468352 0.364727 0.467208 0.362852 0.466484 0.361403 0.465701 0.360495 0.465159 0.359528 0.464977 0.358620 0.465128 0.358190 0.465430 0.358083 0.465943 0.358620 0.466424 0.359421 0.466695 0.359634 0.466997 0.359796 0.467297 0.359852 0.467568 0.359796 0.467841 0.359796 0.468352 0.359208 0.468685 0.358778 0.471404 0.360620 0.475721 0.364366 0.482143 0.369231 0.491138 0.371250 0.490349 0.373671 0.488451 0.372972 0.486943 0.373403 0.485859 0.373884 0.484865 0.374097 0.483719 0.373940 0.482484 0.373722 0.483599 0.382616 0.484049 0.386153 0.483810 0.389421 0.483268 0.391560 0.482448 0.394444 0.480625 0.394491 0.480977 0.382991 0.479289 0.383046 0.477844 0.381440 0.477151 0.379616 0.476909 0.377690 0.476940 0.376134 0.477633 0.371583 0.477453 0.370616 0.476458 0.369977 0.475703 0.370028 0.475253 0.370241 0.475070 0.377366 0.473956 0.373884 0.473414 0.372333 0.472841 0.369759 0.472630 0.367884 0.472331 0.366491 0.471938 0.365477 0.471305 0.364727 0.470883 0.364727 0.470914 0.366403 0.469372 0.366403
5 0.476953 0.290880 0.471464 0.296634 0.474109 0.303255 0.475568 0.307481 0.476271 0.308056 0.477081 0.314681 0.477404 0.318329 0.478539 0.320921 0.478701 0.322264 0.479133 0.327162 0.479404 0.336185 0.479521 0.340282 0.477573 0.335218 0.467031 0.297500 0.464505 0.288611 0.470753 0.290245
5 0.438648 0.411051 0.453029 0.421287 0.452813 0.413991 0.451680 0.409194 0.449146 0.396611 0.447458 0.395722 0.446771 0.396389 0.445648 0.398167 0.444023 0.399500 0.443273 0.400389 0.442461 0.400722 0.440773 0.403056 0.439586 0.404389 0.439898 0.405944 0.439586 0.408829
5 0.422586 0.398380 0.427904 0.402833 0.437026 0.386060 0.440148 0.383505 0.442836 0.381949 0.445773 0.384394 0.444120 0.380870 0.439643 0.366722 0.424711 0.393269 0.425023 0.393824 0.425773 0.393046 0.426211 0.394046
5 0.476068 0.355000 0.479036 0.354676 0.480286 0.350880 0.479521 0.340282 0.477573 0.335218 0.467031 0.297500 0.448281 0.232037 0.440846 0.205704 0.433438 0.200509 0.430521 0.201296 0.433503 0.212634 0.433951 0.219829 0.433229 0.230833 0.437734 0.241019 0.440755 0.252361 0.451190 0.286449 0.459734 0.320028 0.465430 0.342681 0.462432 0.346944 0.463930 0.353134 0.467193 0.348454 0.470456 0.351074 0.476073 0.354940
6 0.490859 0.347546 0.484505 0.303426 0.482471 0.291005 0.479659 0.291116 0.482812 0.314398 0.486302 0.342593 0.486927 0.349074 0.488354 0.360245
5 0.506565 0.360435 0.504401 0.352083 0.503411 0.349306 0.503513 0.342468 0.502672 0.337787 0.502039 0.328806 0.501302 0.321130 0.500339 0.315046 0.496745 0.315694 0.494922 0.324491 0.493620 0.331481 0.492458 0.339657 0.491328 0.345231 0.490880 0.347519 0.488354 0.360245 0.491617 0.361370 0.496880 0.361745 0.501091 0.360245
5 0.523117 0.455185 0.519005 0.452046 0.515607 0.449731 0.511776 0.444593 0.509029 0.444208 0.508667 0.445491 0.511560 0.450245 0.514378 0.453847 0.514161 0.455514 0.518789 0.461685 0.521318 0.465667 0.524573 0.471968 0.533424 0.477856 0.535482 0.474412 0.536862 0.473954 0.537674 0.475954 0.539354 0.471736 0.541174 0.468745 0.543729 0.461639 0.546172 0.454630 0.545797 0.451306 0.544609 0.448532 0.529672 0.455528
5 0.505404 0.441278 0.501779 0.442579 0.501523 0.441690 0.496490 0.437731 0.491167 0.435667 0.488844 0.433773 0.485961 0.431593 0.487211 0.426574 0.487992 0.423815 0.488307 0.420597 0.488464 0.418222 0.488229 0.413889 0.491607 0.414671 0.491930 0.414958 0.492172 0.417898 0.492534 0.420981 0.495943 0.424991 0.497940 0.425931 0.498411 0.428542 0.500466 0.430630 0.502464 0.432718 0.504109 0.435120 0.506927 0.438458 0.508339 0.440130
2 0.493346 0.443120 0.495451 0.445903 0.490763 0.447671 0.494167 0.450125 0.497724 0.449481 0.502875 0.455810 0.504260 0.456306 0.506961 0.459667 0.506745 0.461681 0.511065 0.465713 0.513440 0.464560 0.515021 0.463250 0.511781 0.459755 0.501716 0.448569 0.496005 0.443926
6 0.356133 0.204741 0.346354 0.200787 0.338229 0.197861 0.331648 0.195620 0.329229 0.195968 0.329229 0.200440 0.328456 0.205431 0.332133 0.207148 0.338906 0.208870 0.343073 0.211157 0.346745 0.212481 0.349841 0.213514 0.350945 0.211329
5 0.440016 0.297981 0.437013 0.312787 0.435654 0.318245 0.431398 0.337144 0.436664 0.339380 0.441477 0.322144 0.443750 0.313889 0.443357 0.311995 0.442693 0.308782 0.441909 0.306477 0.441096 0.304657 0.440102 0.302407
5 0.440685 0.296079 0.442581 0.289120 0.450406 0.289338 0.444320 0.312102 0.443688 0.309046 0.442935 0.306690 0.441940 0.304764 0.440826 0.302458
5 0.381273 0.139083 0.374503 0.135611 0.369867 0.148898 0.368591 0.157833 0.368435 0.168069 0.369945 0.167231 0.373617 0.169639 0.378750 0.173796 0.382185 0.169690 0.383099 0.162361 0.384870 0.152454 0.389432 0.152213 0.388526 0.148759 0.386193 0.147144 0.383083 0.143231
5 0.346354 0.200787 0.340935 0.196644 0.342008 0.195731 0.344714 0.197593 0.346198 0.196898 0.359323 0.188764 0.366745 0.183454 0.374305 0.176398 0.377526 0.172778 0.378750 0.173796 0.364719 0.192977 0.356133 0.204741
5 0.346198 0.196898 0.358255 0.144676 0.369115 0.154306 0.368591 0.157833 0.368435 0.168069 0.369945 0.167231 0.373617 0.169639 0.377526 0.172778 0.374305 0.176398 0.366745 0.183454 0.359323 0.188764
6 0.378750 0.173796 0.364719 0.192977 0.356133 0.204741 0.350945 0.211329 0.349841 0.213514 0.347461 0.218759 0.345893 0.224773 0.345859 0.229296 0.348753 0.229731 0.349659 0.227125 0.350878 0.224028 0.353458 0.219750 0.355586 0.219935 0.357513 0.217343 0.362422 0.210000 0.364323 0.207361 0.368380 0.201218 0.380260 0.183981 0.381120 0.177778 0.382161 0.169722
6 0.396948 0.178931 0.401276 0.219306 0.403836 0.245319 0.401135 0.245704 0.395651 0.188602
5 0.364323 0.207361 0.367362 0.207477 0.370104 0.205111 0.372846 0.203819 0.374581 0.202676 0.378130 0.201241 0.379060 0.200306 0.380471 0.199880 0.379427 0.196852 0.379818 0.187130 0.380260 0.183981 0.368380 0.201218
6 0.362422 0.210000 0.390417 0.222407 0.391635 0.224074 0.398891 0.230523 0.398945 0.231477 0.397935 0.233069 0.393346 0.230991 0.383940 0.226500 0.374534 0.223315 0.365469 0.220046 0.357513 0.217343
5 0.424167 0.174722 0.447766 0.191667 0.448073 0.185972 0.444883 0.177778 0.438794 0.170870 0.435036 0.163727 0.423766 0.168796
13 0.353148 0.308690 0.378352 0.280894 0.378005 0.295088 0.399102 0.317449 0.402227 0.325458 0.404529 0.331870 0.384516 0.350787 0.374216 0.361352 0.359609 0.348810 0.359878 0.344778 0.360310 0.340935 0.360419 0.337579 0.360419 0.335370 0.361953 0.335417 0.364427 0.335787 0.366745 0.336157 0.369010 0.337037 0.370911 0.338472 0.373177 0.340694 0.374583 0.343556 0.375339 0.345477 0.376365 0.345380 0.374799 0.341347 0.372260 0.337894 0.369508 0.335972 0.366698 0.334819 0.364701 0.334245 0.362055 0.333958 0.360164 0.333671 0.360409 0.327991 0.360529 0.322204 0.360409 0.318079 0.360318 0.316634 0.359294 0.316579 0.359383 0.323866 0.358583 0.323190 0.358026 0.324556 0.357016 0.326787 0.355833 0.328704 0.355026 0.326787 0.354190 0.325111 0.353250 0.323500 0.353318 0.322694 0.354016 0.321519 0.354922 0.319968 0.355828 0.318421 0.356841 0.316745 0.357922 0.314824 0.359107 0.313463 0.360641 0.311542 0.361651 0.310361 0.363010 0.308875 0.364370 0.308750 0.364823 0.309806 0.364789 0.312097 0.365938 0.312130 0.365940 0.309991 0.365729 0.308625 0.364823 0.307509 0.363953 0.307509 0.362487 0.307884 0.361094 0.308935 0.360047 0.310301 0.358932 0.311787 0.360221 0.308815 0.360187 0.307324 0.359211 0.307389 0.358617 0.309000 0.358026 0.312347 0.357503 0.313773 0.356003 0.315755 0.354573 0.318481 0.352831 0.321579 0.351969 0.318301 0.352318 0.315574 0.352841 0.311731
2 0.382286 0.257870 0.378453 0.259398 0.378352 0.280894 0.378005 0.295088 0.399102 0.317449 0.400117 0.316616 0.403320 0.325227 0.422180 0.344588 0.422940 0.340176 0.418833 0.321921 0.415286 0.307236 0.412346 0.296449 0.410154 0.288569 0.411039 0.288486 0.413000 0.295620 0.415099 0.303750 0.418367 0.316199 0.421633 0.330384 0.423312 0.338199 0.426484 0.318616 0.428263 0.313968 0.429589 0.312171 0.431193 0.312606 0.432516 0.290542 0.438094 0.292148 0.437039 0.289875 0.436388 0.288593 0.435232 0.288079 0.431398 0.287435 0.428870 0.287435 0.424740 0.287083 0.424792 0.285231 0.422146 0.278310 0.420411 0.277412 0.414049 0.280111 0.408266 0.282935 0.404651 0.282810 0.401326 0.281653 0.398000 0.281394 0.395255 0.281264 0.393229 0.280495 0.394141 0.272870 0.394531 0.268611 0.394659 0.264620 0.396219 0.267731 0.399781 0.261181 0.401969 0.256181 0.395781 0.248852 0.389784 0.265287 0.387292 0.262963
5 0.638464 0.485046 0.640979 0.481088 0.644560 0.468009 0.648721 0.450806 0.648914 0.445130 0.646664 0.436144 0.647474 0.435741 0.647839 0.434352 0.647734 0.430463 0.648461 0.426981 0.646784 0.401255 0.654721 0.393171 0.656464 0.388352 0.654721 0.386634 0.658620 0.382824 0.659219 0.378843 0.657430 0.365815 0.653151 0.359954 0.632135 0.341944 0.609042 0.323319 0.603750 0.316389 0.601591 0.320736 0.600138 0.325384 0.600417 0.331620 0.601224 0.334259 0.599073 0.339662 0.597719 0.354630 0.594911 0.367537 0.592784 0.383019 0.590169 0.397472 0.587849 0.411065 0.583008 0.435148 0.582234 0.459236 0.591234 0.464398 0.591042 0.450977 0.603042 0.452699 0.603719 0.452699 0.605073 0.449259 0.606526 0.448227 0.607977 0.445301 0.611654 0.449088 0.614945 0.453560 0.619687 0.460097 0.621042 0.461991 0.620656 0.465259 0.622979 0.470250 0.621237 0.473000 0.619977 0.474551 0.620656 0.478333 0.619784 0.480569 0.618271 0.480431 0.626620 0.482583 0.635253 0.484736 0.638464 0.485046
5 0.648091 0.493574 0.648510 0.497106 0.649451 0.500764 0.651229 0.505412 0.652901 0.509130 0.651674 0.509449 0.648174 0.509282 0.642573 0.510694 0.639727 0.510861 0.637906 0.512023 0.636984 0.510009 0.636188 0.506741 0.636609 0.506097 0.635917 0.501815 0.636039 0.501278 0.637997 0.501065 0.639870 0.500139 0.641794 0.498597 0.643724 0.496806 0.644583 0.495972 0.646615 0.495009 0.647638 0.494472
3 0.721672 0.582514 0.729076 0.564847 0.725521 0.559972 0.718177 0.569630 0.717266 0.570833 0.708828 0.581806 0.708307 0.581806 0.707786 0.581898 0.707604 0.584167 0.707318 0.586019 0.707318 0.587130 0.706953 0.587731 0.707187 0.588611 0.706849 0.591157 0.706432 0.592500 0.706333 0.595199 0.706380 0.596667 0.705365 0.603148 0.705094 0.610889 0.704859 0.612634 0.704021 0.615704 0.703432 0.616981 0.702732 0.619551 0.703198 0.622458 0.703174 0.623088 0.706206 0.617847
5 0.464505 0.288611 0.470753 0.290245 0.479659 0.291116 0.482471 0.291005 0.491927 0.289722 0.504406 0.287282 0.504216 0.276769 0.501312 0.276444 0.498263 0.276940 0.487776 0.278986 0.479143 0.280352 0.478458 0.279991 0.478115 0.277148 0.478117 0.274509 0.477529 0.273824 0.472206 0.275333 0.469906 0.275472 0.466656 0.275653 0.465734 0.276375 0.464927 0.278097 0.463958 0.281681 0.462979 0.283306
5 0.474224 0.424426 0.476081 0.423051 0.477630 0.423944 0.483135 0.429644 0.488844 0.433773 0.491167 0.435667 0.496490 0.437731 0.501523 0.441690 0.501779 0.442579 0.503776 0.444306 0.514161 0.455514 0.518789 0.461685 0.521318 0.465667 0.524573 0.471968 0.519716 0.468356 0.515021 0.463250 0.511781 0.459755 0.501716 0.448569 0.496005 0.443926 0.493346 0.443120 0.484779 0.440310 0.475182 0.436204 0.472005 0.434977 0.469589 0.434426 0.466521 0.437139 0.461745 0.443704 0.453076 0.451662 0.446063 0.457315 0.438690 0.461940 0.439414 0.468625 0.437607 0.470810 0.437534 0.467981 0.436521 0.463611 0.429799 0.466056 0.416497 0.470167 0.407461 0.469394 0.402328 0.469394 0.398786 0.463227 0.398352 0.460273 0.400594 0.457958 0.435003 0.448060 0.452208 0.437139 0.464922 0.430833 0.471148 0.426472 0.473172 0.424028
5 0.503799 0.370551 0.508854 0.370694 0.510987 0.369602 0.511935 0.364176 0.512146 0.360245 0.506565 0.360435 0.501091 0.360245 0.496880 0.361745 0.491617 0.361370 0.488354 0.360245 0.481089 0.357440 0.476068 0.354954 0.470456 0.351074 0.467193 0.348454 0.463930 0.353134 0.465508 0.356505 0.471404 0.360620 0.475721 0.364366 0.482143 0.369231 0.491138 0.371250 0.493497 0.371667 0.497115 0.371250 0.500654 0.371106
5 0.446339 0.325579 0.449984 0.321778 0.453148 0.318134 0.456042 0.314704 0.457818 0.312454 0.456083 0.305597 0.454969 0.305662 0.454758 0.309009 0.450924 0.314088 0.446951 0.317500 0.441477 0.322144 0.436664 0.339380 0.431398 0.337144 0.435654 0.318245 0.437013 0.312787 0.437607 0.305787 0.438094 0.292148 0.432516 0.290542 0.431193 0.312606 0.429589 0.312171 0.428263 0.313968 0.426484 0.318616 0.423312 0.338199 0.424341 0.342912 0.425880 0.350796 0.426628 0.357602 0.426862 0.363157 0.429661 0.357519 0.433534 0.349801 0.437503 0.339759 0.441703 0.325157 0.446323 0.320759 0.446464 0.322255 0.446029 0.322704
5 0.464609 0.171991 0.470664 0.188144 0.472036 0.200125 0.474250 0.202764 0.477367 0.211944 0.483529 0.200245 0.471349 0.182657
1 0.649729 0.487065 0.648685 0.487102 0.645578 0.486384 0.641849 0.485556 0.638464 0.485046 0.635253 0.484736 0.626620 0.482583 0.618271 0.480431 0.614870 0.479583 0.610807 0.478278 0.605766 0.476847 0.597375 0.473977 0.592617 0.473333 0.588047 0.471481 0.575156 0.471852 0.575104 0.473750 0.578497 0.473764 0.583742 0.473690 0.588385 0.473657 0.592414 0.474694 0.595117 0.475194 0.598544 0.477134 0.602578 0.477995 0.603385 0.479352 0.613953 0.481505 0.615469 0.482269 0.619896 0.482685 0.630534 0.485380 0.639003 0.487028 0.647070 0.488532 0.647919 0.488106 0.649693 0.487102
1 0.718177 0.569630 0.709687 0.555833 0.697292 0.535694 0.681797 0.510278 0.672812 0.495787 0.672187 0.493935 0.671042 0.493657 0.663255 0.491389 0.665391 0.493981 0.670938 0.495463 0.671719 0.494907 0.671901 0.496620 0.677188 0.505417 0.686693 0.520787 0.696797 0.537269 0.707630 0.554630 0.707969 0.556343 0.712891 0.564167 0.717266 0.570833
6 0.492224 0.378259 0.486414 0.393847 0.483305 0.402713 0.482867 0.402278 0.481779 0.401306 0.479971 0.400019 0.480341 0.398602 0.482448 0.394444 0.485112 0.386778 0.490349 0.373671 0.491138 0.371250 0.493497 0.371667 0.493497 0.371667
5 0.409089 0.177639 0.399661 0.171065 0.396948 0.178931 0.401276 0.219306 0.403836 0.245319 0.401135 0.245704 0.395651 0.188602 0.395393 0.197356 0.397336 0.216935 0.398047 0.223287 0.398891 0.230523 0.398919 0.231931 0.397935 0.233069 0.393346 0.230991 0.383940 0.226500 0.374534 0.223315 0.365469 0.220046 0.357513 0.217343 0.355586 0.219935 0.353458 0.219750 0.350878 0.224028 0.378453 0.259398 0.382286 0.257870 0.387294 0.262856 0.389784 0.265287 0.395781 0.248852 0.401969 0.256181 0.399781 0.261181 0.396219 0.267731 0.394659 0.264620 0.394531 0.268611 0.394141 0.272870 0.393229 0.280495 0.395255 0.281264 0.398000 0.281394 0.401326 0.281653 0.404651 0.282810 0.408266 0.282935 0.414049 0.280111 0.420411 0.277412 0.422146 0.278310 0.424711 0.285218 0.424740 0.287083 0.428870 0.287435 0.431398 0.287435 0.435232 0.288079 0.436388 0.288593 0.437039 0.289875 0.438094 0.292148 0.439021 0.289824 0.439922 0.289495 0.440555 0.289444 0.440555 0.289444 0.442581 0.289120 0.450406 0.289338 0.452005 0.289583 0.451190 0.286449 0.450956 0.285602 0.441458 0.254861 0.437578 0.240741 0.433180 0.230769 0.433951 0.219829 0.433503 0.212634 0.432964 0.224306 0.425969 0.229602 0.424414 0.240426 0.414036 0.242361 0.413141 0.239968 0.407958 0.234208 0.404401 0.227917 0.401484 0.213056 0.402518 0.210023 0.408995 0.202884 0.409125 0.188375
5 0.575182 0.471759 0.576536 0.451343 0.575339 0.442685 0.572005 0.436806 0.566927 0.431898 0.562057 0.431019 0.562682 0.444954 0.561659 0.447130 0.559651 0.463190 0.554883 0.480884 0.551789 0.490255 0.572951 0.503634 0.574557 0.487130 0.575208 0.471806
5 0.701771 0.583935 0.700260 0.583727 0.697888 0.581185 0.696216 0.578644 0.689591 0.572134 0.688826 0.572755 0.683875 0.566991 0.679760 0.562963 0.678018 0.561292 0.674253 0.557759 0.671846 0.554102 0.670695 0.552116 0.667656 0.549028 0.667682 0.547269 0.668984 0.544074 0.668724 0.539306 0.668438 0.538333 0.669115 0.535417 0.669010 0.532685 0.668906 0.524907 0.673359 0.525833 0.679167 0.524722 0.683594 0.521065 0.690081 0.528505 0.693495 0.534204 0.698760 0.544741 0.703117 0.554102 0.703187 0.565815 0.704617 0.570153 0.706359 0.577838 0.706536 0.579074 0.705911 0.579398 0.705625 0.580185 0.706068 0.580880 0.706771 0.581157 0.706745 0.581898 0.705651 0.584167 0.705286 0.584352 0.705000 0.583750 0.704427 0.583704 0.704141 0.584213 0.704089 0.585509 0.703698 0.585972 0.703125 0.585417 0.702865 0.584352 0.702839 0.583287 0.702083 0.583056
5 0.566927 0.431898 0.566458 0.427704 0.567333 0.418375 0.566583 0.416708 0.560461 0.410708 0.541029 0.396046 0.540091 0.396491 0.534982 0.414185 0.530727 0.429125 0.523117 0.455185 0.529672 0.455528 0.544609 0.448532 0.545797 0.451306 0.546172 0.454630 0.543729 0.461639 0.541174 0.468745 0.539354 0.471736 0.537674 0.475954 0.536862 0.473954 0.535482 0.474412 0.533424 0.477856 0.540773 0.482833 0.548242 0.477366 0.550911 0.475741 0.550755 0.474120 0.550224 0.471120 0.549833 0.464852 0.549292 0.460565 0.549654 0.457194 0.550797 0.457194 0.551732 0.458426 0.553510 0.459176 0.553698 0.455926 0.553872 0.451713 0.556766 0.451653 0.561018 0.452273 0.561659 0.447130 0.562682 0.444954 0.562057 0.431019
5 0.668932 0.523426 0.669687 0.518102 0.671927 0.505366 0.682815 0.520162 0.680938 0.521852 0.678984 0.523333 0.676510 0.524213 0.673576 0.524440 0.670182 0.523889
5 0.432083 0.117269 0.426672 0.083801 0.421375 0.054426 0.422729 0.049912 0.429096 0.051833 0.436146 0.092593 0.436229 0.097625 0.438174 0.108569 0.439844 0.116759 0.439167 0.117269 0.435078 0.119954
5 0.484505 0.303426 0.486737 0.299255 0.488586 0.296769 0.489284 0.294981 0.491927 0.289722 0.504406 0.287282 0.504216 0.276769 0.501312 0.276444 0.498263 0.276940 0.500443 0.270972 0.503224 0.272468 0.505815 0.275958 0.504922 0.270556 0.510755 0.276250 0.511016 0.279065 0.511745 0.283412 0.516008 0.328264 0.521141 0.383259 0.519263 0.387898 0.516516 0.392009 0.514419 0.394579 0.512539 0.397662 0.510370 0.400491 0.509214 0.403704 0.507190 0.406662 0.505888 0.408458 0.503937 0.408963 0.502852 0.408847 0.502419 0.408204 0.501695 0.406532 0.500682 0.396764 0.500612 0.386481 0.498297 0.387509 0.496779 0.385583 0.496635 0.384042 0.492224 0.378259 0.493497 0.371667 0.497115 0.371250 0.500654 0.371106 0.503799 0.370551 0.508854 0.370694 0.510948 0.369389 0.511935 0.364176 0.512146 0.360245 0.506565 0.360435 0.504401 0.352083 0.503411 0.349306 0.503513 0.342468 0.502672 0.337787 0.502039 0.328806 0.501302 0.321130 0.500339 0.315046 0.496745 0.315694 0.494922 0.324491 0.493620 0.331481 0.492458 0.339657 0.491328 0.345231 0.490880 0.347519
5 0.638839 0.515426 0.636622 0.512065 0.628164 0.506282 0.613633 0.493431 0.614214 0.507181 0.614284 0.529028 0.615370 0.530954 0.641263 0.540093 0.640753 0.538574 0.639260 0.537907 0.639260 0.525046 0.638792 0.515403
5 0.652901 0.509130 0.651674 0.509449 0.648174 0.509282 0.642573 0.510694 0.639727 0.510861 0.637906 0.512023 0.638839 0.515426 0.639260 0.525046 0.639260 0.537907 0.640753 0.538574 0.639727 0.531935 0.639867 0.530440 0.643974 0.533926 0.642620 0.524884 0.643927 0.524134 0.647940 0.527287 0.652000 0.533181 0.656435 0.536829 0.658161 0.539569 0.659003 0.539403 0.659888 0.541972 0.663901 0.546042 0.666003 0.549523 0.667656 0.549028 0.667682 0.547269 0.668984 0.544074 0.668724 0.539306 0.668438 0.538333 0.669115 0.535417 0.669010 0.532685 0.668906 0.524907 0.667789 0.524250 0.664930 0.522454 0.660536 0.518426 0.658549 0.516565 0.655760 0.513407
5 0.424099 0.189176 0.436401 0.198718 0.448180 0.208898 0.450883 0.211264 0.452656 0.216241 0.457292 0.225880 0.458464 0.229954 0.460182 0.232639 0.463906 0.228889 0.466260 0.224074 0.482385 0.237870 0.478099 0.249537 0.477552 0.250370 0.476094 0.253009 0.475729 0.255000 0.474964 0.257806 0.470807 0.266991 0.470156 0.268565 0.466656 0.275653 0.465734 0.276375 0.464927 0.278097 0.463958 0.281681 0.462979 0.283306 0.448281 0.232037 0.440846 0.205704 0.433438 0.200509 0.430521 0.201296 0.433503 0.212634 0.429336 0.204727 0.425190 0.199889 0.425839 0.196204 0.424154 0.195051
2 0.474102 0.217338 0.474167 0.222361 0.476224 0.221898 0.478208 0.217338 0.480542 0.215593 0.484417 0.209042 0.488148 0.209620 0.489596 0.209042 0.493563 0.216176 0.488594 0.217824 0.484135 0.218333 0.481896 0.219162 0.482362 0.224722 0.489690 0.222648 0.493984 0.220074 0.496271 0.218000 0.497484 0.215347 0.497578 0.212028 0.497297 0.209454 0.496924 0.207296 0.494263 0.206301 0.493237 0.205222 0.491323 0.201819 0.486422 0.191449 0.480029 0.181245 0.470547 0.167037 0.467297 0.161884 0.460099 0.154194 0.458466 0.157019 0.460333 0.159671 0.460380 0.161745 0.460055 0.163491 0.464609 0.171991 0.471349 0.182657 0.483529 0.200245 0.477367 0.211944
2 0.474167 0.222361 0.473568 0.223704 0.475755 0.225926 0.474245 0.230880 0.475755 0.232176 0.478125 0.223843 0.480859 0.232083 0.482385 0.237870 0.483620 0.241759 0.483464 0.244907 0.483854 0.247130 0.485651 0.249722 0.488932 0.249398 0.491745 0.252917 0.493568 0.251019 0.495130 0.250833 0.495599 0.249630 0.495651 0.248287 0.495286 0.247546 0.494818 0.246944 0.494219 0.246574 0.493906 0.247407 0.493542 0.248380 0.492214 0.248519 0.491979 0.246296 0.488177 0.239722 0.486042 0.238102 0.482448 0.227315 0.482362 0.224722 0.481172 0.223657 0.479141 0.216620 0.478208 0.217338 0.476224 0.221898
5 0.392797 0.079301 0.391206 0.079685 0.391641 0.086500 0.392508 0.094468 0.392362 0.102176 0.392940 0.107444 0.394820 0.112588 0.396818 0.109833 0.399279 0.114440 0.405367 0.118815 0.412234 0.124806 0.412495 0.121120 0.407891 0.115000 0.405495 0.103611 0.404979 0.099468 0.400964 0.095046 0.396555 0.088556 0.394242 0.083926
5 0.416151 0.380384 0.411714 0.373611 0.407841 0.376051 0.404279 0.379606 0.402094 0.383051 0.422586 0.398380 0.426211 0.394046 0.425773 0.393046 0.425023 0.393824 0.424711 0.393269
5 0.422940 0.340176 0.416151 0.380384 0.424711 0.393269 0.439643 0.366722 0.438557 0.362153 0.436667 0.353898 0.447836 0.347343 0.447294 0.341824 0.446391 0.334486 0.445953 0.329625 0.444078 0.327514 0.444078 0.326403 0.445641 0.325736 0.445443 0.323241 0.442122 0.326486 0.438156 0.340426 0.434049 0.350630 0.430174 0.358514 0.427141 0.364903 0.425880 0.369546 0.425089 0.369463 0.426302 0.364819 0.426068 0.357602 0.425227 0.350713
5 0.447836 0.347343 0.436667 0.353898 0.438557 0.362153 0.441365 0.374153 0.444120 0.380870 0.445773 0.384394 0.448896 0.387727 0.451208 0.388394 0.453271 0.389171 0.453708 0.390616 0.454268 0.392394 0.455393 0.396167 0.454768 0.396833 0.452833 0.396389 0.450458 0.395611 0.449146 0.396611 0.451680 0.409194 0.452813 0.413991 0.453029 0.421287 0.455784 0.423495 0.458807 0.425801 0.459185 0.416870 0.467232 0.376551 0.459779 0.377319 0.459940 0.356199 0.458698 0.347847 0.454432 0.347657 0.452112 0.348042 0.449573 0.347657 0.448654 0.347176 0.448951 0.349537 0.450336 0.359718 0.451391 0.369519 0.451995 0.375625 0.452927 0.380394 0.453862 0.383556 0.455458 0.385694 0.457206 0.386931 0.459828 0.388912 0.461818 0.391588 0.461396 0.392769 0.460039 0.391319 0.458503 0.389606 0.457177 0.388806 0.454737 0.386444 0.453320 0.384356 0.451995 0.380662 0.451271 0.375843 0.450698 0.370375 0.449193 0.357630
13 0.348281 0.311991 0.338781 0.321704 0.339792 0.325917 0.338294 0.325856 0.337909 0.326662 0.336237 0.330380 0.348089 0.340176 0.348242 0.338551 0.348628 0.334833 0.349219 0.331296 0.349917 0.327394 0.350299 0.322806 0.350424 0.321769 0.351297 0.321704 0.352237 0.323005 0.352518 0.322449 0.351750 0.319657 0.349693 0.311972 0.350216 0.311231 0.351448 0.316194 0.352109 0.311486 0.352344 0.309245 0.349323 0.311157 0.349216 0.312537 0.349005 0.315759 0.349042 0.318486 0.349180 0.322083 0.349349 0.324306 0.349633 0.326917 0.348589 0.325491 0.348203 0.321528 0.348021 0.316898
13 0.358638 0.348903 0.349271 0.340972 0.349883 0.336380 0.350474 0.333218 0.351102 0.330120 0.352448 0.330569 0.353841 0.330569 0.355201 0.330505 0.356526 0.329699 0.357643 0.328583 0.358617 0.326042 0.359383 0.323866 0.359052 0.328898 0.358599 0.333671 0.359401 0.335417 0.359427 0.339167 0.359068 0.343431
5 0.614284 0.529028 0.606224 0.525046 0.599375 0.520463 0.591953 0.515556 0.585365 0.511343 0.580000 0.508102 0.572969 0.503519 0.573229 0.501065 0.574688 0.501204 0.579992 0.502931 0.581396 0.503412 0.583620 0.503009 0.586471 0.504083 0.591674 0.507454 0.593385 0.508935 0.598099 0.510417 0.598674 0.514898 0.599974 0.514676 0.599172 0.510565 0.601484 0.511528 0.606609 0.512898 0.610107 0.514676 0.613672 0.515972 0.614232 0.517231
5 0.297013 0.203889 0.288721 0.187306 0.294810 0.183389 0.308674 0.177398 0.311911 0.175097 0.316057 0.171644 0.321370 0.171644 0.331484 0.192037 0.343005 0.212407 0.357388 0.241662 0.371185 0.271329 0.373984 0.280079 0.374555 0.283259 0.376224 0.285444 0.376458 0.288046 0.372870 0.284847 0.369734 0.282472 0.366146 0.278491 0.361979 0.280648 0.359266 0.284731 0.335143 0.254995 0.306938 0.217222
5 0.357547 0.158755 0.356435 0.154731 0.355596 0.153046 0.355523 0.149398 0.359219 0.149204 0.362883 0.148806 0.362883 0.147792 0.358784 0.143718 0.358755 0.142060 0.361227 0.140282 0.364388 0.132481 0.363685 0.130005 0.362427 0.128514 0.362516 0.125519 0.365508 0.125852 0.372786 0.132907 0.378664 0.138218 0.384917 0.144190 0.389536 0.148009 0.395753 0.153481 0.403409 0.161954 0.415229 0.173750 0.423760 0.180292 0.433701 0.189894 0.442901 0.199713 0.447419 0.204171 0.447044 0.206278 0.448794 0.213167 0.449609 0.219051 0.456609 0.225056 0.455227 0.227278 0.454115 0.228287 0.453177 0.229907 0.451172 0.228051 0.449734 0.227046 0.447943 0.231296 0.446706 0.239412 0.439331 0.231185 0.439766 0.240181 0.440266 0.249509 0.434219 0.242505 0.424984 0.232806 0.411701 0.218213 0.396148 0.201894 0.379083 0.182597 0.362451 0.164551
5 0.384917 0.144190 0.377315 0.135782 0.371388 0.129644 0.368401 0.126907 0.368401 0.125662 0.370081 0.123171 0.374234 0.120435 0.375401 0.119190 0.376521 0.112801 0.377409 0.110560 0.381047 0.102597 0.383055 0.102264 0.383570 0.102500 0.384411 0.103250 0.410234 0.129417 0.441930 0.159255 0.468906 0.185454 0.466456 0.189551 0.466456 0.189551 0.465057 0.192620 0.463003 0.198014 0.461883 0.200171 0.461229 0.200088 0.460622 0.199009 0.459596 0.200333 0.460016 0.202412 0.458661 0.206560 0.456328 0.208051 0.456281 0.209546 0.454010 0.212546 0.447419 0.204171 0.442901 0.199713 0.433701 0.189894 0.423760 0.180292 0.415229 0.173750 0.403409 0.161954 0.395753 0.153481 0.389536 0.148009
5 0.464870 0.234852 0.462633 0.232213 0.459487 0.232356 0.457607 0.233384 0.456609 0.233602 0.453638 0.235727 0.452146 0.237019 0.450979 0.238903 0.451461 0.240102 0.462190 0.251861 0.474815 0.265917 0.494823 0.288435 0.498818 0.293671 0.507609 0.302417 0.525440 0.323931 0.533424 0.333111 0.534596 0.334616 0.535724 0.338417 0.535951 0.339593 0.531870 0.341514 0.530984 0.342181 0.531474 0.344005 0.539958 0.353324 0.541630 0.352431 0.541044 0.350500 0.541044 0.345296 0.543135 0.343958 0.546984 0.349014 0.548823 0.347676 0.548992 0.343065 0.552003 0.347676 0.554094 0.347227 0.554010 0.342917 0.556518 0.331167 0.559279 0.325815 0.562307 0.327806 0.563315 0.327157 0.562786 0.326019 0.559375 0.322639 0.557318 0.320694 0.553078 0.316412 0.551865 0.314755 0.550130 0.314398 0.547383 0.311681 0.544583 0.314171 0.542344 0.311602 0.540198 0.310602 0.538469 0.311185 0.536695 0.311269 0.514576 0.287454 0.489557 0.260986
5 0.451461 0.240102 0.449839 0.242657 0.446706 0.239412 0.439331 0.231185 0.439766 0.240181 0.440266 0.249509 0.440211 0.252102 0.437727 0.253926 0.434974 0.255463 0.433948 0.257000 0.436797 0.259120 0.445964 0.269815 0.464237 0.290875 0.480622 0.308231 0.488049 0.313931 0.500633 0.331287 0.511859 0.346162 0.517961 0.354032 0.521133 0.351491 0.526328 0.345542 0.531870 0.341514 0.535951 0.339593 0.535724 0.338417 0.534596 0.334616 0.533424 0.333111 0.525440 0.323931 0.507609 0.302417 0.498818 0.293671 0.494823 0.288435 0.474815 0.265917 0.462190 0.251861
