0 0.439883 0.396907 0.436258 0.386907 0.433323 0.375356 0.431885 0.358028 0.432198 0.351810 0.433635 0.349255 0.442070 0.341366 0.442820 0.340921 0.449299 0.308181 0.453940 0.303468 0.454677 0.300426 0.451122 0.293093 0.448685 0.293241 0.447630 0.292593 0.446273 0.294852 0.446305 0.298005 0.445367 0.299671 0.444464 0.298870 0.436664 0.311269 0.433359 0.319144 0.431404 0.333537 0.429367 0.350296 0.424312 0.350620 0.419732 0.339880 0.418516 0.320954 0.418695 0.308681 0.418995 0.303481 0.421445 0.292838 0.427380 0.278968 0.427648 0.272481 0.430698 0.267894 0.432417 0.265370 0.433872 0.264370 0.439034 0.257560 0.443549 0.244079 0.443349 0.242278 0.443956 0.238477 0.445169 0.237259 0.455932 0.230449 0.457453 0.231593 0.460638 0.238500 0.489060 0.228116 0.497995 0.232671 0.503242 0.239889 0.504492 0.242778 0.505430 0.246000 0.505680 0.259662 0.514865 0.260440 0.523911 0.275412 0.529721 0.285074 0.531591 0.290630 0.533039 0.299028 0.533552 0.307569 0.534534 0.314620 0.535003 0.323583 0.534490 0.327329 0.529635 0.329407 0.528654 0.327417 0.527492 0.327329 0.525247 0.328074 0.523385 0.327704 0.521099 0.317519 0.517844 0.307699 0.512497 0.301648 0.507997 0.297426 0.504305 0.295139 0.502768 0.292963 0.500919 0.290296 0.499526 0.289306 0.497852 0.290116 0.497120 0.292963 0.496320 0.295505 0.495865 0.296440 0.498482 0.302259 0.501339 0.306222 0.504648 0.309699 0.505555 0.311866 0.506979 0.324495 0.509721 0.342222 0.512583 0.343935 0.514602 0.344787 0.515432 0.345676 0.515945 0.347764 0.515682 0.355296 0.514839 0.370236 0.512396 0.382319 0.510552 0.386477 0.509190 0.387032 0.507591 0.389454 0.506336 0.392264 0.499987 0.394375 0.495427 0.395528 0.493758 0.396917 0.490992 0.398917 0.489591 0.399917 0.486372 0.399917 0.484974 0.398250 0.484786 0.391787 0.490060 0.383898 0.492997 0.379000 0.491042 0.375681 0.483992 0.387630 0.482638 0.373856 0.485938 0.364773 0.488359 0.356718 0.490086 0.350074 0.485331 0.324741 0.484630 0.323741 0.483555 0.322662 0.483461 0.320255 0.484211 0.317931 0.483138 0.311713 0.475620 0.314778 0.472078 0.314778 0.469698 0.313199 0.469604 0.317097 0.469323 0.320009 0.468206 0.324153 0.463630 0.341991 0.462505 0.349134 0.462693 0.354519 0.468292 0.370458 0.468854 0.373190 0.468943 0.375236 0.465594 0.390662 0.462026 0.401157 0.458471 0.405926 0.456089 0.408611 0.454315 0.409833 0.452747 0.410213 0.450729 0.410213 0.449161 0.409833 0.447862 0.409148 0.446719 0.407213 0.443888 0.402602
2 0.559852 0.682843 0.566076 0.696306 0.569414 0.696398 0.569792 0.693157 0.569602 0.691000 0.564208 0.680407 0.588456 0.666273 0.616318 0.648690 0.615794 0.646704 0.614060 0.644190 0.611237 0.644407 0.608195 0.638829 0.605039 0.632088 0.600846 0.629542 0.598711 0.627699 0.598227 0.628384 0.606938 0.647139 0.586904 0.659009 0.567969 0.620662 0.567065 0.621509 0.564924 0.620921 0.562128 0.620130 0.562612 0.620472 0.583130 0.661245 0.561708 0.673806 0.544089 0.636481 0.544120 0.646130 0.547839 0.657287 0.554964 0.672324 0.558279 0.680190
1 0.462427 0.538130 0.459562 0.520259 0.459354 0.518731 0.457682 0.509255 0.456536 0.500042 0.459271 0.498884 0.461510 0.514625 0.462688 0.521370 0.462870 0.522944 0.465714 0.539898
5 0.587422 0.695120 0.590521 0.701231 0.593747 0.709833 0.596370 0.718083 0.597672 0.722505 0.590938 0.735769 0.587057 0.734148 0.586771 0.732528 0.585990 0.731046 0.588880 0.721616 0.587531 0.722093 0.586938 0.718352 0.586344 0.715759 0.586667 0.703278
5 0.599115 0.684120 0.604292 0.692639 0.616076 0.709435 0.617690 0.711926 0.620424 0.716157 0.631169 0.699051 0.620151 0.662333 0.616318 0.648690 0.605938 0.655310 0.602057 0.661190 0.600159 0.665593 0.598281 0.671051 0.598945 0.678394
2 0.599445 0.696509 0.602099 0.698222 0.604497 0.699194 0.609185 0.699657 0.616076 0.709435 0.617690 0.711926 0.620424 0.716157 0.616286 0.722009 0.611755 0.721315 0.608109 0.720759 0.599737 0.706023
3 0.464211 0.634287 0.463758 0.623194 0.463958 0.621102 0.467576 0.609898 0.469818 0.615454 0.471875 0.620412 0.474164 0.627907 0.474951 0.631329 0.475286 0.634528 0.477292 0.637963 0.478307 0.640324 0.478831 0.643421 0.479609 0.647264 0.479974 0.649764 0.478802 0.652454 0.477422 0.654028 0.476042 0.655227 0.474659 0.656380 0.474297 0.656523
5 0.464211 0.634287 0.462148 0.629782 0.463005 0.629273 0.459154 0.591032 0.468604 0.601921 0.468630 0.603310 0.468839 0.604194 0.469359 0.604931 0.470141 0.605394 0.470792 0.605671 0.471182 0.605671 0.471469 0.604889 0.476216 0.609606 0.484083 0.614986 0.487914 0.617852 0.493682 0.623662 0.499896 0.631190 0.489797 0.647537 0.480768 0.661731 0.477734 0.664644 0.474297 0.656523 0.474659 0.656380 0.476042 0.655227 0.477422 0.654028 0.478802 0.652454 0.479974 0.649764 0.479609 0.647264 0.478831 0.643421 0.478307 0.640324 0.477292 0.637963 0.475286 0.634528 0.474951 0.631329 0.474164 0.627907 0.471875 0.620412 0.469818 0.615454 0.467576 0.609898 0.463958 0.621102 0.463758 0.623194
5 0.434924 0.569583 0.437505 0.568722 0.439039 0.568796 0.443294 0.572079 0.453448 0.584185 0.455401 0.586449 0.458203 0.620949 0.444898 0.592014 0.437719 0.576519
5 0.440299 0.568556 0.442349 0.567750 0.445573 0.567806 0.447078 0.569144 0.447982 0.569894 0.448404 0.565500 0.449732 0.559824 0.450661 0.558523 0.451781 0.558153 0.452719 0.558431 0.452826 0.562130 0.451911 0.567176 0.452927 0.566255 0.453698 0.564213 0.455047 0.561426 0.456398 0.561139 0.457208 0.562005 0.459255 0.556806 0.458529 0.554162 0.458318 0.551856 0.458529 0.549074 0.457896 0.540556 0.458680 0.539218 0.460487 0.538625 0.462427 0.538130 0.465714 0.539898 0.464276 0.531491 0.465289 0.530292 0.467138 0.529644 0.468701 0.528856 0.467195 0.544944 0.466687 0.556630 0.460531 0.562736 0.457536 0.566208 0.455193 0.569032 0.451677 0.569032 0.449333 0.577597 0.443706 0.570981
5 0.450365 0.579051 0.454372 0.578556 0.457789 0.577625 0.466365 0.574713 0.467393 0.574306 0.468544 0.581431 0.469346 0.586329 0.469383 0.591287 0.469034 0.597176 0.466911 0.595537 0.465552 0.593801 0.463669 0.590269 0.460880 0.586241 0.457951 0.583329 0.455859 0.582833 0.453344 0.582782
5 0.470393 0.573685 0.473388 0.572903 0.474299 0.572440 0.475732 0.572162 0.475396 0.573134 0.475135 0.574292 0.475109 0.576838 0.475268 0.582426 0.475026 0.585588 0.475060 0.589185 0.475857 0.591755 0.476612 0.594394 0.477393 0.597171 0.478044 0.600134 0.479034 0.602634 0.481117 0.604764 0.483773 0.606569 0.486586 0.608051 0.487419 0.608977 0.488096 0.610829 0.488539 0.613375 0.488799 0.614764 0.488539 0.615227 0.487992 0.615551 0.484763 0.612310 0.479495 0.607375 0.472057 0.599954 0.472380 0.591037 0.471299 0.579574
5 0.479698 0.563259 0.487380 0.565477 0.496208 0.568264 0.495260 0.571171 0.494990 0.575083 0.495049 0.577602 0.496406 0.580546 0.499630 0.582583 0.501076 0.583278 0.502130 0.581940 0.502826 0.580278 0.505831 0.591088 0.509839 0.601685 0.513542 0.606764 0.515411 0.607028 0.513620 0.611620 0.512919 0.615472 0.512227 0.618366 0.511563 0.620292 0.511049 0.621153 0.508135 0.619278 0.506148 0.620204 0.500299 0.630185 0.494208 0.622583 0.488641 0.616634 0.489240 0.616069 0.489604 0.615208 0.489078 0.612338 0.488354 0.608181 0.487344 0.606889 0.484401 0.605671 0.481536 0.604162 0.479117 0.600505 0.477987 0.594769 0.475768 0.588458 0.475701 0.586926 0.476190 0.583949 0.475823 0.577667 0.482031 0.572204 0.479289 0.563741
5 0.636047 0.640810 0.638086 0.641130 0.638896 0.641130 0.641490 0.644296 0.643703 0.647944 0.646315 0.676528 0.637076 0.690278 0.634091 0.694384 0.631201 0.683611 0.629203 0.675810 0.624310 0.656495 0.624753 0.656903 0.625453 0.658898 0.626060 0.660722 0.626807 0.662213 0.627833 0.663375 0.628674 0.663792 0.629422 0.663458 0.630120 0.662963 0.630914 0.661718 0.631148 0.659894 0.630401 0.658065 0.631055 0.657898 0.631802 0.657486 0.632500 0.656574 0.632781 0.655412 0.631802 0.653005 0.633201 0.652259 0.633948 0.650352 0.633807 0.649356 0.632875 0.647611 0.633901 0.646949 0.634974 0.645537 0.635349 0.644542 0.634182 0.641968 0.634974 0.641889
2 0.566174 0.844968 0.555979 0.849884 0.539810 0.858634 0.541099 0.867176 0.564885 0.864051 0.573555 0.854884 0.572138 0.844319 0.567893 0.847977 0.566826 0.847699
7 0.585094 0.465977 0.585875 0.467782 0.586292 0.468755 0.586292 0.475606 0.589521 0.481995 0.590354 0.481532 0.590875 0.481486 0.592906 0.484727 0.593094 0.485898 0.593198 0.487380 0.593094 0.487935 0.596531 0.491972 0.596732 0.492403 0.597680 0.494556 0.599547 0.493972 0.600807 0.492616 0.601089 0.493477 0.601372 0.494120 0.602984 0.491829 0.604115 0.491468 0.604880 0.493264 0.605487 0.496560 0.605406 0.499213 0.605849 0.499787 0.607826 0.499787 0.609237 0.498856 0.610286 0.498426 0.611294 0.498639 0.611495 0.499787 0.609883 0.501222 0.609844 0.502227 0.612544 0.511259 0.613109 0.514417 0.614320 0.517644 0.615570 0.523523 0.616378 0.528255 0.613984 0.520931 0.609224 0.509144 0.605534 0.503125 0.603008 0.500810 0.599466 0.499282 0.594492 0.498676 0.587901 0.498815 0.573711 0.501042 0.565651 0.492685 0.564583 0.486806 0.567805 0.485574 0.569185 0.482250 0.573154 0.477106 0.577492 0.472792 0.582492 0.468718
2 0.512924 0.332759 0.529635 0.329407 0.534490 0.327329 0.553885 0.322403 0.561849 0.321292 0.567055 0.329532 0.565961 0.330366 0.545310 0.335458 0.532367 0.338884 0.526276 0.339676 0.518151 0.342176 0.515089 0.343523 0.514680 0.341380
1 0.539023 0.350398 0.543060 0.344889 0.546654 0.342250 0.551133 0.342481 0.555664 0.344472 0.560378 0.349796 0.564081 0.358505 0.566172 0.368977 0.566695 0.378028 0.566312 0.381685 0.564674 0.381685 0.564185 0.369227 0.562581 0.361171 0.559201 0.353361 0.555609 0.348773 0.552891 0.346852 0.550380 0.345366 0.547487 0.346421 0.544872 0.348093 0.543164 0.349519 0.541177 0.352616
7 0.577737 0.400639 0.581242 0.397699 0.586607 0.390338 0.588602 0.385699 0.588047 0.388565 0.588177 0.393380 0.587891 0.399861 0.588307 0.400139 0.588151 0.401157 0.587995 0.406343 0.589505 0.397731 0.589948 0.396574 0.590260 0.396157 0.590885 0.396389 0.591172 0.397361 0.590755 0.399167 0.589063 0.408102 0.588151 0.411111 0.589063 0.415000 0.594922 0.403565 0.595815 0.403130 0.596224 0.404444 0.590208 0.415324 0.592187 0.414954 0.597812 0.408704 0.598411 0.410602 0.599193 0.412778 0.597526 0.413287 0.595990 0.413287 0.594115 0.415093 0.594010 0.415602 0.594062 0.416250 0.592664 0.415796 0.582794 0.416722 0.581935 0.418157 0.581284 0.420426 0.583055 0.420657 0.584279 0.420574 0.585164 0.424648 0.593888 0.422796 0.593654 0.421954 0.596094 0.421435 0.595469 0.422824 0.591823 0.426667 0.591633 0.425685 0.587823 0.430796 0.587760 0.433347 0.583198 0.434236
7 0.419839 0.461583 0.422313 0.457847 0.433315 0.444611 0.431914 0.456625 0.431190 0.465708 0.431190 0.465708
5 0.542117 0.463991 0.541401 0.465042 0.553484 0.478884 0.560878 0.477824 0.557589 0.463574 0.547977 0.464222 0.545164 0.464269
7 0.560104 0.462731 0.567104 0.460755 0.576393 0.456769 0.580458 0.454315 0.582698 0.459708 0.579172 0.467125 0.577638 0.468426 0.574849 0.469912 0.567904 0.472843 0.567461 0.476731 0.564518 0.477241 0.563125 0.477454 0.560461 0.464065
6 0.412846 0.519787 0.426076 0.507750 0.428523 0.513912 0.415919 0.526222
5 0.415339 0.388426 0.412292 0.388935 0.411667 0.388981 0.411406 0.387546 0.410547 0.386204 0.409557 0.384722 0.408724 0.382917 0.407943 0.380324 0.407682 0.377454 0.407500 0.374907 0.407760 0.373194 0.408932 0.371157 0.409609 0.369074 0.409505 0.367963 0.408932 0.367269 0.408724 0.362083 0.423492 0.361125 0.422589 0.363269 0.421081 0.369588 0.420268 0.374671 0.420182 0.377546 0.419740 0.378704 0.419010 0.380278 0.416380 0.385185
5 0.424432 0.361310 0.432089 0.359921 0.433044 0.372287 0.427531 0.378713 0.420794 0.388431 0.419453 0.390079 0.417766 0.390991 0.416982 0.390454 0.416529 0.389704 0.415987 0.388847 0.416276 0.387454 0.417057 0.385833 0.420052 0.379583 0.420807 0.378056 0.420870 0.374671 0.421865 0.369856 0.422951 0.364282 0.423974 0.362144
5 0.433180 0.320190 0.445523 0.327319 0.449299 0.308181 0.453940 0.303468 0.454677 0.300426 0.451122 0.293093 0.448685 0.293241 0.447630 0.292593 0.446273 0.294852 0.446305 0.298005 0.445367 0.299671 0.444464 0.298870 0.436664 0.311269 0.433359 0.319144
5 0.405982 0.271468 0.410201 0.268458 0.411557 0.268227 0.414813 0.265218 0.420878 0.256468 0.422023 0.255032 0.429211 0.250958 0.429810 0.248778 0.429810 0.246856 0.429115 0.246176 0.427510 0.243755 0.424651 0.238491 0.426812 0.237870 0.431622 0.241898 0.436250 0.245417 0.441909 0.248963 0.439034 0.257560 0.433872 0.264370 0.432417 0.265370 0.430698 0.267894 0.427648 0.272481 0.427615 0.274190 0.425833 0.275630 0.421312 0.274773 0.415768 0.273917 0.411279 0.273486 0.408055 0.272417
5 0.431719 0.238843 0.437336 0.233245 0.441625 0.228102 0.446958 0.223019 0.448526 0.220046 0.449922 0.217875 0.452188 0.215398 0.453128 0.215769 0.456023 0.223889 0.456161 0.219736 0.456510 0.217009 0.457138 0.215398 0.458185 0.219426 0.460451 0.226366 0.460904 0.228847 0.460938 0.233431 0.461216 0.238329 0.460638 0.238500 0.457453 0.231593 0.455932 0.230449 0.445169 0.237259 0.443956 0.238477 0.443349 0.242278 0.443549 0.244079 0.442844 0.246139 0.437755 0.243347
5 0.331198 0.260093 0.332219 0.256880 0.334680 0.253866 0.337180 0.252718 0.340286 0.251435 0.345286 0.247921 0.347062 0.247491 0.348878 0.247194 0.349966 0.246056 0.354242 0.241745 0.359083 0.236231 0.363383 0.232259 0.367492 0.229329 0.369086 0.226056 0.370586 0.223519 0.372714 0.218375 0.377487 0.216204 0.383870 0.216389 0.393781 0.216532 0.397727 0.216218 0.400104 0.218787 0.404656 0.221889 0.408091 0.224894 0.407833 0.225815 0.405901 0.228759 0.404820 0.230630 0.403521 0.231384 0.401565 0.231542 0.398971 0.231384 0.396052 0.229407 0.393430 0.227690 0.390505 0.226352 0.386648 0.226028 0.378904 0.229296 0.375148 0.231199 0.369424 0.233528 0.363349 0.237356 0.359990 0.239625 0.356107 0.243569 0.350862 0.247847 0.347695 0.249935 0.344492 0.252301 0.341385 0.254648 0.339654 0.257759
5 0.371453 0.299324 0.372422 0.299514 0.374305 0.299204 0.376013 0.297468 0.378836 0.295301 0.383125 0.293315 0.385253 0.291889 0.387029 0.290588 0.388214 0.289287 0.389622 0.293421 0.389893 0.296315 0.390557 0.296741 0.393268 0.295403 0.410714 0.286347 0.415271 0.286597 0.417094 0.285856 0.427354 0.278171 0.427380 0.278968 0.424995 0.284514 0.421857 0.284329 0.420115 0.285569 0.412977 0.295773 0.409813 0.299310 0.408854 0.300134 0.408260 0.302551 0.407807 0.305278 0.406797 0.306639 0.406065 0.306083 0.405471 0.304532 0.404078 0.304347 0.402266 0.305403 0.400383 0.307569 0.398674 0.307755 0.397732 0.306829 0.396164 0.308130 0.394768 0.310236 0.393932 0.311662 0.392852 0.312403 0.384536 0.310532 0.371581 0.307051 0.368414 0.306333 0.368240 0.304162 0.368240 0.302426 0.368622 0.300569 0.368831 0.299380 0.369495 0.299912
5 0.368727 0.309944 0.369807 0.315894 0.371549 0.318745 0.373677 0.321222 0.376396 0.321722 0.379430 0.321782 0.389818 0.315958 0.388151 0.315343 0.377799 0.312116
5 0.394529 0.281963 0.401404 0.275574 0.403617 0.273861 0.407151 0.274773 0.419659 0.277843 0.412484 0.276435 0.419534 0.277880 0.409138 0.282560
5 0.397727 0.216218 0.396966 0.213181 0.394768 0.210639 0.393654 0.208838 0.396128 0.203014 0.395396 0.200037 0.396128 0.198241 0.398917 0.195079 0.401289 0.195389 0.401846 0.194894 0.401393 0.189935 0.401742 0.189009 0.404078 0.189009 0.406029 0.191361 0.408190 0.194213 0.414117 0.197500 0.422031 0.198241 0.422867 0.197931 0.420638 0.195824 0.419068 0.192477 0.418091 0.189440 0.416802 0.188449 0.416557 0.186838 0.419591 0.186278 0.420706 0.186468 0.423602 0.183741 0.428482 0.180144 0.431794 0.176736 0.431862 0.176426 0.431026 0.175560 0.430190 0.175185 0.429458 0.176736 0.428516 0.178222 0.427156 0.179708 0.427156 0.178532 0.427750 0.175620 0.428549 0.174380 0.430258 0.172954 0.431060 0.172708 0.431966 0.173699 0.433536 0.174565 0.435594 0.174505 0.437581 0.174505 0.440299 0.175866 0.441276 0.176116 0.442008 0.179463 0.443682 0.184917 0.445563 0.191611 0.447237 0.194463 0.448073 0.196319 0.452919 0.206796 0.456370 0.213551 0.457138 0.215398 0.456510 0.217009 0.456161 0.219736 0.456023 0.223889 0.453128 0.215769 0.452188 0.215398 0.451237 0.216440 0.441021 0.215245 0.426732 0.214616 0.412208 0.215417 0.398409 0.217028
5 0.408091 0.224894 0.409865 0.225139 0.409690 0.224148 0.410284 0.223093 0.410562 0.223032 0.413734 0.225699 0.422763 0.231958 0.431719 0.238843 0.437336 0.233245 0.441625 0.228102 0.446958 0.223019 0.448526 0.220046 0.449359 0.218806 0.431263 0.217648 0.415073 0.218514 0.403625 0.219051 0.401273 0.219588 0.404656 0.221889
5 0.452794 0.187796 0.455815 0.191500 0.459201 0.191500 0.464331 0.196130 0.464253 0.198167 0.464799 0.200343 0.463732 0.201639 0.463055 0.201917 0.462586 0.202287 0.462138 0.206944 0.462086 0.213519 0.462008 0.217593 0.462216 0.220093 0.461956 0.221759 0.461201 0.220139 0.458440 0.211667 0.454977 0.197731
5 0.305964 0.239028 0.311951 0.235102 0.317875 0.230824 0.324919 0.226981 0.327987 0.226236 0.333354 0.226236 0.338969 0.226236 0.343221 0.226486 0.345313 0.227042 0.350182 0.234120 0.352734 0.238472 0.354242 0.241745 0.349966 0.246056 0.348878 0.247194 0.347062 0.247491 0.345286 0.247921 0.340286 0.251435 0.337180 0.252718 0.334680 0.253866 0.333682 0.255120 0.325096 0.243394 0.323471 0.245958 0.326664 0.261069 0.320148 0.262111 0.318375 0.261694 0.313818 0.260352
5 0.327198 0.264616 0.329062 0.275972 0.329193 0.280463 0.329089 0.284074 0.331719 0.292731 0.331745 0.295556 0.331589 0.297639 0.330677 0.300139 0.330391 0.301065 0.315437 0.265032 0.316604 0.265532 0.318984 0.266111 0.321971 0.266028
5 0.357169 0.242667 0.359990 0.239625 0.363349 0.237356 0.369424 0.233528 0.375148 0.231199 0.376682 0.230259 0.377125 0.233056 0.378094 0.233699 0.392172 0.227032 0.393430 0.227690 0.396052 0.229407 0.398971 0.231384 0.401565 0.231542 0.403521 0.231384 0.404820 0.230630 0.405901 0.228759 0.407833 0.225815 0.408091 0.224894 0.409865 0.225139 0.412060 0.227556 0.414607 0.229167 0.418336 0.231648 0.422380 0.238218 0.421997 0.241810 0.420883 0.247449 0.419245 0.253338 0.417255 0.257056 0.414883 0.260282 0.413594 0.262759 0.412862 0.265111 0.412203 0.266912 0.411557 0.268227 0.410201 0.268458 0.405982 0.271468 0.405102 0.270810 0.404008 0.269083 0.403451 0.266102 0.402997 0.263810 0.402266 0.262384 0.402091 0.260898 0.402266 0.260157 0.403867 0.261023 0.404706 0.260773 0.405227 0.257676 0.406362 0.255995 0.409982 0.250764 0.409201 0.250903 0.408159 0.250949 0.407667 0.250056 0.405612 0.249370 0.403693 0.249866 0.402648 0.251227 0.401219 0.251792 0.400000 0.252097 0.398047 0.253583 0.395852 0.255509 0.393445 0.257736 0.390549 0.260773 0.387833 0.262884 0.385323 0.264926 0.376794 0.261199 0.367906 0.258468 0.362398 0.256861 0.360622 0.252148 0.359260 0.248245
5 0.337594 0.261750 0.344492 0.269847 0.346734 0.270176 0.353594 0.267769 0.357560 0.266611 0.362229 0.266611 0.363674 0.266611 0.367549 0.266690 0.369977 0.266773 0.371516 0.267523 0.373477 0.268102 0.377070 0.268102 0.382016 0.266690 0.376440 0.264134 0.370305 0.261907 0.365979 0.260667 0.360161 0.259051 0.352737 0.257375 0.351656 0.256819 0.348659 0.257375 0.344021 0.258861 0.339245 0.260907
5 0.412977 0.295773 0.420115 0.285569 0.421857 0.284329 0.424995 0.284514 0.421445 0.292838 0.418995 0.303481 0.418695 0.308681 0.418763 0.310634 0.417542 0.310199 0.414958 0.310380 0.410505 0.311255
5 0.333661 0.279667 0.331154 0.280435 0.331799 0.283301 0.335146 0.286384 0.339341 0.290759 0.340794 0.293773 0.341602 0.294704 0.346924 0.293699 0.348818 0.292898 0.351294 0.291597 0.353768 0.289917 0.356664 0.288560 0.358443 0.287870 0.354792 0.286241 0.348740 0.281940 0.345794 0.280361 0.343659 0.279431 0.342003 0.279000 0.340120 0.279574
5 0.549042 0.342551 0.550857 0.333944 0.561667 0.331218 0.562474 0.335810 0.562755 0.341259 0.563966 0.349505 0.564732 0.352231 0.564693 0.354597 0.564081 0.358505 0.560378 0.349796 0.555664 0.344472 0.551133 0.342481
5 0.547487 0.346421 0.542901 0.354486 0.547872 0.359542 0.548242 0.360282 0.551471 0.362134 0.556576 0.366995 0.559911 0.371037 0.562737 0.365208 0.562945 0.362917 0.562581 0.361171 0.559201 0.353361 0.555609 0.348773 0.552891 0.346852 0.550380 0.345366
5 0.507372 0.327222 0.512776 0.318852 0.514310 0.313278 0.515703 0.308009 0.516193 0.305773 0.512497 0.301648 0.507997 0.297426 0.506625 0.300468 0.505872 0.302407 0.504753 0.304542 0.502096 0.306995 0.504648 0.309699 0.505555 0.311866 0.506979 0.324495
5 0.525885 0.278704 0.531182 0.275347 0.557193 0.314634 0.552836 0.315954 0.550135 0.315764 0.546625 0.312403 0.545221 0.307218 0.544141 0.305685 0.541443 0.307125 0.539336 0.307986 0.538310 0.312306 0.536312 0.316245 0.534661 0.316898 0.534534 0.314620 0.533552 0.307569 0.533039 0.299028 0.531591 0.290630 0.529721 0.285074
5 0.344492 0.269847 0.344073 0.273829 0.344307 0.275653 0.345799 0.276648 0.349487 0.273829 0.351401 0.270921 0.354435 0.275236 0.356534 0.276069 0.368109 0.276481 0.369836 0.275486 0.371422 0.272500 0.369812 0.271449 0.365094 0.267005 0.364487 0.266574 0.363674 0.266611 0.362229 0.266611 0.357560 0.266611 0.353594 0.267769 0.346734 0.270176
5 0.489677 0.212778 0.492388 0.213468 0.492677 0.210542 0.500130 0.221556 0.514937 0.245125 0.514841 0.254588 0.522969 0.267148 0.519969 0.269213 0.514865 0.260440 0.505680 0.259662 0.505430 0.246000 0.504492 0.242778 0.503242 0.239889 0.497995 0.232671 0.498581 0.228954 0.498000 0.223963 0.496935 0.220866 0.496258 0.218458 0.494130 0.215532 0.493646 0.215190 0.489096 0.215190
5 0.502096 0.306995 0.504753 0.304542 0.505872 0.302407 0.506625 0.300468 0.507997 0.297426 0.504305 0.295139 0.502768 0.292963 0.500919 0.290296 0.499526 0.289306 0.497852 0.290116 0.497120 0.292963 0.496320 0.295505 0.495865 0.296440 0.498482 0.302259 0.501339 0.306222
5 0.483641 0.345014 0.473484 0.363301 0.473745 0.364829 0.476375 0.369319 0.480307 0.371866 0.482911 0.372977 0.485938 0.364773 0.488359 0.356718 0.490086 0.350074 0.489422 0.346773 0.488172 0.346773 0.486870 0.346773 0.485385 0.346310
5 0.465151 0.336264 0.483641 0.345014 0.485385 0.346310 0.486870 0.346773 0.488172 0.346773 0.489422 0.346773 0.485331 0.324741 0.484630 0.323741 0.483555 0.322662 0.483461 0.320255 0.484211 0.317931 0.483138 0.311713 0.475620 0.314778 0.472078 0.314778 0.469698 0.313199 0.469604 0.317097 0.469323 0.320009 0.468206 0.324153
5 0.531240 0.368380 0.536219 0.375014 0.540094 0.384611 0.544349 0.391741 0.546617 0.394829 0.549997 0.396940 0.553456 0.397653 0.553078 0.403218 0.550378 0.405042 0.548896 0.405079 0.544135 0.403005 0.541055 0.399940 0.537607 0.392972 0.536927 0.392222 0.535521 0.387824 0.532760 0.378519
5 0.464414 0.499889 0.472680 0.515074 0.472539 0.517986 0.472367 0.521829 0.473039 0.524662 0.475643 0.530907 0.477076 0.532667 0.481818 0.533829 0.484031 0.533870 0.484586 0.540255 0.485758 0.544653 0.488888 0.554495 0.493078 0.560921 0.496484 0.567380 0.498510 0.569458 0.502344 0.578755 0.505831 0.591088 0.509839 0.601685 0.513542 0.606764 0.515411 0.607028 0.518052 0.604556 0.519589 0.605981 0.520495 0.607282 0.521849 0.613833 0.524708 0.628088 0.525401 0.630625 0.528456 0.632444 0.530326 0.632296 0.529521 0.627060 0.527107 0.592806 0.513057 0.571856 0.509940 0.567167 0.507049 0.565829 0.503966 0.560940 0.500326 0.558319 0.498810 0.557005 0.497815 0.545806 0.493747 0.541954 0.494930 0.524977 0.493010 0.511157 0.490638 0.507278 0.483805 0.499528 0.480471 0.497639 0.478128 0.494398 0.473414 0.488380 0.471956 0.492449 0.469846 0.495134 0.466930 0.498282
5 0.455130 0.480097 0.457656 0.486671 0.459010 0.488106 0.461510 0.492458 0.463307 0.495144 0.465521 0.494495 0.467813 0.492366 0.470313 0.490097 0.471146 0.487875 0.471745 0.484634 0.470755 0.483662 0.469427 0.481394 0.468464 0.479866 0.470807 0.478940 0.471745 0.476023
2 0.515945 0.347764 0.516458 0.349722 0.518151 0.342176 0.526276 0.339676 0.526406 0.342778 0.525935 0.343023 0.525286 0.351907 0.523510 0.359449 0.523255 0.361250 0.521953 0.365648 0.519870 0.374907 0.518542 0.382963 0.516953 0.387083 0.510552 0.386477 0.512396 0.382319 0.514839 0.370236 0.515682 0.355296
5 0.531240 0.368380 0.532760 0.378519 0.535521 0.387824 0.536927 0.392222 0.532471 0.387241 0.523500 0.386398 0.516953 0.387083 0.518542 0.382963 0.519870 0.374907 0.521953 0.365648 0.523255 0.361250
8 0.527214 0.677866 0.535151 0.644171 0.539849 0.625046 0.540654 0.624069 0.541750 0.623375 0.543622 0.623009 0.541302 0.640556 0.531706 0.681361 0.531354 0.682167 0.530659 0.682167 0.529648 0.681986 0.528427 0.681301 0.527279 0.680306 0.527138 0.679384
1 0.453698 0.564213 0.450078 0.529269 0.451753 0.523412 0.452562 0.519861 0.457208 0.562005 0.456398 0.561139 0.455047 0.561426
1 0.433315 0.444611 0.431914 0.456625 0.430745 0.470898 0.431753 0.487894 0.433568 0.501301 0.434255 0.498792 0.435505 0.496856 0.433971 0.484093 0.433206 0.471255 0.434471 0.454852 0.434042 0.451468 0.433797 0.449333
5 0.432651 0.495208 0.430523 0.499301 0.429339 0.501222 0.428607 0.502398 0.430211 0.504069 0.432198 0.504690 0.433591 0.504940 0.434826 0.508963 0.435711 0.510176 0.437406 0.510676 0.438536 0.510819 0.439383 0.510676 0.439664 0.509676 0.439424 0.507667 0.438979 0.506880 0.440135 0.506958 0.440135 0.506958 0.446219 0.511102 0.446307 0.511120 0.447839 0.511838 0.446406 0.497884 0.446484 0.493824 0.447247 0.492755 0.449021 0.492394 0.449953 0.493116 0.449953 0.493116 0.450802 0.498333 0.452682 0.500796 0.453279 0.502801 0.453651 0.502056 0.456536 0.500042 0.459271 0.498884 0.460786 0.498106 0.459016 0.495838 0.456854 0.492597 0.454536 0.487273 0.452401 0.480792 0.450091 0.481333 0.446143 0.482333 0.444956 0.481801 0.444169 0.478324 0.443674 0.474944 0.443531 0.472829 0.441555 0.472898 0.440867 0.473190 0.440828 0.474977 0.439013 0.475120 0.435706 0.475481 0.434174 0.475843 0.433445 0.475907 0.433971 0.484093 0.436875 0.486449 0.435464 0.492403 0.435021 0.492542 0.435505 0.496856 0.434255 0.498792 0.433568 0.501301
1 0.433466 0.441088 0.420167 0.456440 0.413445 0.465731 0.409945 0.470708 0.410599 0.473032 0.412232 0.473861 0.415453 0.472782 0.416664 0.472537 0.416945 0.470958 0.416385 0.468222 0.415685 0.467722 0.422313 0.457847 0.433315 0.444611
5 0.388320 0.408477 0.388284 0.415634 0.388076 0.419801 0.387242 0.424153 0.385966 0.427208 0.385315 0.427903 0.382437 0.423829 0.379891 0.419231 0.379646 0.416361 0.380695 0.413065 0.383034 0.411056
1 0.358443 0.287870 0.358060 0.286125 0.357779 0.284269 0.357815 0.282222 0.358406 0.281727 0.371063 0.281542 0.371448 0.282690 0.371943 0.284125 0.377932 0.282412 0.381995 0.279218 0.375159 0.287435 0.374688 0.288296 0.359107 0.287935
8 0.304013 0.243880 0.299615 0.229736 0.297927 0.223685 0.298258 0.222343 0.299797 0.222454 0.301693 0.224380 0.303081 0.225667 0.303802 0.227593 0.304271 0.230319 0.304992 0.234819 0.305964 0.239028 0.313818 0.260352 0.315437 0.265032 0.330391 0.301065 0.336076 0.315537 0.331435 0.316236 0.314328 0.271009 0.307370 0.253463
7 0.562521 0.337218 0.565336 0.338560 0.567625 0.341384 0.568146 0.342866 0.567234 0.343838 0.566323 0.343699 0.564760 0.341801 0.565229 0.343606 0.566638 0.348051 0.567495 0.350088 0.568797 0.350968 0.570750 0.351569 0.571271 0.352727 0.571401 0.355134 0.571195 0.356199 0.571935 0.357551 0.572560 0.359495 0.572846 0.365144 0.573029 0.369958 0.579409 0.362505 0.572430 0.344264 0.569982 0.334634 0.571987 0.337782 0.573419 0.342597 0.575789 0.349912 0.580138 0.361856 0.581932 0.359259 0.582271 0.360370 0.580813 0.362546 0.582922 0.367130 0.584276 0.365972 0.584797 0.367593 0.583703 0.368889 0.588203 0.378259 0.588602 0.385699 0.586607 0.390338 0.581242 0.397699 0.577737 0.400639 0.572714 0.387532 0.574352 0.387407 0.573492 0.385181 0.571122 0.378190 0.572096 0.374171 0.572070 0.372319 0.571966 0.371255 0.571211 0.370606 0.569870 0.370324 0.568294 0.370931 0.566263 0.372412 0.566172 0.368977 0.564081 0.358505 0.564693 0.354597 0.564732 0.352231 0.563966 0.349505 0.562755 0.341259
1 0.449333 0.577597 0.451677 0.569032 0.455193 0.569032 0.457536 0.566208 0.460531 0.562736 0.466687 0.556630 0.470333 0.553208 0.473068 0.551218 0.474576 0.550523 0.475672 0.549593 0.477466 0.545616 0.479656 0.540708 0.481893 0.537787 0.483250 0.535569 0.484031 0.533870 0.484581 0.537259 0.484586 0.540255 0.485758 0.544653 0.484987 0.545528 0.481859 0.551269 0.477708 0.557144 0.476836 0.562796 0.476867 0.564421 0.478474 0.563116 0.479516 0.561778 0.481365 0.558954 0.483839 0.554736 0.484333 0.553162 0.484544 0.552241 0.484906 0.552241 0.485010 0.552843 0.484854 0.553856 0.483891 0.556593 0.482641 0.559139 0.479698 0.563259 0.476625 0.567958 0.475927 0.568389 0.474099 0.570662 0.475552 0.570856 0.476802 0.569375 0.477609 0.569236 0.478339 0.570486 0.476646 0.572894 0.475943 0.574421 0.475786 0.576968 0.476190 0.583949 0.475701 0.586926 0.475768 0.588458 0.477987 0.594769 0.479117 0.600505 0.481536 0.604162 0.484401 0.605671 0.487344 0.606889 0.488354 0.608181 0.489078 0.612338 0.489604 0.615208 0.489240 0.616069 0.488641 0.616634 0.485133 0.614412 0.477057 0.606028 0.471531 0.600579 0.469234 0.598644 0.466289 0.596204 0.460036 0.588102 0.457536 0.585449 0.456003 0.585019 0.454953 0.584731 0.454396 0.583889 0.453344 0.582782 0.455859 0.582833 0.457951 0.583329 0.460880 0.586241 0.463669 0.590269 0.465552 0.593801 0.466911 0.595537 0.471513 0.599319 0.479495 0.607375 0.484763 0.612310 0.487992 0.615551 0.488539 0.615227 0.488799 0.614764 0.488539 0.613375 0.488096 0.610829 0.487419 0.608977 0.486586 0.608051 0.483773 0.606569 0.481117 0.604764 0.479034 0.602634 0.478044 0.600134 0.477393 0.597171 0.476612 0.594394 0.475857 0.591755 0.475060 0.589185 0.475026 0.585588 0.475268 0.582426 0.475109 0.576838 0.475135 0.574292 0.475396 0.573134 0.475732 0.572162 0.474299 0.572440 0.473388 0.572903 0.466365 0.574713 0.457789 0.577625 0.454372 0.578556 0.450365 0.579051
7 0.563138 0.784981 0.564935 0.788593 0.566924 0.788384 0.569659 0.787690 0.571586 0.786255 0.575039 0.782667 0.576992 0.782250 0.583685 0.781278 0.588008 0.779796 0.590326 0.778824 0.591497 0.779009 0.592372 0.778102 0.589898 0.777727 0.587839 0.778241 0.584948 0.779218 0.580716 0.780352 0.578789 0.780444 0.581029 0.769981 0.581549 0.767481 0.582982 0.753500 0.583201 0.749856 0.581430 0.748051 0.581924 0.746894 0.581391 0.746134 0.584333 0.740579 0.586510 0.735769 0.590143 0.737444 0.590938 0.735769 0.587057 0.734148 0.586771 0.732528 0.585990 0.731046 0.588880 0.721616 0.587531 0.722093 0.586938 0.718352 0.586344 0.715759 0.586667 0.703278 0.587422 0.695120 0.580508 0.682824 0.581094 0.680269 0.578878 0.675380 0.580771 0.676046 0.582497 0.676528 0.585279 0.681144 0.586294 0.677810 0.587102 0.674292 0.590122 0.673921 0.587857 0.685449 0.588453 0.686435 0.590667 0.675833 0.591630 0.691898 0.592646 0.693519 0.591500 0.675602 0.593323 0.677917 0.595276 0.676435 0.595667 0.676065 0.595510 0.690509 0.596292 0.690185 0.596448 0.675833 0.598010 0.674583 0.597646 0.673148 0.596526 0.673981 0.596451 0.668171 0.595956 0.661551 0.595148 0.662060 0.595747 0.674421 0.593951 0.675949 0.593039 0.675995 0.591529 0.673912 0.593039 0.672708 0.593664 0.670486 0.593820 0.669005 0.592023 0.669653 0.591320 0.669977 0.590279 0.667338 0.591268 0.664421 0.590148 0.665162 0.588117 0.669699 0.585721 0.667894 0.564240 0.680463 0.569602 0.691000 0.569792 0.693157 0.569414 0.696398 0.566076 0.696306 0.554964 0.672324 0.547839 0.657287 0.547716 0.662593 0.544328 0.661162 0.544490 0.663097 0.547557 0.664532 0.547122 0.684356 0.547807 0.686505 0.550695 0.688889 0.550086 0.695889 0.550690 0.697847 0.551523 0.689421 0.554648 0.691829 0.553008 0.704329 0.553562 0.705778 0.555385 0.692583 0.558302 0.696056 0.555828 0.708370 0.556453 0.709019 0.558979 0.696565 0.561818 0.700315 0.558823 0.710963 0.559370 0.711565 0.562443 0.701194 0.565333 0.704620 0.561036 0.716194 0.561193 0.716981 0.561531 0.717120 0.565698 0.705778 0.568354 0.709898 0.564187 0.718556 0.564396 0.719250 0.565151 0.719296 0.569214 0.710454 0.571695 0.714949 0.566885 0.723005 0.566362 0.724556 0.566013 0.726292 0.566049 0.728088 0.563922 0.726417 0.562737 0.728338 0.561203 0.732426 0.559391 0.733417 0.551268 0.727097 0.549063 0.724352 0.554349 0.745426 0.555102 0.747139 0.556247 0.749926 0.557784 0.751639 0.557602 0.754157 0.557242 0.754745 0.556307 0.753514 0.560706 0.774296 0.561677 0.775481 0.562758 0.777958 0.563385 0.783102
5 0.524648 0.800829 0.528607 0.799116 0.532982 0.798329 0.534544 0.797588 0.536159 0.797866 0.539727 0.800782 0.540404 0.801523 0.544388 0.801106 0.544831 0.800644 0.546732 0.799671 0.548424 0.798931 0.549388 0.799579 0.551706 0.799625 0.551294 0.800310 0.539367 0.821005 0.548370 0.829255 0.550036 0.828329 0.554620 0.819352 0.557875 0.807037 0.558750 0.800704 0.561693 0.808102 0.568570 0.802079 0.568385 0.801944 0.562552 0.788889 0.566924 0.788384 0.569659 0.787690 0.571586 0.786255 0.574086 0.787458 0.577555 0.789833 0.580133 0.792519 0.581305 0.793583 0.582479 0.793023 0.584875 0.786727 0.585969 0.784875 0.589198 0.781468 0.596130 0.774130 0.597172 0.774130 0.601677 0.775935 0.604333 0.776769 0.608083 0.779917 0.596625 0.795009 0.585310 0.808792 0.578599 0.818657 0.574909 0.825208 0.572750 0.831259 0.572156 0.840569 0.572138 0.844319 0.567893 0.847977 0.566826 0.847699 0.566174 0.844968 0.562112 0.844782 0.561357 0.843532 0.560549 0.841958 0.552836 0.841333 0.549130 0.840690 0.540328 0.840921 0.536839 0.839810 0.534313 0.836523 0.529417 0.818514
2 0.558776 0.720787 0.561036 0.716194 0.561193 0.716981 0.561531 0.717120 0.562130 0.717102 0.564187 0.718556 0.564396 0.719250 0.565151 0.719296 0.566326 0.720269 0.563922 0.726417 0.562737 0.728338 0.561203 0.732426 0.559391 0.733417 0.551268 0.727097 0.549063 0.724352 0.555164 0.718449
1 0.596484 0.653847 0.594161 0.620644 0.591138 0.615944 0.590292 0.614620 0.593388 0.655056
2 0.428221 0.512884 0.428820 0.513116 0.439445 0.518810 0.439107 0.521542 0.428943 0.556333 0.431521 0.562167 0.440297 0.530407 0.443130 0.520231 0.444823 0.519630 0.445523 0.519907 0.448128 0.522917 0.449198 0.523935 0.448292 0.513347 0.445581 0.511981 0.440781 0.508898 0.439935 0.508394 0.440135 0.506958 0.438979 0.506880 0.439424 0.507667 0.439664 0.509676 0.439383 0.510676 0.438536 0.510819 0.437406 0.510676 0.435711 0.510176 0.434826 0.508963 0.433591 0.504940 0.432198 0.504690 0.430211 0.504069 0.428607 0.502398 0.429339 0.501222 0.430523 0.499301 0.432651 0.495208 0.430375 0.492940 0.425844 0.490894 0.422635 0.490028 0.420964 0.489968 0.420685 0.490028 0.420753 0.491269 0.422182 0.492940 0.422672 0.494056 0.419917 0.497773 0.418349 0.499074 0.417198 0.495356 0.415560 0.495111 0.414654 0.494986 0.413536 0.499324 0.413641 0.500690 0.414234 0.502236 0.414234 0.504222 0.413432 0.506454 0.412526 0.507630 0.412734 0.514634 0.421328 0.512028 0.426076 0.507750
1 0.477945 0.478315 0.479813 0.483620 0.483458 0.489560 0.491323 0.498833 0.509120 0.515296 0.516719 0.523301 0.519763 0.527394 0.521180 0.530176 0.523057 0.537764 0.524484 0.552056 0.525201 0.563231 0.525852 0.574806 0.526828 0.583259 0.527107 0.592806 0.529521 0.627060 0.530326 0.632296 0.530846 0.633000 0.531810 0.633000 0.532263 0.632412 0.532773 0.630963 0.532654 0.629894 0.530865 0.604731 0.529471 0.587593 0.528859 0.579352 0.528237 0.574310 0.527445 0.563389 0.526083 0.544065 0.525039 0.535366 0.523542 0.529532 0.521227 0.524343 0.518099 0.519676 0.507083 0.508194 0.497729 0.499662 0.490669 0.493208 0.485182 0.486755 0.482563 0.482810 0.480951 0.479227 0.479536 0.476644
1 0.534609 0.506204 0.553424 0.503880 0.570833 0.501509 0.587901 0.498815 0.594492 0.498676 0.599466 0.499282 0.603008 0.500810 0.605534 0.503125 0.609224 0.509144 0.613984 0.520931 0.617268 0.530569 0.629396 0.572884 0.635417 0.592829 0.632885 0.594060 0.628214 0.577509 0.617646 0.539810 0.612279 0.523218 0.607880 0.511769 0.604128 0.504954 0.601750 0.503310 0.599328 0.502306 0.593599 0.501944 0.587430 0.502306 0.566617 0.505593 0.532857 0.509435
7 0.544396 0.612074 0.548716 0.608134 0.551417 0.601704 0.552604 0.596611 0.551417 0.584134 0.548932 0.573671 0.546828 0.570310 0.543531 0.569060 0.538727 0.569736 0.536945 0.569542 0.538771 0.567468 0.541349 0.564829 0.543940 0.560722 0.544878 0.557667 0.545451 0.550259 0.546258 0.544287 0.545836 0.543269 0.543107 0.539824 0.534951 0.530801 0.533263 0.529356 0.532208 0.528282 0.532326 0.513389 0.532326 0.510444 0.542565 0.523319 0.543406 0.520917 0.544107 0.515773 0.545693 0.509963 0.546354 0.507870 0.547792 0.509134 0.551901 0.510792 0.555401 0.510792 0.557786 0.509861 0.561854 0.515815 0.563427 0.518843 0.564828 0.530870 0.565341 0.535685 0.566273 0.536431 0.568141 0.535352 0.568563 0.533111 0.568794 0.528963 0.568688 0.523565 0.569245 0.521764 0.569523 0.520218 0.569867 0.523986 0.572435 0.521662 0.574443 0.521245 0.575469 0.521245 0.577557 0.517481 0.579130 0.514259 0.580036 0.512588 0.582372 0.510231 0.585130 0.507639 0.587089 0.505565 0.587430 0.502306 0.593599 0.501944 0.599328 0.502306 0.601750 0.503310 0.604128 0.504954 0.607880 0.511769 0.612279 0.523218 0.617646 0.539810 0.626526 0.571361 0.624286 0.571694 0.622234 0.571778 0.621299 0.571694 0.622419 0.577171 0.625453 0.578912 0.625828 0.580736 0.622654 0.578662 0.622885 0.581153 0.622885 0.583889 0.622419 0.585468 0.627555 0.586546 0.627693 0.588120 0.624846 0.587792 0.623401 0.587542 0.622094 0.586796 0.620974 0.589449 0.619667 0.590694 0.620833 0.591356 0.621672 0.591523 0.622513 0.591106 0.624286 0.591440 0.627273 0.593514 0.629422 0.595338 0.630542 0.595838 0.633529 0.597579 0.634602 0.598245 0.634508 0.596005 0.632885 0.594060 0.634555 0.593181 0.635115 0.594676 0.636094 0.595671 0.637914 0.598079 0.637122 0.595421 0.636701 0.593264 0.636422 0.592185 0.634880 0.590694 0.634182 0.589032 0.635349 0.589616 0.636375 0.590361 0.636516 0.586958 0.634880 0.586463 0.632922 0.584884 0.629396 0.572884 0.626667 0.563644 0.627927 0.563727 0.630307 0.568625 0.631661 0.569620 0.633060 0.573185 0.634555 0.574597 0.635115 0.576671 0.637401 0.579407 0.638336 0.583310 0.639174 0.589199 0.640669 0.609444 0.640341 0.610190 0.639828 0.610773 0.638755 0.614921 0.639641 0.616662 0.639594 0.617907 0.639174 0.619069 0.638289 0.620148 0.639362 0.621972 0.639315 0.623134 0.638336 0.624630 0.637542 0.625542 0.638708 0.627782 0.638289 0.629606 0.637260 0.631185 0.636375 0.631431 0.637029 0.632509 0.637589 0.633259 0.637214 0.634833 0.636607 0.635829 0.635440 0.636741 0.636141 0.638319 0.636375 0.639481 0.636047 0.640810 0.634974 0.641889 0.634182 0.641968 0.635349 0.644542 0.634974 0.645537 0.633901 0.646949 0.632875 0.647611 0.633807 0.649356 0.633948 0.650352 0.633201 0.652259 0.631802 0.653005 0.632781 0.655412 0.632500 0.656574 0.631802 0.657486 0.631055 0.657898 0.630401 0.658065 0.631148 0.659894 0.630914 0.661718 0.630120 0.662963 0.629422 0.663458 0.628674 0.663792 0.627833 0.663375 0.626807 0.662213 0.626060 0.660722 0.625453 0.658898 0.624753 0.656903 0.624310 0.656495 0.623237 0.656417 0.622258 0.656083 0.621510 0.655005 0.620906 0.653931 0.621044 0.652847 0.621560 0.651606 0.621419 0.650194 0.621091 0.648782 0.621091 0.646708 0.618336 0.639991 0.616180 0.637435 0.613891 0.636685 0.611313 0.635995 0.609539 0.634833 0.607953 0.633176 0.606318 0.632509 0.605039 0.632088 0.600846 0.629542 0.598766 0.627690 0.596161 0.623991 0.591138 0.615944 0.589664 0.613208 0.588065 0.609944 0.587609 0.605921 0.579232 0.610366 0.574685 0.612194 0.571945 0.612245 0.570073 0.616472 0.567969 0.620662 0.567065 0.621509 0.564924 0.620921 0.562208 0.620171 0.558781 0.623296 0.554458 0.623296 0.551841 0.621935 0.548977 0.620380 0.547409 0.620005
2 0.509133 0.541458 0.512721 0.540241 0.515586 0.537944 0.521797 0.532713 0.523057 0.537764 0.523331 0.540097 0.514820 0.547556 0.509294 0.550421 0.508284 0.550495 0.508971 0.544616
1 0.517656 0.507917 0.528776 0.477963 0.533594 0.465370 0.535698 0.460370 0.538711 0.459569 0.527167 0.488278 0.525526 0.492352 0.523443 0.497954 0.522479 0.500037 0.519922 0.507870
1 0.508781 0.507995 0.515875 0.487833 0.523576 0.470079 0.527729 0.465269 0.530995 0.462778 0.533237 0.461037 0.535698 0.460370 0.533594 0.465370 0.530482 0.466759 0.526841 0.469995 0.524602 0.472069 0.517927 0.488250 0.512794 0.502519 0.510927 0.507995
7 0.511664 0.536560 0.511315 0.540606 0.509133 0.541458 0.508971 0.544616 0.508284 0.550495 0.506539 0.561037 0.503966 0.560940 0.500326 0.558319 0.498810 0.557005 0.497815 0.545806 0.493747 0.541954 0.494930 0.524977 0.493010 0.511157 0.496148 0.511602 0.505073 0.511542 0.507839 0.513981 0.503867 0.538199 0.503656 0.539806 0.504724 0.537162 0.506188 0.536917 0.507789 0.535926 0.509951 0.533324 0.512956 0.525806 0.514651 0.527310
1 0.415443 0.462824 0.407948 0.458454 0.403659 0.455231 0.396617 0.448787 0.392190 0.443394 0.386508 0.435463 0.381461 0.428731 0.378464 0.423028 0.377174 0.418194 0.377174 0.413546 0.378151 0.410264 0.381182 0.407532 0.387492 0.404435 0.401672 0.401657 0.403688 0.404028 0.388320 0.408477 0.383034 0.411056 0.380695 0.413065 0.379646 0.416361 0.379891 0.419231 0.382437 0.423829 0.389354 0.433685 0.394315 0.441060 0.398510 0.445981 0.403331 0.450583 0.408786 0.454657 0.412404 0.457227 0.417583 0.460227
1 0.392604 0.434764 0.395469 0.421662 0.396615 0.418468 0.406979 0.408144 0.409974 0.404440 0.415326 0.395884 0.420794 0.388431 0.427531 0.378713 0.433044 0.372287 0.433323 0.375356 0.426492 0.384620 0.426628 0.385463 0.417135 0.400407 0.410602 0.408667 0.404484 0.416380 0.398677 0.423264 0.397583 0.425907 0.396490 0.428963 0.395240 0.435764 0.395057 0.438407 0.394875 0.440028 0.394406 0.439884 0.393365 0.437338
1 0.408323 0.337019 0.408385 0.339815 0.409349 0.340926 0.410547 0.342269 0.411302 0.343657 0.411771 0.345046 0.412344 0.346111 0.412448 0.347824 0.412474 0.348611 0.413021 0.349120 0.413151 0.350370 0.412070 0.353148 0.414115 0.352593 0.416901 0.349815 0.419583 0.346435 0.421042 0.342963 0.419732 0.339880 0.419271 0.333380 0.417917 0.334676 0.417187 0.333935 0.416927 0.334491 0.417187 0.335787 0.416016 0.336528 0.414844 0.337639 0.413281 0.339815 0.413073 0.340417 0.411875 0.337778 0.410016 0.331509 0.409625 0.336046
1 0.387083 0.281157 0.392680 0.281727 0.409138 0.282560 0.414971 0.282745 0.425833 0.275630 0.427615 0.274190 0.427354 0.278171 0.417094 0.285856 0.415271 0.286597 0.399490 0.285671 0.387474 0.284954
1 0.381995 0.279218 0.375159 0.287435 0.371935 0.292417 0.369253 0.297718 0.368831 0.299380 0.369495 0.299912 0.371453 0.299324 0.376305 0.292468 0.382068 0.284634 0.384974 0.281157 0.392154 0.271472 0.391242 0.271347 0.390562 0.270977
1 0.348138 0.342060 0.340677 0.342681 0.341896 0.345407 0.343708 0.347639 0.344406 0.348384 0.355633 0.347454 0.353888 0.349250 0.351310 0.352287 0.349706 0.354829 0.349182 0.356005 0.348310 0.358421 0.348206 0.360157 0.348555 0.361894 0.349565 0.363194 0.351310 0.362264 0.353750 0.359847 0.357445 0.354519 0.362779 0.346958 0.355794 0.346046
5 0.379430 0.321782 0.385245 0.323389 0.388148 0.324894 0.390005 0.325685 0.394724 0.325829 0.398396 0.326903 0.403234 0.327977 0.402469 0.331421 0.390771 0.329556 0.379437 0.329056 0.376977 0.329125 0.374635 0.331995 0.371409 0.340171 0.370362 0.342681 0.368305 0.342681 0.370031 0.337102 0.371286 0.331028 0.374268 0.321454 0.376396 0.321722
1 0.370362 0.342681 0.371409 0.340171 0.374635 0.331995 0.376977 0.329125 0.379437 0.329056 0.390771 0.329556 0.402469 0.331421 0.400872 0.337000 0.391771 0.340250 0.380438 0.342333 0.375154 0.342333
2 0.419810 0.395986 0.423456 0.413125 0.425685 0.414093 0.427224 0.417681 0.429060 0.418000 0.429693 0.418000 0.423456 0.390523
5 0.365430 0.370653 0.373023 0.367560 0.374112 0.364477 0.375404 0.362903 0.381091 0.362903 0.381516 0.363556 0.381154 0.367236 0.381023 0.370287 0.380372 0.374458 0.379531 0.378690 0.371427 0.375097 0.367930 0.373009
5 0.346414 0.296736 0.343013 0.302093 0.341266 0.303093 0.339836 0.304722 0.338005 0.306167 0.335828 0.307644 0.333456 0.308644 0.330391 0.301065 0.330677 0.300139 0.331589 0.297639 0.337016 0.296537 0.335203 0.289097 0.335146 0.286384 0.339341 0.290759 0.340794 0.293773 0.341602 0.294704 0.346924 0.293699 0.348818 0.292898 0.347284 0.294755
5 0.496250 0.492505 0.496901 0.491301 0.497135 0.489079 0.497786 0.486023 0.498594 0.483662 0.499922 0.480375 0.501563 0.477412 0.503594 0.474866 0.504714 0.473986 0.506589 0.476949 0.508385 0.478153 0.509844 0.478616 0.510234 0.477875 0.509896 0.475884 0.509193 0.473708 0.514289 0.467958 0.515922 0.469528 0.516534 0.471218 0.516669 0.471338 0.520339 0.468199 0.521221 0.469648 0.525708 0.464213 0.526659 0.462398 0.533237 0.461037 0.530995 0.462778 0.527729 0.465269 0.523576 0.470079 0.519797 0.479065 0.516484 0.475139 0.514458 0.478139 0.516203 0.480176 0.515044 0.481514 0.512383 0.486074 0.509258 0.492528
1 0.521138 0.487542 0.518977 0.490440 0.518445 0.491926 0.518445 0.492597 0.522276 0.492731 0.523036 0.493472 0.517656 0.507917 0.510927 0.507995 0.512794 0.502519 0.517927 0.488250 0.519146 0.485407
5 0.558927 0.488750 0.563589 0.494208 0.564922 0.502361 0.557635 0.503356 0.551292 0.492574 0.554474 0.490403
5 0.404062 0.188968 0.401742 0.189009 0.401393 0.189935 0.401846 0.194894 0.401289 0.195389 0.398917 0.195079 0.398438 0.195509 0.398495 0.186171 0.397852 0.184523 0.397568 0.183375 0.397568 0.182227 0.399552 0.182611 0.399552 0.182611 0.408680 0.184218 0.419591 0.186278 0.416557 0.186838 0.416802 0.188449 0.418091 0.189440 0.419068 0.192477 0.420638 0.195824 0.422867 0.197931 0.422031 0.198241 0.414117 0.197500 0.408190 0.194213 0.406029 0.191361
7 0.446143 0.482333 0.494128 0.470671 0.589029 0.447222 0.590320 0.453454 0.594758 0.446898 0.591633 0.425685 0.587823 0.430796 0.587760 0.433347 0.583198 0.434236 0.577737 0.400639 0.572714 0.387532 0.568115 0.381875 0.563518 0.381134 0.560255 0.380389 0.556490 0.374148 0.547872 0.359542 0.540313 0.351653 0.535083 0.347088 0.528034 0.341778 0.525935 0.343023 0.525286 0.351907 0.523510 0.359449 0.523255 0.361250 0.531240 0.368380 0.536219 0.375014 0.540094 0.384611 0.544349 0.391741 0.546617 0.394829 0.549997 0.396940 0.554740 0.397861 0.556831 0.398282 0.560099 0.402014 0.559401 0.403505 0.553990 0.404745 0.548896 0.405079 0.544135 0.403005 0.541055 0.399940 0.537607 0.392972 0.532471 0.387241 0.523500 0.386398 0.517570 0.387144 0.510552 0.386477 0.509190 0.387032 0.507591 0.389454 0.506336 0.392264 0.499987 0.394375 0.495427 0.395528 0.493758 0.396917 0.490992 0.398917 0.489591 0.399917 0.486372 0.399917 0.484523 0.400694 0.483169 0.402028 0.482331 0.404014 0.480044 0.401528 0.479576 0.400370 0.480695 0.396963 0.480977 0.392894 0.480977 0.383319 0.480013 0.377301 0.478969 0.375866 0.472010 0.365838 0.468703 0.360560 0.467841 0.360005 0.467268 0.360519 0.466487 0.362185 0.465943 0.363806 0.468292 0.370458 0.468854 0.373190 0.468943 0.375236 0.465956 0.389009 0.468518 0.391852 0.469385 0.393241 0.468966 0.394264 0.466406 0.397583 0.464898 0.398861 0.463513 0.399940 0.462307 0.400417 0.462026 0.401157 0.458471 0.405926 0.456089 0.408611 0.454315 0.409833 0.452747 0.410213 0.450729 0.410213 0.449161 0.409833 0.447862 0.409148 0.446719 0.407213 0.443888 0.402602 0.439883 0.396907 0.436258 0.386907 0.433323 0.375356 0.426492 0.384620 0.427719 0.389986 0.426924 0.391231 0.426786 0.391972 0.427299 0.393384 0.427768 0.394630 0.428818 0.396282 0.427799 0.397806 0.428063 0.398829 0.428867 0.400593 0.429911 0.401194 0.430297 0.401704 0.430716 0.404935 0.430693 0.407769 0.431234 0.410491 0.431292 0.411833 0.431547 0.413690 0.430185 0.421477 0.433229 0.423130 0.432180 0.431972 0.432805 0.434171 0.433740 0.436639 0.433497 0.438880 0.433315 0.444611 0.433797 0.449333 0.434042 0.451468 0.434471 0.454852 0.436109 0.456708 0.437596 0.457819 0.439544 0.458972 0.442151 0.458931 0.445576 0.459440 0.446255 0.459065 0.447299 0.455509 0.447711 0.453931 0.448237 0.453009 0.449148 0.457264 0.449536 0.461060 0.450185 0.462685 0.451359 0.465463 0.451698 0.466894 0.448779 0.467917 0.444612 0.468694 0.443807 0.470227 0.443576 0.471981 0.443674 0.474944 0.444169 0.478324 0.444956 0.481801
7 0.410263 0.459755 0.408635 0.461792 0.407068 0.463718 0.405229 0.465542 0.403482 0.466986 0.402367 0.468324 0.400318 0.476523 0.398781 0.481181 0.398630 0.483486 0.399143 0.484880 0.401161 0.487556 0.402760 0.488093 0.403031 0.487343 0.404206 0.489218 0.405862 0.490287 0.406888 0.490769 0.406987 0.491718 0.409229 0.502597 0.410008 0.508111 0.410661 0.514690 0.411107 0.517972 0.413057 0.518991 0.413161 0.518296 0.412930 0.516907 0.412734 0.514634 0.412526 0.507630 0.413432 0.506454 0.414234 0.504222 0.414234 0.502236 0.413641 0.500690 0.413536 0.499324 0.414654 0.494986 0.415560 0.495111 0.417198 0.495356 0.418349 0.499074 0.419917 0.497773 0.422672 0.494056 0.422182 0.492940 0.420753 0.491269 0.420685 0.490028 0.423745 0.486870 0.425844 0.490894 0.430375 0.492940 0.432651 0.495208 0.431490 0.492764 0.426727 0.485731 0.427898 0.484338 0.431753 0.487894 0.431594 0.485870 0.428549 0.483000 0.425914 0.480718 0.425005 0.478171 0.424456 0.476269 0.424146 0.474694 0.429667 0.478403 0.431229 0.478861 0.431018 0.477287 0.426721 0.475023 0.424406 0.472940 0.424771 0.470625 0.425500 0.470486 0.428651 0.472338 0.430917 0.473398 0.430786 0.471870 0.430745 0.470898 0.430919 0.469241 0.417901 0.464421 0.415685 0.467722 0.416385 0.468222 0.416945 0.470958 0.416664 0.472537 0.415453 0.472782 0.412232 0.473861 0.410599 0.473032 0.409945 0.470708 0.412479 0.467153 0.412922 0.463681 0.413237 0.461597
1 0.592500 0.473333 0.613362 0.493972 0.614341 0.498954 0.615182 0.501440 0.600339 0.486426 0.593479 0.479620 0.592125 0.476634
2 0.462951 0.346491 0.480068 0.343282 0.483641 0.345014 0.479831 0.351940 0.462693 0.354519 0.462505 0.349134
2 0.530885 0.570648 0.533010 0.580477 0.538297 0.598056 0.541747 0.611019 0.542508 0.611972 0.544396 0.612074 0.548716 0.608134 0.551417 0.601704 0.552604 0.596611 0.551417 0.584134 0.548932 0.573671 0.546828 0.570310 0.543531 0.569060 0.538727 0.569736 0.536945 0.569542
2 0.527445 0.563389 0.533044 0.563157 0.533276 0.561491 0.533328 0.559454 0.534500 0.558806 0.535880 0.559222 0.536951 0.559639 0.537495 0.559917 0.538849 0.560056 0.540021 0.559454 0.540411 0.558991 0.539664 0.550773 0.538648 0.544963 0.537919 0.541630 0.531148 0.535333 0.529039 0.533343 0.527417 0.528819 0.526904 0.524269 0.528747 0.511366 0.529268 0.507940 0.531352 0.502676 0.532708 0.500745 0.535117 0.495870 0.539247 0.489819 0.544279 0.484676 0.549336 0.480759 0.552982 0.479093 0.559909 0.477935 0.564518 0.477241 0.567461 0.476731 0.567904 0.472843 0.574849 0.469912 0.577638 0.468426 0.579172 0.467125 0.583599 0.457889 0.584435 0.455843 0.585203 0.453176 0.585865 0.452495 0.588271 0.452000 0.590083 0.452250 0.590320 0.453454 0.590781 0.452931 0.591549 0.453644 0.593268 0.453551 0.594570 0.452347 0.596159 0.449801 0.596672 0.447991 0.598443 0.445722 0.600786 0.444056 0.602167 0.442157 0.610240 0.440398 0.608521 0.453778 0.605865 0.451463 0.603651 0.451972 0.602609 0.453222 0.601385 0.453269 0.599406 0.454611 0.597740 0.455907 0.592497 0.460616 0.588745 0.462407 0.586083 0.464917 0.582492 0.468718 0.577492 0.472792 0.573154 0.477106 0.569185 0.482250 0.567805 0.485574 0.562466 0.487472 0.554474 0.490403 0.549396 0.493736 0.537990 0.501231 0.535729 0.504069 0.532326 0.510444 0.532326 0.513389 0.532208 0.528282 0.533263 0.529356 0.534951 0.530801 0.543107 0.539824 0.545836 0.543269 0.546258 0.544287 0.545451 0.550259 0.544878 0.557667 0.543940 0.560722 0.541349 0.564829 0.538771 0.567468 0.536945 0.569542 0.530885 0.570648 0.531547 0.574000 0.530362 0.574000 0.528237 0.574310
5 0.515703 0.308009 0.514310 0.313278 0.512776 0.318852 0.510854 0.321995 0.512164 0.327662 0.517198 0.328463 0.518464 0.329375 0.518674 0.330556 0.518492 0.331681 0.529635 0.329407 0.528654 0.327417 0.527492 0.327329 0.525247 0.328074 0.523385 0.327704 0.521354 0.318606 0.520451 0.319519 0.519698 0.319894 0.518070 0.319468 0.516896 0.318981 0.515961 0.318125 0.515359 0.316199 0.515208 0.314111 0.515599 0.311861
7 0.550857 0.333944 0.545310 0.335458 0.532367 0.338884 0.526276 0.339676 0.526406 0.342778 0.528034 0.341778 0.535083 0.347088 0.539023 0.350398 0.543060 0.344889 0.546654 0.342250 0.549042 0.342551
1 0.447839 0.511838 0.446443 0.497986 0.446484 0.493824 0.447247 0.492755 0.449021 0.492394 0.449953 0.493116 0.450802 0.498333 0.452682 0.500796 0.453279 0.502801 0.453885 0.508444 0.453698 0.510352 0.453232 0.512426 0.452737 0.514042
1 0.543622 0.623009 0.541302 0.640556 0.539755 0.646556 0.539432 0.666204 0.544719 0.680505 0.544328 0.661162 0.544089 0.636481
3 0.416391 0.174102 0.421229 0.166069 0.445432 0.151727 0.446247 0.156736 0.443245 0.159708 0.441331 0.162315 0.440247 0.165907 0.440076 0.169870 0.440008 0.172727 0.440299 0.175866 0.437581 0.174505 0.435594 0.174505 0.433536 0.174565 0.431966 0.173699 0.431060 0.172708 0.430258 0.172954 0.428549 0.174380 0.427750 0.175620 0.427323 0.177954 0.419031 0.179014 0.415021 0.179569 0.412026 0.177394 0.409891 0.175634 0.407964 0.172903 0.407573 0.169801 0.407938 0.167718 0.408797 0.167532 0.411062 0.169569 0.413094 0.171514 0.414917 0.172810 0.415776 0.172810
2 0.503966 0.560940 0.514844 0.561051 0.519237 0.561333 0.521424 0.562588 0.523378 0.563231 0.525201 0.563231 0.525852 0.574806 0.518664 0.574625 0.516961 0.572412 0.513057 0.571856 0.509940 0.567167 0.507049 0.565829
1 0.455401 0.586449 0.458203 0.620949 0.462148 0.629782 0.463005 0.629273 0.459154 0.591032 0.458388 0.590245
2 0.594161 0.620644 0.596484 0.653847 0.606938 0.647139 0.598227 0.628384 0.598711 0.627699 0.596161 0.623991
2 0.567969 0.620662 0.570073 0.616472 0.571945 0.612245 0.574685 0.612194 0.579232 0.610366 0.587609 0.605921 0.588065 0.609944 0.589664 0.613208 0.590292 0.614620 0.593388 0.655056 0.586904 0.659009
2 0.562612 0.620472 0.583130 0.661245 0.561935 0.674153 0.544089 0.636481 0.543651 0.623102 0.545565 0.622681 0.547135 0.621370 0.547409 0.620005 0.548977 0.620380 0.551841 0.621935 0.554458 0.623296 0.558781 0.623296 0.562208 0.620171
16 0.613052 0.729264 0.615112 0.723708 0.620424 0.716157 0.631169 0.699051 0.633669 0.707611 0.637982 0.723898 0.642201 0.740023 0.643589 0.745218 0.648258 0.747491 0.643141 0.755676 0.641510 0.762565 0.637826 0.769694
16 0.634091 0.694384 0.637117 0.690366 0.646315 0.676528 0.651234 0.741454 0.645841 0.738505 0.636612 0.703977
16 0.611914 0.737833 0.611391 0.744653 0.611250 0.752708 0.612646 0.762685 0.614633 0.769440 0.616271 0.773097 0.623836 0.757977 0.614435 0.742120
6 0.616995 0.774009 0.624323 0.758843 0.633982 0.775120 0.631143 0.780398 0.628956 0.784102 0.628122 0.785306 0.626612 0.785769 0.624685 0.785769 0.624268 0.785537 0.624607 0.784380 0.619711 0.772806 0.617367 0.774472
5 0.517568 0.604852 0.520401 0.611491 0.521849 0.613833 0.524708 0.628088 0.525401 0.630625 0.521740 0.628417 0.515201 0.623468 0.511049 0.621153 0.511563 0.620292 0.512227 0.618366 0.512919 0.615472 0.513620 0.611620 0.515411 0.607028
7 0.508932 0.466949 0.508932 0.470699 0.509193 0.473708 0.509896 0.475884 0.510234 0.477875 0.509844 0.478616 0.508385 0.478153 0.506589 0.476949 0.504714 0.473986 0.503594 0.474866 0.501563 0.477412 0.499922 0.480375 0.498594 0.483662 0.497786 0.486023 0.497135 0.489079 0.496901 0.491301 0.496250 0.492505 0.492083 0.492551 0.492734 0.489958 0.487526 0.489495 0.485807 0.487644 0.486224 0.486255 0.487292 0.484403 0.489609 0.482042 0.487969 0.482736 0.485833 0.484403 0.485182 0.486755 0.483365 0.484037 0.485656 0.481722 0.483833 0.482231 0.482563 0.482810 0.480951 0.479227 0.479536 0.476644 0.477945 0.478315 0.479568 0.483106 0.477823 0.483986 0.476781 0.484681 0.476130 0.485606 0.475922 0.487505 0.475922 0.488662 0.475297 0.488801 0.474828 0.488338 0.475193 0.486301 0.475740 0.483940 0.476495 0.481347 0.477016 0.478940 0.474411 0.481023 0.473083 0.481347 0.471417 0.481486 0.469427 0.481394 0.468917 0.480699 0.473448 0.480051 0.476833 0.478106 0.477250 0.477412 0.473708 0.477875 0.472276 0.477968 0.471104 0.477921 0.471521 0.476856 0.474490 0.476764 0.477276 0.476394 0.478682 0.475468 0.480661 0.473986
1 0.452401 0.480792 0.454536 0.487273 0.456854 0.492597 0.459016 0.495838 0.460786 0.498106 0.462167 0.499634 0.463833 0.500005 0.464414 0.499889 0.466930 0.498282 0.469846 0.495134 0.471956 0.492449 0.473414 0.488380 0.475740 0.483940 0.476495 0.481347 0.477016 0.478940 0.474411 0.481023 0.473083 0.481347 0.471745 0.484634 0.471146 0.487875 0.470313 0.490097 0.467813 0.492366 0.465521 0.494495 0.463307 0.495144 0.461563 0.493611 0.458932 0.489444 0.457656 0.486671 0.455130 0.480097
5 0.468755 0.507542 0.468685 0.513616 0.468755 0.520245 0.469138 0.524088 0.467195 0.544944 0.466687 0.556630 0.470333 0.553208 0.473068 0.551218 0.474576 0.550523 0.475672 0.549593 0.477466 0.545616 0.479656 0.540708 0.481893 0.537787 0.483250 0.535569 0.484031 0.533870 0.481818 0.533829 0.477076 0.532667 0.475643 0.530907 0.473039 0.524662 0.472367 0.521829 0.472539 0.517986 0.472680 0.515074
5 0.479698 0.563259 0.482641 0.559139 0.483891 0.556593 0.484854 0.553856 0.485010 0.552843 0.484906 0.552241 0.484544 0.552241 0.484333 0.553162 0.483839 0.554736 0.481365 0.558954 0.479516 0.561778 0.478474 0.563116 0.476836 0.562796 0.477721 0.557241 0.481859 0.551269 0.484987 0.545528 0.485758 0.544653 0.488888 0.554495 0.493078 0.560921 0.496484 0.567380 0.496208 0.568264 0.487380 0.565477
7 0.508284 0.550495 0.506539 0.561037 0.514844 0.561051 0.519237 0.561333 0.521424 0.562588 0.523378 0.563231 0.525201 0.563231 0.524484 0.552056 0.523331 0.540097 0.514820 0.547556 0.508516 0.550417
7 0.529805 0.534102 0.527396 0.546019 0.526083 0.544065 0.527445 0.563389 0.533044 0.563157 0.533276 0.561491 0.533328 0.559454 0.534500 0.558806 0.535880 0.559222 0.536951 0.559639 0.537495 0.559917 0.538849 0.560056 0.540021 0.559454 0.540411 0.558991 0.539664 0.550773 0.538648 0.544963 0.537919 0.541630 0.531148 0.535333
5 0.367104 0.408264 0.368672 0.408315 0.369576 0.409389 0.371805 0.407995 0.373161 0.406657 0.373102 0.403708 0.372529 0.398352 0.372107 0.395995 0.372740 0.392782 0.375872 0.387157 0.379159 0.380407 0.380372 0.374458 0.381023 0.370287 0.381154 0.367236 0.381516 0.363556 0.382352 0.361384 0.383607 0.361319 0.385344 0.360847 0.386049 0.361310 0.386076 0.362699 0.384823 0.364125 0.383781 0.364125 0.383341 0.364773 0.383260 0.367088 0.386299 0.392787 0.385846 0.393032 0.384940 0.391176 0.384417 0.390986 0.383299 0.395014 0.381836 0.398361 0.380266 0.398921 0.379115 0.400843 0.380091 0.404806 0.381182 0.407532 0.378151 0.410264 0.377174 0.413546 0.377174 0.418194 0.378464 0.423028 0.381461 0.428731 0.386508 0.435463 0.387286 0.436449 0.381411 0.445019 0.369117 0.413792
5 0.357888 0.386000 0.361922 0.382412 0.363495 0.381264 0.362526 0.373019 0.362526 0.371727 0.363698 0.372662 0.366641 0.375815 0.372812 0.379472 0.378622 0.381551 0.375872 0.387157 0.372740 0.392782 0.372107 0.395995 0.372529 0.398352 0.373102 0.403708 0.373161 0.406657 0.371805 0.407995 0.369576 0.409389 0.368672 0.408315 0.367104 0.408264
5 0.385208 0.383426 0.386940 0.383431 0.389797 0.383741 0.389693 0.388444 0.392586 0.388782 0.394406 0.389028 0.401672 0.401657 0.387492 0.404435 0.381182 0.407532 0.380091 0.404806 0.379115 0.400843 0.380266 0.398921 0.381836 0.398361 0.383299 0.395014 0.384417 0.390986 0.384940 0.391176 0.385846 0.393032 0.386299 0.392787
1 0.389797 0.383741 0.390187 0.381069 0.391180 0.376486 0.396872 0.352634 0.400612 0.338102 0.406474 0.316028 0.409896 0.315972 0.402036 0.344282 0.396492 0.367074 0.393073 0.380509 0.392552 0.383981 0.392552 0.386019 0.392586 0.388782 0.389693 0.388444
1 0.359255 0.290495 0.354977 0.293282 0.352477 0.295157 0.350518 0.296602 0.349615 0.297560 0.349643 0.298639 0.350669 0.299444 0.357117 0.302444 0.371581 0.307051 0.384536 0.310532 0.394706 0.312736 0.399135 0.312736 0.407492 0.311630 0.410505 0.311255 0.414958 0.310380 0.417542 0.310199 0.418763 0.310634 0.418620 0.316083 0.415031 0.314847 0.412172 0.315153 0.409896 0.315972 0.406474 0.316028 0.396169 0.317944 0.388151 0.315343 0.377799 0.312116 0.366190 0.309579 0.355865 0.306343 0.351854 0.305352 0.349029 0.304301 0.349029 0.302870 0.347461 0.301014 0.346521 0.299218 0.346414 0.296736 0.347284 0.294755 0.348818 0.292898 0.351294 0.291597 0.353768 0.289917 0.356664 0.288560 0.358443 0.287870 0.359107 0.287935
1 0.313818 0.260352 0.318375 0.261694 0.320148 0.262111 0.329471 0.260491 0.339654 0.257759 0.347466 0.254704 0.351708 0.253315 0.353232 0.254611 0.360010 0.256218 0.367906 0.258468 0.376794 0.261199 0.387055 0.265704 0.394135 0.268435 0.400974 0.270005 0.405102 0.270810 0.408055 0.272417 0.411279 0.273486 0.415768 0.273917 0.421312 0.274773 0.425833 0.275630 0.419534 0.277880 0.412484 0.276435 0.407151 0.274773 0.402089 0.273597 0.395883 0.272630 0.391242 0.271347 0.383237 0.267171 0.376440 0.264134 0.370305 0.261907 0.365979 0.260667 0.360161 0.259051 0.352737 0.257375 0.351656 0.256819 0.348659 0.257375 0.344021 0.258861 0.339245 0.260907 0.334539 0.263509 0.331646 0.263944 0.327198 0.264616 0.321971 0.266028 0.318984 0.266111 0.316604 0.265532 0.315437 0.265032
7 0.412404 0.457227 0.413698 0.454398 0.413984 0.453519 0.413984 0.450694 0.413854 0.448009 0.412995 0.447454 0.412552 0.447500 0.412474 0.445880 0.413594 0.445231 0.415104 0.440787 0.416719 0.436759 0.420026 0.435648 0.420990 0.435602 0.423229 0.433750 0.421380 0.431898 0.418672 0.427269 0.416589 0.423241 0.416208 0.416870 0.417083 0.417222 0.417083 0.420139 0.418333 0.418148 0.419297 0.418750 0.419583 0.422037 0.421667 0.421806 0.422786 0.420556 0.425794 0.422472 0.429349 0.425000 0.428125 0.426157 0.425443 0.427037 0.423203 0.427361 0.424479 0.429120 0.425000 0.429583 0.425755 0.429676 0.427995 0.429491 0.428568 0.429491 0.428646 0.430833 0.428125 0.432870 0.427969 0.436065 0.427734 0.438056 0.427214 0.440741 0.426615 0.443565 0.426068 0.445926 0.425417 0.447870 0.427656 0.447870 0.426667 0.448935 0.424661 0.448796 0.422135 0.452083 0.422474 0.453796 0.420167 0.456440 0.417583 0.460227
2 0.394315 0.441060 0.413672 0.424444 0.418516 0.436204 0.416719 0.436759 0.416380 0.437870 0.413047 0.430093 0.396771 0.443889
10 0.387208 0.458894 0.395620 0.461764 0.399839 0.470329 0.402367 0.468324 0.403482 0.466986 0.405229 0.465542 0.407068 0.463718 0.408635 0.461792 0.409161 0.461162 0.407948 0.458454 0.403659 0.455231 0.396617 0.448787 0.394349 0.446065 0.385182 0.453796
5 0.388299 0.417181 0.389102 0.419657 0.389518 0.427157 0.390146 0.432176 0.390320 0.435338 0.392604 0.434764 0.395469 0.421662 0.396615 0.418468 0.403185 0.411912 0.401057 0.409866 0.398094 0.405713 0.388320 0.408477 0.388284 0.415634
2 0.424312 0.350620 0.412070 0.353148 0.405211 0.354222 0.404807 0.356019 0.404888 0.357736 0.405576 0.359602 0.408724 0.362083 0.423492 0.361125 0.424878 0.358444 0.425932 0.357375 0.426687 0.357162 0.427138 0.357162 0.427289 0.358069 0.426143 0.358713 0.425148 0.359838 0.424432 0.361310 0.432089 0.359921 0.431885 0.358028 0.432198 0.351810 0.433635 0.349255 0.429367 0.350296
1 0.337411 0.330810 0.347596 0.336917 0.357208 0.341685 0.358896 0.342222 0.367935 0.342759 0.375154 0.342333 0.380438 0.342333 0.391771 0.340250 0.400872 0.337000 0.399674 0.341815 0.391888 0.344130 0.385667 0.345653 0.374961 0.347565 0.371276 0.347870 0.363919 0.347139 0.355794 0.346046 0.345638 0.340769 0.339023 0.336782 0.337148 0.335167 0.336523 0.333819
5 0.519240 0.769005 0.520083 0.782611 0.522555 0.793644 0.524687 0.800046 0.531044 0.791852 0.532432 0.791315 0.533247 0.791514 0.535984 0.793778 0.541740 0.795773 0.547003 0.795796 0.553289 0.794361 0.554367 0.795611 0.551294 0.800310 0.539367 0.821005 0.548370 0.829255 0.550036 0.828329 0.554620 0.819352 0.557875 0.807037 0.558750 0.800704 0.560948 0.793884 0.562865 0.787875 0.563385 0.783102 0.562758 0.777958 0.561677 0.775481 0.558539 0.771764 0.555193 0.769593 0.548914 0.768940 0.548469 0.767324 0.547948 0.766486 0.546828 0.766486 0.543966 0.767644 0.542193 0.768199 0.540708 0.769681 0.537635 0.770426 0.534432 0.771213 0.532479 0.772181 0.534326 0.765616 0.535818 0.759875 0.537029 0.752301 0.538354 0.749037 0.539862 0.745875 0.540917 0.742926 0.542448 0.740463 0.542786 0.733088 0.526286 0.754602 0.523828 0.758616
2 0.546555 0.727417 0.554018 0.757315 0.557391 0.770977 0.558539 0.771764 0.560706 0.774296 0.556307 0.753514 0.557242 0.754745 0.557602 0.754157 0.557784 0.751639 0.556247 0.749926 0.555102 0.747139 0.554349 0.745426 0.549063 0.724352
2 0.538354 0.749037 0.545464 0.767060 0.546828 0.766486 0.547948 0.766486 0.548469 0.767324 0.548914 0.768940 0.555193 0.769593 0.548638 0.754181 0.547701 0.754921 0.546112 0.754875 0.544940 0.754690 0.544294 0.742824 0.542518 0.738306 0.542448 0.740463 0.540917 0.742926 0.539862 0.745875
2 0.580508 0.682824 0.600273 0.718676 0.614435 0.742120 0.639448 0.784347 0.644346 0.780120 0.614013 0.730995 0.589612 0.688366 0.582497 0.676528 0.580771 0.676046 0.578878 0.675380 0.581094 0.680269
1 0.611237 0.644407 0.614060 0.644190 0.615794 0.646704 0.620151 0.662333 0.633669 0.707611 0.637982 0.723898 0.642201 0.740023 0.643589 0.745218 0.651805 0.749269 0.651234 0.741454 0.645841 0.738505 0.636612 0.703977 0.629203 0.675810 0.624310 0.656495 0.623237 0.656417 0.622258 0.656083 0.621510 0.655005 0.620906 0.653931 0.621044 0.652847 0.621560 0.651606 0.621419 0.650194 0.621091 0.648782 0.621091 0.646708 0.618336 0.639991 0.616180 0.637435 0.613891 0.636685 0.611781 0.636685 0.610547 0.636949 0.609247 0.637644 0.608195 0.638829
13 0.477734 0.664644 0.480768 0.661731 0.489797 0.647537 0.506148 0.620204 0.508135 0.619278 0.515201 0.623468 0.521740 0.628417 0.528456 0.632444 0.533391 0.651199 0.527214 0.677866 0.527138 0.679384 0.527279 0.680306 0.528427 0.681301 0.529648 0.681986 0.530659 0.682167 0.531354 0.682167 0.531706 0.681361 0.536792 0.659116 0.539432 0.666204 0.544719 0.680505 0.555625 0.711852 0.556232 0.714005 0.556190 0.717227 0.549063 0.724352 0.546555 0.727417 0.543612 0.731310 0.542786 0.733088 0.526286 0.754602 0.523828 0.758616 0.519240 0.769005 0.517659 0.772292 0.506159 0.728032 0.486141 0.684338
2 0.529471 0.587593 0.532940 0.592106 0.539505 0.602537 0.541747 0.611019 0.542508 0.611972 0.544396 0.612074 0.547409 0.620005 0.547135 0.621370 0.545565 0.622681 0.543651 0.623102 0.541750 0.623375 0.540654 0.624069 0.539849 0.625046 0.538674 0.620657 0.536513 0.614273 0.535328 0.611296 0.533763 0.608815 0.532089 0.606894 0.530865 0.604731
10 0.601388 0.759005 0.598286 0.715125 0.600273 0.718676 0.602469 0.722375 0.604667 0.756713 0.606513 0.753986 0.607490 0.752125 0.608221 0.751194 0.609198 0.752685 0.610279 0.755907 0.610138 0.758819 0.609581 0.761917 0.609268 0.763282 0.609023 0.763963 0.607872 0.764088 0.608221 0.768551 0.608187 0.770347 0.607560 0.771833 0.607036 0.771398 0.607281 0.768426 0.607281 0.766255 0.607003 0.764894 0.606234 0.763963 0.605607 0.764088 0.606583 0.775241 0.607872 0.775861 0.608570 0.776667 0.608953 0.778032 0.611115 0.776667 0.611872 0.776898 0.612523 0.778014 0.612276 0.778458 0.609414 0.779481 0.606039 0.784620 0.605286 0.783764 0.608083 0.779917 0.604333 0.776769 0.602664 0.776106 0.601880 0.765824 0.601005 0.766144 0.599922 0.760144
10 0.586458 0.743565 0.590143 0.737444 0.597672 0.722505 0.597974 0.725727 0.598997 0.742898 0.596695 0.749838 0.596068 0.753245 0.596940 0.757648 0.597672 0.760995 0.597323 0.764773 0.597568 0.766574 0.598299 0.770042 0.598823 0.772458 0.599135 0.774319 0.598544 0.774815 0.597427 0.771718 0.596383 0.768741 0.595755 0.772523 0.595023 0.774875 0.594604 0.775806 0.592372 0.778102 0.589898 0.777727 0.587839 0.778241 0.584948 0.779218 0.584911 0.776241 0.585260 0.772833 0.585888 0.772213 0.587005 0.772708 0.587901 0.773273 0.588448 0.767671 0.588211 0.761051 0.587872 0.755083 0.591833 0.760671 0.593135 0.760949 0.594099 0.759884 0.594958 0.758310 0.595036 0.756088
8 0.356357 0.232097 0.352659 0.218347 0.352190 0.208764 0.351615 0.192639 0.351172 0.182639 0.350052 0.160602 0.351047 0.159907 0.351862 0.160338 0.352284 0.161356 0.353487 0.194778 0.354445 0.217912 0.358380 0.232375
8 0.398409 0.217028 0.412208 0.215417 0.426732 0.214616 0.441021 0.215245 0.451237 0.216440 0.449922 0.217875 0.449359 0.218806 0.431263 0.217648 0.415073 0.218514 0.403625 0.219051 0.401273 0.219588 0.400104 0.218787
5 0.353779 0.229014 0.346667 0.213963 0.344286 0.208125 0.342479 0.201213 0.341695 0.198051 0.341122 0.197356 0.341062 0.198801 0.340401 0.199019 0.339888 0.197944 0.339857 0.195375 0.341167 0.190148 0.343997 0.186505 0.349060 0.182056 0.351057 0.180051 0.351172 0.182639 0.351615 0.192639 0.352190 0.208764 0.352659 0.218347 0.355383 0.228681
5 0.352919 0.178130 0.365635 0.166722 0.372112 0.162222 0.372896 0.162060 0.374372 0.163829 0.377927 0.172079 0.379193 0.174704 0.383003 0.179954 0.388365 0.190611 0.395125 0.205352 0.393654 0.208838 0.394768 0.210639 0.396966 0.213181 0.397727 0.216218 0.393781 0.216532 0.383870 0.216389 0.377487 0.216204 0.359096 0.208412 0.358185 0.209106 0.358029 0.210588 0.358211 0.212671 0.359643 0.213644 0.372042 0.219986 0.370586 0.223519 0.369086 0.226056 0.368367 0.227593 0.357065 0.227727 0.354445 0.217912 0.353487 0.194778
6 0.354057 0.326417 0.367070 0.322157 0.370195 0.321370 0.373148 0.320708 0.373677 0.321222 0.374268 0.321454 0.371286 0.331028 0.362117 0.342556 0.361221 0.342218 0.363617 0.337866 0.366430 0.331106 0.363826 0.331662 0.358896 0.342222 0.357208 0.341685 0.348344 0.337259 0.347820 0.336019 0.343776 0.329694 0.351346 0.327009
5 0.297013 0.203889 0.288721 0.187306 0.294810 0.183389 0.308674 0.177398 0.311911 0.175097 0.316057 0.171644 0.321370 0.171644 0.331484 0.192037 0.343005 0.212407 0.357388 0.241662 0.371185 0.271329 0.373984 0.280079 0.374555 0.283259 0.376224 0.285444 0.376458 0.288046 0.372870 0.284847 0.369734 0.282472 0.366146 0.278491 0.361979 0.280648 0.359266 0.284731 0.335143 0.254995 0.306938 0.217222
5 0.357547 0.158755 0.356435 0.154731 0.355596 0.153046 0.355523 0.149398 0.359219 0.149204 0.362883 0.148806 0.362883 0.147792 0.358784 0.143718 0.358755 0.142060 0.361227 0.140282 0.364388 0.132481 0.363685 0.130005 0.362427 0.128514 0.362516 0.125519 0.365508 0.125852 0.372786 0.132907 0.378664 0.138218 0.384917 0.144190 0.389536 0.148009 0.395753 0.153481 0.403409 0.161954 0.415229 0.173750 0.423760 0.180292 0.433701 0.189894 0.442901 0.199713 0.447419 0.204171 0.447044 0.206278 0.448794 0.213167 0.449609 0.219051 0.456609 0.225056 0.455227 0.227278 0.454115 0.228287 0.453177 0.229907 0.451172 0.228051 0.449734 0.227046 0.447943 0.231296 0.446706 0.239412 0.439331 0.231185 0.439766 0.240181 0.440266 0.249509 0.434219 0.242505 0.424984 0.232806 0.411701 0.218213 0.396148 0.201894 0.379083 0.182597 0.362451 0.164551
5 0.384917 0.144190 0.377315 0.135782 0.371388 0.129644 0.368401 0.126907 0.368401 0.125662 0.370081 0.123171 0.374234 0.120435 0.375401 0.119190 0.376521 0.112801 0.377409 0.110560 0.381047 0.102597 0.383055 0.102264 0.383570 0.102500 0.384411 0.103250 0.410234 0.129417 0.441930 0.159255 0.468906 0.185454 0.466456 0.189551 0.466456 0.189551 0.465057 0.192620 0.463003 0.198014 0.461883 0.200171 0.461229 0.200088 0.460622 0.199009 0.459596 0.200333 0.460016 0.202412 0.458661 0.206560 0.456328 0.208051 0.456281 0.209546 0.454010 0.212546 0.447419 0.204171 0.442901 0.199713 0.433701 0.189894 0.423760 0.180292 0.415229 0.173750 0.403409 0.161954 0.395753 0.153481 0.389536 0.148009
5 0.464870 0.234852 0.462633 0.232213 0.459487 0.232356 0.457607 0.233384 0.456609 0.233602 0.453638 0.235727 0.452146 0.237019 0.450979 0.238903 0.451461 0.240102 0.462190 0.251861 0.474815 0.265917 0.494823 0.288435 0.498818 0.293671 0.507609 0.302417 0.525440 0.323931 0.533424 0.333111 0.534596 0.334616 0.535724 0.338417 0.535951 0.339593 0.531870 0.341514 0.530984 0.342181 0.531474 0.344005 0.539958 0.353324 0.541630 0.352431 0.541044 0.350500 0.541044 0.345296 0.543135 0.343958 0.546984 0.349014 0.548823 0.347676 0.548992 0.343065 0.552003 0.347676 0.554094 0.347227 0.554010 0.342917 0.556518 0.331167 0.559279 0.325815 0.562307 0.327806 0.563315 0.327157 0.562786 0.326019 0.559375 0.322639 0.557318 0.320694 0.553078 0.316412 0.551865 0.314755 0.550130 0.314398 0.547383 0.311681 0.544583 0.314171 0.542344 0.311602 0.540198 0.310602 0.538469 0.311185 0.536695 0.311269 0.514576 0.287454 0.489557 0.260986
5 0.451461 0.240102 0.449839 0.242657 0.446706 0.239412 0.439331 0.231185 0.439766 0.240181 0.440266 0.249509 0.440211 0.252102 0.437727 0.253926 0.434974 0.255463 0.433948 0.257000 0.436797 0.259120 0.445964 0.269815 0.464237 0.290875 0.480622 0.308231 0.488049 0.313931 0.500633 0.331287 0.511859 0.346162 0.517961 0.354032 0.521133 0.351491 0.526328 0.345542 0.531870 0.341514 0.535951 0.339593 0.535724 0.338417 0.534596 0.334616 0.533424 0.333111 0.525440 0.323931 0.507609 0.302417 0.498818 0.293671 0.494823 0.288435 0.474815 0.265917 0.462190 0.251861
