0 0.475690 0.397968 0.471862 0.399144 0.468237 0.402296 0.467846 0.402546 0.467516 0.401727 0.467906 0.400426 0.468107 0.398787 0.468107 0.396560 0.467906 0.395153 0.467516 0.393620 0.466984 0.391880 0.466323 0.391648 0.465862 0.392699 0.465344 0.394694 0.464740 0.396690 0.464221 0.398431 0.463490 0.400889 0.462378 0.403954 0.461586 0.405106 0.458422 0.405106 0.459732 0.400782 0.458753 0.399963 0.457359 0.398912 0.457891 0.390472 0.456508 0.390472 0.455255 0.390935 0.453745 0.395028 0.453083 0.397023 0.452552 0.401727 0.451500 0.405236 0.449279 0.406181 0.447979 0.405505 0.447141 0.404287 0.445924 0.403889 0.445310 0.403889 0.444164 0.404833 0.443786 0.405380 0.439440 0.405380 0.439063 0.403199 0.439203 0.401032 0.439664 0.398324 0.439594 0.395468 0.439063 0.393852 0.437078 0.393852 0.437078 0.383690 0.449503 0.375963 0.461245 0.370000 0.466737 0.368759 0.470706 0.366745 0.474201 0.365569 0.474484 0.361727 0.471297 0.356037 0.464125 0.342954 0.461953 0.341208 0.459578 0.340852 0.457794 0.341083 0.455432 0.342259 0.454169 0.343477 0.452068 0.342051 0.449893 0.340935 0.447672 0.340935 0.445346 0.341255 0.443693 0.341944 0.441922 0.342051 0.441130 0.341255 0.440846 0.339005 0.447849 0.321199 0.449503 0.319773 0.451099 0.319056 0.452232 0.318556 0.453768 0.317333 0.454453 0.316935 0.456307 0.313134 0.459802 0.311269 0.461586 0.310218 0.462969 0.310343 0.464753 0.311394 0.472596 0.318532 0.473445 0.319708 0.474497 0.322523 0.477661 0.329431 0.478453 0.331889 0.478654 0.336106 0.478854 0.337157 0.480297 0.334931 0.482281 0.337389 0.501391 0.340370 0.517159 0.359773 0.519534 0.358259 0.525924 0.356727 0.529419 0.356625 0.536909 0.357083 0.540724 0.360130 0.542107 0.362944 0.541516 0.365528 0.541599 0.368361 0.541693 0.370861 0.542130 0.373213 0.542742 0.375269 0.542922 0.376676 0.542922 0.379972 0.542922 0.382954 0.540346 0.391440 0.541008 0.393074 0.541078 0.395194 0.538432 0.394838 0.534547 0.394125 0.532703 0.390977 0.531323 0.388269 0.530458 0.386398 0.529669 0.384634 0.523870 0.384528 0.518990 0.383583 0.517549 0.384528 0.522393 0.404102 0.524070 0.406264 0.525062 0.408972 0.525982 0.411681 0.528854 0.418588 0.530766 0.421296 0.531523 0.423208 0.533047 0.433245 0.534534 0.447921 0.533234 0.455250 0.528651 0.465875 0.524862 0.470579 0.522039 0.467769 0.515779 0.453005 0.512602 0.444542 0.514102 0.430579 0.510391 0.421653 0.495604 0.405380
2 0.436937 0.776356 0.436951 0.758907 0.437029 0.754028 0.434206 0.752537 0.431461 0.751722 0.428094 0.751801 0.427292 0.771713 0.429732 0.771315 0.434102 0.773417
2 0.408737 0.641231 0.407617 0.644509 0.406167 0.663023 0.406299 0.670287 0.411331 0.673218 0.412391 0.671181 0.414065 0.671495 0.415214 0.659889 0.415919 0.644671 0.416802 0.643889
2 0.549799 0.575787 0.557266 0.592269 0.557958 0.594495 0.558927 0.596384 0.577724 0.598333 0.577219 0.590620 0.576135 0.585995 0.573974 0.585602 0.573721 0.587537 0.566112 0.584713 0.564857 0.581588 0.560591 0.580398
2 0.557266 0.592269 0.551990 0.593449 0.550805 0.595565 0.556409 0.601662 0.559839 0.602259 0.562930 0.604028 0.565057 0.605421 0.572737 0.606944 0.574617 0.608227 0.576568 0.608616 0.577724 0.598333 0.558927 0.596384 0.557958 0.594495
2 0.549130 0.571329 0.548086 0.568259 0.539555 0.558366 0.538615 0.560546 0.537315 0.562093 0.536445 0.564532 0.535724 0.566074 0.535000 0.568259 0.534857 0.569801 0.536229 0.571602 0.537458 0.573014 0.538687 0.575972 0.539193 0.579824 0.544109 0.578796 0.544398 0.580597 0.540266 0.591699 0.548797 0.590509 0.550805 0.595565 0.551990 0.593449 0.557266 0.592269 0.549799 0.575787
2 0.539193 0.579824 0.538023 0.579611 0.534151 0.588829 0.529151 0.599602 0.527401 0.602602 0.529289 0.604889 0.531719 0.606134 0.533453 0.606778 0.534250 0.603819 0.536615 0.598454 0.540266 0.591699 0.544398 0.580597 0.544109 0.578796
2 0.538023 0.579611 0.535711 0.575722 0.529089 0.570500 0.524029 0.568500 0.521466 0.568500 0.520154 0.570611 0.511656 0.575944 0.511156 0.578500 0.514375 0.585685 0.516112 0.590699 0.514448 0.603037 0.518083 0.603602 0.519687 0.605000 0.520398 0.605014 0.529289 0.604889 0.527401 0.602602 0.529151 0.599602 0.534151 0.588829
2 0.507081 0.577333 0.506221 0.570056 0.515031 0.558060 0.517781 0.559616 0.520966 0.563727 0.524466 0.559171 0.526964 0.559616 0.528526 0.561505 0.527714 0.562060 0.524966 0.564949 0.522716 0.568500 0.521466 0.568500 0.520154 0.570611 0.511656 0.575944 0.511156 0.578500 0.514375 0.585685
2 0.524466 0.559171 0.526904 0.555153 0.531242 0.546412 0.533701 0.538699 0.539122 0.547310 0.536156 0.553736 0.539555 0.558366 0.538615 0.560546 0.537315 0.562093 0.536445 0.564532 0.535724 0.566074 0.535000 0.568259 0.534857 0.569801 0.536229 0.571602 0.537458 0.573014 0.538687 0.575972 0.539193 0.579824 0.538023 0.579611 0.535711 0.575722 0.529089 0.570500 0.524029 0.568500 0.522716 0.568500 0.524966 0.564949 0.527714 0.562060 0.528526 0.561505 0.526964 0.559616
2 0.515768 0.549176 0.510833 0.545731 0.506521 0.542954 0.505083 0.545287 0.504023 0.548398 0.503836 0.562060 0.504263 0.573736 0.507081 0.577333 0.506221 0.570056 0.515031 0.558060 0.517781 0.559616 0.514281 0.553060
2 0.564930 0.518653 0.566781 0.519134 0.567617 0.521514 0.571297 0.525977 0.573305 0.525977 0.574727 0.528056 0.575143 0.531032 0.573138 0.538764 0.574643 0.547537 0.572299 0.549319 0.567784 0.547241 0.563352 0.543370 0.559922 0.540398 0.553604 0.534963 0.555151 0.529458 0.562036 0.518394
2 0.576930 0.536644 0.578909 0.535343 0.580078 0.529991 0.581586 0.511106 0.580331 0.506792 0.581000 0.496384 0.581417 0.494602 0.580497 0.489394 0.578573 0.488801 0.576734 0.488801 0.575313 0.491773 0.572469 0.501144 0.573388 0.508431 0.572635 0.514375 0.572133 0.518838 0.571297 0.525977 0.573305 0.525977 0.574727 0.528056 0.575143 0.531032 0.574255 0.534718
2 0.517781 0.559616 0.514260 0.553042 0.515768 0.549176 0.519466 0.541287 0.521341 0.538181 0.520966 0.537736 0.519154 0.536847 0.514844 0.534847 0.515531 0.532847 0.516844 0.531958 0.518031 0.530625 0.519841 0.529736 0.521279 0.529181 0.524529 0.528736 0.526404 0.528514 0.527589 0.528958 0.528714 0.529847 0.529714 0.530736 0.530526 0.530181 0.531276 0.529069 0.532026 0.528514 0.533839 0.527958 0.535898 0.527625 0.536836 0.527403 0.537523 0.527736 0.538398 0.531625 0.539336 0.533958 0.540336 0.537292 0.540898 0.538181 0.542667 0.538579 0.539122 0.547310 0.533701 0.538699 0.531242 0.546412 0.526904 0.555153 0.524466 0.559171 0.520966 0.563727
2 0.410536 0.616282 0.409659 0.617213 0.408737 0.641231 0.416802 0.643889 0.417948 0.642319 0.417859 0.619574
2 0.578573 0.488801 0.578909 0.485977 0.579661 0.479880 0.579828 0.478838 0.577904 0.475866 0.577151 0.474523 0.575982 0.472593 0.573721 0.472444 0.572133 0.473185 0.567534 0.475713 0.563099 0.476014 0.561427 0.478241 0.560005 0.482259 0.559086 0.497870 0.557411 0.504116 0.559669 0.502333 0.564521 0.499806 0.568286 0.499657 0.572469 0.501144 0.575313 0.491773 0.576734 0.488801
2 0.575982 0.472593 0.580331 0.465009 0.581753 0.459954 0.582003 0.456681 0.581836 0.454898 0.583174 0.450731 0.576984 0.444787 0.575396 0.444338 0.571047 0.446569 0.566112 0.457574 0.562932 0.464713 0.563685 0.469769 0.563099 0.476014 0.567534 0.475713 0.572133 0.473185 0.573721 0.472444
2 0.564516 0.318028 0.551193 0.301713 0.547435 0.298375 0.545844 0.298889 0.542448 0.306213 0.543096 0.313023 0.553219 0.323949 0.553581 0.325231 0.560953 0.328468 0.563516 0.323472 0.564328 0.321917
2 0.545034 0.483597 0.543945 0.497278 0.545034 0.500102 0.555906 0.511847 0.555990 0.507833 0.557411 0.504116 0.559086 0.497870 0.560005 0.482259 0.554987 0.485528 0.550888 0.486125 0.547039 0.486569
2 0.545534 0.473486 0.544195 0.469769 0.536753 0.470657 0.531734 0.472593 0.530898 0.474523 0.530646 0.485676 0.525378 0.491773 0.523872 0.493560 0.523370 0.495491 0.523703 0.498616 0.526799 0.506051 0.527453 0.504167 0.531719 0.497356 0.536417 0.495301 0.539310 0.496458 0.542128 0.499542 0.542779 0.503912 0.543284 0.512394 0.546495 0.509912 0.551628 0.511713 0.555906 0.511847 0.545034 0.500102 0.543945 0.497278 0.545034 0.483597 0.544951 0.478690
2 0.528854 0.418588 0.530474 0.416250 0.540888 0.411222 0.543208 0.438995 0.544120 0.448250 0.541409 0.464769 0.536958 0.460810 0.535508 0.466472 0.535508 0.462106 0.534784 0.461074 0.533771 0.461204 0.530078 0.462639 0.533234 0.455250 0.534534 0.447921 0.533047 0.433245 0.531523 0.423208 0.530766 0.421296
2 0.512602 0.444542 0.511505 0.448611 0.510380 0.458139 0.514813 0.459181 0.518492 0.478509 0.519964 0.480097 0.524953 0.476755 0.527628 0.476755 0.528927 0.476500 0.530898 0.474523 0.531734 0.472593 0.535508 0.466472 0.535508 0.462106 0.534784 0.461074 0.533771 0.461204 0.530078 0.462639 0.528651 0.465875 0.524862 0.470579 0.522039 0.467769 0.515779 0.453005
2 0.510380 0.458139 0.514813 0.459181 0.518492 0.478509 0.519664 0.485352 0.523596 0.488324 0.525378 0.491773 0.523872 0.493560 0.523370 0.495491 0.523703 0.498616 0.526799 0.506051 0.525862 0.508796 0.525430 0.512394 0.525430 0.517407 0.522591 0.517468 0.515482 0.517468 0.512219 0.515685 0.510630 0.513750
2 0.514844 0.534847 0.511437 0.534056 0.506956 0.533671 0.506036 0.538472 0.506521 0.542954 0.510833 0.545731 0.515768 0.549176 0.516906 0.546731 0.519466 0.541287 0.521341 0.538181 0.520966 0.537736 0.519154 0.536847
2 0.510487 0.863667 0.509305 0.856736 0.506706 0.853375 0.502927 0.851907 0.498792 0.851907 0.495721 0.852116 0.495604 0.862194
2 0.576984 0.444787 0.573443 0.427435 0.574990 0.419347 0.580411 0.410574 0.578958 0.407991 0.569958 0.396810 0.566281 0.392852 0.561828 0.400940 0.557378 0.405755 0.554667 0.410745 0.551378 0.419866 0.550797 0.429153 0.552344 0.433111 0.547409 0.437241 0.548242 0.439167 0.550661 0.439167 0.555596 0.443125 0.562370 0.446912 0.569531 0.450181 0.571047 0.446569 0.575396 0.444338
2 0.543820 0.344898 0.536958 0.341407 0.529409 0.340032 0.526990 0.339171 0.525344 0.337796 0.523990 0.337796 0.522344 0.339861 0.521763 0.341236 0.519732 0.340551 0.517505 0.338829 0.516536 0.339171 0.516536 0.340722 0.517312 0.341755 0.518182 0.343648 0.518086 0.345194 0.517698 0.347602 0.516440 0.355171 0.515763 0.358269 0.517159 0.359773 0.519534 0.358259 0.525924 0.356727 0.529419 0.356625 0.536909 0.357083 0.540724 0.360130 0.541146 0.360963 0.544471 0.347468
2 0.542448 0.306213 0.540930 0.299144 0.530591 0.303898 0.530375 0.305440 0.531901 0.316528 0.533555 0.315981 0.541724 0.312380 0.543096 0.313023
2 0.553797 0.338083 0.552133 0.328319 0.546711 0.324079 0.538471 0.321764 0.534495 0.320736 0.532471 0.321120 0.527482 0.321380 0.524591 0.321505 0.524880 0.317523 0.530156 0.317009 0.533555 0.315981 0.541724 0.312380 0.543096 0.313023 0.553219 0.323949 0.553581 0.325231 0.560953 0.328468 0.561516 0.331023 0.561016 0.332690 0.561242 0.338083 0.560229 0.337958
2 0.570326 0.329801 0.571701 0.326245 0.571951 0.324912 0.570826 0.318583 0.565516 0.317917 0.564516 0.318028 0.564328 0.321917 0.563516 0.323472 0.560953 0.328468 0.561516 0.331023 0.561016 0.332690 0.561242 0.338083 0.561531 0.340144 0.565940 0.339884 0.568263 0.339574 0.567888 0.337468
2 0.565940 0.339884 0.568263 0.339574 0.567888 0.337468 0.570326 0.329801 0.571263 0.334468 0.577385 0.326134 0.578698 0.326023 0.579885 0.337801 0.580073 0.362236 0.579698 0.363569 0.575885 0.368120 0.575917 0.365972 0.575917 0.361602 0.575628 0.358005 0.575122 0.355819 0.573893 0.352866 0.572521 0.351324 0.571870 0.351065 0.571219 0.351065 0.570133 0.351449 0.569484 0.352352 0.569049 0.353509 0.569339 0.355051 0.569990 0.356079 0.570495 0.357106 0.571146 0.358778 0.571362 0.360060 0.571508 0.363148 0.571581 0.370856 0.566375 0.375227 0.566880 0.368417 0.567388 0.353764
2 0.565581 0.375870 0.564063 0.376255 0.561820 0.374843 0.560302 0.374843 0.557339 0.376639 0.547708 0.350065 0.546456 0.350213 0.542107 0.362944 0.541146 0.360963 0.544471 0.347468 0.543820 0.344898 0.553797 0.338083 0.560229 0.337958 0.561242 0.338083 0.561531 0.340144 0.565940 0.339884 0.567388 0.353764 0.566880 0.368417 0.566375 0.375227
2 0.569958 0.396810 0.573242 0.392579 0.573677 0.390264 0.575484 0.389366 0.575917 0.365972 0.575917 0.361602 0.575628 0.358005 0.575122 0.355819 0.573893 0.352866 0.572521 0.351324 0.571870 0.351065 0.571219 0.351065 0.570133 0.351449 0.569484 0.352352 0.569049 0.353509 0.569339 0.355051 0.569990 0.356079 0.570495 0.357106 0.571146 0.358778 0.571362 0.360060 0.571508 0.363148 0.571581 0.370856 0.565581 0.375870 0.565755 0.377231 0.566281 0.392852
2 0.538432 0.394838 0.534547 0.394125 0.532703 0.390977 0.531323 0.388269 0.530458 0.386398 0.529669 0.384634 0.523870 0.384528 0.518990 0.383583 0.517549 0.384528 0.522393 0.404102 0.524070 0.406264 0.525062 0.408972 0.525982 0.411681 0.528854 0.418588 0.530474 0.416250 0.537510 0.412931
2 0.556945 0.380917 0.558081 0.378616 0.547708 0.350065 0.546456 0.350213 0.542107 0.362944 0.541516 0.365528 0.541599 0.368361 0.541693 0.370861 0.542130 0.373213 0.542742 0.375269 0.542922 0.376676 0.542922 0.379972 0.542922 0.382954 0.540346 0.391440 0.541008 0.393074 0.541078 0.395194 0.542823 0.399343 0.542305 0.401644 0.541786 0.403949 0.541659 0.406250 0.541917 0.408782 0.542305 0.410167 0.542953 0.410856 0.543471 0.409477 0.544378 0.407634 0.544638 0.407403 0.545805 0.408782 0.546323 0.409014 0.548005 0.406940
2 0.569531 0.450181 0.562370 0.446912 0.555596 0.443125 0.550661 0.439167 0.548242 0.439167 0.546016 0.434352 0.543208 0.438995 0.544120 0.448250 0.541409 0.464769 0.536958 0.460810 0.535508 0.466472 0.531734 0.472593 0.536753 0.470657 0.544195 0.469769 0.545534 0.473486 0.547625 0.469620 0.548547 0.468579 0.553063 0.464116 0.557997 0.462481 0.561008 0.462778 0.562932 0.464713 0.566112 0.457574
2 0.425094 0.643889 0.417948 0.642319 0.416802 0.643889 0.415919 0.644671 0.415214 0.659889 0.414065 0.671495 0.417419 0.671963 0.421919 0.664278 0.422966 0.659907 0.424021 0.656625 0.425602 0.652056 0.429161 0.650301 0.431797 0.649245 0.426065 0.645611
2 0.431935 0.827394 0.429799 0.824278 0.432849 0.815060 0.432773 0.813569 0.426521 0.800014 0.423622 0.798116 0.404023 0.800690 0.401128 0.800824 0.399984 0.826583 0.407914 0.843120 0.414242 0.845019 0.415159 0.828616
2 0.427292 0.771713 0.428094 0.751801 0.425888 0.747722 0.420859 0.744903 0.415742 0.744273 0.411685 0.745213 0.408771 0.746625 0.405685 0.749449 0.405154 0.768898 0.407185 0.766861 0.411065 0.764352 0.414948 0.764352 0.420948 0.765292 0.425359 0.768116
2 0.428094 0.751801 0.428799 0.735648 0.426948 0.734861 0.424299 0.731727 0.422625 0.729370 0.420419 0.731097 0.419536 0.728116 0.413096 0.729218 0.408242 0.732037 0.405859 0.735491 0.405685 0.749449 0.408771 0.746625 0.411685 0.745213 0.415742 0.744273 0.420859 0.744903 0.425888 0.747722
2 0.419536 0.728116 0.416448 0.724824 0.409036 0.717139 0.406302 0.714306 0.405859 0.735491 0.408242 0.732037 0.413096 0.729218
2 0.438023 0.810940 0.436937 0.806384 0.435755 0.798824 0.436937 0.776356 0.434102 0.773417 0.429732 0.771315 0.427292 0.771713 0.426521 0.800014 0.432773 0.813569 0.432849 0.815060 0.429799 0.824278 0.431935 0.827394 0.435685 0.826731 0.435578 0.821458 0.435471 0.815833 0.436086 0.812389
2 0.497174 0.756407 0.497766 0.737088 0.498003 0.727009 0.500365 0.727009 0.502253 0.723648 0.502253 0.716301 0.506034 0.710630 0.513120 0.717769 0.518435 0.724699 0.525286 0.736458 0.524341 0.754306 0.518620 0.754162 0.512750 0.753079 0.512596 0.767315 0.512521 0.771514 0.503445 0.770431 0.501589 0.770968 0.498943 0.767361 0.497089 0.763755
2 0.447849 0.321199 0.449503 0.319773 0.451099 0.319056 0.451289 0.313667 0.451578 0.306727 0.451721 0.302741 0.451289 0.297861 0.451289 0.297861 0.451721 0.302741 0.451578 0.306727 0.451289 0.313667 0.451099 0.319056 0.449383 0.311949 0.445607 0.304509 0.440401 0.313218 0.437625 0.321634 0.436354 0.325602 0.436919 0.328634 0.437732 0.335523 0.437625 0.345282 0.439359 0.343611 0.440846 0.339005
2 0.449625 0.348880 0.458083 0.342583 0.458661 0.345412 0.461263 0.352995 0.463216 0.355690 0.464518 0.362375 0.463516 0.362361 0.461953 0.360185 0.457943 0.357222
2 0.440401 0.313218 0.439120 0.311292 0.438000 0.306255 0.442810 0.300861 0.446503 0.299458 0.448940 0.299926 0.451289 0.297861 0.451721 0.302741 0.451578 0.306727 0.451289 0.313667 0.451099 0.319056 0.449383 0.311949 0.445607 0.304509
2 0.416448 0.608227 0.421174 0.604704 0.420065 0.592125 0.417771 0.591657 0.416359 0.591028 0.414331 0.588204 0.412474 0.593926 0.414609 0.610046
2 0.421919 0.664278 0.422966 0.659907 0.424021 0.656625 0.425602 0.652056 0.429161 0.650301 0.431797 0.649245 0.434565 0.647486 0.436807 0.649245 0.439839 0.652171 0.440695 0.654282 0.440497 0.659556 0.438935 0.666588 0.437714 0.669301 0.434711 0.660829 0.433828 0.661454 0.433536 0.663282 0.429495 0.666532 0.428273 0.669787
2 0.434062 0.717639 0.437266 0.719444 0.438922 0.720315 0.442284 0.711528 0.448083 0.696417 0.448044 0.696477 0.448544 0.691963 0.448557 0.692120 0.447424 0.691259 0.444656 0.688681 0.442633 0.692727 0.439102 0.704375
2 0.441922 0.342051 0.449625 0.348880 0.457943 0.357222 0.461953 0.360185 0.463516 0.362361 0.464518 0.362375 0.465745 0.369060 0.461245 0.370000 0.449503 0.375963 0.437078 0.383690 0.437104 0.377231 0.442805 0.364903 0.441617 0.363569 0.439180 0.366347 0.438182 0.360458 0.436732 0.355181 0.437544 0.351963 0.437625 0.345282 0.439359 0.343611 0.440846 0.339005 0.441130 0.341255
2 0.566281 0.392852 0.565755 0.377231 0.564719 0.381144 0.563164 0.385292 0.562128 0.386444 0.561091 0.384602 0.559797 0.382065 0.556945 0.380917 0.548005 0.406940 0.546323 0.409014 0.545805 0.408782 0.544638 0.407403 0.544378 0.407634 0.543471 0.409477 0.542953 0.410856 0.542305 0.410167 0.541917 0.408782 0.541659 0.406250 0.541786 0.403949 0.542305 0.401644 0.542823 0.399343 0.541078 0.395194 0.538432 0.394838 0.537510 0.412931 0.540924 0.411259 0.543208 0.438995 0.546016 0.434352 0.547409 0.437241 0.552344 0.433111 0.550797 0.429153 0.551378 0.419866 0.554667 0.410745 0.557378 0.405755 0.561828 0.400940
2 0.524591 0.321505 0.522966 0.320139 0.521904 0.319139 0.522654 0.317583 0.523279 0.316028 0.523279 0.314250 0.523029 0.313028 0.522841 0.312139 0.522279 0.311361 0.520966 0.310032 0.520466 0.308699 0.519779 0.307588 0.518719 0.307810 0.517719 0.309032 0.516594 0.309477 0.514906 0.310144 0.513469 0.312583 0.511906 0.315806 0.511781 0.317139 0.511906 0.319139 0.514094 0.322806 0.515531 0.326245 0.516531 0.331356 0.517094 0.335134 0.517505 0.338829 0.519732 0.340551 0.521763 0.341236 0.522344 0.339861 0.523990 0.337796 0.525344 0.337796 0.526990 0.339171 0.529409 0.340032 0.536958 0.341407 0.543820 0.344898 0.553797 0.338083 0.552133 0.328319 0.546711 0.324079 0.538471 0.321764 0.534495 0.320736 0.532471 0.321120 0.527482 0.321380
2 0.530898 0.474523 0.528927 0.476500 0.527628 0.476755 0.524953 0.476755 0.519964 0.480097 0.518492 0.478509 0.519664 0.485352 0.523596 0.488324 0.525378 0.491773 0.530646 0.485676
2 0.579099 0.565176 0.580617 0.560032 0.581195 0.556051 0.580833 0.546926 0.580760 0.542685 0.579531 0.540630 0.576930 0.536644 0.574255 0.534718 0.573138 0.538764 0.574643 0.547537 0.575060 0.557500 0.578573 0.557500
2 0.404635 0.789273 0.404854 0.780389 0.405721 0.778125 0.408268 0.774870 0.411682 0.773491 0.415346 0.773269 0.418914 0.773546 0.422516 0.774815 0.426055 0.777685 0.427047 0.780222 0.426745 0.790648 0.426458 0.789162 0.422484 0.785412 0.418854 0.783977 0.416307 0.783259 0.413576 0.783259 0.410906 0.783699 0.407927 0.784639 0.406219 0.786514
2 0.404023 0.800690 0.404635 0.789273 0.406219 0.786514 0.407927 0.784639 0.410906 0.783699 0.413576 0.783259 0.416307 0.783259 0.418854 0.783977 0.422484 0.785412 0.426458 0.789162 0.426745 0.790648 0.426521 0.800014 0.424471 0.796505 0.421367 0.794463 0.414849 0.792917 0.410565 0.792861 0.406716 0.795398 0.404914 0.797495
2 0.404854 0.780389 0.405154 0.768898 0.407185 0.766861 0.411065 0.764352 0.414948 0.764352 0.420948 0.765292 0.425359 0.768116 0.427292 0.771713 0.427047 0.780222 0.426055 0.777685 0.422516 0.774815 0.418914 0.773546 0.415346 0.773269 0.411682 0.773491 0.408268 0.774870 0.405721 0.778125
2 0.428799 0.735648 0.432948 0.722472 0.434062 0.717639 0.440977 0.681532 0.440359 0.676671 0.434711 0.660829 0.433828 0.661454 0.433536 0.663282 0.429495 0.666532 0.428273 0.669787 0.425885 0.673380 0.417419 0.671963 0.412391 0.671181 0.411331 0.673218 0.403214 0.710866 0.403214 0.712273 0.406302 0.714306 0.409036 0.717139 0.416448 0.724824 0.419536 0.728116 0.420419 0.731097 0.422625 0.729370 0.424299 0.731727 0.426948 0.734861
2 0.579099 0.565176 0.578573 0.557500 0.575060 0.557500 0.574643 0.547537 0.572299 0.549319 0.567784 0.547241 0.563352 0.543370 0.559922 0.540398 0.552560 0.542481 0.550469 0.560769 0.549130 0.571329 0.549799 0.575787 0.560591 0.580398 0.564857 0.581588 0.566112 0.584713 0.573721 0.587537 0.573974 0.585602 0.576135 0.585995 0.578591 0.585866 0.578737 0.583810 0.578880 0.568005
2 0.562930 0.604028 0.559839 0.602259 0.556409 0.601662 0.550805 0.595565 0.548797 0.590509 0.540266 0.591699 0.536615 0.598454 0.541990 0.600046 0.544005 0.599051 0.546021 0.602833 0.549828 0.603829 0.560578 0.607412
2 0.514448 0.603037 0.516112 0.590699 0.514375 0.585685 0.507081 0.577333 0.504263 0.573736 0.503315 0.582986 0.501732 0.589671 0.499432 0.598977 0.501891 0.598977 0.504565 0.599875 0.509049 0.601801
2 0.565128 0.609944 0.565057 0.605421 0.562930 0.604028 0.560578 0.607412 0.549828 0.603829 0.546021 0.602833 0.544005 0.599051 0.541990 0.600046 0.536615 0.598454 0.534250 0.603819 0.535984 0.606264 0.544875 0.615514 0.547396 0.615153 0.550219 0.614000 0.555344 0.613000 0.559513 0.612120 0.561656 0.611032
2 0.455510 0.413551 0.453573 0.428690 0.452411 0.440907 0.451143 0.439741 0.446445 0.452722 0.445414 0.451921 0.445581 0.442704 0.443573 0.435713 0.446919 0.429319
2 0.468060 0.482153 0.467734 0.489194 0.467484 0.494861 0.468547 0.495856 0.468240 0.499245 0.463180 0.499023 0.458924 0.501301 0.460424 0.496412 0.460424 0.493417 0.458237 0.490750 0.451177 0.483639 0.452156 0.479713 0.455047 0.474185 0.460323 0.476755 0.462781 0.478426 0.463578 0.475727 0.464010 0.475597 0.464951 0.476370 0.465602 0.478042 0.466615 0.481380
2 0.452156 0.479713 0.451177 0.483639 0.458237 0.490750 0.460424 0.493417 0.460424 0.496412 0.458924 0.501301 0.456745 0.502245 0.457370 0.507023 0.453870 0.508134 0.451937 0.506699 0.450651 0.505583 0.449784 0.495944 0.447471 0.493245 0.445737 0.491444 0.444867 0.489903 0.443641 0.486046 0.444130 0.483310 0.446299 0.482412 0.446951 0.481769 0.446878 0.476500 0.448253 0.475213 0.450419 0.474440
2 0.479073 0.530435 0.479060 0.494940 0.476372 0.489963 0.475701 0.493944 0.473909 0.495537 0.474555 0.525083
2 0.453870 0.508134 0.457370 0.507023 0.456745 0.502245 0.463180 0.499023 0.468240 0.499245 0.469115 0.513352 0.470299 0.521708 0.468927 0.521069 0.462422 0.515694 0.456565 0.510296
2 0.443641 0.486046 0.444130 0.483310 0.446299 0.482412 0.446951 0.481769 0.446878 0.476500 0.448253 0.475213 0.450419 0.474440 0.452156 0.479713 0.455047 0.474185 0.460323 0.476755 0.462781 0.478426 0.463578 0.475727 0.464010 0.475597 0.464951 0.476370 0.465602 0.478042 0.466615 0.481380 0.468060 0.482153 0.468565 0.476755 0.469648 0.468787 0.469721 0.464287 0.470083 0.461204 0.470661 0.448222 0.468133 0.448741 0.459891 0.451565 0.454107 0.442569 0.451143 0.439741 0.446445 0.452722 0.445414 0.451921 0.441250 0.449093 0.436716 0.445639 0.434901 0.460148 0.435549 0.483870 0.436909 0.484338 0.438427 0.484852 0.439367 0.484852 0.441318 0.485750
2 0.481685 0.307343 0.477938 0.305120 0.476562 0.305565 0.477625 0.323782 0.475187 0.324005 0.477661 0.329431 0.478453 0.331889 0.478654 0.336106 0.478854 0.337157 0.480297 0.334931 0.482281 0.337389 0.483185 0.337556 0.482935 0.334778 0.482747 0.332778 0.482935 0.330111 0.483185 0.328000 0.483310 0.326449 0.483560 0.324338 0.484247 0.323560 0.484685 0.323227
2 0.451289 0.297861 0.455706 0.298208 0.458380 0.292551 0.459247 0.292037 0.459898 0.292810 0.463578 0.305148 0.464753 0.311394 0.462969 0.310343 0.461586 0.310218 0.459802 0.311269 0.456307 0.313134 0.454453 0.316935 0.453768 0.317333 0.452232 0.318556 0.451099 0.319056 0.451289 0.313667 0.451578 0.306727 0.451721 0.302741
2 0.436732 0.355181 0.437544 0.351963 0.437732 0.335523 0.436919 0.328634 0.435607 0.321639 0.435357 0.318194 0.435419 0.316417 0.435982 0.314861 0.436794 0.310861 0.436794 0.309310 0.435669 0.307088 0.434607 0.307755 0.432620 0.314583 0.431745 0.317694 0.429060 0.328134 0.429185 0.335579 0.429935 0.341907 0.430807 0.339685 0.431557 0.339685 0.432620 0.341130 0.434932 0.346574 0.435870 0.351907
2 0.435870 0.351907 0.434932 0.346574 0.432620 0.341130 0.431557 0.339685 0.430807 0.339685 0.429935 0.341907 0.429185 0.335579 0.429060 0.328134 0.431745 0.317694 0.432620 0.314583 0.430747 0.309921 0.429372 0.308921 0.428685 0.311917 0.426997 0.327245 0.427000 0.337384 0.429719 0.345444 0.427776 0.354889 0.427518 0.363181 0.430109 0.363412 0.433477 0.363639
2 0.423891 0.379764 0.422328 0.379060 0.418062 0.398986 0.418062 0.404042 0.422206 0.406713 0.428424 0.411546 0.430367 0.410856 0.432958 0.401644 0.433865 0.382986 0.432570 0.382528
2 0.559922 0.540398 0.553604 0.534963 0.555151 0.529458 0.549247 0.521370 0.546924 0.531009 0.545474 0.532213 0.542667 0.538579 0.539122 0.547310 0.536156 0.553736 0.539555 0.558366 0.548086 0.568259 0.549130 0.571329 0.550469 0.560769 0.552560 0.542481
2 0.450651 0.505583 0.449784 0.495944 0.447471 0.493245 0.445737 0.491444 0.444867 0.489903 0.443641 0.486046 0.441318 0.485750 0.439367 0.484852 0.438427 0.484852 0.436909 0.484338 0.433729 0.483051 0.432716 0.482926 0.431125 0.482926 0.429536 0.483181 0.428307 0.485625 0.427945 0.487935 0.428378 0.490764 0.429464 0.492435 0.431271 0.492435 0.433151 0.491537 0.434669 0.490634 0.435318 0.490380 0.437302 0.508130 0.437802 0.508130 0.446836 0.514676 0.448258 0.519134 0.449625 0.514282 0.449482 0.511329 0.448180 0.508500 0.447891 0.506185 0.449336 0.504903
2 0.462422 0.515694 0.456565 0.510296 0.451937 0.506699 0.449336 0.504903 0.447891 0.506185 0.448180 0.508500 0.449482 0.511329 0.449625 0.514282 0.448258 0.519134 0.449740 0.527403 0.455299 0.526069 0.456799 0.526181 0.458299 0.530625 0.460615 0.524435
2 0.449740 0.527403 0.448258 0.519134 0.446836 0.514676 0.437802 0.508130 0.437302 0.508130 0.432867 0.520028 0.429247 0.522741 0.433495 0.522519 0.437745 0.524403 0.440367 0.527069 0.441680 0.532403 0.441680 0.536736 0.441430 0.541287 0.440742 0.544398 0.439117 0.547509 0.439909 0.551824 0.451427 0.547954 0.451740 0.546176
2 0.468927 0.521069 0.462422 0.515694 0.460615 0.524435 0.458299 0.530625 0.458549 0.535514 0.460612 0.536736 0.461424 0.538509 0.458612 0.545731 0.463070 0.550625 0.463578 0.547028 0.466685 0.534046
2 0.473120 0.556537 0.472542 0.539574 0.471674 0.532250 0.470299 0.521708 0.468927 0.521069 0.466685 0.534046 0.463578 0.547028 0.463070 0.550625 0.471240 0.556181
2 0.470755 0.562144 0.471240 0.556181 0.473120 0.556537 0.472036 0.582912 0.471385 0.593449 0.470724 0.599782 0.467445 0.599375
2 0.462622 0.556051 0.467193 0.555921 0.471240 0.556181 0.470807 0.562218 0.467445 0.599375 0.465464 0.603579 0.460354 0.605611 0.458914 0.591620 0.455906 0.592162 0.455664 0.587269 0.451346 0.580083 0.461612 0.563505 0.462984 0.558750
2 0.434393 0.579884 0.443992 0.570389 0.446664 0.572301 0.455664 0.587269 0.455956 0.592255 0.450068 0.593250 0.446102 0.595824 0.440083 0.598278
2 0.437740 0.555551 0.443242 0.569278 0.443992 0.570389 0.451664 0.562481 0.456984 0.549366 0.458612 0.545731 0.461424 0.538509 0.460612 0.536736 0.458549 0.535514 0.458299 0.530625 0.456799 0.526181 0.455299 0.526069 0.449740 0.527403 0.451740 0.546176 0.451427 0.547954 0.439909 0.551824 0.440776 0.553106 0.442078 0.554648 0.443234 0.557736 0.443018 0.558764 0.440487 0.557736
2 0.418281 0.555644 0.418984 0.543259 0.419161 0.541028 0.421469 0.526556 0.421953 0.524060 0.424872 0.525477 0.432969 0.528306 0.437958 0.541542 0.439909 0.551824 0.440776 0.553106 0.442078 0.554648 0.443234 0.557736 0.443018 0.558764 0.440487 0.557736 0.437740 0.555551 0.437161 0.557093 0.436729 0.559662 0.431208 0.579282 0.430036 0.581968 0.429031 0.582551 0.425857 0.578681 0.423250 0.556310
2 0.425857 0.578681 0.423250 0.556310 0.416391 0.555417 0.413294 0.568505 0.414331 0.588204 0.416359 0.591028 0.417771 0.591657 0.420065 0.592125 0.422180 0.590741 0.424104 0.578681
2 0.434190 0.600412 0.434393 0.579884 0.432883 0.578991 0.431208 0.579282 0.430036 0.581968 0.429031 0.582551 0.425857 0.578681 0.424104 0.578681 0.422180 0.590741 0.420065 0.592125 0.421214 0.604833 0.422799 0.604833 0.424919 0.606870 0.429771 0.605301 0.429479 0.602194 0.430852 0.601384
2 0.450253 0.642801 0.454109 0.651269 0.455635 0.651810 0.461734 0.636088 0.462529 0.636037 0.461049 0.617787 0.460354 0.605611 0.458914 0.591620 0.450068 0.593250 0.446102 0.595824 0.436112 0.599755 0.430852 0.601384 0.429479 0.602194 0.429771 0.605301 0.431094 0.617222 0.434565 0.647486 0.436807 0.649245 0.439839 0.652171 0.444320 0.654519 0.445112 0.654282 0.447484 0.643153 0.449065 0.640222
2 0.519687 0.605000 0.518083 0.603602 0.509049 0.601801 0.508253 0.604630 0.506951 0.630718 0.506372 0.637019 0.507924 0.637769 0.515310 0.638620 0.515440 0.635255 0.519023 0.631745
2 0.541187 0.618602 0.534828 0.615000 0.532875 0.618343 0.531719 0.618213 0.531719 0.606134 0.529289 0.604889 0.520398 0.605014 0.519687 0.605000 0.519023 0.631745 0.526510 0.625417 0.528094 0.624593 0.541839 0.619370 0.541187 0.618602
2 0.531719 0.606134 0.531719 0.618213 0.532875 0.618343 0.534828 0.615000 0.541187 0.618602 0.541839 0.619370 0.543250 0.618852 0.547208 0.619042 0.547396 0.615153 0.544875 0.615514 0.535984 0.606264 0.534250 0.603819 0.533453 0.606778
2 0.568909 0.654866 0.566661 0.646796 0.561628 0.648829 0.556214 0.648287 0.552859 0.647611 0.550734 0.645514 0.554203 0.650958 0.548693 0.662755 0.549974 0.676616 0.550435 0.672981 0.551818 0.667708 0.554784 0.662435 0.559859 0.658921 0.564406 0.658454 0.568294 0.661148 0.570849 0.665375
2 0.572260 0.675417 0.570849 0.665375 0.568294 0.661148 0.564406 0.658454 0.559859 0.658921 0.554784 0.662435 0.551818 0.667708 0.550435 0.672981 0.549974 0.676616 0.550260 0.679815 0.551818 0.674620 0.554388 0.669468 0.559924 0.665602 0.563549 0.665481 0.567109 0.667241 0.570602 0.670287
2 0.572260 0.675417 0.570602 0.670287 0.567109 0.667241 0.563549 0.665481 0.559924 0.665602 0.554388 0.669468 0.551818 0.674620 0.550312 0.679769 0.558695 0.671468 0.562495 0.670991 0.565990 0.671926 0.569021 0.674972 0.572615 0.679806
2 0.574161 0.639005 0.571661 0.641157 0.568292 0.642792 0.566432 0.642458 0.566661 0.646796 0.568909 0.654866 0.570849 0.665375 0.572260 0.675417 0.572615 0.679806 0.573143 0.685454 0.574599 0.687398 0.574563 0.680394 0.575508 0.672625 0.577161 0.661264 0.575484 0.650597 0.574776 0.641968
2 0.545833 0.633356 0.543250 0.618852 0.541839 0.619370 0.528073 0.624546 0.526539 0.625407 0.517086 0.633495 0.515440 0.635255 0.515310 0.638620 0.516638 0.650958 0.517148 0.662574 0.518065 0.669653 0.524190 0.667292 0.529740 0.663958 0.533432 0.663023 0.538771 0.660213 0.544503 0.657398 0.547773 0.654769 0.545833 0.638435
2 0.547008 0.661616 0.548693 0.662755 0.554203 0.650958 0.550734 0.645514 0.548385 0.639708 0.548182 0.635352 0.545833 0.633356 0.545833 0.638435 0.547773 0.654769 0.544503 0.657398
2 0.548786 0.673218 0.547008 0.661616 0.544503 0.657398 0.538771 0.660213 0.533432 0.663023 0.529740 0.663958 0.524190 0.667292 0.526398 0.677162 0.527961 0.685986 0.528753 0.682824 0.530268 0.678606 0.533958 0.674153 0.539823 0.670171 0.544898 0.669935
2 0.549193 0.681481 0.548786 0.673218 0.544898 0.669935 0.539823 0.670171 0.533958 0.674153 0.530268 0.678606 0.528753 0.682824 0.527961 0.685986 0.528609 0.689769 0.530201 0.696769 0.530794 0.694542 0.531849 0.691611 0.534289 0.687157 0.537122 0.684347 0.541208 0.681065 0.547141 0.680833
2 0.509049 0.601801 0.504565 0.599875 0.501891 0.598977 0.499432 0.598977 0.498711 0.606431 0.498784 0.630977 0.498237 0.636926 0.502372 0.636088 0.504260 0.636088 0.506372 0.637019 0.506951 0.630718 0.508253 0.604630
2 0.456984 0.549366 0.462622 0.556051 0.462984 0.558750 0.461612 0.563505 0.451346 0.580083 0.446664 0.572301 0.443992 0.570389 0.451677 0.562505
2 0.549974 0.694190 0.546036 0.686167 0.547773 0.683625 0.549167 0.681528 0.547141 0.680833 0.541208 0.681065 0.537122 0.684347 0.534289 0.687157 0.531849 0.691611 0.530794 0.694542 0.530201 0.696769 0.531031 0.700685 0.532867 0.711755 0.532773 0.706491 0.533167 0.703093 0.535409 0.699815 0.538109 0.696181 0.541802 0.694773 0.546151 0.693250
2 0.552161 0.698509 0.549974 0.694190 0.546151 0.693250 0.541802 0.694773 0.538109 0.696181 0.535409 0.699815 0.533167 0.703093 0.532773 0.706491 0.532867 0.711755 0.533234 0.715162 0.536133 0.709069 0.539164 0.705435 0.544701 0.701921 0.550104 0.701338 0.552609 0.702625
2 0.553693 0.711755 0.552609 0.702625 0.550104 0.701338 0.544701 0.701921 0.539164 0.705435 0.536133 0.709069 0.533234 0.715162 0.533992 0.722829 0.535016 0.723528 0.536846 0.718782 0.539362 0.714444 0.542870 0.711597 0.547292 0.709565 0.552021 0.709833
2 0.554352 0.718079 0.553693 0.711755 0.552021 0.709833 0.547292 0.709565 0.542870 0.711597 0.539362 0.714444 0.536846 0.718782 0.535016 0.723528 0.536440 0.724278 0.537768 0.727546 0.539516 0.724477 0.542794 0.720139 0.546987 0.717833 0.551258 0.717153
2 0.554703 0.725449 0.554352 0.718079 0.551258 0.717153 0.546987 0.717833 0.542794 0.720139 0.539516 0.724477 0.537768 0.727546 0.539583 0.734907 0.542185 0.730713 0.545768 0.726778 0.551107 0.725153
2 0.516638 0.650958 0.515310 0.638620 0.507924 0.637769 0.508159 0.641338 0.507333 0.647426 0.507096 0.649106 0.506625 0.650995 0.505206 0.652046 0.503789 0.653097 0.502727 0.655616 0.505443 0.657088 0.511023 0.653139
2 0.517148 0.662574 0.516638 0.650958 0.511023 0.653139 0.505443 0.657088 0.508987 0.662333 0.507143 0.667472 0.510307 0.665296
2 0.526398 0.677162 0.524190 0.667292 0.518065 0.669653 0.517148 0.662574 0.510307 0.665296 0.507143 0.667472 0.505039 0.673597 0.506747 0.686491 0.508099 0.682315 0.512367 0.677296 0.517781 0.673907 0.521901 0.674315
2 0.528609 0.689769 0.526398 0.677162 0.521901 0.674315 0.517781 0.673907 0.512367 0.677296 0.508099 0.682315 0.506747 0.686491 0.506672 0.688931 0.508273 0.696931 0.508732 0.700722 0.508859 0.696819 0.510156 0.693296 0.513284 0.689093 0.517021 0.686245 0.521594 0.684213 0.525635 0.685296
2 0.531031 0.700685 0.528609 0.689769 0.525635 0.685296 0.521594 0.684213 0.517021 0.686245 0.513284 0.689093 0.510156 0.693296 0.508859 0.696819 0.508732 0.700722 0.510180 0.711843 0.510919 0.707037 0.512555 0.702319 0.517044 0.698144 0.522659 0.695787 0.527661 0.697056
2 0.532867 0.711755 0.531031 0.700685 0.527661 0.697056 0.522659 0.695787 0.517044 0.698144 0.512555 0.702319 0.510919 0.707037 0.510180 0.711843 0.511172 0.715634 0.513120 0.717769 0.514391 0.715384 0.517964 0.711032 0.522763 0.708125 0.529193 0.708125
2 0.533992 0.722829 0.532867 0.711755 0.529193 0.708125 0.522763 0.708125 0.517964 0.711032 0.514391 0.715384 0.513120 0.717769 0.518435 0.724699 0.521638 0.721194 0.525315 0.720287 0.525721 0.717745 0.527049 0.717745 0.530521 0.719380
2 0.563289 0.711940 0.552161 0.698509 0.546036 0.686167 0.547773 0.683625 0.550260 0.679769 0.558695 0.671468 0.563391 0.678546 0.570682 0.690310 0.574563 0.694671 0.575948 0.696514 0.577581 0.698870 0.577682 0.702319 0.576766 0.710306 0.570742 0.715569 0.568292 0.714296 0.565841 0.711940
2 0.541292 0.741292 0.537768 0.727546 0.536440 0.724278 0.533992 0.722829 0.530521 0.719380 0.527049 0.717745 0.525721 0.717745 0.525315 0.720287 0.525211 0.721375 0.527458 0.722829 0.531846 0.727181 0.523680 0.733718 0.525286 0.736458 0.524341 0.754306 0.518620 0.754162 0.519687 0.769481 0.521138 0.780190 0.524263 0.782903 0.524951 0.780190 0.528383 0.774093 0.530516 0.770565 0.532646 0.769213 0.536263 0.763880 0.541997 0.750704
2 0.543484 0.771463 0.539896 0.769347 0.537500 0.774546 0.533440 0.772037 0.532646 0.769213 0.530516 0.770565 0.528383 0.774093 0.524951 0.780190 0.524263 0.782903 0.531432 0.789412 0.532195 0.788056 0.533872 0.785616 0.537076 0.782769 0.540583 0.781005 0.544813 0.779815 0.543995 0.776546
2 0.554703 0.725449 0.549323 0.732037 0.543497 0.737528 0.541292 0.741292 0.541997 0.750704 0.536263 0.763880 0.532646 0.769213 0.533440 0.772037 0.537500 0.774546 0.543497 0.761370 0.544823 0.763407 0.547057 0.763296 0.548385 0.761120 0.551755 0.751319 0.554919 0.739704 0.556654 0.729903 0.558594 0.722463 0.556997 0.719963
2 0.558594 0.722463 0.556654 0.729903 0.554919 0.739704 0.551755 0.751319 0.548385 0.761120 0.547057 0.763296 0.544711 0.765292 0.543893 0.767106 0.543484 0.771463 0.543995 0.776546 0.544813 0.779815 0.546956 0.782898 0.548182 0.779269 0.551141 0.770375 0.554307 0.768014 0.562268 0.763662 0.564005 0.766745 0.566148 0.766019 0.565229 0.756764 0.564005 0.744968 0.565128 0.744606 0.568393 0.752954 0.568802 0.752773 0.568495 0.747144 0.565432 0.739343 0.564719 0.737347 0.562880 0.732444 0.560125 0.728088
2 0.564005 0.766745 0.562268 0.763662 0.554307 0.768014 0.551141 0.770375 0.548182 0.779269 0.546956 0.782898 0.546956 0.790884 0.547875 0.794514 0.550630 0.795963 0.551641 0.795310 0.556542 0.786236 0.558992 0.781338 0.561859 0.772556
2 0.572672 0.792227 0.576661 0.789250 0.578500 0.781991 0.579521 0.770921 0.579112 0.759667 0.578909 0.744968 0.575846 0.744787 0.572682 0.742245 0.569414 0.739162 0.568089 0.738435 0.565432 0.739343 0.568495 0.747144 0.568802 0.752773 0.568393 0.752954 0.565128 0.744606 0.564005 0.744968 0.565229 0.756764 0.566148 0.766019 0.564005 0.766745 0.561859 0.772556 0.558992 0.781338 0.561443 0.788958 0.564911 0.793134 0.568589 0.793861
2 0.572672 0.792227 0.576958 0.815819 0.576448 0.821806 0.575029 0.827000 0.571661 0.824278 0.563495 0.818106 0.559818 0.814477 0.555940 0.810301 0.551745 0.806565 0.551641 0.795310 0.556542 0.786236 0.558992 0.781338 0.561443 0.788958 0.564911 0.793134 0.568589 0.793861
2 0.571661 0.824278 0.575029 0.827000 0.577786 0.830264 0.577479 0.836074 0.565026 0.858940 0.563341 0.858722 0.565331 0.851681 0.569414 0.837523
2 0.563495 0.818106 0.571661 0.824278 0.569414 0.837523 0.565331 0.851681 0.563341 0.858722 0.553693 0.852588 0.557063 0.845148 0.560737 0.831352
2 0.555940 0.810301 0.559818 0.814477 0.563495 0.818106 0.560737 0.831352 0.557063 0.845148 0.553693 0.852588 0.545935 0.847685 0.551245 0.832259 0.554612 0.819014
3 0.450531 0.824000 0.450885 0.821060 0.450885 0.818329 0.449669 0.814759 0.443031 0.814028 0.440172 0.812579 0.438945 0.810940 0.438023 0.810940 0.436086 0.812389 0.435471 0.815833 0.435578 0.821458 0.435685 0.826731
5 0.498167 0.695051 0.502182 0.696310 0.506435 0.699458 0.507497 0.706389 0.506034 0.710630 0.502253 0.716301 0.500411 0.713949 0.498049 0.713741
5 0.578909 0.744968 0.579521 0.739523 0.579214 0.731356 0.576661 0.724644 0.573724 0.719583 0.570742 0.715569 0.568292 0.714296 0.565841 0.711940 0.563289 0.711940 0.561453 0.713389 0.559411 0.716838 0.558594 0.719921 0.558594 0.722463 0.560125 0.728088 0.562880 0.732444 0.564719 0.737347 0.565432 0.739343 0.568089 0.738435 0.569414 0.739162 0.572682 0.742245 0.575846 0.744787
5 0.548182 0.635352 0.549201 0.631884 0.553013 0.628769 0.554081 0.627005 0.555453 0.628769 0.557206 0.635681 0.559951 0.639745 0.562849 0.641236 0.565135 0.642593 0.566432 0.642458 0.566661 0.646796 0.561628 0.648829 0.556214 0.648287 0.552859 0.647611 0.550734 0.645514 0.548385 0.639708
5 0.554081 0.627005 0.556245 0.618657 0.557063 0.615208 0.559513 0.612120 0.561656 0.611032 0.565128 0.609944 0.571047 0.610491 0.574927 0.613935 0.577786 0.619199 0.578297 0.626278 0.577888 0.630269 0.575839 0.636171 0.575036 0.636338 0.574161 0.639005 0.571661 0.641157 0.568292 0.642792 0.566432 0.642458 0.565135 0.642593 0.562849 0.641236 0.559951 0.639745 0.557206 0.635681 0.555453 0.628769
5 0.424872 0.525477 0.429247 0.522741 0.433495 0.522519 0.437745 0.524403 0.440367 0.527069 0.441680 0.532403 0.441680 0.536736 0.441430 0.541287 0.440742 0.544398 0.439117 0.547509 0.437958 0.541542 0.432969 0.528306
5 0.545474 0.532213 0.545411 0.526875 0.546206 0.520963 0.548518 0.514796 0.551628 0.511713 0.557773 0.511968 0.561169 0.513384 0.564930 0.518653 0.562036 0.518394 0.555151 0.529458 0.549247 0.521370 0.546924 0.531009
5 0.551628 0.511713 0.546495 0.509912 0.541362 0.514023 0.538760 0.520324 0.538326 0.524176 0.537523 0.527736 0.538398 0.531625 0.539336 0.533958 0.540336 0.537292 0.540898 0.538181 0.542667 0.538579 0.545474 0.532213 0.545411 0.526875 0.546206 0.520963 0.548518 0.514796
5 0.543284 0.512394 0.542779 0.503912 0.542128 0.499542 0.539310 0.496458 0.536417 0.495301 0.531719 0.497356 0.527453 0.504167 0.525862 0.508796 0.525430 0.512394 0.525430 0.517407 0.525862 0.521259 0.526948 0.525500 0.533815 0.525759 0.538586 0.522032 0.538760 0.520324 0.541362 0.514023
5 0.572469 0.501144 0.568286 0.499657 0.564521 0.499806 0.559669 0.502333 0.557411 0.504116 0.555990 0.507833 0.555906 0.511847 0.557773 0.511968 0.561169 0.513384 0.564930 0.518653 0.566781 0.519134 0.567617 0.521514 0.571297 0.525977 0.572133 0.518838 0.572635 0.514375 0.573388 0.508431
5 0.562932 0.464713 0.561008 0.462778 0.557997 0.462481 0.553063 0.464116 0.548547 0.468579 0.547625 0.469620 0.545534 0.473486 0.544951 0.478690 0.545034 0.483597 0.547039 0.486569 0.550888 0.486125 0.554987 0.485528 0.560005 0.482259 0.561427 0.478241 0.563099 0.476014 0.563685 0.469769
2 0.525430 0.517407 0.525862 0.521259 0.526948 0.525500 0.522568 0.524694 0.520326 0.524176 0.518880 0.523662 0.517940 0.523662 0.517505 0.525463 0.518518 0.526875 0.521279 0.529181 0.519841 0.529736 0.518031 0.530625 0.516844 0.531958 0.515531 0.532847 0.514844 0.534847 0.511437 0.534056 0.506956 0.533671 0.508034 0.528736 0.509221 0.522185 0.510221 0.520852 0.510630 0.513750 0.512219 0.515685 0.515482 0.517468 0.522591 0.517468
2 0.574563 0.694671 0.574563 0.680394 0.575508 0.672625 0.577161 0.661264 0.575484 0.650597 0.574776 0.641968 0.574161 0.639005 0.575036 0.636338 0.575839 0.636171 0.577516 0.640560 0.580599 0.652801 0.581568 0.663782 0.580458 0.685287 0.579313 0.694380 0.580021 0.702694 0.580729 0.706306 0.580458 0.712417 0.581073 0.734273 0.579477 0.736940 0.579214 0.731356 0.576661 0.724644 0.576766 0.710306 0.577682 0.702319 0.577581 0.698870 0.575948 0.696514
2 0.443992 0.570389 0.443242 0.569278 0.437740 0.555551 0.437161 0.557093 0.436729 0.559662 0.431208 0.579282 0.432883 0.578991 0.434393 0.579884
2 0.544813 0.779815 0.540583 0.781005 0.537076 0.782769 0.533872 0.785616 0.532195 0.788056 0.531432 0.789412 0.539443 0.796472 0.548078 0.803222 0.551745 0.806565 0.551641 0.795310 0.550630 0.795963 0.547875 0.794514 0.546956 0.790884 0.546956 0.782898
2 0.432867 0.520028 0.429354 0.499954 0.423583 0.481662 0.419234 0.465750 0.418732 0.467389 0.418062 0.474375 0.417143 0.481069 0.414216 0.490287 0.412125 0.492519 0.419818 0.528333 0.421469 0.526556 0.421953 0.524060 0.424872 0.525477 0.429247 0.522741
2 0.432867 0.520028 0.429354 0.499954 0.423583 0.481662 0.424797 0.467750 0.424797 0.460380 0.423112 0.459227 0.423242 0.447250 0.423112 0.421681 0.422076 0.420759 0.422206 0.406713 0.428424 0.411546 0.430367 0.410856 0.432958 0.401644 0.433865 0.382986 0.432570 0.382528 0.423891 0.379764 0.425185 0.362949 0.427000 0.337384 0.429719 0.345444 0.427776 0.354889 0.427518 0.363181 0.430109 0.363412 0.433477 0.363639 0.434901 0.375157 0.437104 0.377231 0.437078 0.383690 0.437078 0.393852 0.436846 0.413620 0.436846 0.421912 0.437365 0.424218 0.438141 0.427208 0.439307 0.434352 0.441250 0.449093 0.436716 0.445639 0.434901 0.460148 0.435549 0.483870 0.433729 0.483051 0.432716 0.482926 0.431125 0.482926 0.429536 0.483181 0.428307 0.485625 0.427945 0.487935 0.428378 0.490764 0.429464 0.492435 0.431271 0.492435 0.433151 0.491537 0.434669 0.490634 0.435318 0.490380 0.437302 0.508130
2 0.454010 0.812593 0.456406 0.815204 0.458654 0.815204 0.461919 0.811028 0.463552 0.807944 0.463500 0.795815 0.463552 0.790338 0.466820 0.788343 0.467534 0.770736 0.466719 0.760574 0.466003 0.758759 0.464268 0.756583 0.460594 0.754222 0.460802 0.764958 0.458167 0.800694 0.456979 0.805731
2 0.457359 0.398912 0.457292 0.410139 0.446919 0.429319 0.443573 0.435713 0.445581 0.442704 0.445414 0.451921 0.441250 0.449093 0.439307 0.434352 0.438141 0.427208 0.437365 0.424218 0.436846 0.421912 0.436846 0.413620 0.437078 0.393852 0.439063 0.393852 0.439594 0.395468 0.439664 0.398324 0.439203 0.401032 0.439063 0.403199 0.439440 0.405380 0.443786 0.405380 0.444164 0.404833 0.445310 0.403889 0.445924 0.403889 0.447141 0.404287 0.447979 0.405505 0.449279 0.406181 0.451500 0.405236 0.452552 0.401727 0.453083 0.397023 0.453745 0.395028 0.455255 0.390935 0.456508 0.390472 0.457891 0.390472
2 0.441922 0.342051 0.443693 0.341944 0.445346 0.341255 0.447672 0.340935 0.449893 0.340935 0.452068 0.342051 0.454169 0.343477 0.455432 0.342259 0.457794 0.341083 0.459578 0.340852 0.461953 0.341208 0.464125 0.342954 0.471297 0.356037 0.474484 0.361727 0.474201 0.365569 0.470706 0.366745 0.466737 0.368759 0.465745 0.369060 0.464518 0.362375 0.463216 0.355690 0.461263 0.352995 0.458661 0.345412 0.458083 0.342583 0.449625 0.348880
2 0.536849 0.840426 0.545935 0.847685 0.551245 0.832259 0.554612 0.819014 0.555940 0.810301 0.548078 0.803222 0.546344 0.812296 0.540117 0.832806
2 0.539443 0.796472 0.548078 0.803222 0.546344 0.812296 0.540117 0.832806 0.536849 0.840426 0.531255 0.834083 0.529604 0.832671 0.532062 0.827329 0.535479 0.815907 0.538760 0.803273
2 0.521138 0.780190 0.539443 0.796472 0.538760 0.803273 0.535479 0.815907 0.532062 0.827329 0.529604 0.832671 0.525258 0.828815 0.516562 0.819778 0.508404 0.812319 0.504302 0.807722 0.504893 0.804560 0.511031 0.781759 0.513206 0.775449
2 0.505039 0.673597 0.508987 0.662333 0.505443 0.657088 0.502727 0.655616 0.503789 0.653097 0.505206 0.652046 0.506625 0.650995 0.507096 0.649106 0.507333 0.647426 0.508159 0.641338 0.507924 0.637769 0.504260 0.636088 0.502372 0.636088 0.498237 0.636926 0.498414 0.672241 0.500781 0.676852 0.502599 0.677528
2 0.511172 0.715634 0.510180 0.711843 0.508732 0.700722 0.508273 0.696931 0.506672 0.688931 0.506747 0.686491 0.505039 0.673597 0.502599 0.677528 0.500781 0.676852 0.498414 0.672241 0.498167 0.695051 0.502182 0.696310 0.506435 0.699458 0.507497 0.706389 0.506034 0.710630
2 0.511031 0.781759 0.513206 0.775449 0.521138 0.780190 0.519687 0.769481 0.516258 0.767315 0.512596 0.767315 0.512521 0.771514 0.503445 0.770431 0.501617 0.770972 0.499253 0.774769 0.499862 0.789273 0.500708 0.795880 0.502383 0.791014 0.506706 0.784426
2 0.504893 0.804560 0.511031 0.781759 0.506706 0.784426 0.502383 0.791014 0.500708 0.795880 0.501143 0.799917 0.501599 0.808120
2 0.516562 0.819778 0.508404 0.812319 0.505656 0.817338 0.504896 0.820995 0.504167 0.824259 0.504591 0.826815 0.506271 0.835569 0.507107 0.831708 0.509013 0.826556 0.513435 0.821403
2 0.525258 0.828815 0.516562 0.819778 0.513435 0.821403 0.509013 0.826556 0.507107 0.831708 0.506271 0.835569 0.507687 0.844602 0.508320 0.849787 0.510760 0.840880 0.514779 0.835375 0.519526 0.832093 0.523479 0.830102
2 0.510487 0.863667 0.509305 0.856736 0.508320 0.849787 0.510760 0.840880 0.514779 0.835375 0.519526 0.832093 0.523479 0.830102 0.525258 0.828815 0.531255 0.834083 0.535870 0.862676 0.528357 0.863727
2 0.507687 0.844602 0.506271 0.835569 0.501781 0.832630 0.496229 0.832630 0.495875 0.844389 0.500128 0.842708 0.505089 0.843759
2 0.509305 0.856736 0.507687 0.844602 0.505089 0.843759 0.500128 0.842708 0.495875 0.844389 0.495721 0.852116 0.498792 0.851907 0.502927 0.851907 0.506706 0.853375
2 0.475690 0.397968 0.475891 0.404380 0.476279 0.407819 0.476375 0.412639 0.476182 0.418315 0.475503 0.421412 0.473859 0.424338 0.472794 0.426917 0.472021 0.429671 0.471536 0.431907 0.470568 0.435347 0.470661 0.448222 0.468133 0.448741 0.459891 0.451565 0.454107 0.442569 0.452411 0.440907 0.453573 0.428690 0.455510 0.413551 0.457292 0.410139 0.457359 0.398912 0.458753 0.399963 0.459732 0.400782 0.458422 0.405106 0.461586 0.405106 0.462378 0.403954 0.463490 0.400889 0.464221 0.398431 0.464740 0.396690 0.465344 0.394694 0.465862 0.392699 0.466323 0.391648 0.466984 0.391880 0.467516 0.393620 0.467906 0.395153 0.468107 0.396560 0.468107 0.398787 0.467906 0.400426 0.467516 0.401727 0.467846 0.402546 0.468237 0.402296 0.471862 0.399144
2 0.461049 0.617787 0.460354 0.605611 0.465464 0.603579 0.467445 0.599375 0.470724 0.599782 0.469828 0.638556 0.467622 0.637144 0.465503 0.637144 0.466385 0.630662 0.466385 0.624023 0.465776 0.619954 0.464174 0.617106
2 0.578297 0.626278 0.579026 0.623653 0.582135 0.581884 0.583003 0.574944 0.583581 0.570315 0.583508 0.567361 0.582930 0.566074 0.581990 0.565176 0.579099 0.565176 0.578880 0.568005 0.578737 0.583810 0.578591 0.585866 0.576135 0.585995 0.577219 0.590620 0.577724 0.598333 0.576568 0.608616 0.574617 0.608227 0.572737 0.606944 0.565057 0.605421 0.565128 0.609944 0.571047 0.610491 0.574927 0.613935 0.577786 0.619199
2 0.463044 0.665250 0.463307 0.662907 0.464362 0.652009 0.465021 0.643222 0.464031 0.639236 0.462573 0.636088 0.461734 0.636088 0.455635 0.651810 0.457245 0.652009 0.459089 0.653884 0.460935 0.656111 0.462516 0.660796
2 0.462318 0.672398 0.463044 0.665250 0.462516 0.660796 0.460935 0.656111 0.459089 0.653884 0.457245 0.652009 0.455635 0.651810 0.454109 0.651269 0.449862 0.651074 0.449591 0.653347 0.449130 0.654986 0.442542 0.659671 0.441164 0.665130 0.444393 0.661384 0.445711 0.660329 0.448018 0.658338 0.451378 0.658338 0.454409 0.658454 0.457573 0.659977 0.460143 0.662556 0.461594 0.667005
2 0.462318 0.676731 0.462318 0.672398 0.461594 0.667005 0.460143 0.662556 0.457573 0.659977 0.454409 0.658454 0.451378 0.658338 0.448018 0.658338 0.445711 0.660329 0.444393 0.661384 0.441164 0.665130 0.439714 0.674972 0.440359 0.676671 0.442086 0.672278 0.444260 0.669352 0.446435 0.667944 0.449336 0.667241 0.452500 0.667241 0.454740 0.667944 0.457904 0.669352 0.460935 0.672514
2 0.462187 0.688917 0.462318 0.676731 0.460935 0.672514 0.457904 0.669352 0.454740 0.667944 0.452500 0.667241 0.449336 0.667241 0.446435 0.667944 0.444260 0.669352 0.442086 0.672278 0.440359 0.676671 0.440977 0.681532 0.443271 0.678491 0.445380 0.676731 0.447885 0.675912 0.449995 0.675208 0.454344 0.675676 0.457508 0.678019 0.460406 0.682824
2 0.462187 0.695245 0.462187 0.688917 0.460406 0.682824 0.457508 0.678019 0.454344 0.675676 0.449995 0.675208 0.447885 0.675912 0.445380 0.676731 0.443271 0.678491 0.440977 0.681532 0.442810 0.683412 0.443667 0.685051 0.444656 0.688681 0.448083 0.685403 0.449732 0.685282 0.452565 0.685634 0.456320 0.687745 0.458958 0.690556
2 0.461461 0.708833 0.461461 0.705556 0.462187 0.695245 0.458958 0.690556 0.456320 0.687745 0.452565 0.685634 0.449732 0.685282 0.448083 0.685403 0.444656 0.688681 0.447424 0.691259 0.448544 0.691963 0.448083 0.696417 0.452104 0.695713 0.455003 0.696769 0.458430 0.699931 0.460406 0.704384
2 0.461792 0.719731 0.461461 0.708833 0.460406 0.704384 0.458430 0.699931 0.455003 0.696769 0.452104 0.695713 0.448083 0.696417 0.442284 0.711528 0.444578 0.708616 0.447628 0.708208 0.450982 0.708208 0.455635 0.710106 0.458760 0.712954
2 0.424919 0.606870 0.422799 0.604833 0.421174 0.604704 0.416448 0.608227 0.411794 0.612704 0.410536 0.616282 0.417859 0.619574 0.417948 0.642319 0.425094 0.643889
2 0.461049 0.730306 0.461734 0.722440 0.461792 0.719731 0.458760 0.712954 0.455635 0.710106 0.450982 0.708208 0.447628 0.708208 0.444578 0.708616 0.442284 0.711528 0.438922 0.720315 0.437266 0.719444 0.437104 0.728269 0.439315 0.725153 0.441070 0.722713 0.444729 0.719324 0.447169 0.718375 0.450677 0.718375 0.455406 0.720139 0.459219 0.724611
2 0.460667 0.741287 0.461049 0.732204 0.461049 0.730306 0.459219 0.724611 0.455406 0.720139 0.450677 0.718375 0.447169 0.718375 0.444729 0.719324 0.441070 0.722713 0.439315 0.725153 0.437104 0.728269 0.437104 0.737898 0.439773 0.733829 0.443052 0.730574 0.447703 0.728949 0.451135 0.728949 0.456245 0.731662 0.458990 0.736134
2 0.460591 0.752130 0.460667 0.741287 0.458990 0.736134 0.456245 0.731662 0.451135 0.728949 0.447703 0.728949 0.443052 0.730574 0.439773 0.733829 0.437104 0.737898 0.436909 0.743699 0.439563 0.741884 0.445688 0.739162 0.449057 0.739162 0.453958 0.740431 0.458143 0.743880
2 0.460802 0.764958 0.460594 0.754222 0.460591 0.752130 0.458143 0.743880 0.453958 0.740431 0.449057 0.739162 0.445688 0.739162 0.439563 0.741884 0.436909 0.743699 0.437029 0.754028 0.436951 0.758907 0.441492 0.752069 0.445776 0.750079 0.450323 0.749843 0.455003 0.752537 0.459089 0.758630
2 0.469370 0.692898 0.469172 0.675560 0.467065 0.673569 0.464690 0.672398 0.462318 0.672398 0.462318 0.676731 0.462187 0.688917 0.462187 0.695245 0.464229 0.694074 0.466602 0.693250
2 0.434565 0.647486 0.431094 0.617222 0.429771 0.605301 0.424919 0.606870 0.425094 0.643889 0.426065 0.645611 0.431797 0.649245
2 0.464268 0.756583 0.467758 0.749963 0.468445 0.723662 0.465776 0.721356 0.463794 0.721630 0.461734 0.722440 0.461049 0.732204 0.460667 0.741287 0.460591 0.752130 0.460594 0.754222
2 0.449669 0.814759 0.451773 0.814167 0.454010 0.812593 0.456979 0.805731 0.458167 0.800694 0.460802 0.764958 0.459089 0.758630 0.455003 0.752537 0.450323 0.749843 0.445776 0.750079 0.441492 0.752069 0.436951 0.758907 0.436937 0.776356 0.435755 0.798824 0.436937 0.806384 0.438023 0.810940 0.438945 0.810940 0.440172 0.812579 0.443031 0.814028
5 0.297013 0.203889 0.288721 0.187306 0.294810 0.183389 0.308674 0.177398 0.311911 0.175097 0.316057 0.171644 0.321370 0.171644 0.331484 0.192037 0.343005 0.212407 0.357388 0.241662 0.371185 0.271329 0.373984 0.280079 0.374555 0.283259 0.376224 0.285444 0.376458 0.288046 0.372870 0.284847 0.369734 0.282472 0.366146 0.278491 0.361979 0.280648 0.359266 0.284731 0.335143 0.254995 0.306938 0.217222
5 0.357547 0.158755 0.356435 0.154731 0.355596 0.153046 0.355523 0.149398 0.359219 0.149204 0.362883 0.148806 0.362883 0.147792 0.358784 0.143718 0.358755 0.142060 0.361227 0.140282 0.364388 0.132481 0.363685 0.130005 0.362427 0.128514 0.362516 0.125519 0.365508 0.125852 0.372786 0.132907 0.378664 0.138218 0.384917 0.144190 0.389536 0.148009 0.395753 0.153481 0.403409 0.161954 0.415229 0.173750 0.423760 0.180292 0.433701 0.189894 0.442901 0.199713 0.447419 0.204171 0.447044 0.206278 0.448794 0.213167 0.449609 0.219051 0.456609 0.225056 0.455227 0.227278 0.454115 0.228287 0.453177 0.229907 0.451172 0.228051 0.449734 0.227046 0.447943 0.231296 0.446706 0.239412 0.439331 0.231185 0.439766 0.240181 0.440266 0.249509 0.434219 0.242505 0.424984 0.232806 0.411701 0.218213 0.396148 0.201894 0.379083 0.182597 0.362451 0.164551
5 0.384917 0.144190 0.377315 0.135782 0.371388 0.129644 0.368401 0.126907 0.368401 0.125662 0.370081 0.123171 0.374234 0.120435 0.375401 0.119190 0.376521 0.112801 0.377409 0.110560 0.381047 0.102597 0.383055 0.102264 0.383570 0.102500 0.384411 0.103250 0.410234 0.129417 0.441930 0.159255 0.468906 0.185454 0.466456 0.189551 0.466456 0.189551 0.465057 0.192620 0.463003 0.198014 0.461883 0.200171 0.461229 0.200088 0.460622 0.199009 0.459596 0.200333 0.460016 0.202412 0.458661 0.206560 0.456328 0.208051 0.456281 0.209546 0.454010 0.212546 0.447419 0.204171 0.442901 0.199713 0.433701 0.189894 0.423760 0.180292 0.415229 0.173750 0.403409 0.161954 0.395753 0.153481 0.389536 0.148009
5 0.464870 0.234852 0.462633 0.232213 0.459487 0.232356 0.457607 0.233384 0.456609 0.233602 0.453638 0.235727 0.452146 0.237019 0.450979 0.238903 0.451461 0.240102 0.462190 0.251861 0.474815 0.265917 0.494823 0.288435 0.498818 0.293671 0.507609 0.302417 0.525440 0.323931 0.533424 0.333111 0.534596 0.334616 0.535724 0.338417 0.535951 0.339593 0.531870 0.341514 0.530984 0.342181 0.531474 0.344005 0.539958 0.353324 0.541630 0.352431 0.541044 0.350500 0.541044 0.345296 0.543135 0.343958 0.546984 0.349014 0.548823 0.347676 0.548992 0.343065 0.552003 0.347676 0.554094 0.347227 0.554010 0.342917 0.556518 0.331167 0.559279 0.325815 0.562307 0.327806 0.563315 0.327157 0.562786 0.326019 0.559375 0.322639 0.557318 0.320694 0.553078 0.316412 0.551865 0.314755 0.550130 0.314398 0.547383 0.311681 0.544583 0.314171 0.542344 0.311602 0.540198 0.310602 0.538469 0.311185 0.536695 0.311269 0.514576 0.287454 0.489557 0.260986
5 0.451461 0.240102 0.449839 0.242657 0.446706 0.239412 0.439331 0.231185 0.439766 0.240181 0.440266 0.249509 0.440211 0.252102 0.437727 0.253926 0.434974 0.255463 0.433948 0.257000 0.436797 0.259120 0.445964 0.269815 0.464237 0.290875 0.480622 0.308231 0.488049 0.313931 0.500633 0.331287 0.511859 0.346162 0.517961 0.354032 0.521133 0.351491 0.526328 0.345542 0.531870 0.341514 0.535951 0.339593 0.535724 0.338417 0.534596 0.334616 0.533424 0.333111 0.525440 0.323931 0.507609 0.302417 0.498818 0.293671 0.494823 0.288435 0.474815 0.265917 0.462190 0.251861
