0 0.344443 0.310194 0.343318 0.308639 0.341193 0.309750 0.336693 0.314194 0.334070 0.317745 0.331203 0.329620 0.330552 0.337917 0.330971 0.346472 0.328909 0.350148 0.328029 0.352468 0.322654 0.354958 0.322518 0.360602 0.323206 0.379569 0.324823 0.387046 0.324755 0.395921 0.326773 0.404273 0.329453 0.410574 0.333208 0.415838 0.334008 0.416093 0.336107 0.418069 0.339023 0.429644 0.342060 0.433241 0.343260 0.442264 0.344667 0.444662 0.348552 0.446194 0.355625 0.447250 0.357406 0.449838 0.358706 0.450037 0.360380 0.449259 0.361674 0.446773 0.363023 0.442741 0.366385 0.442306 0.367977 0.435019 0.364773 0.424458 0.360375 0.417736 0.359219 0.412981 0.359438 0.405653 0.359943 0.398708 0.359362 0.388815 0.359799 0.387014 0.360229 0.383157 0.369846 0.381106 0.372232 0.386245 0.373607 0.392412 0.374831 0.399352 0.375464 0.404931 0.375357 0.409829 0.373518 0.415306 0.372333 0.420491 0.377031 0.426056 0.380487 0.430454 0.381372 0.433366 0.384872 0.433032 0.388003 0.431866 0.390383 0.430375 0.392526 0.428301 0.393557 0.425810 0.394299 0.422157 0.394299 0.415681 0.394464 0.406463 0.394063 0.397079 0.395937 0.392412 0.398055 0.387213 0.399497 0.381560 0.400797 0.373852 0.400943 0.364079 0.400961 0.358014 0.401542 0.355259 0.400961 0.349236 0.399023 0.335644 0.397188 0.334606 0.395349 0.334606 0.393026 0.329801 0.388203 0.329676 0.383180 0.330611 0.383104 0.323412 0.382672 0.314792 0.381154 0.309019 0.373276 0.305796
2 0.535438 0.544620 0.535672 0.543880 0.536224 0.542824 0.537578 0.540787 0.538542 0.540648 0.538880 0.538750 0.539714 0.536759 0.540651 0.534954 0.541615 0.534028 0.542214 0.534648 0.542492 0.535579 0.543294 0.537019 0.543201 0.540833 0.542641 0.546806 0.541661 0.552366 0.542268 0.557343 0.542453 0.565144 0.540091 0.565958 0.539094 0.566139 0.539141 0.558421 0.539141 0.554356 0.538628 0.551870 0.538440 0.548634 0.538440 0.541745 0.536201 0.545231
2 0.545677 0.489259 0.547102 0.489278 0.547102 0.488157 0.547857 0.487245 0.549299 0.487569 0.550294 0.490995 0.550807 0.495815 0.550659 0.501116 0.550961 0.503208 0.551531 0.505671 0.551242 0.507880 0.551737 0.509042 0.551344 0.511356 0.551242 0.516028 0.551125 0.523829 0.549565 0.524241 0.546474 0.516486 0.543638 0.519819 0.542023 0.516718 0.540680 0.514750 0.541828 0.513870 0.543990 0.511694 0.546229 0.508458 0.547854 0.502171 0.548221 0.497907 0.548125 0.493750 0.547721 0.491981
2 0.543419 0.488870 0.537393 0.489301 0.534586 0.495741 0.541901 0.501185 0.540156 0.512759 0.541620 0.511954 0.544060 0.509782 0.545628 0.506560 0.546779 0.503088 0.547477 0.499250 0.546917 0.495588 0.546151 0.491806
1 0.540680 0.514750 0.541828 0.513870 0.543990 0.511694 0.546229 0.508458 0.547854 0.502171 0.548221 0.497907 0.548125 0.493750 0.547721 0.491981 0.545677 0.489259 0.543932 0.487500 0.540365 0.484537 0.536042 0.480880 0.533997 0.480315 0.532539 0.480037 0.530422 0.479676 0.530422 0.479676 0.528698 0.480741 0.527396 0.483889 0.526951 0.487981 0.526055 0.488838 0.525599 0.493796 0.525885 0.498750 0.527240 0.504120 0.528906 0.507917 0.529583 0.507407 0.528125 0.503935 0.527448 0.499306 0.526927 0.494074 0.527578 0.489583 0.528932 0.486759 0.531198 0.484352 0.531068 0.481806 0.535182 0.483194 0.537578 0.485046 0.543419 0.488870 0.546151 0.491806 0.546917 0.495588 0.547477 0.499250 0.546779 0.503088 0.545628 0.506560 0.544060 0.509782 0.541620 0.511954 0.540156 0.512759
2 0.533732 0.482681 0.531068 0.481806 0.531198 0.484352 0.528932 0.486759 0.527578 0.489583 0.526927 0.494074 0.527448 0.499306 0.528125 0.503935 0.529583 0.507407 0.531529 0.508347 0.533339 0.502000 0.533534 0.492102 0.534104 0.484977
7 0.527154 0.536421 0.534586 0.495741 0.541901 0.501185 0.537464 0.530398 0.535211 0.530176 0.532026 0.531181 0.529464 0.534065
2 0.538109 0.576981 0.522781 0.573968 0.521167 0.581856 0.538391 0.584440
10 0.421250 0.329537 0.421888 0.336588 0.421234 0.346532 0.420211 0.351787 0.418102 0.355852 0.415026 0.360144 0.415281 0.362653 0.416815 0.363014 0.418589 0.364162 0.420203 0.365523 0.421740 0.364736 0.424083 0.364829 0.425357 0.361389 0.426680 0.359579 0.428411 0.357315 0.430073 0.355269 0.429836 0.351565 0.429237 0.348417 0.428612 0.345407 0.427622 0.342213 0.426221 0.341019 0.425000 0.339301 0.423370 0.335769 0.422299 0.333236 0.421589 0.329611
17 0.430724 0.307954 0.428771 0.323648 0.426073 0.322843 0.425552 0.327102 0.426802 0.326639 0.426750 0.327565 0.425578 0.329046 0.425604 0.329602 0.426547 0.330486 0.426599 0.331921 0.425583 0.331644 0.425427 0.334236 0.425010 0.334792 0.424854 0.336319 0.423523 0.334051 0.422555 0.330157 0.421484 0.327620 0.421281 0.325810 0.421180 0.320287 0.421841 0.316032 0.422810 0.313139 0.424185 0.310421 0.425815 0.308250 0.427750 0.306528 0.429479 0.306167
1 0.387359 0.329824 0.387206 0.325972 0.387630 0.322167 0.388354 0.318741 0.389685 0.314829 0.391602 0.312477 0.393693 0.309954 0.396190 0.308468 0.398646 0.307764 0.400469 0.307852 0.402029 0.308407 0.403672 0.309611 0.405156 0.310815 0.406794 0.313171 0.408914 0.317727 0.409758 0.321644 0.409948 0.326329 0.409711 0.329847 0.408820 0.334514 0.408096 0.337944 0.411000 0.330347 0.411685 0.331352 0.409628 0.338380 0.409651 0.340102 0.409234 0.344088 0.408195 0.343764 0.407932 0.343440 0.407125 0.345056 0.405711 0.346866 0.404198 0.348398 0.402417 0.349551 0.400961 0.349236 0.400859 0.348565 0.402891 0.347546 0.404714 0.346065 0.405807 0.344444 0.407760 0.341898 0.408516 0.341898 0.408307 0.339028 0.407943 0.340556 0.407292 0.341296 0.406510 0.340000 0.406562 0.338565 0.408333 0.332639 0.409036 0.327176 0.408932 0.322685 0.408464 0.319954 0.407109 0.316481 0.403802 0.312407 0.400495 0.310509 0.396797 0.310556 0.393802 0.312222 0.391042 0.315509 0.389661 0.318565 0.388437 0.321852 0.388099 0.325880 0.388203 0.329676
10 0.480247 0.542454 0.478880 0.543148 0.476745 0.545463 0.476094 0.547361 0.475698 0.550032 0.475849 0.554458 0.475945 0.556255 0.477063 0.556875 0.477758 0.558241 0.478281 0.561019 0.479271 0.563426 0.482057 0.563519 0.483479 0.561977 0.488385 0.554630 0.488359 0.552639 0.488047 0.549954 0.487552 0.548148 0.482560 0.551620 0.481076 0.551759 0.480112 0.551065 0.479721 0.549213 0.480138 0.547917 0.481102 0.546019 0.482326 0.545231
1 0.515224 0.518898 0.518138 0.517745 0.519542 0.513519 0.520622 0.508625 0.520406 0.500944 0.517654 0.495278 0.520029 0.494991 0.519922 0.494319 0.516951 0.492014 0.513711 0.485681 0.511768 0.483375 0.510865 0.482551 0.511437 0.479657 0.511437 0.475644 0.510625 0.471463 0.509505 0.469676 0.511693 0.468796 0.513021 0.468843 0.514174 0.469685 0.513576 0.469963 0.514539 0.473620 0.515242 0.474963 0.515763 0.479083 0.516128 0.481630 0.516961 0.481815 0.516237 0.482889 0.515539 0.483213 0.515086 0.485199 0.516133 0.485630 0.516516 0.485319 0.516307 0.486190 0.517771 0.486560 0.519227 0.486995 0.518635 0.487181 0.518669 0.488421 0.520029 0.491894 0.521005 0.490898 0.519229 0.486907 0.520315 0.486935 0.521083 0.486935 0.521362 0.485755 0.518956 0.485199 0.516474 0.485310 0.516279 0.484324 0.517690 0.484037 0.518901 0.481315 0.518497 0.479662 0.517013 0.481690 0.516805 0.479037 0.515971 0.474454 0.515398 0.472463 0.515990 0.469491 0.518073 0.470648 0.520299 0.472634 0.522852 0.476523 0.522409 0.476866 0.521401 0.476653 0.520997 0.482745 0.522005 0.484542 0.522693 0.482532 0.522404 0.477005 0.524310 0.479208 0.524831 0.481986 0.525560 0.486060 0.526055 0.488838 0.525599 0.493796 0.525885 0.498750 0.527240 0.504120 0.528906 0.507917 0.529583 0.507407 0.531529 0.508347 0.533339 0.502000 0.527081 0.536014 0.526924 0.533051 0.526508 0.531245 0.525049 0.527403 0.523826 0.525088 0.522013 0.522769 0.520216 0.521472 0.518628 0.520454 0.517273 0.520083 0.515841 0.520222
10 0.414956 0.305167 0.411521 0.302218 0.399878 0.299806 0.394128 0.300269 0.391201 0.300269 0.388914 0.299407 0.387286 0.298181 0.386380 0.296306 0.386021 0.293356 0.386510 0.290486 0.387719 0.287194 0.389292 0.284606 0.390286 0.283574 0.417563 0.295181 0.417273 0.299481
10 0.460609 0.425745 0.460797 0.430806 0.461263 0.433963 0.483013 0.447319 0.490437 0.451218 0.491948 0.448431 0.493138 0.447185 0.494594 0.446606 0.496161 0.447278 0.497294 0.449778 0.498104 0.452944 0.498214 0.458417 0.498320 0.463694 0.498159 0.466769 0.497456 0.470417 0.496755 0.472657 0.495542 0.477144 0.494648 0.481454 0.493245 0.484144 0.491625 0.487120 0.491354 0.485009 0.488440 0.481745 0.485469 0.479153 0.484714 0.477810 0.482445 0.470514 0.448154 0.455153 0.448086 0.453977 0.448630 0.445958 0.450305 0.437032 0.452078 0.431319 0.454383 0.426296 0.455930 0.424528 0.457443 0.424338 0.458901 0.424625
10 0.438982 0.479620 0.443523 0.478583 0.446143 0.478741 0.448495 0.479921 0.450935 0.481796 0.452562 0.484796 0.453466 0.486833 0.454544 0.492454 0.454122 0.502991 0.453003 0.511370
1 0.462664 0.419162 0.461404 0.422509 0.460609 0.425745 0.460797 0.430806 0.461263 0.433963 0.483013 0.447319 0.483667 0.442259 0.481987 0.439935 0.480911 0.437528 0.480633 0.434875 0.481099 0.432134 0.482081 0.429014 0.477516 0.430069 0.471203 0.430690 0.469391 0.430690 0.467823 0.428954 0.465591 0.426847 0.464336 0.425171
10 0.454154 0.389769 0.453917 0.388699 0.452831 0.386662 0.451565 0.385106 0.447862 0.382963 0.443852 0.381662 0.440961 0.382282 0.435706 0.383380 0.433081 0.385824 0.431081 0.390935 0.430146 0.395157 0.430458 0.401486 0.432643 0.403931 0.435268 0.408708 0.436206 0.411259 0.435831 0.413259 0.435206 0.414926 0.435393 0.420593 0.436331 0.426144 0.438206 0.426366 0.440591 0.427102 0.441888 0.423782 0.443815 0.420190 0.447039 0.418287 0.449435 0.418287 0.451492 0.420000 0.452076 0.420926 0.453076 0.419704 0.454138 0.417704 0.454513 0.399708
10 0.469456 0.390292 0.486021 0.386639 0.488542 0.386139 0.489078 0.394829 0.484323 0.396653 0.485302 0.411347 0.485010 0.417361 0.483755 0.420338 0.483440 0.423685 0.482081 0.429014 0.477516 0.430069 0.471203 0.430690 0.469391 0.430690 0.467823 0.428954 0.465591 0.426847 0.464336 0.425171 0.462664 0.419162 0.462245 0.415505 0.461930 0.410671 0.461930 0.405153 0.461268 0.399759 0.457992 0.399329 0.455760 0.398213 0.458159 0.390171 0.459695 0.390403 0.461362 0.390264 0.463966 0.389569 0.465320 0.389569 0.467378 0.389616 0.468555 0.389782
10 0.489805 0.365079 0.486359 0.364468 0.483469 0.362102 0.480133 0.360667 0.476271 0.361093 0.473971 0.362792 0.471779 0.365940 0.470753 0.369093 0.469958 0.372329 0.469349 0.375648 0.469164 0.379384 0.469305 0.382949 0.469456 0.390292 0.486021 0.386639 0.488542 0.386139 0.489078 0.394829 0.484323 0.396653 0.485302 0.411347 0.488708 0.410398 0.490805 0.408324 0.492721 0.403097 0.492531 0.398866 0.494073 0.395296 0.494737 0.386713 0.494992 0.379722 0.494323 0.373778 0.493214 0.370648 0.491313 0.367167
10 0.476484 0.357907 0.475518 0.351597 0.474188 0.349231 0.471927 0.345931 0.469466 0.343995 0.467773 0.343134 0.466924 0.344352 0.465635 0.342347 0.463779 0.341699 0.460552 0.340912 0.458133 0.340981 0.454716 0.341227 0.451174 0.342616 0.447135 0.344977 0.443440 0.348764 0.440927 0.352176 0.438380 0.358120 0.437302 0.365630 0.438219 0.370907 0.439948 0.376667 0.440961 0.382282 0.443852 0.381662 0.447862 0.382963 0.451565 0.385106 0.452831 0.386662 0.453917 0.388699 0.454154 0.389769 0.456357 0.390148 0.460047 0.379370 0.457258 0.377514 0.454628 0.375417 0.453844 0.373648 0.454599 0.371991 0.458367 0.369787 0.461990 0.363981 0.467792 0.358069 0.469331 0.357324 0.470721 0.357074 0.471979 0.357579 0.473023 0.358444 0.474453 0.360287
10 0.441193 0.322583 0.440281 0.318648 0.438328 0.317213 0.435464 0.313926 0.433432 0.311611 0.430724 0.307954 0.428771 0.323648 0.426073 0.322843 0.425552 0.327102 0.426802 0.326639 0.426750 0.327565 0.425578 0.329046 0.425604 0.329602 0.426547 0.330486 0.426599 0.331921 0.425583 0.331644 0.425427 0.334236 0.425010 0.334792 0.424854 0.336319 0.425870 0.338588 0.427198 0.340440 0.428760 0.341736 0.431065 0.342991 0.433214 0.342991 0.434961 0.341972
13 0.388203 0.329676 0.388099 0.325880 0.388437 0.321852 0.389661 0.318565 0.391042 0.315509 0.393802 0.312222 0.396797 0.310556 0.400495 0.310509 0.403802 0.312407 0.407109 0.316481 0.408464 0.319954 0.408932 0.322685 0.409036 0.327176 0.408333 0.332639 0.406562 0.338565 0.406510 0.340000 0.407292 0.341296 0.407943 0.340556 0.408307 0.339028 0.408516 0.341898 0.407760 0.341898 0.405807 0.344444 0.404297 0.344306 0.400260 0.344444 0.399023 0.335644 0.397188 0.334606 0.395349 0.334606 0.393026 0.329801
10 0.415026 0.360144 0.414065 0.355319 0.412497 0.351412 0.410458 0.347745 0.408893 0.346079 0.407125 0.345056 0.405711 0.346866 0.404198 0.348398 0.402417 0.349551 0.400961 0.349236 0.401542 0.355259 0.400961 0.358014 0.400943 0.364079 0.400797 0.373852 0.399497 0.381560 0.398055 0.387213 0.415161 0.423954 0.416294 0.419153 0.417914 0.418287 0.417536 0.414926 0.416404 0.414352 0.416404 0.410130 0.418346 0.397648 0.416943 0.384880
13 0.390286 0.283574 0.383846 0.280755 0.382445 0.281333 0.379831 0.280009 0.373484 0.278102 0.370591 0.281917 0.365971 0.280588 0.364990 0.283574 0.370602 0.287366 0.372224 0.291593 0.372599 0.297259 0.371474 0.298370 0.368536 0.306477 0.373276 0.305796 0.381154 0.309019 0.382672 0.314792 0.383104 0.323412 0.383180 0.330611 0.387359 0.329824 0.387206 0.325972 0.387630 0.322167 0.388354 0.318741 0.389685 0.314829 0.391602 0.312477 0.393693 0.309954 0.396190 0.308468 0.398646 0.307764 0.400469 0.307852 0.402029 0.308407 0.403672 0.309611 0.405156 0.310815 0.406794 0.313171 0.408914 0.317727 0.409758 0.321644 0.409948 0.326329 0.409711 0.329847 0.408820 0.334514 0.408096 0.337944 0.411000 0.330347 0.411685 0.331352 0.409628 0.338380 0.409651 0.340102 0.409234 0.344088 0.408195 0.343764 0.407932 0.343440 0.407125 0.345056 0.408893 0.346079 0.410458 0.347745 0.412497 0.351412 0.414065 0.355319 0.415026 0.360144 0.418102 0.355852 0.420211 0.351787 0.421234 0.346532 0.421888 0.336588 0.421250 0.329537 0.420029 0.323532 0.417336 0.311968 0.415289 0.307472 0.414956 0.305167 0.411521 0.302218 0.399878 0.299806 0.394128 0.300269 0.391201 0.300269 0.388914 0.299407 0.387286 0.298181 0.386380 0.296306 0.386021 0.293356 0.386510 0.290486 0.387719 0.287194 0.389292 0.284606
10 0.420203 0.365523 0.421292 0.366815 0.420849 0.372981 0.419315 0.385745 0.418346 0.397648 0.416404 0.410130 0.418143 0.407199 0.421211 0.403296 0.421594 0.399699 0.422536 0.383773 0.424083 0.364829 0.421740 0.364736
16 0.421211 0.403296 0.421594 0.399699 0.422536 0.383773 0.424083 0.364829 0.425357 0.361389 0.426680 0.359579 0.428411 0.357315 0.430073 0.355269 0.431581 0.353231 0.432935 0.352898 0.434661 0.355222 0.435315 0.356134 0.435456 0.365259 0.437302 0.365630 0.438219 0.370907 0.439948 0.376667 0.440961 0.382282 0.435706 0.383380 0.433081 0.385824 0.431081 0.390935 0.430146 0.395157 0.430458 0.401486 0.428128 0.400440 0.426214 0.400523 0.423974 0.400273 0.422388 0.401602
10 0.467773 0.343134 0.466924 0.344352 0.465635 0.342347 0.463779 0.341699 0.460552 0.340912 0.458133 0.340981 0.454716 0.341227 0.451174 0.342616 0.447135 0.344977 0.443440 0.348764 0.440927 0.352176 0.438380 0.358120 0.437302 0.365630 0.435456 0.365259 0.435315 0.356134 0.434661 0.355222 0.432935 0.352898 0.431581 0.353231 0.434500 0.343741 0.434961 0.341972 0.441193 0.322583 0.444099 0.313639 0.451562 0.318801 0.457289 0.322389 0.458620 0.326977 0.459589 0.327407 0.460354 0.330852 0.463016 0.331569 0.465315 0.329991 0.466042 0.326333 0.466687 0.326546 0.466568 0.328630 0.465799 0.331282 0.465396 0.332500 0.466406 0.333505 0.467615 0.334940 0.468341 0.338880
1 0.474453 0.360287 0.473023 0.358444 0.471979 0.357579 0.470721 0.357074 0.469331 0.357324 0.467792 0.358069 0.461990 0.363981 0.458367 0.369787 0.454599 0.371991 0.453844 0.373648 0.454628 0.375417 0.457258 0.377514 0.460047 0.379370 0.456357 0.390148 0.454513 0.399708 0.454365 0.404560 0.455284 0.408495 0.457227 0.411856 0.460034 0.414162 0.460576 0.411088 0.458362 0.409361 0.455823 0.406190 0.455068 0.402449 0.455760 0.398213 0.458159 0.390171 0.461284 0.379755 0.464799 0.380819 0.467273 0.380773 0.468029 0.379847 0.468237 0.381606 0.468133 0.383968 0.467820 0.387023 0.467378 0.389616 0.468555 0.389782 0.469000 0.385935 0.469164 0.379384 0.469349 0.375648 0.469958 0.372329 0.470753 0.369093 0.471779 0.365940 0.473971 0.362792 0.476271 0.361093 0.480133 0.360667 0.483469 0.362102 0.484930 0.362319 0.483471 0.360398 0.479745 0.358097 0.476484 0.357907
10 0.455760 0.398213 0.455068 0.402449 0.455823 0.406190 0.458362 0.409361 0.460576 0.411088 0.460034 0.414162 0.457227 0.411856 0.455284 0.408495 0.454365 0.404560 0.454138 0.417704 0.453227 0.420120 0.454464 0.419907 0.455698 0.419796 0.456362 0.420546 0.457023 0.421995 0.457943 0.422917 0.458333 0.422593 0.458359 0.421019 0.459271 0.421343 0.459844 0.422315 0.461404 0.422509 0.462664 0.419162 0.462245 0.415505 0.461930 0.410671 0.461930 0.405153 0.461268 0.399759 0.457992 0.399329
1 0.501737 0.584866 0.501076 0.585051 0.500203 0.586167 0.500969 0.589264 0.500516 0.591745 0.505359 0.598056 0.513253 0.601653 0.517852 0.602093 0.519747 0.601736 0.522609 0.605315 0.523091 0.605157 0.525258 0.606704 0.526674 0.605597 0.527128 0.603736 0.529010 0.604106 0.529987 0.602310 0.529359 0.601880 0.530474 0.600824 0.532357 0.602806 0.532776 0.602125 0.531417 0.600019 0.533089 0.598282 0.532706 0.596856 0.530753 0.598407 0.529846 0.596421 0.528958 0.596028 0.528294 0.595843 0.528294 0.594352 0.528609 0.592741 0.528992 0.591690 0.529096 0.589458 0.529201 0.585926 0.528435 0.585056 0.524867 0.587819 0.523406 0.588398 0.522490 0.591662 0.521086 0.591662 0.518789 0.592208 0.517667 0.593046 0.515846 0.595171 0.512167 0.592204 0.510859 0.589958 0.509320 0.589713 0.506659 0.590292 0.502320 0.587472
5 0.551294 0.610389 0.549667 0.607977 0.546745 0.605620 0.544003 0.604657 0.539880 0.605079 0.536151 0.607250 0.531409 0.612764 0.529130 0.617435 0.527961 0.624463 0.528000 0.629806 0.529945 0.634120 0.534047 0.639694 0.540099 0.641898 0.543930 0.641134 0.547224 0.639403 0.549385 0.636620 0.551922 0.632398 0.553057 0.628653 0.554029 0.624426 0.554299 0.620778 0.554029 0.615593 0.553490 0.613389
5 0.545354 0.604963 0.546448 0.603343 0.549677 0.600935 0.552802 0.599685 0.557214 0.598639 0.560510 0.598426 0.562802 0.599537 0.566344 0.603009 0.571349 0.611958 0.573406 0.615370 0.574206 0.617972 0.574068 0.621319 0.572495 0.625514 0.570581 0.627838 0.568107 0.630162 0.562089 0.626014 0.561299 0.633255 0.557940 0.632792 0.555440 0.631958 0.553513 0.630292 0.553057 0.628653 0.554029 0.624426 0.554299 0.620778 0.554029 0.615593 0.553490 0.613389 0.551294 0.610389 0.549667 0.607977 0.546745 0.605620
5 0.511034 0.532306 0.508352 0.530778 0.504367 0.529944 0.500930 0.530593 0.497883 0.533370 0.495878 0.536657 0.495044 0.539343 0.495299 0.546194 0.496172 0.549662 0.498122 0.554435 0.501992 0.557537 0.505862 0.558574 0.509117 0.558343 0.511747 0.557417 0.514885 0.556000 0.517672 0.553083 0.519602 0.549620 0.520227 0.546796 0.520156 0.542486 0.518951 0.539273 0.515576 0.536060
5 0.502763 0.494125 0.502130 0.493750 0.501107 0.493750 0.499779 0.495306 0.497159 0.509981 0.493930 0.519968 0.493786 0.522694 0.494380 0.525551 0.495531 0.526852 0.497797 0.527963 0.500344 0.528588 0.502711 0.527963 0.506201 0.525852 0.508081 0.523315 0.509370 0.521023 0.510521 0.517986 0.511953 0.513153 0.511779 0.508750 0.511185 0.503667 0.509781 0.500282 0.505995 0.495403
5 0.473039 0.503833 0.474273 0.502120 0.475961 0.501208 0.478010 0.502227 0.479878 0.504102 0.480872 0.505602 0.481958 0.507958 0.482922 0.511440 0.483615 0.516366 0.483208 0.522727 0.481531 0.531847 0.479263 0.528676 0.477211 0.526565 0.473146 0.524676 0.468016 0.525185 0.461479 0.527269 0.460487 0.522250
5 0.507068 0.465898 0.505193 0.465806 0.502745 0.466083 0.500427 0.467287 0.498135 0.469926 0.496755 0.472657 0.495542 0.477144 0.495117 0.483745 0.495612 0.486292 0.497669 0.489579 0.500440 0.492463 0.503214 0.492676 0.505682 0.491014 0.508122 0.488764 0.509661 0.486250 0.510865 0.482551 0.511437 0.479657 0.511437 0.475644 0.510625 0.471463
5 0.438982 0.479620 0.437052 0.474963 0.436753 0.471907 0.437203 0.468106 0.438349 0.465370 0.439917 0.462856 0.441302 0.461514 0.443742 0.460282 0.447388 0.460606 0.453388 0.463588 0.456615 0.468083 0.457865 0.471782 0.458049 0.474375 0.457813 0.478963 0.456591 0.482250 0.455154 0.484903 0.454461 0.486403 0.453466 0.486833 0.452562 0.484796 0.450935 0.481796 0.448495 0.479921 0.446143 0.478741 0.443523 0.478583
5 0.454383 0.426296 0.453289 0.423472 0.451492 0.420000 0.449435 0.418287 0.447039 0.418287 0.443815 0.420190 0.441888 0.423782 0.440591 0.427102 0.439740 0.431509 0.439378 0.437190 0.439711 0.441046 0.440794 0.445514 0.442661 0.449583 0.444167 0.451620 0.445643 0.452796 0.448086 0.453977 0.448630 0.445958 0.450305 0.437032 0.452078 0.431319
6 0.484714 0.477810 0.482445 0.470514 0.448154 0.455153 0.426555 0.444208 0.418240 0.439602 0.405711 0.437009 0.404307 0.440750 0.404146 0.445167 0.421966 0.449394 0.427148 0.451218 0.443742 0.460282 0.447388 0.460606 0.453388 0.463588 0.454813 0.465611 0.479333 0.476912
10 0.488229 0.358889 0.491172 0.358745 0.492503 0.360537 0.494359 0.363907 0.495810 0.367208 0.496659 0.370292 0.497102 0.373731 0.497586 0.377819 0.497706 0.383412 0.497706 0.388505 0.497544 0.392736 0.498854 0.393241 0.501062 0.391278 0.499021 0.408819 0.500701 0.408653 0.502568 0.409898 0.503828 0.413718 0.504294 0.418194 0.504107 0.420023 0.505367 0.418444 0.508122 0.417199 0.509474 0.416787 0.509055 0.414463 0.507935 0.413384 0.505508 0.405583 0.508961 0.399694 0.509289 0.397370 0.502802 0.378120 0.498461 0.364514 0.496500 0.359120 0.493560 0.349579 0.488659 0.340620 0.487820 0.340699 0.485393 0.348250
10 0.494479 0.402278 0.492612 0.400991 0.492721 0.403097 0.490805 0.408324 0.488708 0.410398 0.485302 0.411347 0.485010 0.417361 0.483755 0.420338 0.484495 0.423282 0.485714 0.423903 0.491667 0.422431 0.492117 0.421806 0.492362 0.421060 0.492721 0.416204 0.492487 0.414880 0.492849 0.414306 0.493549 0.408051
16 0.504107 0.420023 0.505367 0.418444 0.508122 0.417199 0.509474 0.416787 0.510755 0.416481 0.513177 0.416713 0.517135 0.420463 0.518828 0.422824 0.519948 0.425324 0.522135 0.432685 0.520885 0.438148 0.519844 0.444444 0.518646 0.451389 0.518646 0.451389 0.518289 0.454449 0.515344 0.458537 0.512820 0.460852 0.510182 0.461472 0.508930 0.462481 0.506833 0.462838 0.505193 0.465806 0.503849 0.463046 0.503487 0.464269 0.501792 0.464343 0.498281 0.462625 0.498214 0.458417 0.498216 0.455741 0.499714 0.454769 0.500677 0.456343 0.501328 0.456759 0.501797 0.456111 0.502188 0.455602 0.502318 0.454167 0.501693 0.449556 0.502448 0.451269 0.503594 0.451130 0.504219 0.450019 0.504219 0.448907 0.503935 0.447477 0.502865 0.440019 0.502370 0.435852 0.502083 0.430481 0.501771 0.429926 0.503081 0.425995 0.503922 0.422676
16 0.416404 0.410130 0.416404 0.414352 0.417536 0.414926 0.417914 0.418287 0.419857 0.423931 0.420057 0.428088 0.421164 0.431759 0.423464 0.434773 0.426609 0.439148 0.435052 0.442093 0.435435 0.437194 0.435156 0.433727 0.434529 0.432301 0.434565 0.428273 0.434948 0.427773 0.435393 0.420593 0.435206 0.414926 0.435831 0.413259 0.436206 0.411259 0.435268 0.408708 0.432643 0.403931 0.430458 0.401486 0.428128 0.400440 0.426214 0.400523 0.423974 0.400273 0.422388 0.401602 0.421211 0.403296 0.418143 0.407199
5 0.503214 0.492676 0.505682 0.491014 0.508122 0.488764 0.509661 0.486250 0.510865 0.482551 0.511768 0.483375 0.513711 0.485681 0.516951 0.492014 0.519922 0.494319 0.520029 0.494991 0.517654 0.495278 0.520406 0.500944 0.520622 0.508625 0.519542 0.513519 0.518138 0.517745 0.515224 0.518898 0.513062 0.518130 0.511953 0.513153 0.511779 0.508750 0.511185 0.503667 0.509781 0.500282 0.505995 0.495403
5 0.494128 0.482551 0.495117 0.483745 0.495612 0.486292 0.496562 0.489750 0.496937 0.493315 0.496003 0.500120 0.494229 0.503759 0.492974 0.505120 0.490010 0.507662 0.489349 0.504565 0.489349 0.502644 0.489628 0.500352 0.490185 0.497894 0.491383 0.495880 0.492034 0.491236 0.491625 0.487120 0.493245 0.484144
5 0.485714 0.423903 0.491667 0.422431 0.492117 0.421806 0.492362 0.421060 0.492721 0.416204 0.494026 0.414713 0.495893 0.412389 0.498133 0.409815 0.499130 0.409926 0.497154 0.434625 0.494542 0.437116 0.491927 0.439935 0.488380 0.441181 0.486141 0.441264 0.483693 0.440139
2 0.479333 0.476912 0.471904 0.478824 0.471094 0.485352 0.470898 0.485625 0.470831 0.488616 0.470273 0.492088 0.470518 0.494630 0.471388 0.494630 0.471529 0.497727 0.471948 0.497912 0.472854 0.500579 0.473039 0.503833 0.474273 0.502120 0.475961 0.501208 0.478010 0.502227 0.479878 0.504102 0.480872 0.505602 0.481958 0.507958 0.482922 0.511440 0.483615 0.516366 0.483542 0.518824 0.485703 0.518699 0.487969 0.518949 0.489677 0.516843 0.490898 0.515852 0.492289 0.515505 0.490904 0.510310 0.490010 0.507662 0.489349 0.504565 0.489349 0.502644 0.489628 0.500352 0.490185 0.497894 0.489625 0.496403 0.488177 0.488981 0.487500 0.486667 0.486510 0.483333 0.486146 0.481389 0.485164 0.480782 0.483073 0.478801 0.482104 0.477333
2 0.483310 0.546116 0.482685 0.541898 0.482685 0.534120 0.481531 0.531847 0.479263 0.528676 0.477211 0.526565 0.473146 0.524676 0.468016 0.525185 0.461479 0.527269 0.460128 0.528236 0.463190 0.538565 0.469250 0.537676 0.473062 0.538787 0.475688 0.539231 0.480247 0.542454
1 0.494073 0.395296 0.494737 0.386713 0.494992 0.379722 0.494323 0.373778 0.493214 0.370648 0.491313 0.367167 0.489805 0.365079 0.486359 0.364468 0.484758 0.363046 0.484930 0.362319 0.485687 0.360824 0.486453 0.360324 0.487341 0.359894 0.488229 0.358889 0.491172 0.358745 0.492503 0.360537 0.494359 0.363907 0.495810 0.367208 0.496659 0.370292 0.497102 0.373731 0.497586 0.377819 0.497706 0.383412 0.497706 0.388505 0.497544 0.392736 0.495286 0.392523
5 0.297013 0.203889 0.288721 0.187306 0.294810 0.183389 0.308674 0.177398 0.311911 0.175097 0.316057 0.171644 0.321370 0.171644 0.331484 0.192037 0.343005 0.212407 0.357388 0.241662 0.371185 0.271329 0.373984 0.280079 0.374555 0.283259 0.376224 0.285444 0.376458 0.288046 0.372870 0.284847 0.369734 0.282472 0.366146 0.278491 0.361979 0.280648 0.359266 0.284731 0.335143 0.254995 0.306938 0.217222
5 0.357547 0.158755 0.356435 0.154731 0.355596 0.153046 0.355523 0.149398 0.359219 0.149204 0.362883 0.148806 0.362883 0.147792 0.358784 0.143718 0.358755 0.142060 0.361227 0.140282 0.364388 0.132481 0.363685 0.130005 0.362427 0.128514 0.362516 0.125519 0.365508 0.125852 0.372786 0.132907 0.378664 0.138218 0.384917 0.144190 0.389536 0.148009 0.395753 0.153481 0.403409 0.161954 0.415229 0.173750 0.423760 0.180292 0.433701 0.189894 0.442901 0.199713 0.447419 0.204171 0.447044 0.206278 0.448794 0.213167 0.449609 0.219051 0.456609 0.225056 0.455227 0.227278 0.454115 0.228287 0.453177 0.229907 0.451172 0.228051 0.449734 0.227046 0.447943 0.231296 0.446706 0.239412 0.439331 0.231185 0.439766 0.240181 0.440266 0.249509 0.434219 0.242505 0.424984 0.232806 0.411701 0.218213 0.396148 0.201894 0.379083 0.182597 0.362451 0.164551
5 0.384917 0.144190 0.377315 0.135782 0.371388 0.129644 0.368401 0.126907 0.368401 0.125662 0.370081 0.123171 0.374234 0.120435 0.375401 0.119190 0.376521 0.112801 0.377409 0.110560 0.381047 0.102597 0.383055 0.102264 0.383570 0.102500 0.384411 0.103250 0.410234 0.129417 0.441930 0.159255 0.468906 0.185454 0.466456 0.189551 0.466456 0.189551 0.465057 0.192620 0.463003 0.198014 0.461883 0.200171 0.461229 0.200088 0.460622 0.199009 0.459596 0.200333 0.460016 0.202412 0.458661 0.206560 0.456328 0.208051 0.456281 0.209546 0.454010 0.212546 0.447419 0.204171 0.442901 0.199713 0.433701 0.189894 0.423760 0.180292 0.415229 0.173750 0.403409 0.161954 0.395753 0.153481 0.389536 0.148009
5 0.464870 0.234852 0.462633 0.232213 0.459487 0.232356 0.457607 0.233384 0.456609 0.233602 0.453638 0.235727 0.452146 0.237019 0.450979 0.238903 0.451461 0.240102 0.462190 0.251861 0.474815 0.265917 0.494823 0.288435 0.498818 0.293671 0.507609 0.302417 0.525440 0.323931 0.533424 0.333111 0.534596 0.334616 0.535724 0.338417 0.535951 0.339593 0.531870 0.341514 0.530984 0.342181 0.531474 0.344005 0.539958 0.353324 0.541630 0.352431 0.541044 0.350500 0.541044 0.345296 0.543135 0.343958 0.546984 0.349014 0.548823 0.347676 0.548992 0.343065 0.552003 0.347676 0.554094 0.347227 0.554010 0.342917 0.556518 0.331167 0.559279 0.325815 0.562307 0.327806 0.563315 0.327157 0.562786 0.326019 0.559375 0.322639 0.557318 0.320694 0.553078 0.316412 0.551865 0.314755 0.550130 0.314398 0.547383 0.311681 0.544583 0.314171 0.542344 0.311602 0.540198 0.310602 0.538469 0.311185 0.536695 0.311269 0.514576 0.287454 0.489557 0.260986
5 0.451461 0.240102 0.449839 0.242657 0.446706 0.239412 0.439331 0.231185 0.439766 0.240181 0.440266 0.249509 0.440211 0.252102 0.437727 0.253926 0.434974 0.255463 0.433948 0.257000 0.436797 0.259120 0.445964 0.269815 0.464237 0.290875 0.480622 0.308231 0.488049 0.313931 0.500633 0.331287 0.511859 0.346162 0.517961 0.354032 0.521133 0.351491 0.526328 0.345542 0.531870 0.341514 0.535951 0.339593 0.535724 0.338417 0.534596 0.334616 0.533424 0.333111 0.525440 0.323931 0.507609 0.302417 0.498818 0.293671 0.494823 0.288435 0.474815 0.265917 0.462190 0.251861
