0 0.319958 0.558181 0.320794 0.558444 0.321286 0.557218 0.327982 0.559319 0.330198 0.559579 0.333792 0.570782 0.335169 0.576037 0.335318 0.578310 0.338320 0.578398 0.342357 0.574986 0.348281 0.581926 0.350398 0.582889 0.355320 0.591116 0.357437 0.599431 0.357682 0.605032 0.359229 0.613144 0.359180 0.621981 0.356669 0.631875 0.353174 0.638176 0.350172 0.642199 0.350638 0.646505 0.349388 0.655523 0.348818 0.663014 0.347680 0.668069 0.345799 0.670102 0.343466 0.670505 0.341586 0.672833 0.339703 0.677593 0.336914 0.679116 0.332128 0.673648 0.327570 0.661194 0.329622 0.652685 0.330591 0.645903 0.330591 0.641949 0.327799 0.637292 0.325458 0.627796 0.325128 0.618884 0.323547 0.618069 0.322888 0.619944 0.319328 0.621815 0.316232 0.623810 0.312672 0.623810 0.312607 0.639153 0.311885 0.648301 0.313268 0.653454 0.320120 0.663644 0.319599 0.676046 0.317846 0.678208 0.315482 0.682144 0.313346 0.683361 0.309531 0.681190 0.302594 0.679977 0.300021 0.674398 0.299714 0.670602 0.297346 0.666810 0.296203 0.664370 0.289411 0.661611 0.284299 0.656597 0.280565 0.649009 0.279117 0.639523 0.278047 0.624880 0.279727 0.613093 0.283995 0.598991 0.283995 0.598991 0.286284 0.598310 0.289057 0.594250 0.287344 0.588620 0.287628 0.579843 0.288922 0.575500 0.292128 0.571981 0.296018 0.566968
5 0.515635 0.364833 0.507500 0.360972 0.510729 0.362731 0.517102 0.367296 0.523698 0.373250 0.525495 0.375046 0.527891 0.374630 0.529609 0.373380 0.530495 0.371204 0.528615 0.363310 0.524857 0.355347 0.522096 0.359213
5 0.550648 0.391532 0.547099 0.391819 0.545445 0.394546 0.544638 0.398560 0.546294 0.403366 0.550971 0.409028 0.560331 0.416343 0.565495 0.417708 0.568034 0.416130 0.569164 0.414481 0.569003 0.411968 0.569688 0.411037 0.568721 0.408241 0.565091 0.401931 0.561016 0.397699 0.556701 0.394042 0.554068 0.392699 0.553469 0.392097
5 0.520839 0.381245 0.522297 0.381477 0.525161 0.379435 0.533703 0.386569 0.542563 0.394380 0.545130 0.396120 0.544638 0.398560 0.546294 0.403366 0.547393 0.404778 0.544271 0.408241 0.537914 0.412806 0.536341 0.410727 0.534849 0.408718 0.533438 0.411231 0.530977 0.406926 0.528961 0.404273 0.526984 0.406065 0.526378 0.407356 0.518070 0.395810 0.514503 0.390310 0.521747 0.382718
5 0.500313 0.352222 0.507500 0.360972 0.515635 0.364833 0.522096 0.359213 0.524857 0.355347 0.524857 0.355347 0.524594 0.351245 0.525120 0.346907 0.521555 0.347991 0.521555 0.347991
5 0.393323 0.280935 0.395914 0.288167 0.400880 0.282801 0.411680 0.272144 0.423099 0.262407 0.422174 0.261954 0.415263 0.264963 0.411656 0.265477 0.406609 0.270037 0.400445 0.275181 0.398727 0.277889 0.397328 0.279023
5 0.396211 0.289292 0.411990 0.327468 0.422185 0.350759 0.433633 0.338505 0.434089 0.334657 0.436937 0.330204 0.439956 0.327773 0.442349 0.325644 0.449698 0.323926 0.452659 0.323824 0.452716 0.326454 0.451576 0.328074 0.451521 0.329394 0.449641 0.331417 0.452146 0.333444 0.454424 0.336278 0.457672 0.333037 0.461203 0.331213 0.463141 0.333745 0.466672 0.341444 0.483076 0.342556 0.482792 0.340532 0.476698 0.327977 0.471628 0.315417 0.464052 0.302051 0.462398 0.298505 0.457672 0.291315 0.451544 0.283167 0.447503 0.278324 0.444620 0.273389 0.433617 0.257569 0.431555 0.254370 0.429898 0.251560 0.429643 0.256787 0.423099 0.262407 0.411680 0.272144 0.400880 0.282801 0.395914 0.288167
5 0.423359 0.224213 0.447810 0.216949 0.458872 0.213620 0.459701 0.215116 0.462880 0.214097 0.463391 0.214944 0.464182 0.215005 0.464471 0.215852 0.465901 0.215231 0.467680 0.214551 0.468888 0.213931 0.469266 0.215116 0.470380 0.213815 0.482049 0.229519 0.508352 0.266153 0.515057 0.276509 0.494060 0.282778 0.475807 0.288565 0.467062 0.290463 0.443021 0.253611 0.430914 0.236843 0.430505 0.235542
5 0.448938 0.262560 0.447659 0.263315 0.458169 0.285556 0.471628 0.315417 0.476698 0.327977 0.482792 0.340532 0.483076 0.342556 0.488711 0.342546 0.489745 0.340708 0.491516 0.339134 0.495651 0.340625 0.497820 0.344208 0.498310 0.348579 0.497802 0.352620 0.500313 0.352222 0.521555 0.347991 0.534797 0.343787 0.540633 0.341097 0.538664 0.336463 0.533885 0.326569 0.530341 0.320736 0.535622 0.319074 0.535367 0.317861 0.527104 0.304852 0.525453 0.303912 0.522219 0.298384 0.520643 0.294685 0.520560 0.293315 0.518219 0.289412 0.517078 0.289014 0.514633 0.284255 0.511719 0.277486 0.494060 0.282778 0.494060 0.282778 0.475807 0.288565 0.467062 0.290463
5 0.436432 0.244417 0.435104 0.245731 0.444654 0.263412 0.446432 0.267037 0.447672 0.268111 0.449078 0.270759 0.457630 0.287324 0.464052 0.302051 0.471628 0.315417 0.458169 0.285556 0.447659 0.263315 0.448938 0.262560 0.443021 0.253611
2 0.381612 0.251718 0.386695 0.238745 0.390357 0.230046 0.395839 0.218407 0.402411 0.204949 0.411706 0.185269 0.419057 0.170375 0.425604 0.156602 0.426505 0.156963 0.427638 0.154074 0.429417 0.157134 0.416706 0.183667 0.395552 0.227736 0.388294 0.242972 0.385068 0.251523 0.383484 0.251741 0.384016 0.254560 0.383018 0.255384
5 0.537914 0.412806 0.544164 0.421704 0.544958 0.424440 0.555552 0.420125 0.558771 0.418134 0.560331 0.416343 0.550971 0.409028 0.549930 0.411111 0.547943 0.409750 0.544271 0.408241
13 0.393323 0.280935 0.383018 0.255384 0.384016 0.254560 0.383484 0.251741 0.385068 0.251523 0.389565 0.245199 0.389169 0.243440 0.390224 0.242505 0.390951 0.243088 0.394573 0.238755 0.401427 0.233597 0.406964 0.231491 0.416125 0.230199 0.420279 0.229731 0.426406 0.232074 0.427526 0.232190 0.429437 0.236412 0.430505 0.235542 0.430914 0.236843 0.429833 0.238028 0.431456 0.243569 0.432661 0.249718 0.433466 0.250505 0.433763 0.251944 0.433096 0.252731 0.433617 0.257569 0.431555 0.254370 0.429898 0.251560 0.429643 0.256787 0.423099 0.262407 0.422174 0.261954 0.415263 0.264963 0.411656 0.265477 0.406609 0.270037 0.400445 0.275181 0.398727 0.277889 0.397328 0.279023
2 0.536589 0.332500 0.538302 0.331560 0.539753 0.332264 0.543573 0.351829 0.546211 0.374444 0.546474 0.382880 0.543112 0.381940 0.538500 0.382060 0.537049 0.383463 0.534083 0.378894 0.531711 0.376199 0.528615 0.363310 0.524857 0.355347 0.524594 0.351245 0.525120 0.346907 0.534797 0.343787 0.540633 0.341097 0.538664 0.336463
7 0.537049 0.383463 0.538664 0.386292 0.539206 0.384102 0.541914 0.385329 0.543932 0.384801 0.543589 0.388565 0.546641 0.389352 0.546099 0.388301 0.544867 0.387778 0.544768 0.386551 0.545260 0.385764 0.547232 0.386991 0.549049 0.388676 0.549857 0.388931 0.551398 0.390255 0.553469 0.392097 0.554068 0.392699 0.556260 0.390704 0.559542 0.385056 0.560424 0.382000 0.560326 0.380162 0.558203 0.379676 0.553776 0.380787 0.549544 0.382000 0.547477 0.382000 0.546474 0.382880 0.543112 0.381940 0.538500 0.382060
5 0.544260 0.626782 0.532331 0.634014 0.516740 0.628468 0.516740 0.627023 0.520128 0.626542 0.520398 0.623167 0.520398 0.620032
2 0.488281 0.450185 0.486451 0.451361 0.471263 0.458292 0.468982 0.459139 0.466714 0.460481 0.482305 0.498324 0.494911 0.565806 0.505352 0.616903 0.520128 0.626542 0.520398 0.623167 0.520398 0.620032 0.544260 0.626782 0.580320 0.599546 0.580185 0.594245 0.580185 0.591833 0.584388 0.591833 0.585745 0.593764 0.586286 0.595931 0.596047 0.588704 0.581812 0.564120 0.564461 0.539056 0.530297 0.499046
2 0.571721 0.418847 0.581326 0.414519 0.582237 0.416681 0.581729 0.418120 0.628312 0.521458 0.640669 0.549722 0.637529 0.559083 0.635706 0.557102 0.634289 0.549903 0.617578 0.532440 0.608870 0.519116 0.607148 0.512995 0.605529 0.507773 0.602086 0.496611 0.598440 0.492111 0.596719 0.491931 0.594086 0.492653 0.592667 0.493731 0.544464 0.425681 0.544958 0.424440 0.555552 0.420125 0.558771 0.418134 0.560331 0.416343 0.560878 0.417620 0.560909 0.418634 0.563029 0.424954 0.563372 0.421417 0.565693 0.419306 0.566617 0.421417
5 0.497802 0.352620 0.497422 0.361296 0.495745 0.363602 0.514503 0.390310 0.521747 0.382718 0.520339 0.380347 0.508487 0.363097 0.508487 0.363097 0.507500 0.360972 0.500292 0.352208
5 0.490203 0.386431 0.489148 0.391468 0.500354 0.404236 0.503333 0.401111 0.504901 0.399787 0.503451 0.397676 0.497578 0.390833 0.491982 0.386310
5 0.464318 0.355231 0.463568 0.360694 0.473414 0.361731 0.482867 0.362347 0.483091 0.360912 0.484349 0.360116 0.484174 0.356574
5 0.449104 0.419519 0.452635 0.426199 0.465737 0.434708 0.468130 0.436833 0.470237 0.434907 0.468813 0.431870 0.467560 0.427417 0.460599 0.421157
5 0.297013 0.203889 0.288721 0.187306 0.294810 0.183389 0.308674 0.177398 0.311911 0.175097 0.316057 0.171644 0.321370 0.171644 0.331484 0.192037 0.343005 0.212407 0.357388 0.241662 0.371185 0.271329 0.373984 0.280079 0.374555 0.283259 0.376224 0.285444 0.376458 0.288046 0.372870 0.284847 0.369734 0.282472 0.366146 0.278491 0.361979 0.280648 0.359266 0.284731 0.335143 0.254995 0.306938 0.217222
5 0.357547 0.158755 0.356435 0.154731 0.355596 0.153046 0.355523 0.149398 0.359219 0.149204 0.362883 0.148806 0.362883 0.147792 0.358784 0.143718 0.358755 0.142060 0.361227 0.140282 0.364388 0.132481 0.363685 0.130005 0.362427 0.128514 0.362516 0.125519 0.365508 0.125852 0.372786 0.132907 0.378664 0.138218 0.384917 0.144190 0.389536 0.148009 0.395753 0.153481 0.403409 0.161954 0.415229 0.173750 0.423760 0.180292 0.433701 0.189894 0.442901 0.199713 0.447419 0.204171 0.447044 0.206278 0.448794 0.213167 0.449609 0.219051 0.456609 0.225056 0.455227 0.227278 0.454115 0.228287 0.453177 0.229907 0.451172 0.228051 0.449734 0.227046 0.447943 0.231296 0.446706 0.239412 0.439331 0.231185 0.439766 0.240181 0.440266 0.249509 0.434219 0.242505 0.424984 0.232806 0.411701 0.218213 0.396148 0.201894 0.379083 0.182597 0.362451 0.164551
5 0.384917 0.144190 0.377315 0.135782 0.371388 0.129644 0.368401 0.126907 0.368401 0.125662 0.370081 0.123171 0.374234 0.120435 0.375401 0.119190 0.376521 0.112801 0.377409 0.110560 0.381047 0.102597 0.383055 0.102264 0.383570 0.102500 0.384411 0.103250 0.410234 0.129417 0.441930 0.159255 0.468906 0.185454 0.466456 0.189551 0.466456 0.189551 0.465057 0.192620 0.463003 0.198014 0.461883 0.200171 0.461229 0.200088 0.460622 0.199009 0.459596 0.200333 0.460016 0.202412 0.458661 0.206560 0.456328 0.208051 0.456281 0.209546 0.454010 0.212546 0.447419 0.204171 0.442901 0.199713 0.433701 0.189894 0.423760 0.180292 0.415229 0.173750 0.403409 0.161954 0.395753 0.153481 0.389536 0.148009
5 0.464870 0.234852 0.462633 0.232213 0.459487 0.232356 0.457607 0.233384 0.456609 0.233602 0.453638 0.235727 0.452146 0.237019 0.450979 0.238903 0.451461 0.240102 0.462190 0.251861 0.474815 0.265917 0.494823 0.288435 0.498818 0.293671 0.507609 0.302417 0.525440 0.323931 0.533424 0.333111 0.534596 0.334616 0.535724 0.338417 0.535951 0.339593 0.531870 0.341514 0.530984 0.342181 0.531474 0.344005 0.539958 0.353324 0.541630 0.352431 0.541044 0.350500 0.541044 0.345296 0.543135 0.343958 0.546984 0.349014 0.548823 0.347676 0.548992 0.343065 0.552003 0.347676 0.554094 0.347227 0.554010 0.342917 0.556518 0.331167 0.559279 0.325815 0.562307 0.327806 0.563315 0.327157 0.562786 0.326019 0.559375 0.322639 0.557318 0.320694 0.553078 0.316412 0.551865 0.314755 0.550130 0.314398 0.547383 0.311681 0.544583 0.314171 0.542344 0.311602 0.540198 0.310602 0.538469 0.311185 0.536695 0.311269 0.514576 0.287454 0.489557 0.260986
5 0.451461 0.240102 0.449839 0.242657 0.446706 0.239412 0.439331 0.231185 0.439766 0.240181 0.440266 0.249509 0.440211 0.252102 0.437727 0.253926 0.434974 0.255463 0.433948 0.257000 0.436797 0.259120 0.445964 0.269815 0.464237 0.290875 0.480622 0.308231 0.488049 0.313931 0.500633 0.331287 0.511859 0.346162 0.517961 0.354032 0.521133 0.351491 0.526328 0.345542 0.531870 0.341514 0.535951 0.339593 0.535724 0.338417 0.534596 0.334616 0.533424 0.333111 0.525440 0.323931 0.507609 0.302417 0.498818 0.293671 0.494823 0.288435 0.474815 0.265917 0.462190 0.251861
