0 0.827865 0.424625 0.819372 0.412634 0.817375 0.402866 0.814128 0.396653 0.812630 0.394875 0.792898 0.412634 0.793646 0.417523 0.792148 0.421519 0.783906 0.429509 0.781409 0.426403 0.778161 0.429509 0.776661 0.452602 0.776661 0.456153 0.769518 0.470227 0.765773 0.482264 0.765148 0.491898 0.766297 0.500023 0.768271 0.505972 0.768320 0.514676 0.770492 0.524093 0.775914 0.533727 0.783380 0.539097 0.785604 0.528088 0.786677 0.519116 0.788352 0.499403 0.804138 0.476491 0.807284 0.472449 0.809807 0.471560 0.815477 0.483551 0.811005 0.504995 0.806359 0.522847 0.801891 0.525069 0.799815 0.525468 0.797419 0.523958 0.793573 0.523426 0.792523 0.528796 0.792099 0.533991 0.792422 0.537324 0.794297 0.539144 0.796070 0.541940 0.798042 0.546560 0.799091 0.554685 0.799891 0.563343 0.800716 0.566454 0.809057 0.571292 0.814779 0.576088 0.816128 0.574269 0.818326 0.569606 0.819872 0.566097 0.831836 0.561657 0.832062 0.556282 0.828414 0.543542 0.823945 0.532792 0.832737 0.499491 0.839005 0.497005 0.843875 0.495537 0.846948 0.503222 0.848471 0.508148 0.846099 0.509657 0.850570 0.540611 0.842352 0.559926 0.841305 0.569694 0.840255 0.573023 0.836607 0.578750 0.835458 0.587278 0.844000 0.587102 0.850047 0.586921 0.852844 0.583593 0.856914 0.582657 0.862409 0.578218 0.867104 0.572491 0.871477 0.565255 0.874273 0.552509 0.875023 0.532704 0.873349 0.518273 0.871951 0.512588 0.874747 0.515343 0.880044 0.512102 0.883664 0.503931 0.885464 0.494028 0.883664 0.479644 0.879469 0.462324 0.877521 0.450690 0.874773 0.441634 0.866979 0.440611 0.860135 0.440120 0.852344 0.438389 0.852344 0.432708
2 0.518891 0.679616 0.517234 0.671134 0.511310 0.673454 0.507445 0.677204 0.503630 0.683898 0.505557 0.690292 0.505687 0.691306 0.507143 0.688806 0.510255 0.684167 0.515628 0.680417
2 0.517234 0.671134 0.516914 0.664870 0.516260 0.658801 0.515307 0.651213 0.514755 0.645324 0.513549 0.641931 0.509680 0.649921 0.509367 0.651718 0.510924 0.653514 0.512401 0.653931 0.513568 0.654347 0.514034 0.656005 0.513956 0.658630 0.513490 0.660565 0.512789 0.662778 0.509057 0.666926 0.504312 0.670796 0.500893 0.674528 0.503630 0.683898 0.507445 0.677204 0.511310 0.673454
2 0.517945 0.674833 0.520357 0.668199 0.524089 0.660870 0.529687 0.658935 0.533031 0.659352 0.531867 0.665708 0.529065 0.671792 0.520255 0.690991 0.519789 0.687481 0.518891 0.679616
2 0.533031 0.659352 0.536508 0.652685 0.532932 0.650199 0.528109 0.649093 0.521966 0.652273 0.518156 0.657250 0.516523 0.661949 0.516914 0.664870 0.517234 0.671134 0.517945 0.674833 0.520357 0.668199 0.524089 0.660870 0.529687 0.658935
2 0.536508 0.652685 0.537365 0.646602 0.534331 0.642042 0.530443 0.639278 0.525078 0.640519 0.520721 0.642731 0.516833 0.650060 0.515589 0.653931 0.516260 0.658801 0.516523 0.661949 0.518156 0.657250 0.521966 0.652273 0.528109 0.649093 0.532932 0.650199
2 0.518430 0.848231 0.516555 0.854468 0.514161 0.854838 0.504062 0.848361 0.505208 0.841514 0.509997 0.832444 0.511141 0.835407 0.517492 0.836755 0.514682 0.842681 0.513120 0.846565
2 0.537365 0.646602 0.536586 0.640106 0.532854 0.633194 0.527878 0.630981 0.523755 0.631949 0.518857 0.635269 0.516677 0.639968 0.514755 0.645324 0.515307 0.651213 0.515589 0.653931 0.516833 0.650060 0.520721 0.642731 0.525078 0.640519 0.530443 0.639278 0.534331 0.642042
2 0.536586 0.640106 0.535187 0.631120 0.530909 0.624481 0.526167 0.623653 0.522122 0.624208 0.518779 0.627940 0.515201 0.632366 0.514034 0.634852 0.514578 0.638722 0.514346 0.640245 0.513549 0.641931 0.514755 0.645324 0.516677 0.639968 0.518857 0.635269 0.523755 0.631949 0.527878 0.630981 0.532854 0.633194
2 0.535187 0.631120 0.533630 0.619782 0.529510 0.613838 0.528654 0.610519 0.522667 0.609278 0.517299 0.612454 0.514190 0.617019 0.513023 0.622134 0.513023 0.626144 0.514034 0.634852 0.515201 0.632366 0.518779 0.627940 0.522122 0.624208 0.526167 0.623653 0.530909 0.624481
2 0.550747 0.606389 0.556260 0.605403 0.558750 0.607065 0.560615 0.614255 0.556961 0.623514 0.555102 0.627676 0.551836 0.621870 0.552690 0.619935 0.548182 0.609426 0.549193 0.607079
2 0.574336 0.553023 0.577370 0.545463 0.581615 0.562269 0.578346 0.566144 0.564815 0.582593 0.560591 0.581481 0.563299 0.577963 0.565172 0.571856 0.566109 0.567042 0.573000 0.560667 0.573987 0.558394
2 0.577370 0.545463 0.578031 0.545139 0.577964 0.516819 0.575313 0.512556 0.568625 0.503296 0.568219 0.505338 0.564724 0.508921 0.564656 0.519792 0.563312 0.537477 0.562841 0.541301 0.562049 0.547241 0.564130 0.552236 0.564859 0.555569 0.566841 0.552713 0.569107 0.551782 0.572477 0.552093 0.574336 0.553023
2 0.552784 0.539838 0.548932 0.526884 0.545706 0.527991 0.553409 0.559454 0.554555 0.563898 0.557677 0.562602 0.559240 0.560380
2 0.535888 0.560398 0.536930 0.557625 0.538802 0.557995 0.540677 0.559843 0.541510 0.560398 0.545570 0.556699 0.551667 0.552269 0.553409 0.559454 0.554555 0.563898 0.550078 0.567597 0.547370 0.567968 0.544143 0.568153 0.541852 0.570745 0.538417 0.570560 0.536961 0.570560 0.535159 0.566324
2 0.545570 0.556699 0.543820 0.550741 0.538242 0.543931 0.532664 0.537000 0.528833 0.528755 0.543888 0.520273 0.545706 0.527991 0.551667 0.552269
2 0.526573 0.519245 0.526305 0.517333 0.525029 0.515421 0.522542 0.515778 0.520794 0.517690 0.507216 0.537287 0.508091 0.539676 0.509570 0.540153 0.514341 0.551625 0.516828 0.555926 0.516586 0.553190 0.516854 0.549366 0.517661 0.546500 0.519948 0.543870 0.523107 0.542676 0.525995 0.542435 0.528753 0.542912 0.533188 0.549843 0.535406 0.553907 0.536211 0.559162 0.536930 0.557625 0.538802 0.557995 0.540677 0.559843 0.541510 0.560398 0.545570 0.556699 0.543820 0.550741 0.538242 0.543931 0.532664 0.537000 0.528833 0.528755 0.525776 0.521625 0.525776 0.519968
2 0.537753 0.598769 0.534544 0.599699 0.529143 0.607032 0.528654 0.610519 0.529510 0.613838 0.533630 0.619782 0.538203 0.630787 0.538263 0.622833 0.538841 0.621440 0.537130 0.618815 0.536198 0.615634 0.534953 0.609690 0.534643 0.606375 0.534953 0.603884 0.535810 0.602639
2 0.539758 0.576481 0.537893 0.577449 0.531128 0.573856 0.529182 0.578694 0.528016 0.582565 0.525760 0.590171 0.521641 0.603440 0.528654 0.610519 0.529143 0.607032 0.534544 0.599699 0.537753 0.598769 0.541484 0.598079 0.544440 0.599324 0.542497 0.596144 0.539385 0.588815 0.539154 0.584667 0.540008 0.580935 0.541253 0.578722
2 0.540552 0.621856 0.542680 0.629810 0.542591 0.644528 0.539172 0.645648 0.537365 0.646602 0.536586 0.640106 0.535187 0.631120 0.533630 0.619782 0.538203 0.630787 0.538263 0.622833 0.538841 0.621440
2 0.528654 0.610519 0.521641 0.603440 0.525760 0.590171 0.522810 0.589269 0.518453 0.590407 0.517523 0.606620 0.515318 0.608065 0.510534 0.610384 0.512245 0.619370 0.513023 0.622134 0.514190 0.617019 0.517299 0.612454 0.522667 0.609278
2 0.517174 0.570889 0.516292 0.565995 0.518201 0.564421 0.521292 0.562870 0.530164 0.564421 0.535159 0.566324 0.536961 0.570560 0.536544 0.572227 0.539758 0.576481 0.537893 0.577449 0.531128 0.573856 0.529182 0.578694 0.529143 0.576259 0.528328 0.573986 0.526411 0.572852 0.521706 0.570991 0.519326 0.570681
2 0.516292 0.565995 0.511424 0.559736 0.510000 0.561759 0.506719 0.568616 0.505143 0.575870 0.504339 0.584560 0.504047 0.589375 0.502654 0.611060 0.502758 0.618954 0.503224 0.616051 0.504547 0.614394 0.510534 0.610384 0.515318 0.608065 0.517523 0.606620 0.518453 0.590407 0.517872 0.579148 0.517174 0.570889
2 0.503062 0.604699 0.501896 0.604699 0.499250 0.609815 0.497773 0.614102 0.483076 0.604421 0.480589 0.601657 0.476932 0.593639 0.477245 0.608569 0.479117 0.605542 0.481063 0.605681 0.483083 0.606787 0.492727 0.619093 0.498714 0.616741 0.499336 0.617157 0.502758 0.618954 0.502654 0.611060
2 0.476932 0.593639 0.476940 0.591718 0.475073 0.591579 0.473674 0.594620 0.473052 0.595727 0.468385 0.597111 0.462865 0.597250 0.462555 0.598079 0.460531 0.598079 0.460143 0.600153 0.455943 0.603333 0.458432 0.608861 0.461776 0.608171 0.464964 0.610935 0.466562 0.619491 0.466753 0.616574 0.468154 0.611046 0.471419 0.611458 0.473674 0.611074 0.475385 0.611764 0.477245 0.608569
2 0.482018 0.757907 0.478831 0.743528 0.472453 0.749889 0.468565 0.755972 0.466310 0.758597 0.469732 0.762745 0.471599 0.759981 0.474630 0.760398 0.475719 0.756662 0.477820 0.760398 0.479997 0.760120
2 0.488977 0.747977 0.488065 0.746741 0.483734 0.737463 0.481112 0.738417 0.475802 0.742120 0.472307 0.746306 0.469620 0.751560 0.468565 0.755972 0.472453 0.749889 0.478831 0.743528 0.482018 0.757907 0.483128 0.760046 0.485146 0.758134
2 0.459089 0.721019 0.459271 0.707870 0.457969 0.704032 0.454674 0.699931 0.451180 0.697704 0.447359 0.696181 0.444393 0.703681 0.441294 0.711176 0.443602 0.710708 0.447359 0.710356 0.452432 0.712231 0.456255 0.716801
2 0.483734 0.737463 0.482935 0.734745 0.478706 0.729468 0.476818 0.723227 0.474323 0.723042 0.468880 0.728296 0.464714 0.734870 0.461823 0.742278 0.463370 0.750759 0.465318 0.754944 0.466310 0.758597 0.468565 0.755972 0.469620 0.751560 0.472307 0.746306 0.475802 0.742120 0.481112 0.738417
2 0.461823 0.742278 0.459336 0.737977 0.457924 0.737616 0.457724 0.749208 0.457185 0.753986 0.456513 0.756375 0.456849 0.759602 0.456378 0.763426 0.455641 0.768444 0.455641 0.772389 0.455034 0.784097 0.454229 0.788519 0.459872 0.791981 0.464310 0.798194 0.464242 0.787083 0.465250 0.777407 0.468208 0.768921 0.469732 0.762745 0.466310 0.758597 0.465318 0.754944 0.463370 0.750759
2 0.476818 0.723227 0.476818 0.717468 0.477945 0.716458 0.476997 0.712509 0.473669 0.712032 0.468268 0.714588 0.463951 0.719870 0.461521 0.725625 0.460352 0.727866 0.461276 0.729356 0.459336 0.737977 0.461823 0.742278 0.464714 0.734870 0.468880 0.728296 0.474323 0.723042
2 0.476997 0.712509 0.474820 0.703116 0.472768 0.700194 0.467549 0.700671 0.462510 0.703551 0.459271 0.707870 0.458984 0.725468 0.460352 0.727866 0.461521 0.725625 0.463951 0.719870 0.468268 0.714588 0.473669 0.712032
2 0.474820 0.703116 0.473674 0.697894 0.472589 0.694435 0.467909 0.692356 0.463141 0.693634 0.460531 0.695713 0.459271 0.707870 0.462510 0.703551 0.467549 0.700671 0.472768 0.700194
2 0.455034 0.784097 0.455253 0.779648 0.453117 0.774500 0.448771 0.770162 0.444273 0.768398 0.442138 0.768398 0.441526 0.773412 0.440841 0.777074 0.443510 0.780463 0.448237 0.783718 0.450068 0.781546 0.454229 0.788519
2 0.455253 0.779648 0.455641 0.772389 0.455641 0.768444 0.454719 0.764194 0.450448 0.759042 0.446484 0.756468 0.442518 0.756060 0.438857 0.756875 0.437792 0.758231 0.440841 0.761486 0.442060 0.765824 0.442138 0.768398 0.444273 0.768398 0.448771 0.770162 0.453117 0.774500
2 0.455641 0.768444 0.456378 0.763426 0.456849 0.759602 0.456513 0.756375 0.454477 0.751130 0.451313 0.747264 0.446568 0.744569 0.442151 0.744569 0.439120 0.745861 0.434703 0.751366 0.433648 0.753356 0.435232 0.756171 0.437792 0.758231 0.438857 0.756875 0.442518 0.756060 0.446484 0.756468 0.450448 0.759042 0.454719 0.764194
2 0.456513 0.756375 0.457185 0.753986 0.457724 0.749208 0.456651 0.743282 0.454214 0.737773 0.449336 0.734495 0.444656 0.733792 0.440109 0.734375 0.435826 0.738597 0.434112 0.742111 0.433648 0.753356 0.434703 0.751366 0.439120 0.745861 0.442151 0.744569 0.446568 0.744569 0.451313 0.747264 0.454477 0.751130
2 0.457724 0.749208 0.457924 0.737616 0.458232 0.734259 0.456190 0.728051 0.453091 0.724301 0.448281 0.722190 0.443799 0.722190 0.439451 0.724185 0.436812 0.728051 0.434703 0.733088 0.434112 0.742111 0.435826 0.738597 0.440109 0.734375 0.444656 0.733792 0.449336 0.734495 0.454214 0.737773 0.456651 0.743282
2 0.458232 0.734259 0.458984 0.725468 0.459089 0.721019 0.456255 0.716801 0.452432 0.712231 0.447359 0.710356 0.443602 0.710708 0.441294 0.711176 0.439451 0.716097 0.435495 0.715630 0.434703 0.733088 0.436812 0.728051 0.439451 0.724185 0.443799 0.722190 0.448281 0.722190 0.453091 0.724301 0.456190 0.728051
2 0.459271 0.707870 0.460341 0.698056 0.458299 0.693019 0.455531 0.688329 0.451906 0.686338 0.449466 0.686222 0.445841 0.686222 0.445513 0.688681 0.449073 0.688917 0.449268 0.692551 0.447359 0.696181 0.451180 0.697704 0.454674 0.699931 0.457969 0.704032
2 0.460341 0.698056 0.460531 0.695713 0.461727 0.688681 0.459682 0.683060 0.455003 0.677787 0.451510 0.676144 0.447029 0.675560 0.442680 0.678370 0.441823 0.679778 0.441888 0.681185 0.446172 0.684463 0.445841 0.686222 0.449466 0.686222 0.451906 0.686338 0.455531 0.688329 0.458299 0.693019
2 0.461727 0.688681 0.462224 0.686139 0.462714 0.678958 0.460013 0.672162 0.455464 0.666185 0.451708 0.665130 0.448346 0.665130 0.444656 0.667005 0.442021 0.668880 0.439648 0.671227 0.441755 0.677667 0.441823 0.679778 0.442680 0.678370 0.447029 0.675560 0.451510 0.676144 0.455003 0.677787 0.459682 0.683060
2 0.462714 0.678958 0.462919 0.676329 0.461924 0.667241 0.460143 0.661264 0.456914 0.657634 0.452432 0.655644 0.448940 0.655407 0.445711 0.656815 0.443141 0.658921 0.441557 0.664194 0.439253 0.669819 0.439648 0.671227 0.442021 0.668880 0.444656 0.667005 0.448346 0.665130 0.451708 0.665130 0.455464 0.666185 0.460013 0.672162
2 0.462919 0.676329 0.462862 0.668375 0.463242 0.660093 0.461000 0.654000 0.457443 0.649667 0.453026 0.648144 0.450193 0.647792 0.448018 0.647676 0.446698 0.653532 0.443536 0.656227 0.443141 0.658921 0.445711 0.656815 0.448940 0.655407 0.452432 0.655644 0.456914 0.657634 0.460143 0.661264 0.461924 0.667241
2 0.463242 0.660093 0.463443 0.657944 0.464581 0.645968 0.464560 0.642167 0.462516 0.639356 0.459484 0.636074 0.455135 0.633380 0.451708 0.632676 0.450456 0.637014 0.449401 0.641699 0.448018 0.647676 0.450193 0.647792 0.453026 0.648144 0.457443 0.649667 0.461000 0.654000
2 0.464560 0.642167 0.465508 0.636347 0.464031 0.631273 0.460406 0.626116 0.456388 0.623773 0.455135 0.623773 0.454872 0.625528 0.454016 0.626116 0.451708 0.632676 0.455135 0.633380 0.459484 0.636074 0.462516 0.639356
2 0.417583 0.757690 0.419185 0.753894 0.423378 0.750639 0.426961 0.749824 0.426961 0.747926 0.422844 0.745218 0.416286 0.743995 0.410414 0.744944 0.406984 0.747657 0.405839 0.749963 0.405687 0.760671 0.408661 0.758639 0.413312 0.757551
2 0.426961 0.747926 0.427039 0.732338 0.423456 0.730574 0.418573 0.729356 0.413008 0.729356 0.409042 0.731523 0.405612 0.735319 0.405839 0.749963 0.406984 0.747657 0.410414 0.744944 0.416286 0.743995 0.422844 0.745218
2 0.418573 0.729356 0.417430 0.725560 0.410492 0.715935 0.406984 0.711731 0.405612 0.735319 0.409042 0.731523 0.413008 0.729356
2 0.441888 0.681185 0.446172 0.684463 0.445841 0.686222 0.445513 0.688681 0.449073 0.688917 0.449268 0.692551 0.447359 0.696181 0.444393 0.703681 0.441294 0.711176 0.439451 0.716097 0.435495 0.715630
2 0.424370 0.645713 0.425284 0.622394 0.424750 0.609653 0.423378 0.605722 0.428107 0.602875 0.432378 0.604500 0.434510 0.614259 0.436875 0.616431 0.436875 0.621310 0.434664 0.622667 0.435044 0.643542 0.434359 0.646255 0.430786 0.651009
2 0.436875 0.616431 0.442672 0.612093 0.442823 0.625241 0.434893 0.638528 0.434664 0.622667 0.436875 0.621310
2 0.442680 0.615495 0.448677 0.627574 0.454016 0.626116 0.451708 0.632676 0.450456 0.637014 0.449401 0.638065 0.445974 0.641583 0.438990 0.647972 0.436823 0.648273 0.430786 0.651009 0.434359 0.646255 0.435044 0.643542 0.434893 0.638528 0.442823 0.625241
2 0.442672 0.612093 0.455943 0.603333 0.458432 0.608861 0.457508 0.614046 0.456255 0.618264 0.455135 0.623773 0.454872 0.625528 0.454016 0.626116 0.448677 0.627574 0.442680 0.615495
2 0.453685 0.586106 0.456818 0.590968 0.458867 0.597245 0.460143 0.600153 0.455943 0.603333 0.442672 0.612093 0.436875 0.616431 0.434510 0.614259 0.432378 0.604500 0.433747 0.604236 0.434831 0.605144 0.440810 0.600894 0.443487 0.599778 0.452432 0.594917 0.453000 0.593093 0.453229 0.586412
2 0.453229 0.586412 0.453271 0.582269 0.442214 0.568167 0.432604 0.574676 0.431844 0.585657 0.442672 0.599079 0.443487 0.599778 0.452432 0.594917 0.453000 0.593093
2 0.410802 0.615653 0.410359 0.617222 0.409036 0.640750 0.417948 0.642477 0.418036 0.619731
2 0.409036 0.640750 0.407714 0.642944 0.406479 0.663338 0.406479 0.671181 0.413182 0.672120 0.413771 0.669569 0.414914 0.664829 0.415294 0.659269 0.416591 0.644083 0.417948 0.642477
2 0.419625 0.594477 0.421919 0.595537 0.422974 0.594833 0.426135 0.597880 0.427060 0.597759 0.427302 0.596380 0.427982 0.593074 0.429102 0.586630 0.430552 0.565190 0.428312 0.565190 0.425477 0.571750 0.424292 0.571519 0.422708 0.568588 0.421852 0.568704 0.419875 0.583000 0.419479 0.586278 0.416536 0.586634 0.417419 0.594477
2 0.421852 0.568704 0.420865 0.563079 0.418755 0.550074 0.411901 0.550662 0.409000 0.570111 0.412034 0.588037 0.413021 0.588389 0.413802 0.587736 0.416536 0.586634 0.419479 0.586278 0.419875 0.583000
2 0.422708 0.568588 0.423367 0.537069 0.427784 0.544685 0.432266 0.545153 0.433979 0.547264 0.434177 0.549843 0.428312 0.565190 0.425477 0.571750 0.424292 0.571519
2 0.433979 0.547264 0.435656 0.546741 0.438294 0.549995 0.439401 0.550222 0.440594 0.549315 0.440721 0.548028 0.438083 0.543718 0.437273 0.531611 0.434635 0.520495 0.433742 0.517769 0.424169 0.514065 0.423404 0.514065 0.423063 0.514065 0.422594 0.514745 0.419276 0.528282 0.419531 0.529722 0.423367 0.537069 0.427784 0.544685 0.432266 0.545153
2 0.440594 0.549315 0.442917 0.549620 0.449094 0.520130 0.447083 0.514213 0.444771 0.509778 0.443005 0.509153 0.440977 0.510407 0.439211 0.505389 0.431888 0.511347 0.430122 0.513231 0.429594 0.516208 0.433742 0.517769 0.434635 0.520495 0.437273 0.531611 0.438083 0.543718 0.440721 0.548028
2 0.447083 0.514213 0.450677 0.515028 0.452737 0.510824 0.453346 0.503231 0.450753 0.502148 0.447169 0.498491 0.439620 0.490218 0.436266 0.488727 0.435961 0.493745 0.434359 0.500931 0.433826 0.506079 0.433984 0.509630 0.439211 0.505389 0.440977 0.510407 0.443005 0.509153 0.444771 0.509778
2 0.419276 0.528282 0.417734 0.528449 0.417813 0.520181 0.418268 0.518551 0.418956 0.498352 0.423378 0.490083 0.424445 0.490083 0.424169 0.514065 0.423404 0.514065 0.423063 0.514065 0.422594 0.514745
2 0.423065 0.373005 0.418635 0.378736 0.415880 0.390713 0.416083 0.392708 0.423682 0.407981 0.427477 0.404690 0.428622 0.402023 0.431448 0.387435 0.424565 0.373472
2 0.434094 0.451431 0.448125 0.444306 0.451651 0.442648 0.452622 0.444685 0.453151 0.450176 0.453594 0.466019 0.448299 0.466644 0.446518 0.469986 0.446026 0.476394 0.449305 0.482356 0.449482 0.484468 0.447018 0.483551 0.437867 0.477042 0.434435 0.474875 0.434102 0.469991 0.433367 0.458065 0.433047 0.452685
2 0.453594 0.466019 0.457997 0.466903 0.461583 0.470968 0.460971 0.477884 0.460516 0.482630 0.459674 0.483032 0.449305 0.482356 0.446026 0.476394 0.446560 0.469991 0.448299 0.466644
2 0.448589 0.499856 0.449482 0.484468 0.447018 0.483551 0.437867 0.477042 0.434435 0.474875 0.435961 0.493745 0.436266 0.488727 0.439620 0.490218 0.447169 0.498491
2 0.460971 0.477884 0.464885 0.479194 0.464708 0.495347 0.476357 0.493935 0.475651 0.499269 0.474591 0.500838 0.457299 0.496444 0.456151 0.494093 0.454299 0.488292 0.454661 0.482639 0.459674 0.483032 0.460516 0.482630
2 0.474591 0.500838 0.473003 0.503190 0.471591 0.508995 0.469208 0.506954 0.463297 0.504444 0.459591 0.503190 0.452799 0.497546 0.451474 0.497389 0.450753 0.502148 0.448589 0.499856 0.449482 0.484468 0.449305 0.482356 0.454661 0.482639 0.454299 0.488292 0.456151 0.494093 0.457299 0.496444
2 0.471591 0.508995 0.483148 0.518250 0.483591 0.520287 0.479180 0.531111 0.476885 0.530639 0.452737 0.510824 0.453346 0.503231 0.450753 0.502148 0.451474 0.497389 0.452799 0.497546 0.459591 0.503190 0.463297 0.504444 0.469208 0.506954
2 0.476885 0.530639 0.474414 0.535347 0.472120 0.538639 0.471063 0.541935 0.472914 0.542245 0.474945 0.547579 0.475120 0.551500 0.469562 0.566403 0.466474 0.561384 0.464708 0.565463 0.456328 0.553069 0.456151 0.542718 0.465945 0.532991 0.467268 0.533620 0.468768 0.530014 0.447083 0.514213 0.450677 0.515028 0.452737 0.510824
2 0.456151 0.542718 0.455589 0.537870 0.454062 0.530551 0.453529 0.523907 0.449094 0.520130 0.447083 0.514213 0.468768 0.530014 0.467268 0.533620 0.465945 0.532991
2 0.456198 0.544921 0.452919 0.543699 0.451089 0.541259 0.446437 0.550611 0.441099 0.558611 0.433094 0.567019 0.430349 0.559833 0.434177 0.549843 0.433979 0.547264 0.435656 0.546741 0.438294 0.549995 0.439401 0.550222 0.440594 0.549315 0.442917 0.549620 0.449094 0.520130 0.453529 0.523907 0.454062 0.530551 0.455589 0.537870 0.456151 0.542718
2 0.433094 0.567019 0.436510 0.572037 0.442214 0.568167 0.444055 0.570560 0.453448 0.551324 0.455081 0.547514 0.452919 0.543699 0.451089 0.541259 0.446437 0.550611 0.441099 0.558611
2 0.466474 0.561384 0.466411 0.568931 0.462865 0.597250 0.462555 0.598079 0.460531 0.598079 0.460143 0.600153 0.458867 0.597245 0.456818 0.590968 0.453685 0.586106 0.453229 0.586412 0.453271 0.582269 0.444055 0.570560 0.453448 0.551324 0.456305 0.550782 0.456328 0.553069 0.464708 0.565463
2 0.472208 0.559329 0.474768 0.561366 0.473674 0.594620 0.473052 0.595727 0.468385 0.597111 0.462865 0.597250 0.466411 0.568931 0.466474 0.561384 0.469562 0.566403
2 0.476357 0.493935 0.477674 0.493250 0.487297 0.492662 0.487956 0.496528 0.487826 0.498287 0.473721 0.510824 0.471591 0.508995 0.473003 0.503190 0.474591 0.500838 0.475651 0.499269
2 0.464885 0.479194 0.465154 0.474032 0.468779 0.473565 0.487560 0.468880 0.488615 0.471810 0.490724 0.477903 0.490857 0.479773 0.490922 0.482588 0.489406 0.492194 0.487297 0.492662 0.477674 0.493250 0.476357 0.493935 0.464708 0.495347
2 0.487956 0.496528 0.491180 0.493153 0.498060 0.496917 0.499826 0.499583 0.499914 0.505231 0.499471 0.508681 0.501414 0.516681 0.501854 0.536912 0.492148 0.546796 0.485268 0.531894 0.483680 0.526407 0.480326 0.528130 0.483591 0.520287 0.483148 0.518250 0.473721 0.510824 0.487826 0.498287
2 0.490922 0.482588 0.493031 0.483644 0.494151 0.487273 0.497315 0.491023 0.499885 0.492898 0.501466 0.493602 0.502719 0.492782 0.503378 0.492662 0.504169 0.492662 0.504695 0.493954 0.504695 0.497000 0.503510 0.514690 0.501414 0.516681 0.499471 0.508681 0.499914 0.505231 0.499826 0.499583 0.498060 0.496917 0.491180 0.493153 0.487956 0.496528 0.487297 0.492662 0.489406 0.492194
2 0.501896 0.604699 0.493685 0.599620 0.489797 0.603824 0.487966 0.603144 0.476604 0.576167 0.476833 0.580370 0.478359 0.586065 0.478435 0.589454 0.476940 0.591718 0.476932 0.593639 0.480589 0.601657 0.483076 0.604421 0.497773 0.614102 0.499250 0.609815
2 0.513000 0.294491 0.512474 0.290671 0.511286 0.289380 0.510430 0.287273 0.506477 0.283056 0.502125 0.293130 0.502193 0.296644 0.502456 0.301917 0.506477 0.304144 0.508190 0.303981 0.510167 0.301519 0.511419 0.298824
2 0.504339 0.584560 0.494729 0.575884 0.490687 0.569917 0.488096 0.565852 0.485336 0.563560 0.485221 0.561838 0.487211 0.562338 0.487607 0.560819 0.487607 0.558694 0.484992 0.557782 0.484534 0.556468 0.481872 0.542694 0.483026 0.540028 0.486289 0.541597 0.492148 0.546796 0.485268 0.531894 0.483680 0.526407 0.480326 0.528130 0.479180 0.531111 0.476885 0.530639 0.474414 0.535347 0.472120 0.538639 0.471063 0.541935 0.472914 0.542245 0.474945 0.547579 0.475120 0.551500 0.472208 0.559329 0.474768 0.561366 0.474393 0.572329 0.476604 0.576167 0.487966 0.603144 0.489797 0.603824 0.493685 0.599620 0.501896 0.604699 0.503062 0.604699 0.504047 0.589375
2 0.510000 0.561759 0.508479 0.556241 0.504284 0.543088 0.501854 0.536912 0.492148 0.546796 0.486289 0.541597 0.483026 0.540028 0.481872 0.542694 0.484534 0.556468 0.484992 0.557782 0.487607 0.558694 0.487607 0.560819 0.487211 0.562338 0.485221 0.561838 0.485336 0.563560 0.488096 0.565852 0.490687 0.569917 0.494729 0.575884 0.504339 0.584560 0.505151 0.575949 0.506719 0.568616
2 0.525029 0.515421 0.522940 0.502875 0.521354 0.502722 0.520471 0.498801 0.516411 0.502250 0.505826 0.512917 0.503510 0.514690 0.501414 0.516681 0.501854 0.536912 0.504284 0.543088 0.508479 0.556241 0.514341 0.551625 0.509570 0.540153 0.508091 0.539676 0.507216 0.537287 0.520794 0.517690 0.522542 0.515778
2 0.568625 0.503296 0.564451 0.504319 0.558961 0.507167 0.552935 0.508116 0.548513 0.509333 0.546836 0.509468 0.546378 0.507708 0.543708 0.511231 0.544828 0.515403 0.549029 0.514991 0.551828 0.515819 0.558198 0.511889 0.564724 0.508921 0.568219 0.505338
2 0.575359 0.471690 0.577271 0.485634 0.577141 0.489968 0.576401 0.499977 0.576326 0.502190 0.575313 0.503708 0.573370 0.503157 0.570570 0.502463 0.568625 0.503296 0.564451 0.504319 0.558961 0.507167 0.552935 0.508116 0.548513 0.509333 0.546836 0.509468 0.546378 0.507708 0.547060 0.503958 0.547719 0.498685 0.566674 0.499588 0.571484 0.484005 0.572935 0.484356
2 0.582622 0.495278 0.582992 0.493954 0.582664 0.486690 0.582398 0.480597 0.583586 0.473917 0.583982 0.468995 0.583586 0.467356 0.581807 0.462671 0.583388 0.459972 0.585299 0.453764 0.580289 0.455056 0.578049 0.455287 0.575359 0.471690 0.577271 0.485634 0.577141 0.489968 0.576401 0.499977
2 0.580289 0.455056 0.579549 0.442500 0.577490 0.441551 0.577260 0.437620 0.576042 0.436671 0.574745 0.439111 0.572990 0.438296 0.565594 0.434639 0.560333 0.455648 0.562544 0.455245 0.565443 0.450093 0.566510 0.452667 0.566737 0.457685 0.572229 0.457954 0.573297 0.459986 0.573677 0.462699 0.575049 0.465273 0.575049 0.468394 0.571484 0.484005 0.572935 0.484356 0.575359 0.471690 0.578049 0.455287
2 0.560333 0.455648 0.557948 0.455755 0.556432 0.457630 0.556367 0.462787 0.551490 0.463255 0.550831 0.468412 0.544174 0.493602 0.545359 0.498287 0.546151 0.498875 0.547719 0.498685 0.566674 0.499588 0.571484 0.484005 0.575049 0.468394 0.575049 0.465273 0.573677 0.462699 0.573297 0.459986 0.572229 0.457954 0.566737 0.457685 0.566510 0.452667 0.565443 0.450093 0.562544 0.455245
2 0.544174 0.493602 0.537940 0.480759 0.526773 0.499343 0.533563 0.499227 0.534617 0.502505 0.536201 0.505787 0.535870 0.511528 0.534487 0.512917 0.538219 0.514435 0.544828 0.515403 0.543708 0.511231 0.546378 0.507708 0.547060 0.503958 0.547719 0.498685 0.546151 0.498875 0.545359 0.498287
2 0.552779 0.404866 0.556367 0.402236 0.566128 0.391662 0.567042 0.394241 0.568872 0.393699 0.572305 0.391120 0.572609 0.396273 0.572609 0.401019 0.573854 0.403241 0.571078 0.405866 0.569956 0.406046 0.568833 0.405324 0.564852 0.405505 0.562096 0.407681 0.558419 0.409495 0.555867 0.412764 0.554888 0.408509 0.554888 0.408509
2 0.505826 0.478722 0.510156 0.472056 0.510766 0.465139 0.507258 0.458093 0.507716 0.454296 0.502682 0.447245 0.502151 0.442634 0.500016 0.441824 0.495820 0.441144 0.493305 0.443449 0.489339 0.446838 0.483849 0.446569 0.481638 0.446569 0.479732 0.449958 0.478586 0.451718 0.476604 0.452806 0.472792 0.454431 0.472258 0.456870 0.476453 0.461750 0.475385 0.471917 0.487560 0.468880 0.488615 0.471810 0.490724 0.477903 0.490857 0.479773 0.490922 0.482588 0.493031 0.483644 0.494151 0.487273 0.497315 0.491023 0.500396 0.485069 0.501693 0.486287 0.505031 0.480759
2 0.579143 0.416394 0.581388 0.415667 0.581797 0.411676 0.576490 0.400241 0.573854 0.403241 0.571078 0.405866 0.569956 0.406046 0.568833 0.405324 0.564852 0.405505 0.562096 0.407681 0.558419 0.409495 0.555867 0.412764 0.555563 0.417120 0.552805 0.422926 0.551273 0.426375 0.548620 0.424741 0.548211 0.426917 0.559849 0.441255 0.559849 0.446157 0.559135 0.451602 0.557948 0.455755 0.560333 0.455648 0.565594 0.434639 0.572990 0.438296 0.573427 0.435083 0.573326 0.428731 0.575437 0.424468 0.576661 0.415940 0.578297 0.413944
2 0.542872 0.468931 0.544203 0.464917 0.540940 0.458801 0.531852 0.453468 0.530352 0.437940 0.529294 0.434958 0.535734 0.420685 0.536174 0.418019 0.537763 0.418648 0.537586 0.413940 0.534234 0.415194 0.531057 0.419903 0.529206 0.420685 0.528146 0.425551 0.524177 0.439509 0.521440 0.448921 0.526117 0.455352 0.534323 0.461625 0.537565 0.469296
2 0.537763 0.418648 0.543784 0.422435 0.540888 0.414981 0.541193 0.413491 0.540146 0.406097 0.538734 0.405944 0.534411 0.408921 0.529294 0.413630 0.527000 0.416606 0.525766 0.418176 0.523029 0.420375 0.520560 0.427273 0.515617 0.441079 0.514206 0.444370 0.515089 0.446255 0.521440 0.448921 0.524177 0.439509 0.528146 0.425551 0.529206 0.420685 0.531057 0.419903 0.534234 0.415194 0.537586 0.413940
2 0.542872 0.468931 0.547161 0.468023 0.550831 0.468412 0.551490 0.463255 0.556367 0.462787 0.556432 0.457630 0.557948 0.455755 0.559135 0.451602 0.559849 0.446157 0.559849 0.441255 0.548211 0.426917 0.546682 0.425824 0.543784 0.422435 0.537763 0.418648 0.536174 0.418019 0.535734 0.420685 0.529294 0.434958 0.530352 0.437940 0.531852 0.453468 0.540940 0.458801 0.544203 0.464917
2 0.572305 0.391120 0.573523 0.388681 0.575279 0.388546 0.575885 0.370185 0.575888 0.363194 0.576576 0.361028 0.576805 0.358449 0.576651 0.354250 0.575583 0.352079 0.575354 0.350046 0.574898 0.348417 0.573602 0.347065 0.572151 0.347333 0.571008 0.348148 0.570398 0.349773 0.569635 0.353162 0.569940 0.354250 0.570474 0.355468 0.570549 0.356417 0.570398 0.357639 0.570016 0.358991 0.569789 0.360620 0.570094 0.362519 0.570703 0.363736 0.571391 0.363602 0.571237 0.366718 0.566737 0.369162 0.566128 0.371329 0.567958 0.384884 0.569789 0.387463 0.566128 0.391662 0.567042 0.394241 0.568872 0.393699
2 0.567958 0.384884 0.565203 0.375356 0.563880 0.370181 0.556469 0.348222 0.546763 0.357319 0.543146 0.367042 0.539529 0.372690 0.533034 0.384750 0.537609 0.388005 0.542844 0.389616 0.541646 0.395903 0.541292 0.399356 0.540674 0.401079 0.539352 0.401551 0.539352 0.403120 0.539352 0.404375 0.540146 0.406097 0.541193 0.413491 0.542031 0.410778 0.542870 0.408472 0.544625 0.405898 0.546987 0.404273 0.548359 0.404407 0.549810 0.407389 0.556367 0.402236 0.566128 0.391662 0.569789 0.387463
2 0.575885 0.370185 0.579740 0.364731 0.580367 0.364634 0.580253 0.333949 0.579112 0.326963 0.577633 0.327773 0.572279 0.335468 0.571367 0.333444 0.568859 0.338403 0.568917 0.340935 0.565271 0.341444 0.566737 0.369162 0.571237 0.366718 0.571391 0.363602 0.570703 0.363736 0.570094 0.362519 0.569789 0.360620 0.570016 0.358991 0.570398 0.357639 0.570549 0.356417 0.570474 0.355468 0.569940 0.354250 0.569635 0.353162 0.570398 0.349773 0.571008 0.348148 0.572151 0.347333 0.573602 0.347065 0.574898 0.348417 0.575354 0.350046 0.575583 0.352079 0.576651 0.354250 0.576805 0.358449 0.576576 0.361028 0.575888 0.363194
2 0.565271 0.341444 0.562198 0.340407 0.560750 0.337477 0.556201 0.336190 0.554555 0.338296 0.547240 0.343685 0.550401 0.350481 0.547969 0.356204 0.556469 0.348222 0.563880 0.370181 0.565203 0.375356 0.567958 0.384884 0.566128 0.371329 0.566737 0.369162
2 0.571367 0.333444 0.573302 0.327977 0.572221 0.323824 0.570966 0.319264 0.566469 0.320481 0.565784 0.324125 0.563904 0.325949 0.561513 0.328782 0.556201 0.336190 0.560750 0.337477 0.562198 0.340407 0.565271 0.341444 0.568917 0.340935 0.568859 0.338403
2 0.566469 0.320481 0.565198 0.318556 0.558607 0.308713 0.549974 0.297231 0.549117 0.297231 0.543120 0.304963 0.540154 0.312579 0.545096 0.317148 0.556958 0.317852 0.557552 0.319259 0.553599 0.326403 0.555510 0.332148 0.556201 0.336190 0.561513 0.328782 0.563904 0.325949 0.565784 0.324125
2 0.553599 0.326403 0.551753 0.323241 0.548786 0.320782 0.533958 0.321718 0.533432 0.325000 0.543055 0.337537 0.547240 0.343685 0.554555 0.338296 0.556201 0.336190 0.555510 0.332148
2 0.540154 0.312579 0.533695 0.309769 0.531914 0.310940 0.528620 0.317148 0.525326 0.320782 0.522885 0.321833 0.520581 0.317968 0.517482 0.324412 0.521107 0.327458 0.524271 0.331796 0.524995 0.331560 0.527698 0.337417 0.533036 0.324648 0.533432 0.325000 0.533958 0.321718 0.548786 0.320782 0.551753 0.323241 0.553599 0.326403 0.557552 0.319259 0.556958 0.317852 0.545096 0.317148
2 0.531914 0.310940 0.533146 0.308028 0.532859 0.306000 0.529044 0.299014 0.521182 0.304380 0.518734 0.312074 0.519190 0.314912 0.520581 0.317968 0.522885 0.321833 0.525326 0.320782 0.528620 0.317148
2 0.527698 0.337417 0.523195 0.346657 0.522052 0.353028 0.520299 0.355199 0.513055 0.357231 0.510081 0.355199 0.507716 0.350722 0.507792 0.348148 0.509242 0.337301 0.511833 0.332287 0.513589 0.330389 0.513513 0.328083 0.512979 0.326593 0.512445 0.323745 0.515341 0.323069 0.515341 0.327542 0.517482 0.324412 0.521107 0.327458 0.524271 0.331796 0.524995 0.331560
2 0.495820 0.441144 0.479651 0.431620 0.478729 0.431972 0.478333 0.438417 0.475698 0.440995 0.472930 0.444509 0.473721 0.449662 0.472792 0.454431 0.476604 0.452806 0.478586 0.451718 0.479732 0.449958 0.481638 0.446569 0.483849 0.446569 0.489339 0.446838 0.493305 0.443449
2 0.503766 0.442731 0.502089 0.428634 0.490956 0.432157 0.483482 0.433921 0.495820 0.441144 0.500016 0.441824 0.502151 0.442634
2 0.426430 0.345843 0.424141 0.331204 0.424521 0.328491 0.430318 0.312903 0.431844 0.310324 0.432909 0.310458 0.433750 0.312903 0.434284 0.314394 0.435352 0.314935 0.436417 0.316426 0.437333 0.318458 0.439010 0.320083 0.442823 0.327542 0.443128 0.330931 0.432758 0.354653 0.432154 0.361083 0.430622 0.361162 0.430318 0.358991 0.429404 0.357500 0.427648 0.353301
2 0.459945 0.433394 0.466208 0.438412 0.464708 0.429625 0.465503 0.428060 0.469914 0.424449 0.469828 0.417079 0.469120 0.414097 0.468680 0.411745 0.469562 0.410963 0.469828 0.408139 0.469914 0.405157 0.469208 0.400769 0.453945 0.385866 0.448477 0.382102 0.447945 0.387120 0.449005 0.405787 0.448563 0.420843
2 0.466208 0.438412 0.466562 0.440606 0.462591 0.444685 0.466122 0.458958 0.470180 0.470722 0.471680 0.472764 0.468779 0.473565 0.453151 0.450176 0.454917 0.446722 0.456505 0.442333 0.459945 0.433394
2 0.466562 0.440606 0.468240 0.449231 0.468062 0.453940 0.469474 0.455819 0.471768 0.460213 0.475385 0.471917 0.471680 0.472764 0.470180 0.470722 0.466122 0.458958 0.462591 0.444685
2 0.469914 0.424449 0.471945 0.421940 0.474768 0.427903 0.475826 0.423037 0.478729 0.431972 0.478333 0.438417 0.475698 0.440995 0.472930 0.444509 0.473721 0.449662 0.472792 0.454431 0.472258 0.456870 0.476453 0.461750 0.475385 0.471917 0.471768 0.460213 0.469474 0.455819 0.468062 0.453940 0.468240 0.449231 0.466562 0.440606 0.466208 0.438412 0.464708 0.429625 0.465503 0.428060
2 0.533034 0.384750 0.522146 0.371278 0.516234 0.361241 0.518266 0.355750 0.520299 0.355199 0.522052 0.353028 0.523195 0.346657 0.527698 0.337417 0.533036 0.324648 0.533432 0.325000 0.543055 0.337537 0.547240 0.343685 0.550401 0.350481 0.547969 0.356204 0.546763 0.357319 0.543146 0.367042 0.539529 0.372690
2 0.521182 0.304380 0.521240 0.302574 0.518206 0.296130 0.514911 0.296713 0.513000 0.294491 0.511419 0.298824 0.510167 0.301519 0.508190 0.303981 0.507596 0.307259 0.508781 0.312181 0.510430 0.314875 0.512208 0.314523 0.515372 0.311245 0.518734 0.312074
2 0.501138 0.295778 0.497445 0.287810 0.496393 0.288630 0.486836 0.298120 0.485451 0.300347 0.484003 0.303509 0.494547 0.306907 0.494810 0.308199 0.495180 0.317690 0.505706 0.311315 0.507385 0.311171 0.508781 0.312181 0.507596 0.307259 0.508190 0.303981 0.506477 0.304144 0.502456 0.301917 0.502193 0.296644
2 0.484003 0.303509 0.473552 0.300537 0.473315 0.303269 0.475443 0.330986 0.476151 0.336236 0.498237 0.340014 0.497544 0.335162 0.496633 0.322505 0.495495 0.320074 0.495180 0.317690 0.494810 0.308199 0.494547 0.306907
2 0.492326 0.351199 0.491398 0.353435 0.490635 0.353569 0.489797 0.356009 0.477063 0.349639 0.476604 0.347741 0.471799 0.348556 0.471495 0.345569 0.472104 0.342995 0.474773 0.340690 0.475562 0.338023 0.475914 0.343514 0.479531 0.343514 0.481297 0.344301
2 0.473315 0.303269 0.468826 0.301514 0.464250 0.297852 0.462497 0.298667 0.463490 0.305718 0.464479 0.311954 0.470810 0.323745 0.471953 0.324287 0.475078 0.326051
2 0.468826 0.301514 0.457464 0.278602 0.456245 0.280366 0.451211 0.291347 0.452354 0.304630 0.454109 0.304630 0.454414 0.303005 0.464479 0.311954 0.463490 0.305718 0.462497 0.298667 0.464250 0.297852
2 0.452354 0.304630 0.452544 0.307824 0.456190 0.313796 0.457729 0.315116 0.459096 0.321088 0.463596 0.321495 0.468495 0.326051 0.475443 0.330986 0.475078 0.326051 0.471953 0.324287 0.470810 0.323745 0.464479 0.311954 0.454414 0.303005 0.454109 0.304630
2 0.451211 0.291347 0.450372 0.285245 0.448391 0.287278 0.445492 0.291208 0.437867 0.298935 0.440003 0.303954 0.446180 0.296227 0.448161 0.299884 0.449380 0.314394 0.450526 0.313444 0.452544 0.307824 0.452354 0.304630
2 0.435573 0.450634 0.436771 0.440787 0.438341 0.429898 0.439133 0.429662 0.442823 0.438333 0.448125 0.444306
2 0.452784 0.425514 0.445492 0.434523 0.447031 0.439384 0.448797 0.443843 0.451651 0.442648 0.452622 0.444685 0.453151 0.450176 0.454917 0.446722 0.456505 0.442333 0.459945 0.433394
2 0.463310 0.348431 0.469742 0.349366 0.471799 0.348556 0.476604 0.347741 0.477063 0.349639 0.489797 0.356009 0.490635 0.353569 0.491398 0.353435 0.492326 0.351199 0.495677 0.353556 0.491792 0.357037 0.488487 0.361394 0.486151 0.364731 0.482279 0.371213 0.478008 0.372731 0.476810 0.371722 0.477951 0.363921 0.478633 0.353694 0.476070 0.354000 0.471685 0.356634 0.469862 0.356227
2 0.459156 0.324648 0.468052 0.329218 0.468495 0.326051 0.471878 0.328491 0.472104 0.342995 0.471495 0.345569 0.471799 0.348556 0.469742 0.349366 0.463310 0.348431 0.468250 0.342106 0.468250 0.339995 0.461198 0.330625 0.461068 0.327810
2 0.495180 0.317690 0.505706 0.311315 0.507385 0.311171 0.508781 0.312181 0.510430 0.314875 0.512169 0.314468 0.513828 0.316657 0.515104 0.320745 0.515391 0.323102 0.512445 0.323745 0.512979 0.326593 0.513513 0.328083 0.513589 0.330389 0.511833 0.332287 0.509242 0.337301 0.506846 0.335449 0.505313 0.333704 0.501328 0.333704 0.498758 0.334537 0.497544 0.335162 0.496633 0.322505 0.496659 0.322662 0.495495 0.320074
2 0.509385 0.441491 0.507451 0.426606 0.506823 0.418810 0.507052 0.409190 0.509331 0.407366 0.512862 0.407870 0.514969 0.406352 0.515654 0.403417 0.518159 0.399870 0.520451 0.399796 0.521536 0.406111 0.521214 0.410778 0.520680 0.418505 0.520755 0.423523 0.520560 0.427273 0.515617 0.441079 0.514560 0.437468 0.514206 0.431824 0.514141 0.428009 0.512917 0.427176 0.511031 0.427431
2 0.495677 0.353556 0.492326 0.351199 0.481297 0.344301 0.479531 0.343514 0.475914 0.343514 0.475562 0.338023 0.476151 0.336236 0.498237 0.340014 0.497544 0.335162 0.497544 0.335162 0.498758 0.334537 0.501328 0.333704 0.505313 0.333704 0.506846 0.335449 0.509242 0.337301 0.507792 0.348148 0.507792 0.348148 0.507677 0.350630 0.508987 0.357106 0.507052 0.357819 0.504146 0.357009 0.502096 0.355792 0.501435 0.353269
2 0.448477 0.382102 0.447945 0.387120 0.449005 0.405787 0.448563 0.420843 0.442122 0.413000 0.441953 0.411296 0.442135 0.409074 0.441797 0.396343 0.441680 0.374310
2 0.441680 0.374310 0.448477 0.382102 0.453945 0.385866 0.461180 0.380847 0.464974 0.375981 0.464357 0.371435 0.457651 0.367514 0.455557 0.364755 0.448651 0.353708 0.447505 0.355120 0.439049 0.365745 0.435391 0.370495 0.435948 0.372218 0.436565 0.372690 0.437534 0.377083 0.439010 0.377023 0.440365 0.375694
2 0.542880 0.389630 0.537609 0.388005 0.533034 0.384750 0.521367 0.382037 0.520680 0.386106 0.519307 0.393968 0.520451 0.399796 0.521518 0.405764 0.521214 0.410778 0.520680 0.418505 0.520755 0.423523 0.520560 0.427273 0.523029 0.420375 0.525766 0.418176 0.527000 0.416606 0.529294 0.413630 0.534411 0.408921 0.538734 0.405944 0.540146 0.406097 0.539352 0.404375 0.539352 0.403120 0.539352 0.401551 0.540674 0.401079 0.541292 0.399356 0.541646 0.395903
2 0.537565 0.469296 0.534323 0.461625 0.526117 0.455352 0.523383 0.456921 0.519060 0.454722 0.517823 0.458644 0.517117 0.465231 0.505826 0.478722 0.505031 0.480759 0.508521 0.488801 0.512737 0.495991 0.516383 0.502171 0.520471 0.498801 0.529661 0.485185 0.539401 0.475102
2 0.550831 0.468412 0.547161 0.468023 0.542872 0.468931 0.537565 0.469296 0.539401 0.475102 0.529813 0.485023 0.528534 0.490796 0.528977 0.495523 0.537935 0.480731 0.544174 0.493602
2 0.423378 0.605722 0.420594 0.605773 0.419625 0.594477 0.417419 0.594477 0.416536 0.586634 0.413802 0.587736 0.412831 0.595264 0.414596 0.606556 0.411596 0.611731 0.410802 0.615653 0.418036 0.619731 0.417948 0.642477 0.416581 0.644065 0.415294 0.659269 0.414914 0.664829 0.413771 0.669569 0.419714 0.670741 0.422159 0.666861 0.425055 0.661708 0.430164 0.669167 0.430786 0.651009 0.424349 0.645833 0.425284 0.622394 0.424750 0.609653
2 0.443536 0.656227 0.443544 0.652324 0.442177 0.649894 0.438990 0.647972 0.436823 0.648273 0.430786 0.651009 0.430164 0.669167 0.440307 0.677162 0.435253 0.661014 0.435701 0.659977 0.436083 0.660282 0.439253 0.669819 0.441557 0.664194 0.443141 0.658921
2 0.427039 0.732338 0.427878 0.733963 0.429859 0.733287 0.430852 0.730032 0.431536 0.727593 0.432224 0.725694 0.434130 0.718102 0.435495 0.715630 0.441888 0.681185 0.441805 0.679736 0.441763 0.678903 0.440312 0.677222 0.430164 0.669167 0.428203 0.670787 0.426458 0.672361 0.421146 0.671065 0.413771 0.669569 0.404466 0.709019 0.405534 0.710648 0.406984 0.711731 0.410492 0.715935 0.417430 0.725560 0.418573 0.729356 0.423456 0.730574
2 0.521536 0.406111 0.520451 0.399796 0.519307 0.393968 0.518198 0.386000 0.516323 0.378495 0.513148 0.372532 0.510237 0.362963 0.507677 0.350630 0.508987 0.357106 0.507052 0.357819 0.504146 0.357009 0.502096 0.355792 0.502505 0.358324 0.500797 0.363389 0.496125 0.362579 0.493099 0.364583 0.489797 0.373227 0.492846 0.374991 0.493685 0.378921 0.489492 0.400338 0.485755 0.400338 0.478586 0.402236 0.479120 0.405356 0.480875 0.407662 0.482398 0.410778 0.483924 0.410912 0.485146 0.418097 0.485831 0.421218 0.487586 0.421894 0.490956 0.432157 0.502089 0.428634 0.503766 0.442731 0.507589 0.442958 0.507943 0.445625 0.508737 0.447352 0.511031 0.427431 0.509385 0.441491 0.507451 0.426606 0.506823 0.418810 0.507052 0.409190 0.509331 0.407366 0.512862 0.407870 0.514969 0.406352 0.515654 0.403417 0.518159 0.399870 0.520451 0.399796
2 0.450677 0.335676 0.452302 0.335194 0.455333 0.332616 0.459286 0.331560 0.461198 0.330625 0.461068 0.327810 0.459156 0.324648 0.456849 0.321954 0.450526 0.313444 0.449380 0.314394 0.450143 0.322389 0.450068 0.327269 0.447094 0.333102
2 0.448651 0.353708 0.449609 0.352213 0.453422 0.339065 0.450677 0.335676 0.447094 0.333102 0.441221 0.344759 0.440078 0.343537 0.440193 0.347306 0.439125 0.354356 0.439049 0.357745 0.439049 0.365745 0.447505 0.355120
2 0.439049 0.365745 0.439049 0.357745 0.439125 0.354356 0.440193 0.347306 0.440078 0.343537 0.440688 0.336491 0.432758 0.354653 0.432154 0.361083 0.432771 0.362181 0.435417 0.370495
2 0.507716 0.350722 0.510237 0.362963 0.513148 0.372532 0.516323 0.378495 0.527617 0.378023 0.522146 0.371278 0.516234 0.361241 0.518266 0.355750 0.513055 0.357231 0.510081 0.355199
2 0.433047 0.452685 0.434094 0.451431 0.435154 0.436213 0.435771 0.423194 0.436740 0.410333 0.435594 0.393866 0.436299 0.388218 0.437359 0.380847 0.437534 0.377083 0.436565 0.372690 0.435948 0.372218 0.432771 0.362181 0.432154 0.361083 0.424388 0.361083 0.423065 0.373005 0.424565 0.373472 0.431448 0.387435 0.428622 0.402023 0.427477 0.404690 0.423682 0.407981 0.418565 0.408454 0.418919 0.417394 0.419888 0.417079 0.420682 0.435903 0.418214 0.439667 0.418956 0.498352 0.423378 0.490083 0.424445 0.490083 0.424888 0.466421 0.423708 0.438704 0.426896 0.437444 0.429969 0.433037 0.431148 0.426315 0.432094 0.431144
2 0.453151 0.450176 0.468779 0.473565 0.465154 0.474032 0.464885 0.479194 0.460971 0.477884 0.461583 0.470968 0.457997 0.466903 0.453594 0.466019
2 0.549810 0.407389 0.548359 0.404407 0.546987 0.404273 0.544625 0.405898 0.542870 0.408472 0.542031 0.410778 0.541193 0.413491 0.540888 0.414981 0.543784 0.422435 0.546682 0.425824 0.548211 0.426917 0.548620 0.424741 0.551273 0.426375 0.552805 0.422926 0.555563 0.417120 0.555885 0.412685 0.554888 0.408509 0.552779 0.404866
2 0.585299 0.453764 0.584318 0.446426 0.583503 0.438986 0.583911 0.434088 0.584216 0.427736 0.585135 0.425194 0.584727 0.420838 0.583297 0.417574 0.580849 0.418296 0.580440 0.419569 0.578297 0.413944 0.576661 0.415940 0.575437 0.424468 0.576458 0.426102 0.576969 0.428824 0.576867 0.432454 0.576042 0.436671 0.577260 0.437620 0.577490 0.441551 0.579549 0.442500 0.580289 0.455056
2 0.526117 0.455352 0.521440 0.448921 0.515089 0.446255 0.514206 0.444370 0.515617 0.441079 0.514560 0.437468 0.514206 0.431824 0.514141 0.428009 0.512917 0.427176 0.511031 0.427431 0.508737 0.447352 0.507943 0.445625 0.507589 0.442958 0.502151 0.442634 0.502682 0.447245 0.507716 0.454296 0.507258 0.458093 0.510766 0.465139 0.510156 0.472056 0.505826 0.478722 0.517117 0.465231 0.517823 0.458644 0.519060 0.454722 0.523383 0.456921
2 0.522940 0.502875 0.522622 0.500514 0.523810 0.499458 0.526773 0.499343 0.533563 0.499227 0.534617 0.502505 0.536201 0.505787 0.535870 0.511528 0.534487 0.512917 0.530133 0.514162 0.527799 0.518310 0.526573 0.519245 0.526305 0.517333 0.525029 0.515421
2 0.426182 0.603995 0.427302 0.596380 0.431844 0.585657 0.442672 0.599079 0.443487 0.599778 0.440810 0.600894 0.434831 0.605144 0.433747 0.604236 0.432378 0.604500 0.428107 0.602875
2 0.544284 0.626694 0.542680 0.629810 0.542591 0.644528 0.544021 0.642986 0.546979 0.644657 0.553081 0.631546 0.549036 0.627815 0.546393 0.625463 0.546393 0.625463
2 0.551828 0.515819 0.549029 0.514991 0.544828 0.515403 0.538219 0.514435 0.534487 0.512917 0.530133 0.514162 0.527799 0.518310 0.531453 0.519829 0.534565 0.520245 0.537674 0.523838 0.543888 0.520273
2 0.582622 0.495278 0.583867 0.499977 0.580445 0.518227 0.577964 0.516819 0.575313 0.512556 0.568625 0.503296 0.570570 0.502463 0.573370 0.503157 0.575313 0.503708 0.576326 0.502190 0.576401 0.499977
2 0.577964 0.516819 0.578031 0.545139 0.577370 0.545602 0.581633 0.562222 0.584651 0.557051 0.581948 0.545019 0.583401 0.539093 0.580906 0.524657 0.581531 0.520954 0.581531 0.518731
2 0.506331 0.714588 0.508669 0.711329 0.506536 0.702685 0.505948 0.693056 0.502214 0.695681 0.497617 0.696338 0.499831 0.699333 0.500289 0.702227 0.500062 0.705222
2 0.435961 0.493745 0.434102 0.469991 0.433047 0.452685 0.432094 0.431144 0.431148 0.426315 0.429969 0.433037 0.426896 0.437444 0.423708 0.438704 0.424888 0.466421 0.424169 0.514065 0.429594 0.516208 0.430122 0.513231 0.431888 0.511347 0.433984 0.509630 0.433826 0.506079 0.434359 0.500931
2 0.517492 0.836755 0.514682 0.842681 0.513120 0.846565 0.518430 0.848231 0.524154 0.847491 0.529464 0.847306 0.531964 0.841014 0.528839 0.838977
2 0.557677 0.562602 0.560911 0.564352 0.562031 0.565926 0.560703 0.570556 0.557786 0.574074 0.556276 0.574722 0.554609 0.574907 0.552917 0.574213 0.550286 0.571296 0.548932 0.570185 0.547656 0.569861 0.544818 0.571991 0.542943 0.573657 0.542341 0.577282 0.541120 0.575926 0.538802 0.572454 0.537917 0.570741 0.537734 0.570509 0.538417 0.570560 0.541852 0.570745 0.544143 0.568153 0.547370 0.567968 0.550078 0.567597 0.554555 0.563898
2 0.558096 0.580106 0.561432 0.575370 0.563307 0.570556 0.564193 0.567269 0.564427 0.563241 0.563656 0.558292 0.563240 0.555412 0.562409 0.552014 0.559750 0.546028 0.557922 0.544181 0.553102 0.541375 0.552784 0.539838 0.555177 0.539838 0.559031 0.542986 0.562049 0.547241 0.564271 0.552269 0.564130 0.552236 0.564859 0.555569 0.566068 0.560602 0.566109 0.567042 0.565172 0.571856 0.563299 0.577963 0.560591 0.581481 0.557427 0.584528 0.554628 0.585361 0.549573 0.584944 0.544984 0.582181 0.541253 0.578722 0.539758 0.576481 0.536544 0.572227 0.536961 0.570560 0.537734 0.570509 0.537917 0.570741 0.538802 0.572454 0.541120 0.575926 0.542341 0.577282 0.546039 0.581079 0.547758 0.581727 0.552419 0.582838 0.554841 0.582699 0.556977 0.581819
2 0.520938 0.847870 0.524854 0.863713 0.500641 0.862856 0.502810 0.856431 0.504062 0.848361 0.514161 0.854838 0.516555 0.854468 0.518430 0.848231
2 0.497617 0.696338 0.502214 0.695681 0.505948 0.693056 0.505557 0.690292 0.500893 0.674528 0.499492 0.678125 0.490784 0.681718 0.487206 0.682824 0.484406 0.682273 0.484563 0.677986 0.471341 0.675495 0.471497 0.677157 0.472711 0.681394 0.473240 0.682685 0.475875 0.690532 0.477326 0.694398 0.483385 0.698148 0.486469 0.699852 0.486581 0.704292 0.487341 0.704912 0.487341 0.700162 0.495008 0.705944 0.496112 0.705120 0.497273 0.703880 0.496224 0.700884 0.493906 0.698819 0.493846 0.696648
2 0.572789 0.795685 0.574737 0.793537 0.577089 0.789472 0.577974 0.784264 0.580143 0.769611 0.579133 0.750093 0.576599 0.748139 0.574159 0.744356 0.573083 0.756065 0.572547 0.765148 0.570193 0.768134 0.567641 0.769208 0.568214 0.772171 0.565596 0.773819 0.559346 0.779435 0.559010 0.781708 0.559346 0.785648 0.561161 0.789356 0.564724 0.792579 0.567612 0.794852 0.570906 0.795685
2 0.440003 0.303954 0.439315 0.306667 0.438172 0.319273 0.439010 0.320083 0.442823 0.327542 0.443128 0.330931 0.440688 0.336491 0.440078 0.343537 0.441221 0.344759 0.450068 0.327269 0.450143 0.322389 0.449380 0.314394 0.448161 0.299884 0.446180 0.296227
2 0.461198 0.330625 0.468250 0.339995 0.468250 0.342106 0.453359 0.361204 0.448651 0.353708 0.449609 0.352213 0.453422 0.339065 0.450677 0.335676 0.452302 0.335194 0.455333 0.332616 0.459286 0.331560
2 0.488487 0.361394 0.492617 0.361569 0.493151 0.364551 0.489797 0.373227 0.487737 0.380005 0.481026 0.376889 0.476810 0.371722 0.478008 0.372731 0.482279 0.371213 0.486151 0.364731
2 0.489797 0.373227 0.492846 0.374991 0.493685 0.378921 0.489492 0.400338 0.485755 0.400338 0.478586 0.402236 0.469208 0.400769 0.479883 0.390171 0.478435 0.384616 0.477292 0.380278 0.476680 0.375667 0.476810 0.371722 0.481026 0.376889 0.487737 0.380005
2 0.490956 0.432157 0.487586 0.421894 0.485831 0.421218 0.485146 0.418097 0.483924 0.410912 0.482398 0.410778 0.480875 0.407662 0.479120 0.405356 0.478586 0.402236 0.469208 0.400769 0.469914 0.405157 0.469828 0.408139 0.469562 0.410963 0.468680 0.411745 0.469120 0.414097 0.469828 0.417079 0.469914 0.424449 0.471945 0.421940 0.474768 0.427903 0.475826 0.423037 0.478729 0.431972 0.479651 0.431620 0.483482 0.433921
2 0.469862 0.356227 0.469862 0.356227 0.473180 0.359514 0.471063 0.365944 0.469034 0.369708 0.468857 0.374884 0.467268 0.382102 0.464357 0.391514 0.464091 0.395903 0.469208 0.400769 0.479883 0.390171 0.478435 0.384616 0.477292 0.380278 0.476680 0.375667 0.476810 0.371722 0.477951 0.363921 0.478633 0.353694 0.476070 0.354000 0.471685 0.356634
2 0.463310 0.348431 0.469862 0.356227 0.473180 0.359514 0.471063 0.365944 0.469034 0.369708 0.468857 0.374884 0.467268 0.382102 0.464357 0.391514 0.464091 0.395903 0.453945 0.385866 0.461180 0.380847 0.464974 0.375981 0.464357 0.371435 0.457651 0.367514 0.455557 0.364755 0.453359 0.361204
2 0.575885 0.370185 0.578297 0.366755 0.579828 0.371477 0.580339 0.387991 0.579828 0.407593 0.576490 0.400241 0.573854 0.403241 0.572609 0.401019 0.572609 0.396273 0.572305 0.391120 0.573523 0.388681 0.575279 0.388546
2 0.505826 0.512917 0.505294 0.509620 0.505031 0.506796 0.506883 0.500523 0.505383 0.498954 0.504695 0.497000 0.504695 0.493954 0.506971 0.490329 0.508229 0.488287 0.508521 0.488801 0.512737 0.495991 0.516383 0.502171
2 0.437534 0.377083 0.437359 0.380847 0.436299 0.388218 0.435594 0.393866 0.436740 0.410333 0.438526 0.412171 0.440109 0.411231 0.440174 0.404088 0.440966 0.397644 0.441797 0.396343 0.441680 0.374310 0.440365 0.375694 0.439010 0.377023
2 0.441797 0.396343 0.440966 0.397644 0.440174 0.404088 0.440109 0.411231 0.438526 0.412171 0.438792 0.418968 0.441755 0.429157 0.446172 0.439819 0.448125 0.444306 0.448797 0.443843 0.448797 0.443843 0.447031 0.439384 0.445492 0.434523 0.452784 0.425514 0.448563 0.420843 0.442122 0.413000 0.441953 0.411296 0.442135 0.409074
5 0.497617 0.696338 0.499831 0.699333 0.500289 0.702227 0.500062 0.705222 0.498552 0.709454 0.495474 0.713690 0.489607 0.716477 0.483792 0.715444 0.480430 0.714310 0.477815 0.710486 0.477060 0.706667 0.477924 0.701917 0.480487 0.699231 0.483094 0.698097 0.486469 0.699852 0.486581 0.704292 0.487341 0.704912 0.487341 0.700162 0.495008 0.705944 0.496112 0.705120 0.497273 0.703880 0.496224 0.700884 0.493906 0.698819 0.493846 0.696648
5 0.555102 0.627676 0.551836 0.621870 0.552690 0.619935 0.548182 0.609426 0.549193 0.607079 0.550747 0.606389 0.547948 0.606111 0.544836 0.607769 0.542893 0.613301 0.544060 0.619384 0.546393 0.625463 0.549036 0.627815 0.553081 0.631546
5 0.556495 0.600292 0.555250 0.592824 0.557427 0.584528 0.554628 0.585361 0.549573 0.584944 0.544984 0.582181 0.541253 0.578722 0.540008 0.580935 0.539154 0.584667 0.539385 0.588815 0.542497 0.596144 0.544440 0.599324 0.548250 0.601532 0.553073 0.601949
5 0.544440 0.599324 0.541484 0.598079 0.537753 0.598769 0.535810 0.602639 0.534953 0.603884 0.534643 0.606375 0.534953 0.609690 0.536198 0.615634 0.537130 0.618815 0.538841 0.621440 0.540552 0.621856 0.542419 0.624759 0.544284 0.626694 0.546393 0.625463 0.544060 0.619384 0.542893 0.613301 0.544836 0.607769 0.547948 0.606111 0.548250 0.601532
5 0.536211 0.559162 0.535406 0.553907 0.533188 0.549843 0.528753 0.542912 0.525995 0.542435 0.523107 0.542676 0.519948 0.543870 0.517661 0.546500 0.516854 0.549366 0.516586 0.553190 0.517393 0.560361 0.518201 0.564421 0.521292 0.562870 0.530164 0.564421 0.535159 0.566324 0.535888 0.560398
2 0.522589 0.847722 0.525552 0.863833 0.538797 0.862699 0.551112 0.860940 0.547393 0.850204 0.545128 0.842042 0.536763 0.842560 0.531964 0.841014 0.529464 0.847306 0.524154 0.847491
2 0.547393 0.850204 0.548250 0.844023 0.555794 0.843472 0.571424 0.847065 0.565049 0.859509 0.551112 0.860940
2 0.527578 0.797778 0.535810 0.799426 0.538062 0.801634 0.539385 0.807995 0.539620 0.818227 0.538685 0.828593 0.536198 0.839792 0.534331 0.841866 0.531964 0.841014 0.528839 0.838977 0.517492 0.836755 0.511141 0.835407 0.509997 0.832444 0.512013 0.826796
2 0.538062 0.801634 0.545698 0.801593 0.547208 0.807583 0.547904 0.815741 0.547789 0.823074 0.546742 0.832884 0.545174 0.838769 0.545128 0.842042 0.536763 0.842560 0.534331 0.841866 0.536198 0.839792 0.538685 0.828593 0.539620 0.818227 0.539385 0.807995
2 0.545698 0.801593 0.553633 0.802977 0.555648 0.810028 0.556320 0.817315 0.556052 0.825796 0.554977 0.834282 0.552693 0.843722 0.548250 0.844023 0.545128 0.842042 0.545174 0.838769 0.546742 0.832884 0.547789 0.823074 0.547904 0.815741 0.547208 0.807583
2 0.553633 0.802977 0.556792 0.804292 0.559750 0.804171 0.562573 0.806917 0.564185 0.814926 0.564453 0.823287 0.563445 0.832130 0.562237 0.839181 0.560690 0.844676 0.555794 0.843472 0.552693 0.843722 0.554977 0.834282 0.556052 0.825796 0.556320 0.817315 0.555648 0.810028
2 0.562573 0.806917 0.568555 0.805606 0.570503 0.808949 0.571779 0.814329 0.572049 0.829023 0.570771 0.838819 0.567883 0.846231 0.560690 0.844676 0.562237 0.839181 0.563445 0.832130 0.564453 0.823287 0.564185 0.814926
2 0.568555 0.805606 0.575677 0.807037 0.578031 0.810505 0.579240 0.817074 0.579443 0.823287 0.578971 0.829023 0.576148 0.838106 0.571424 0.847065 0.567883 0.846231 0.570771 0.838819 0.572049 0.829023 0.571779 0.814329 0.570503 0.808949
2 0.554948 0.803380 0.556190 0.799370 0.556346 0.792731 0.554635 0.787477 0.552458 0.783472 0.549346 0.785407 0.545458 0.786097 0.543049 0.783472 0.542737 0.778356 0.538070 0.779736 0.535893 0.784852 0.534495 0.792181 0.534479 0.799120 0.535810 0.799426 0.538062 0.801634 0.545698 0.801593 0.553633 0.802977
2 0.552458 0.783472 0.559346 0.779435 0.559010 0.781708 0.559346 0.785648 0.561161 0.789356 0.564724 0.792579 0.567612 0.794852 0.570906 0.795685 0.572789 0.795685 0.573461 0.798912 0.573729 0.803097 0.574065 0.806801 0.568555 0.805606 0.562573 0.806917 0.559750 0.804171 0.556792 0.804292 0.554948 0.803380 0.556190 0.799370 0.556346 0.792731 0.554635 0.787477
2 0.567641 0.769208 0.565594 0.767569 0.558206 0.770199 0.554549 0.763009 0.550974 0.763426 0.548794 0.763009 0.548794 0.767435 0.547396 0.771856 0.544674 0.776694 0.542737 0.778356 0.543049 0.783472 0.545458 0.786097 0.549346 0.785407 0.552458 0.783472 0.559346 0.779435 0.565596 0.773819 0.568284 0.772269
2 0.548328 0.761486 0.558672 0.741718 0.566836 0.743514 0.574159 0.744356 0.573083 0.756065 0.572547 0.765148 0.570193 0.768134 0.567641 0.769208 0.565594 0.767569 0.558206 0.770199 0.554549 0.763009 0.550974 0.763426
2 0.579133 0.750093 0.578576 0.744486 0.579969 0.731681 0.579797 0.728787 0.577122 0.710611 0.574742 0.713505 0.575672 0.727134 0.576078 0.731782 0.565216 0.730958 0.558672 0.741718 0.566836 0.743514 0.574159 0.744356 0.576510 0.747343
2 0.500062 0.705222 0.506331 0.714588 0.500482 0.722745 0.495982 0.733306 0.494453 0.735384 0.490854 0.743542 0.488065 0.746741 0.487164 0.737944 0.482935 0.734745 0.478706 0.729468 0.476818 0.723227 0.476818 0.717468 0.480430 0.714310 0.483792 0.715444 0.489607 0.716477 0.495474 0.713690 0.498552 0.709454
2 0.484563 0.677986 0.484286 0.671560 0.479068 0.672519 0.477896 0.667403 0.478258 0.659722 0.475648 0.657167 0.473849 0.658125 0.472497 0.655245 0.471240 0.644366 0.469620 0.648046 0.466469 0.647727 0.464581 0.645968 0.463443 0.657944 0.464839 0.661764 0.464430 0.674056 0.468612 0.675500 0.471341 0.675495
2 0.471240 0.644366 0.472818 0.641903 0.476161 0.632639 0.476784 0.627940 0.478964 0.625866 0.485961 0.626417 0.482773 0.617569 0.482773 0.615083 0.481917 0.614255 0.480750 0.614806 0.478651 0.613287 0.476474 0.612319 0.473674 0.611074 0.471419 0.611458 0.472492 0.613287 0.472578 0.617931 0.466823 0.627690 0.466823 0.641597 0.466469 0.647727 0.469620 0.648046
2 0.476784 0.627940 0.480596 0.636926 0.482695 0.646880 0.482695 0.651856 0.485417 0.652412 0.485107 0.655727 0.483940 0.658907 0.482229 0.662639 0.478258 0.659722 0.475648 0.657167 0.473849 0.658125 0.472497 0.655245 0.471240 0.644366 0.472818 0.641903 0.476161 0.632639
2 0.485417 0.652412 0.488682 0.651167 0.491172 0.655315 0.499336 0.648125 0.500503 0.647431 0.501125 0.643009 0.499336 0.617157 0.498714 0.616741 0.492727 0.619093 0.483083 0.606787 0.481063 0.605681 0.479117 0.605542 0.475385 0.611764 0.476474 0.612319 0.478651 0.613287 0.480750 0.614806 0.481917 0.614255 0.482773 0.615083 0.482773 0.617569 0.485961 0.626417 0.478964 0.625866 0.476784 0.627940 0.480596 0.636926 0.482695 0.646880 0.482695 0.651856
2 0.499336 0.617157 0.502758 0.618954 0.503224 0.616051 0.504547 0.614394 0.510534 0.610384 0.512245 0.619370 0.513023 0.622134 0.513023 0.626144 0.511701 0.628356 0.509680 0.629875 0.510690 0.636926 0.514578 0.638722 0.514346 0.640245 0.509680 0.649921 0.509367 0.651718 0.510924 0.653514 0.512401 0.653931 0.513568 0.654347 0.514034 0.656005 0.513956 0.658630 0.513490 0.660565 0.512789 0.662778 0.509057 0.666926 0.504312 0.670796 0.500893 0.674528 0.499492 0.678125 0.490784 0.681718 0.487206 0.682824 0.484406 0.682273 0.484563 0.677986 0.484286 0.671560 0.483940 0.658907 0.485107 0.655727 0.485417 0.652412 0.488682 0.651167 0.491172 0.655315 0.499336 0.648125 0.500503 0.647431 0.501125 0.643009
2 0.506536 0.702685 0.508695 0.696671 0.512760 0.690991 0.516654 0.687995 0.519789 0.687481 0.520255 0.690991 0.514464 0.702532 0.508669 0.711329
2 0.519789 0.687481 0.518891 0.679616 0.515628 0.680417 0.510255 0.684167 0.507143 0.688806 0.505687 0.691306 0.505948 0.693056 0.506536 0.702685 0.508695 0.696671 0.512760 0.690991 0.516654 0.687995
5 0.297013 0.203889 0.288721 0.187306 0.294810 0.183389 0.308674 0.177398 0.311911 0.175097 0.316057 0.171644 0.321370 0.171644 0.331484 0.192037 0.343005 0.212407 0.357388 0.241662 0.371185 0.271329 0.373984 0.280079 0.374555 0.283259 0.376224 0.285444 0.376458 0.288046 0.372870 0.284847 0.369734 0.282472 0.366146 0.278491 0.361979 0.280648 0.359266 0.284731 0.335143 0.254995 0.306938 0.217222
5 0.357547 0.158755 0.356435 0.154731 0.355596 0.153046 0.355523 0.149398 0.359219 0.149204 0.362883 0.148806 0.362883 0.147792 0.358784 0.143718 0.358755 0.142060 0.361227 0.140282 0.364388 0.132481 0.363685 0.130005 0.362427 0.128514 0.362516 0.125519 0.365508 0.125852 0.372786 0.132907 0.378664 0.138218 0.384917 0.144190 0.389536 0.148009 0.395753 0.153481 0.403409 0.161954 0.415229 0.173750 0.423760 0.180292 0.433701 0.189894 0.442901 0.199713 0.447419 0.204171 0.447044 0.206278 0.448794 0.213167 0.449609 0.219051 0.456609 0.225056 0.455227 0.227278 0.454115 0.228287 0.453177 0.229907 0.451172 0.228051 0.449734 0.227046 0.447943 0.231296 0.446706 0.239412 0.439331 0.231185 0.439766 0.240181 0.440266 0.249509 0.434219 0.242505 0.424984 0.232806 0.411701 0.218213 0.396148 0.201894 0.379083 0.182597 0.362451 0.164551
5 0.384917 0.144190 0.377315 0.135782 0.371388 0.129644 0.368401 0.126907 0.368401 0.125662 0.370081 0.123171 0.374234 0.120435 0.375401 0.119190 0.376521 0.112801 0.377409 0.110560 0.381047 0.102597 0.383055 0.102264 0.383570 0.102500 0.384411 0.103250 0.410234 0.129417 0.441930 0.159255 0.468906 0.185454 0.466456 0.189551 0.466456 0.189551 0.465057 0.192620 0.463003 0.198014 0.461883 0.200171 0.461229 0.200088 0.460622 0.199009 0.459596 0.200333 0.460016 0.202412 0.458661 0.206560 0.456328 0.208051 0.456281 0.209546 0.454010 0.212546 0.447419 0.204171 0.442901 0.199713 0.433701 0.189894 0.423760 0.180292 0.415229 0.173750 0.403409 0.161954 0.395753 0.153481 0.389536 0.148009
5 0.464870 0.234852 0.462633 0.232213 0.459487 0.232356 0.457607 0.233384 0.456609 0.233602 0.453638 0.235727 0.452146 0.237019 0.450979 0.238903 0.451461 0.240102 0.462190 0.251861 0.474815 0.265917 0.494823 0.288435 0.498818 0.293671 0.507609 0.302417 0.525440 0.323931 0.533424 0.333111 0.534596 0.334616 0.535724 0.338417 0.535951 0.339593 0.531870 0.341514 0.530984 0.342181 0.531474 0.344005 0.539958 0.353324 0.541630 0.352431 0.541044 0.350500 0.541044 0.345296 0.543135 0.343958 0.546984 0.349014 0.548823 0.347676 0.548992 0.343065 0.552003 0.347676 0.554094 0.347227 0.554010 0.342917 0.556518 0.331167 0.559279 0.325815 0.562307 0.327806 0.563315 0.327157 0.562786 0.326019 0.559375 0.322639 0.557318 0.320694 0.553078 0.316412 0.551865 0.314755 0.550130 0.314398 0.547383 0.311681 0.544583 0.314171 0.542344 0.311602 0.540198 0.310602 0.538469 0.311185 0.536695 0.311269 0.514576 0.287454 0.489557 0.260986
5 0.451461 0.240102 0.449839 0.242657 0.446706 0.239412 0.439331 0.231185 0.439766 0.240181 0.440266 0.249509 0.440211 0.252102 0.437727 0.253926 0.434974 0.255463 0.433948 0.257000 0.436797 0.259120 0.445964 0.269815 0.464237 0.290875 0.480622 0.308231 0.488049 0.313931 0.500633 0.331287 0.511859 0.346162 0.517961 0.354032 0.521133 0.351491 0.526328 0.345542 0.531870 0.341514 0.535951 0.339593 0.535724 0.338417 0.534596 0.334616 0.533424 0.333111 0.525440 0.323931 0.507609 0.302417 0.498818 0.293671 0.494823 0.288435 0.474815 0.265917 0.462190 0.251861
