0 0.506638 0.508792 0.506521 0.517958 0.502961 0.518810 0.496750 0.523125 0.492216 0.529310 0.489568 0.538185 0.489146 0.547181 0.496492 0.562139 0.488406 0.566866 0.481917 0.572884 0.477734 0.579218 0.475190 0.584551 0.472648 0.593486 0.472870 0.601111 0.474055 0.607153 0.474229 0.614880 0.475695 0.621398 0.480099 0.628755 0.480674 0.623463 0.479911 0.618356 0.481354 0.615653 0.483966 0.612736 0.489672 0.607255 0.493284 0.593625 0.501260 0.591153 0.504424 0.596329 0.503875 0.624463 0.500068 0.626421 0.498852 0.631449 0.498633 0.637375 0.498763 0.644583 0.499352 0.652097 0.501591 0.661028 0.527427 0.663644 0.528078 0.645440 0.528206 0.629157 0.529870 0.599907 0.533490 0.599954 0.538438 0.596898 0.540396 0.604005 0.549628 0.620005 0.549674 0.622421 0.547005 0.635000 0.550016 0.643000 0.554010 0.650727 0.564417 0.672079 0.570568 0.672079 0.571646 0.664787 0.572865 0.656185 0.574328 0.645773 0.575018 0.638208 0.574867 0.628148 0.573521 0.619338 0.571599 0.610694 0.565492 0.609278 0.563292 0.604153 0.559060 0.596819 0.551539 0.582866 0.548375 0.586593 0.547930 0.585282 0.548375 0.579241 0.551820 0.578843 0.554315 0.582051 0.557081 0.583574 0.560643 0.585782 0.563245 0.587884 0.566513 0.592111 0.568552 0.598028 0.570357 0.604463 0.570297 0.608588 0.573578 0.612903 0.575557 0.607880 0.576578 0.602755 0.576799 0.595028 0.576401 0.589801 0.575276 0.583866 0.574995 0.577032 0.573578 0.571509 0.571154 0.566991 0.569055 0.563889 0.566172 0.560972 0.560021 0.555431 0.557362 0.556449 0.554198 0.555949 0.552276 0.557241 0.550297 0.558764 0.547870 0.558764 0.557701 0.540162 0.559060 0.539162 0.560526 0.535745 0.558146 0.534352 0.555323 0.529227 0.555276 0.525495 0.554596 0.520792 0.553518 0.518977 0.549898 0.517769 0.544990 0.512852 0.541953 0.513644 0.540372 0.516458 0.538229 0.515144 0.537878 0.500481
2 0.585781 0.735972 0.574747 0.731644 0.571685 0.740296 0.568810 0.752667 0.580510 0.751264
2 0.531771 0.599769 0.533091 0.610653 0.532174 0.623088 0.544729 0.623671 0.549628 0.620005 0.540396 0.604005 0.538438 0.596898 0.533490 0.599954
11 0.544604 0.757375 0.564727 0.753745 0.563365 0.749440 0.561172 0.746616 0.558146 0.745273 0.554969 0.744597 0.551641 0.746616 0.547253 0.750380 0.545589 0.753611
11 0.536888 0.730477 0.535224 0.733977 0.534469 0.740296 0.535375 0.755222 0.537646 0.757912 0.544604 0.757375 0.545589 0.753611 0.547253 0.750380 0.551641 0.746616 0.552698 0.745676 0.552094 0.735588 0.550732 0.730745 0.547630 0.727250 0.544453 0.725505 0.540065 0.726981
11 0.551414 0.705463 0.549672 0.708963 0.548083 0.713532 0.547555 0.718912 0.547630 0.727250 0.550732 0.730745 0.552094 0.735588 0.552698 0.745676 0.554969 0.744597 0.558146 0.745273 0.561172 0.746616 0.563365 0.749440 0.564727 0.753745 0.568810 0.752667 0.571685 0.740296 0.570398 0.712458 0.568964 0.708287 0.566919 0.704792 0.565104 0.702778 0.561096 0.700894 0.554818 0.701968
11 0.571544 0.667310 0.574201 0.668116 0.577534 0.670926 0.579625 0.674542 0.581602 0.678764 0.582167 0.684889 0.581828 0.688005 0.576404 0.724972 0.570979 0.725375 0.570398 0.712458 0.568964 0.708287 0.566919 0.704792 0.565104 0.702778 0.561096 0.700894 0.558266 0.701366 0.559792 0.685593 0.559339 0.678861 0.559961 0.675852 0.561714 0.671630 0.563237 0.670023 0.564417 0.672079 0.570568 0.672079
11 0.526750 0.693769 0.528711 0.691097 0.531719 0.689236 0.534857 0.688306 0.538844 0.688889 0.541917 0.690981 0.544729 0.693653 0.547604 0.698185 0.548651 0.702949 0.549672 0.708963 0.548083 0.713532 0.547555 0.718912 0.547630 0.727250 0.544453 0.725505 0.540065 0.726981 0.536888 0.730477 0.535224 0.733977 0.534469 0.740296 0.535375 0.755222 0.532438 0.753977 0.530411 0.736773 0.526031 0.720500
11 0.526719 0.698907 0.528102 0.696380 0.530841 0.693458 0.534156 0.692227 0.536930 0.692032 0.539122 0.693005 0.541747 0.695079 0.544151 0.699167 0.545612 0.703514 0.545651 0.708116 0.545286 0.711685 0.543974 0.716028 0.541857 0.718690 0.539232 0.721412 0.534411 0.722255 0.530471 0.720440 0.527701 0.716741 0.526208 0.713954
11 0.429510 0.711111 0.434326 0.726611 0.435747 0.732125 0.436245 0.743727 0.433625 0.747106 0.430419 0.747630 0.427716 0.746583 0.424677 0.741329 0.423326 0.720690 0.423667 0.716338 0.426070 0.713037
11 0.438461 0.705792 0.439138 0.719898 0.446143 0.720653 0.446229 0.718625 0.445089 0.702042
2 0.554406 0.651579 0.552654 0.651981 0.551693 0.656301 0.551581 0.683120 0.559492 0.682319 0.559339 0.678861 0.559961 0.675852 0.561714 0.671630 0.563237 0.670023
2 0.469451 0.511565 0.468828 0.517894 0.464477 0.528241 0.461823 0.539995 0.464195 0.547130 0.471427 0.547329 0.477190 0.539894 0.478378 0.536176 0.478435 0.515583 0.472727 0.511264
2 0.420063 0.473093 0.418990 0.500417 0.419893 0.518194 0.433909 0.517394 0.434247 0.510361 0.434643 0.476810 0.433398 0.472389
2 0.445378 0.487657 0.434529 0.495694 0.437638 0.513875 0.447583 0.528843 0.458487 0.517995 0.457810 0.512870 0.457922 0.507046 0.455833 0.498208 0.451313 0.495292
2 0.469695 0.480292 0.460326 0.488694 0.457708 0.501903 0.457922 0.507046 0.457810 0.512870 0.458487 0.517995 0.457958 0.519213 0.460901 0.521440 0.467578 0.521060 0.468828 0.517894 0.469451 0.511565 0.472727 0.511264 0.474693 0.512819 0.474352 0.502750 0.475818 0.485819 0.475526 0.481741
2 0.454375 0.451639 0.449734 0.466569 0.451297 0.494093 0.459112 0.495394 0.460326 0.488694 0.468245 0.481593 0.467510 0.461796 0.468341 0.455894 0.466292 0.454241 0.460039 0.453546
2 0.467052 0.400500 0.465091 0.404685 0.457573 0.415144 0.457768 0.435718 0.459469 0.432810 0.461234 0.432231 0.465680 0.431185 0.466857 0.429440 0.470974 0.430486 0.474570 0.431648 0.475812 0.431069 0.475289 0.412241 0.471693 0.407824 0.470190 0.402361
2 0.425224 0.382171 0.414305 0.391819 0.416227 0.415065 0.420867 0.419796 0.428891 0.418213 0.431003 0.411241 0.432982 0.400954 0.426818 0.384750
2 0.469760 0.306106 0.466370 0.318662 0.465128 0.334134 0.468008 0.336644 0.469930 0.331824 0.477219 0.331824 0.480328 0.336343 0.485583 0.335843 0.487560 0.329111 0.488182 0.322884 0.484849 0.317056 0.480497 0.315551
2 0.415294 0.316394 0.415013 0.321014 0.417724 0.346931 0.421510 0.349542 0.425805 0.349644 0.430833 0.341606 0.427784 0.331963 0.425974 0.318602 0.420549 0.316292
11 0.423724 0.419144 0.428323 0.468403 0.424812 0.472921 0.433398 0.472389 0.434643 0.476810 0.434646 0.482269 0.436628 0.480856 0.437870 0.477440 0.437755 0.472611 0.435896 0.470204 0.433120 0.468000 0.431310 0.468000 0.426849 0.418472
2 0.440914 0.750000 0.442026 0.745005 0.435844 0.722991 0.432880 0.712454 0.432284 0.708972 0.438461 0.705792 0.445089 0.702042 0.474518 0.685028 0.480076 0.704324 0.482885 0.704671 0.483018 0.702463 0.476154 0.678634 0.444737 0.697583 0.438279 0.701477 0.428818 0.706764 0.429510 0.711111 0.434326 0.726611 0.435747 0.732125 0.435747 0.732125
2 0.432393 0.404023 0.438711 0.481153 0.436375 0.481546 0.436591 0.491134 0.441339 0.490556 0.445378 0.487657 0.445130 0.480315 0.442286 0.480639 0.436305 0.405463 0.466359 0.402032 0.467052 0.400500 0.444070 0.400731 0.433167 0.402093
5 0.453214 0.337125 0.450565 0.339815 0.447109 0.343556 0.443708 0.351907 0.443602 0.358727 0.445005 0.365926 0.447703 0.371111 0.452188 0.374468 0.455589 0.375907 0.460393 0.376486 0.465307 0.375431 0.468711 0.373319 0.472867 0.369380 0.475299 0.364292 0.476971 0.357861 0.476487 0.351333 0.474542 0.346245 0.472490 0.341255 0.469143 0.337509 0.468008 0.336644 0.465128 0.334134 0.460503 0.334630 0.456344 0.335398
2 0.474570 0.431648 0.470974 0.430486 0.466857 0.429440 0.465680 0.431185 0.461234 0.432231 0.459469 0.432810 0.457768 0.435718 0.458104 0.439431 0.456862 0.442218 0.456701 0.444903 0.458266 0.447306 0.458862 0.452870 0.460039 0.453546 0.466292 0.454241 0.468341 0.455894 0.467510 0.461796 0.467878 0.469287 0.471820 0.468134 0.475492 0.464199 0.475763 0.447019 0.476250 0.445097 0.475979 0.433671
5 0.457768 0.435718 0.455279 0.435019 0.451031 0.435019 0.447672 0.435769 0.444964 0.437259 0.441604 0.440412 0.439458 0.443565 0.441464 0.469704 0.443937 0.472273 0.446505 0.474181 0.450240 0.475259 0.449734 0.466569 0.454375 0.451639 0.458862 0.452870 0.458266 0.447306 0.456701 0.444903 0.456862 0.442218 0.458104 0.439431
2 0.549628 0.620005 0.544729 0.623671 0.540547 0.629306 0.537161 0.631431 0.534732 0.632009 0.532807 0.636213 0.530781 0.636963 0.529516 0.638912 0.529302 0.643042 0.529302 0.645593 0.529979 0.648134 0.531654 0.649097 0.534568 0.656199 0.534677 0.659944 0.533003 0.660134 0.532570 0.660713 0.533380 0.663306 0.535109 0.667431 0.537862 0.672042 0.541049 0.675306 0.543154 0.673866 0.551740 0.663111 0.551693 0.656301 0.552654 0.651981 0.554406 0.651579 0.554010 0.650727 0.550016 0.643000 0.547005 0.635000 0.549674 0.622421
5 0.457109 0.695046 0.457089 0.700509 0.465810 0.702009 0.467745 0.699491 0.469297 0.699005 0.469516 0.687958
5 0.482031 0.654333 0.479445 0.654130 0.470763 0.655375 0.471365 0.657519 0.470161 0.660356 0.470372 0.670426 0.471818 0.671176 0.472893 0.673023 0.474565 0.669884 0.477023 0.667306 0.480146 0.666014 0.483487 0.666630 0.486135 0.667528 0.488385 0.668981 0.490297 0.671454 0.491969 0.675431 0.497760 0.679861 0.497982 0.677227 0.494258 0.674681 0.492721 0.672319 0.491107 0.669079 0.488815 0.668060 0.488451 0.661255 0.485227 0.661912 0.484833 0.656606 0.484576 0.657245 0.484750 0.663444 0.483008 0.663505 0.482763 0.659787 0.482276 0.657495
10 0.491346 0.696829 0.494156 0.699708 0.494156 0.707866 0.495776 0.713051 0.496935 0.725750 0.500393 0.723255 0.500625 0.704870 0.500294 0.694745 0.499128 0.693083 0.492784 0.694333
2 0.438081 0.640213 0.437643 0.657426 0.442206 0.666204 0.447016 0.679532 0.451508 0.677144 0.452422 0.675741 0.464635 0.666093 0.470570 0.653875 0.467508 0.645875 0.462448 0.649764 0.444891 0.647875
10 0.542638 0.685769 0.541471 0.687759 0.541917 0.690981 0.544729 0.693653 0.547604 0.698185 0.548651 0.702949 0.549672 0.708963 0.551414 0.705463 0.554818 0.701968 0.558266 0.701366 0.559792 0.685593 0.559492 0.682319 0.551581 0.683120
2 0.526031 0.720500 0.530411 0.736773 0.532438 0.753977 0.529013 0.754593 0.526857 0.756407 0.524969 0.759380 0.525443 0.746153 0.527188 0.740972 0.526846 0.731273 0.525714 0.729736
2 0.488388 0.621690 0.487057 0.627644 0.483547 0.650519 0.483789 0.652815 0.486977 0.651880 0.488469 0.651310 0.490646 0.649944 0.493875 0.649801 0.499198 0.650019 0.498763 0.644583 0.498633 0.637375 0.498852 0.631449 0.500068 0.626421
2 0.486977 0.651880 0.486857 0.655657 0.489422 0.655889 0.493047 0.658120 0.496081 0.659981 0.498870 0.661282 0.501591 0.661028 0.499352 0.652097 0.499198 0.650019 0.493875 0.649801 0.490646 0.649944 0.488469 0.651310
2 0.483151 0.613509 0.483370 0.617806 0.481312 0.623111 0.484096 0.626412 0.489672 0.607255 0.490828 0.603208 0.495042 0.607338 0.500388 0.610505 0.504247 0.610134 0.503875 0.624463 0.500068 0.626421 0.488388 0.621690 0.487057 0.627644 0.485833 0.636241 0.475180 0.636093 0.472917 0.636435 0.471557 0.635569 0.470573 0.634745 0.469898 0.635856 0.467656 0.635579 0.465435 0.629329 0.464474 0.629236 0.464029 0.628199 0.462203 0.628935 0.460357 0.629495 0.458143 0.630653 0.451943 0.632921 0.444000 0.632324 0.439607 0.629273 0.438799 0.629551 0.430620 0.628667 0.428448 0.631509 0.427034 0.631347 0.427362 0.602583 0.428841 0.602690 0.428992 0.611102 0.430711 0.613134 0.432185 0.617204 0.447008 0.617856 0.475089 0.619681 0.475695 0.621398 0.480099 0.628755 0.480674 0.623463 0.479911 0.618356 0.481354 0.615653
2 0.504010 0.308380 0.496784 0.326412 0.501753 0.362894 0.506560 0.335435 0.508070 0.308940
10 0.500599 0.316898 0.498703 0.314708 0.496294 0.314028 0.493539 0.314778 0.491521 0.316449 0.489635 0.319491 0.488182 0.322884 0.487560 0.329111 0.488000 0.332500 0.488625 0.334176 0.494484 0.334056 0.495969 0.345639 0.497719 0.345162 0.499167 0.344190 0.496784 0.326412
2 0.550628 0.421769 0.558146 0.534352 0.555323 0.529227 0.555276 0.525495 0.554596 0.520792 0.553518 0.518977 0.549898 0.517769 0.541172 0.495111 0.541734 0.484356 0.543865 0.467241 0.544086 0.449519 0.545315 0.437181
2 0.561305 0.586542 0.560643 0.585782 0.557081 0.583574 0.554315 0.582051 0.551820 0.578843 0.548375 0.579241 0.547930 0.585282 0.548375 0.586593 0.551539 0.582866 0.559060 0.596819 0.562315 0.602407
2 0.531771 0.599769 0.529870 0.599907 0.528206 0.629157 0.532555 0.629606 0.540547 0.629306 0.544729 0.623671 0.532174 0.623088 0.533091 0.610653
2 0.478422 0.553486 0.479206 0.577194 0.481917 0.572884 0.488406 0.566866 0.488156 0.555764 0.489745 0.548954 0.489146 0.547181 0.489568 0.538185 0.492216 0.529310 0.496750 0.523125 0.500440 0.520606 0.496471 0.511884 0.495958 0.499444 0.494516 0.487505 0.494651 0.480694 0.496703 0.470662 0.497807 0.460236 0.498609 0.451977 0.498563 0.439782 0.497458 0.427444 0.496810 0.422301 0.495068 0.412787 0.494786 0.404958 0.495068 0.396477 0.496664 0.383866 0.497617 0.380741 0.492557 0.380097 0.485544 0.378810 0.475786 0.379583 0.473185 0.380866 0.460245 0.382407 0.452076 0.383694 0.450195 0.386134 0.432846 0.386648 0.431255 0.384079 0.430091 0.383037 0.429589 0.375815 0.428466 0.375708 0.428156 0.388597 0.429781 0.392366 0.432773 0.389593 0.457461 0.388477 0.474766 0.386583
2 0.433664 0.389523 0.432982 0.400954 0.444070 0.400731 0.467052 0.400500 0.474974 0.400852 0.474797 0.387546 0.457461 0.388477
2 0.429227 0.335861 0.430833 0.341606 0.428003 0.346167 0.429521 0.344884 0.448823 0.341796 0.450565 0.339815 0.453214 0.337125 0.456344 0.335398 0.455367 0.331713 0.444674 0.333148
2 0.501367 0.482417 0.500680 0.508963 0.504240 0.518519 0.506521 0.517958 0.506638 0.508792 0.507615 0.482972
2 0.501284 0.474569 0.507573 0.475468 0.509018 0.429458 0.507935 0.428815 0.507573 0.425218 0.505180 0.422620 0.505628 0.414810 0.507044 0.414537 0.506857 0.407972 0.506328 0.403023 0.505810 0.385958 0.505042 0.385597 0.503307 0.405528 0.500646 0.417222 0.502310 0.426144 0.503128 0.438917 0.503185 0.456139
2 0.428083 0.633991 0.427333 0.638102 0.428208 0.654208 0.437831 0.651319 0.438081 0.640213 0.444891 0.647875 0.462448 0.649764 0.466107 0.647120 0.467508 0.645875 0.469779 0.652111 0.472372 0.651153 0.472372 0.648847 0.467656 0.635579 0.465435 0.629329 0.464474 0.629236 0.464029 0.628199 0.462203 0.628935 0.460357 0.629495 0.458143 0.630653 0.451943 0.632921 0.444000 0.632324 0.439870 0.629352 0.438799 0.629551 0.438383 0.632190 0.432081 0.631958
2 0.472010 0.681259 0.476081 0.678593 0.477643 0.675301 0.479901 0.673755 0.482505 0.673347 0.484706 0.673653 0.486443 0.675093 0.487542 0.677565 0.488063 0.681991 0.487367 0.685074 0.485573 0.687750 0.482273 0.689708 0.480076 0.689912 0.479438 0.689912 0.481000 0.695880 0.483234 0.695778 0.486198 0.694940 0.488784 0.692866 0.491245 0.689333 0.492346 0.685579 0.492789 0.681597 0.492474 0.677898 0.491432 0.677056 0.491969 0.675431 0.490297 0.671454 0.488344 0.668875 0.486135 0.667528 0.483487 0.666630 0.480146 0.666014 0.477023 0.667306 0.474565 0.669884 0.472893 0.673023 0.472107 0.674421
2 0.447109 0.343556 0.443708 0.351907 0.443602 0.358727 0.445005 0.365926 0.447703 0.371111 0.452188 0.374468 0.455589 0.375907 0.460393 0.376486 0.465307 0.375431 0.468711 0.373319 0.472867 0.369380 0.475299 0.364292 0.476971 0.357861 0.476487 0.351333 0.474542 0.346245 0.472490 0.341255 0.469143 0.337509 0.480328 0.336343 0.485583 0.335843 0.488625 0.334176 0.494484 0.334056 0.495969 0.345639 0.499354 0.373926 0.497617 0.380741 0.492557 0.380097 0.485544 0.378810 0.475786 0.379583 0.473185 0.380866 0.460245 0.382407 0.452076 0.383694 0.450195 0.386134 0.432846 0.386648 0.431255 0.384079 0.428003 0.346167 0.429521 0.344884 0.448823 0.341796
2 0.546805 0.385921 0.544914 0.389472 0.544052 0.397824 0.543404 0.407810 0.544969 0.415588 0.547398 0.410208 0.549344 0.403296 0.548372 0.389185
2 0.491937 0.598912 0.494937 0.603690 0.498188 0.606801 0.502185 0.609579 0.504247 0.610134 0.504424 0.596329 0.501260 0.591153 0.493284 0.593625
5 0.297013 0.203889 0.288721 0.187306 0.294810 0.183389 0.308674 0.177398 0.311911 0.175097 0.316057 0.171644 0.321370 0.171644 0.331484 0.192037 0.343005 0.212407 0.357388 0.241662 0.371185 0.271329 0.373984 0.280079 0.374555 0.283259 0.376224 0.285444 0.376458 0.288046 0.372870 0.284847 0.369734 0.282472 0.366146 0.278491 0.361979 0.280648 0.359266 0.284731 0.335143 0.254995 0.306938 0.217222
5 0.357547 0.158755 0.356435 0.154731 0.355596 0.153046 0.355523 0.149398 0.359219 0.149204 0.362883 0.148806 0.362883 0.147792 0.358784 0.143718 0.358755 0.142060 0.361227 0.140282 0.364388 0.132481 0.363685 0.130005 0.362427 0.128514 0.362516 0.125519 0.365508 0.125852 0.372786 0.132907 0.378664 0.138218 0.384917 0.144190 0.389536 0.148009 0.395753 0.153481 0.403409 0.161954 0.415229 0.173750 0.423760 0.180292 0.433701 0.189894 0.442901 0.199713 0.447419 0.204171 0.447044 0.206278 0.448794 0.213167 0.449609 0.219051 0.456609 0.225056 0.455227 0.227278 0.454115 0.228287 0.453177 0.229907 0.451172 0.228051 0.449734 0.227046 0.447943 0.231296 0.446706 0.239412 0.439331 0.231185 0.439766 0.240181 0.440266 0.249509 0.434219 0.242505 0.424984 0.232806 0.411701 0.218213 0.396148 0.201894 0.379083 0.182597 0.362451 0.164551
5 0.384917 0.144190 0.377315 0.135782 0.371388 0.129644 0.368401 0.126907 0.368401 0.125662 0.370081 0.123171 0.374234 0.120435 0.375401 0.119190 0.376521 0.112801 0.377409 0.110560 0.381047 0.102597 0.383055 0.102264 0.383570 0.102500 0.384411 0.103250 0.410234 0.129417 0.441930 0.159255 0.468906 0.185454 0.466456 0.189551 0.466456 0.189551 0.465057 0.192620 0.463003 0.198014 0.461883 0.200171 0.461229 0.200088 0.460622 0.199009 0.459596 0.200333 0.460016 0.202412 0.458661 0.206560 0.456328 0.208051 0.456281 0.209546 0.454010 0.212546 0.447419 0.204171 0.442901 0.199713 0.433701 0.189894 0.423760 0.180292 0.415229 0.173750 0.403409 0.161954 0.395753 0.153481 0.389536 0.148009
5 0.464870 0.234852 0.462633 0.232213 0.459487 0.232356 0.457607 0.233384 0.456609 0.233602 0.453638 0.235727 0.452146 0.237019 0.450979 0.238903 0.451461 0.240102 0.462190 0.251861 0.474815 0.265917 0.494823 0.288435 0.498818 0.293671 0.507609 0.302417 0.525440 0.323931 0.533424 0.333111 0.534596 0.334616 0.535724 0.338417 0.535951 0.339593 0.531870 0.341514 0.530984 0.342181 0.531474 0.344005 0.539958 0.353324 0.541630 0.352431 0.541044 0.350500 0.541044 0.345296 0.543135 0.343958 0.546984 0.349014 0.548823 0.347676 0.548992 0.343065 0.552003 0.347676 0.554094 0.347227 0.554010 0.342917 0.556518 0.331167 0.559279 0.325815 0.562307 0.327806 0.563315 0.327157 0.562786 0.326019 0.559375 0.322639 0.557318 0.320694 0.553078 0.316412 0.551865 0.314755 0.550130 0.314398 0.547383 0.311681 0.544583 0.314171 0.542344 0.311602 0.540198 0.310602 0.538469 0.311185 0.536695 0.311269 0.514576 0.287454 0.489557 0.260986
5 0.451461 0.240102 0.449839 0.242657 0.446706 0.239412 0.439331 0.231185 0.439766 0.240181 0.440266 0.249509 0.440211 0.252102 0.437727 0.253926 0.434974 0.255463 0.433948 0.257000 0.436797 0.259120 0.445964 0.269815 0.464237 0.290875 0.480622 0.308231 0.488049 0.313931 0.500633 0.331287 0.511859 0.346162 0.517961 0.354032 0.521133 0.351491 0.526328 0.345542 0.531870 0.341514 0.535951 0.339593 0.535724 0.338417 0.534596 0.334616 0.533424 0.333111 0.525440 0.323931 0.507609 0.302417 0.498818 0.293671 0.494823 0.288435 0.474815 0.265917 0.462190 0.251861
