0 0.493526 0.846806 0.490703 0.839907 0.480555 0.833005 0.476674 0.833634 0.469792 0.844611 0.462997 0.852454 0.462734 0.861866 0.463792 0.869394 0.461109 0.879731 0.459432 0.880986 0.459346 0.885222 0.468432 0.895417 0.479841 0.906806 0.477987 0.907745 0.465195 0.907273 0.448607 0.931713 0.445307 0.940213 0.444602 0.952134 0.445995 0.958407 0.447055 0.968134 0.446966 0.978801 0.449701 0.987111 0.456549 0.995065 0.459745 1.000000 0.465013 1.000000 0.478737 0.990185 0.476523 0.983426 0.472570 0.976963 0.466721 0.971065 0.464508 0.966282 0.467346 0.957861 0.480318 0.944639 0.485531 0.938176 0.485690 0.934801 0.489484 0.935083 0.492810 0.944356 0.498026 0.951380 0.494867 0.953639 0.490596 0.963759 0.487279 0.981185 0.484589 0.999741 0.507898 0.999866 0.507898 0.996773 0.512487 0.976542 0.513914 0.968384 0.511542 0.959116 0.519607 0.959662 0.529091 0.953764 0.529885 0.962204 0.532099 0.970625 0.540940 0.991236 0.542529 0.996852 0.542846 0.999944 0.577714 0.999912 0.577299 0.991157 0.575659 0.979991 0.573885 0.977310 0.562953 0.977074 0.552427 0.948889 0.546693 0.938440 0.540674 0.935037 0.543268 0.920468 0.543411 0.915602 0.547786 0.912685 0.557924 0.916106 0.570497 0.915870 0.574872 0.917815 0.582654 0.932389 0.583891 0.937250 0.583477 0.944292 0.584023 0.947208 0.594000 0.945986 0.596320 0.942347 0.600151 0.930926 0.601245 0.921690 0.596737 0.890838 0.594099 0.884250 0.589141 0.877741 0.584182 0.875213 0.578508 0.868296 0.575201 0.868704 0.574732 0.873333 0.562917 0.872486 0.563393 0.868926 0.563508 0.864926 0.549956 0.841194 0.549956 0.833176 0.548448 0.824926 0.545307 0.824440 0.535195 0.820551 0.532187 0.817384 0.528086 0.820787 0.522896 0.828801 0.520576 0.843625
8 0.550234 0.426019 0.551253 0.419574 0.553359 0.409491 0.555005 0.401292 0.558490 0.385713 0.558557 0.379778 0.559047 0.376514 0.560018 0.373731 0.562068 0.375361 0.562177 0.377088 0.560393 0.386014 0.560341 0.406079 0.559802 0.409537 0.558938 0.412227 0.558451 0.391394 0.554940 0.410884 0.552682 0.422500 0.551109 0.427588
8 0.536268 0.406292 0.534638 0.404134 0.534812 0.403019 0.535755 0.402463 0.537534 0.401968 0.537987 0.403824 0.538255 0.408935 0.538312 0.411690 0.539151 0.414426 0.541646 0.429111 0.542500 0.434769 0.542815 0.439324 0.544401 0.447704 0.546526 0.456259 0.547852 0.460412 0.547154 0.464810 0.546180 0.463569 0.544888 0.458986 0.542938 0.448509 0.542396 0.443843 0.542732 0.441972 0.541646 0.440889 0.540599 0.434583 0.540313 0.430324 0.539521 0.428866 0.538823 0.425949 0.537812 0.417458 0.536870 0.411435 0.536870 0.411435 0.536961 0.408704
8 0.548385 0.527824 0.546945 0.504773 0.546432 0.494653 0.546479 0.482620 0.546482 0.480537 0.546484 0.477546 0.546534 0.470500 0.546727 0.468889 0.547076 0.466468 0.547154 0.464810 0.547852 0.460412 0.548888 0.456449 0.550000 0.454352 0.551594 0.454014 0.553135 0.454046 0.553089 0.456370 0.550474 0.457116 0.548654 0.464083 0.548000 0.474375 0.547854 0.477315 0.547734 0.479954 0.547953 0.495861 0.549615 0.519019 0.550174 0.529468 0.550013 0.532255 0.549255 0.531389
8 0.557943 0.542917 0.558070 0.536148 0.558854 0.523657 0.558984 0.521389 0.559141 0.519060 0.559966 0.505097 0.560221 0.500625 0.559919 0.495588 0.559792 0.489097 0.560539 0.486708 0.560628 0.485523 0.561378 0.484644 0.561901 0.483255 0.562664 0.485384 0.561826 0.487958 0.562104 0.497667 0.562057 0.503194 0.561753 0.508282 0.560797 0.522981 0.560708 0.524681 0.560320 0.539074 0.559766 0.543380
8 0.589310 0.439662 0.588391 0.434861 0.587310 0.416241 0.587583 0.408250 0.587521 0.399810 0.586721 0.380759 0.588060 0.380019 0.588812 0.380759 0.589065 0.414213 0.590612 0.437227 0.592318 0.437685 0.592570 0.439042 0.591779 0.441042
8 0.577708 0.426074 0.574052 0.413773 0.569570 0.400301 0.569089 0.398690 0.569115 0.396356 0.568292 0.395699 0.566268 0.396407 0.564000 0.399634 0.561992 0.404111 0.559802 0.409537 0.558938 0.412227 0.558010 0.415343 0.557784 0.419694 0.557859 0.433588 0.559273 0.443708 0.562328 0.457718 0.563234 0.458134 0.564135 0.458815 0.562898 0.453375 0.562479 0.451125 0.559911 0.435745 0.559695 0.433347 0.559328 0.421565 0.559479 0.420292 0.559641 0.417218 0.561315 0.410116 0.561315 0.410116 0.562836 0.408329 0.565523 0.402213 0.567112 0.400727 0.570286 0.408472 0.576112 0.425741 0.576815 0.427074
8 0.562747 0.459926 0.563299 0.462537 0.565529 0.470037 0.565318 0.471431 0.567935 0.479144 0.570104 0.487662 0.570044 0.489426 0.575497 0.502231 0.584146 0.524083 0.585049 0.527245 0.585411 0.523440 0.576313 0.498639 0.573057 0.489963 0.572305 0.486694 0.571370 0.485356 0.567214 0.471213 0.566596 0.468750 0.566073 0.466741 0.565013 0.462269
8 0.388464 0.216574 0.385690 0.212019 0.382560 0.208370 0.377682 0.206065 0.368034 0.205394 0.346703 0.205778 0.348268 0.208370 0.361445 0.208560 0.375810 0.208273 0.381424 0.210292 0.385529 0.214324 0.387419 0.218352
8 0.385990 0.197454 0.381643 0.178968 0.377732 0.157310 0.371185 0.120458 0.370753 0.116810 0.372370 0.115662 0.378583 0.150505 0.386719 0.193588
8 0.380596 0.184676 0.380151 0.183384 0.379909 0.181231 0.378901 0.179009 0.377812 0.178148 0.376240 0.179296 0.376159 0.183597 0.379870 0.192421 0.387609 0.205954 0.390232 0.209653 0.391076 0.211741 0.391451 0.211120 0.391966 0.212616 0.393297 0.214417 0.397440 0.221870 0.399865 0.224222 0.401070 0.224542 0.410349 0.226287 0.421740 0.225713 0.438958 0.218750 0.442240 0.218565 0.445747 0.216681 0.446747 0.215236 0.448000 0.213574 0.451120 0.211352 0.455870 0.204796 0.456016 0.200926 0.447247 0.211236 0.444188 0.214569 0.434128 0.218681 0.422440 0.223125 0.413516 0.223889 0.404510 0.222787 0.399638 0.221454 0.394391 0.213236 0.388620 0.202361 0.387102 0.199917 0.386302 0.198611 0.385990 0.197454 0.381331 0.188574
8 0.432708 0.180694 0.432943 0.176713 0.434323 0.166019 0.434729 0.164139 0.434911 0.162884 0.434573 0.160713 0.433974 0.160060 0.419268 0.146389 0.415292 0.141995 0.414839 0.140926 0.416167 0.139051 0.418125 0.137657 0.434576 0.137870 0.435810 0.139051 0.437076 0.143764 0.437031 0.153843 0.436924 0.159407 0.442891 0.163046 0.441414 0.165671 0.436654 0.162727 0.435992 0.171190 0.435469 0.176273 0.433724 0.180046
8 0.422578 0.187963 0.425102 0.185417 0.427656 0.183611 0.429245 0.182685 0.429245 0.182685 0.430417 0.181852 0.431302 0.181296 0.432708 0.180694 0.433724 0.180046 0.437156 0.178829 0.440302 0.177236 0.449227 0.174755 0.454419 0.175500 0.457768 0.178657 0.458812 0.181509 0.459266 0.187028 0.458156 0.198269 0.457943 0.202222 0.457872 0.204565 0.456016 0.200926 0.457315 0.188204 0.457104 0.182750 0.456128 0.181014 0.453862 0.178537 0.448878 0.177852 0.438940 0.181014 0.429180 0.185106 0.422625 0.190000 0.421755 0.188949
8 0.423893 0.189194 0.422625 0.190000 0.425536 0.194065 0.430026 0.204079 0.432135 0.210028 0.434938 0.210347 0.436570 0.207620 0.437716 0.206231 0.439667 0.204079 0.441898 0.198079 0.442469 0.195565 0.444638 0.207722 0.445966 0.212653 0.447247 0.211236 0.447292 0.209542 0.443826 0.192190 0.444367 0.190634 0.444279 0.184528 0.443495 0.181259 0.443193 0.180509 0.442591 0.180509 0.440932 0.183028 0.440721 0.186833 0.441898 0.192884 0.439456 0.199579 0.437057 0.203426 0.435964 0.204954 0.433099 0.207991 0.431094 0.203426 0.430008 0.200417 0.428086 0.196046 0.427331 0.194519 0.425729 0.191389 0.424284 0.190398
8 0.591969 0.461333 0.591344 0.461380 0.589971 0.462481 0.588013 0.473019 0.584419 0.487375 0.584497 0.489796 0.585258 0.492102 0.587497 0.481403 0.591326 0.465472 0.593146 0.463398 0.606073 0.454352 0.617320 0.444477 0.620448 0.441574 0.619747 0.439833 0.610695 0.447384 0.597193 0.457556 0.595513 0.458718 0.593141 0.460176
8 0.456016 0.200926 0.457872 0.204565 0.460286 0.211389 0.462526 0.218611 0.463281 0.221620 0.464427 0.223148 0.471354 0.243426 0.472161 0.244028 0.472318 0.246250 0.476823 0.256389 0.479115 0.263009 0.479297 0.264537 0.481484 0.268750 0.482448 0.272639 0.487057 0.285093 0.489714 0.291713 0.490755 0.294722 0.489583 0.295602 0.482154 0.275773 0.481242 0.273597 0.481112 0.271329 0.480357 0.270773 0.480357 0.270773 0.479398 0.268611 0.478461 0.266296 0.475201 0.258088 0.470703 0.245231 0.465651 0.232731 0.461849 0.221343 0.461458 0.219907 0.461031 0.218477 0.458750 0.212917 0.457370 0.207361 0.456146 0.205278 0.455870 0.204796
8 0.448927 0.251273 0.451302 0.255741 0.452945 0.257454 0.456224 0.263472 0.459089 0.268935 0.459609 0.270787 0.459870 0.269306 0.461328 0.269537 0.461432 0.274167 0.463385 0.281111 0.464896 0.287963 0.465794 0.298338 0.465898 0.300051 0.465820 0.305190 0.465794 0.307088 0.465495 0.308102 0.464010 0.309769 0.466615 0.309583 0.466914 0.308292 0.467070 0.306069 0.467292 0.305185 0.467253 0.301579 0.467344 0.293843 0.466615 0.287870 0.466117 0.285245 0.465674 0.282699 0.463646 0.274352 0.463151 0.272870 0.462031 0.269815 0.459365 0.264120 0.457802 0.261250 0.456128 0.258611 0.454490 0.256319 0.453867 0.255171 0.452891 0.253435 0.451875 0.252125 0.451250 0.250273 0.450076 0.248449 0.449891 0.250301 0.449557 0.251481
8 0.482755 0.322486 0.478641 0.316699 0.476693 0.313611 0.475104 0.312083 0.472135 0.311898 0.471094 0.311806 0.468380 0.313181 0.466120 0.315417 0.465703 0.317130 0.464635 0.316852 0.462813 0.318690 0.461016 0.320926 0.459167 0.324306 0.458505 0.325500 0.456422 0.329806 0.455026 0.333241 0.453880 0.335926 0.451966 0.340324 0.450990 0.341500 0.449701 0.344106 0.450034 0.344264 0.450576 0.345389 0.450581 0.346412 0.452013 0.342847 0.453445 0.341185 0.454417 0.338972 0.454870 0.337579 0.455682 0.336292 0.457169 0.332523 0.458445 0.331231 0.459018 0.329051 0.459948 0.327222 0.461146 0.325417 0.462786 0.321884 0.465365 0.319106 0.465922 0.319227 0.466492 0.318046 0.467276 0.317403 0.468953 0.316102 0.471099 0.314537 0.475055 0.314491 0.478281 0.319583 0.481174 0.322963
2 0.653661 0.517213 0.660560 0.513894 0.662078 0.513884 0.663854 0.513597 0.664628 0.513463 0.666708 0.515282 0.668214 0.518125 0.666617 0.518657 0.665896 0.516838 0.664927 0.518699 0.664539 0.521176 0.661948 0.524231 0.659023 0.525463 0.653753 0.525463
8 0.483193 0.383347 0.488477 0.380481 0.492266 0.378241 0.493792 0.377329 0.494781 0.376125 0.498242 0.370477 0.499276 0.369125 0.500010 0.367556 0.501563 0.362810 0.502122 0.361894 0.504318 0.348542 0.504948 0.343426 0.505224 0.342278 0.505667 0.339824 0.505990 0.336528 0.506615 0.333241 0.507227 0.328199 0.507505 0.325968 0.508021 0.320787 0.508255 0.317917 0.508523 0.310167 0.507583 0.304250 0.505508 0.296366 0.505617 0.293769 0.506750 0.293296 0.507721 0.294250 0.510477 0.308556 0.510367 0.315468 0.509909 0.318069 0.509818 0.320926 0.509263 0.325171 0.508940 0.328255 0.506466 0.346116 0.505721 0.351898 0.504406 0.360338 0.503721 0.361227 0.503596 0.364995 0.501284 0.369222 0.496161 0.377884 0.490599 0.382778 0.485227 0.385329 0.483852 0.385106
8 0.591779 0.441042 0.591919 0.447347 0.592615 0.449069 0.593521 0.448634 0.593695 0.438222 0.594708 0.432088 0.594880 0.428245 0.595578 0.426259 0.597635 0.418574 0.598286 0.417231 0.598219 0.415991 0.598776 0.414505 0.602586 0.404444 0.604992 0.396634 0.615870 0.364963 0.615659 0.363042 0.614474 0.362546 0.613393 0.365463 0.602203 0.399361 0.601018 0.402648 0.597357 0.413741 0.597461 0.416097 0.595719 0.419690
8 0.633279 0.545810 0.636102 0.553481 0.641466 0.574204 0.642872 0.581028 0.643396 0.582949 0.646880 0.597463 0.649128 0.596019 0.649568 0.593023 0.649443 0.585463 0.647815 0.575690 0.643943 0.562801 0.644445 0.556588 0.645005 0.549926 0.644255 0.546588 0.644380 0.545255 0.643255 0.543699 0.636255 0.538477 0.635755 0.540593 0.643193 0.546588 0.642378 0.556694 0.641503 0.558917 0.642003 0.562250 0.646130 0.577806 0.647690 0.587801 0.648065 0.594463 0.646130 0.587907 0.642818 0.572245 0.639943 0.559139 0.636445 0.545593 0.634633 0.542810
8 0.514336 0.345523 0.514151 0.344208 0.514875 0.335694 0.515779 0.329852 0.517315 0.327926 0.519305 0.327389 0.527440 0.329213 0.540005 0.331407 0.542625 0.331352 0.542505 0.332370 0.542052 0.335477 0.532833 0.333870 0.522167 0.331889 0.518971 0.330819 0.517224 0.330926 0.516591 0.337833 0.515930 0.342657 0.515531 0.342731 0.515352 0.343801
8 0.517357 0.364565 0.517568 0.363227 0.518432 0.362310 0.519826 0.360454 0.524258 0.354764 0.529497 0.349986 0.533742 0.346583 0.535984 0.345917 0.537013 0.348491 0.536732 0.352634 0.534677 0.365750 0.531643 0.374125 0.531086 0.375699 0.530289 0.375954 0.529404 0.374458 0.530443 0.371991 0.532997 0.365917 0.533836 0.357949 0.535937 0.350727 0.535703 0.349565 0.532297 0.351394 0.523615 0.359356 0.520349 0.363005 0.519323 0.364917 0.518010 0.367134
8 0.529208 0.396282 0.529479 0.393333 0.530935 0.390384 0.531719 0.388241 0.531990 0.387491 0.533195 0.385616 0.533500 0.385236 0.534479 0.383412 0.542948 0.376245 0.551602 0.368806 0.553982 0.365806 0.559362 0.361431 0.563518 0.359935 0.569896 0.360139 0.574089 0.363157 0.580523 0.375926 0.587521 0.399810 0.587583 0.408250 0.580523 0.382815 0.575026 0.369264 0.571776 0.364491 0.568029 0.362931 0.564781 0.362597 0.560156 0.364708 0.549870 0.372824 0.548359 0.375417 0.539542 0.381977 0.537344 0.383796 0.534529 0.386116 0.532862 0.389264 0.530076 0.397273
8 0.508216 0.388023 0.510971 0.388694 0.518201 0.397111 0.519135 0.398273 0.519135 0.398273 0.529792 0.412269 0.538365 0.426935 0.540313 0.430324 0.540599 0.434583 0.533792 0.423537 0.522732 0.405699 0.518289 0.400417 0.516997 0.398681 0.513346 0.394657 0.512651 0.394333 0.510781 0.391421 0.508258 0.390468
8 0.532526 0.474676 0.532919 0.470625 0.533029 0.468847 0.532995 0.466431 0.532344 0.463519 0.532505 0.461968 0.532297 0.461097 0.531596 0.459463 0.530909 0.455699 0.530701 0.454028 0.529328 0.448181 0.527786 0.440093 0.527552 0.437731 0.526003 0.429167 0.524146 0.415736 0.523305 0.412500 0.521625 0.410593 0.520924 0.408704 0.521005 0.407120 0.523625 0.409347 0.525401 0.412718 0.528065 0.429639 0.530161 0.441042 0.532112 0.451616 0.533716 0.460417 0.534138 0.464630 0.534570 0.468565 0.534359 0.471458 0.534010 0.476991
