2 0.587143 0.617380 0.594344 0.623162 0.594344 0.624505 0.596245 0.625597 0.598073 0.625657 0.621273 0.643009 0.623513 0.640926 0.625492 0.640046 0.631987 0.647481 0.627924 0.640907 0.628237 0.640028 0.628169 0.639282 0.627565 0.635102 0.623602 0.630046 0.616641 0.620940 0.611984 0.619801 0.610266 0.614792 0.607333 0.611616 0.605323 0.610671 0.603508 0.608667 0.598010 0.600292 0.595828 0.597259 0.593461 0.596801 0.591302 0.594454 0.588047 0.590463 0.587648 0.593019 0.586693 0.601019 0.586229 0.616167
2 0.603268 0.600384 0.604466 0.599551 0.608320 0.600986 0.608164 0.598903 0.608424 0.598486 0.609674 0.597606 0.611250 0.597574 0.616719 0.602787 0.618724 0.607046 0.619948 0.609546 0.620104 0.611537 0.619857 0.612861 0.621680 0.617259 0.622687 0.619380 0.623729 0.619889 0.624224 0.621463 0.624115 0.623519 0.623932 0.624630 0.626010 0.630583 0.625771 0.631278 0.624685 0.631014 0.623602 0.630046 0.616641 0.620940 0.616760 0.619176 0.610266 0.614792 0.607333 0.611616 0.607404 0.609884 0.606935 0.608944 0.601964 0.600833
2 0.670328 0.567329 0.678177 0.570412 0.679547 0.572032 0.678451 0.577227 0.676354 0.578194 0.664167 0.572731 0.664974 0.570556 0.665990 0.569167 0.665495 0.567407 0.666120 0.566713 0.666719 0.566898 0.667370 0.565926 0.668281 0.565926
2 0.717151 0.602579 0.713346 0.599199 0.708935 0.595815 0.704409 0.592977 0.702393 0.594935 0.702888 0.602171 0.706508 0.613218 0.711294 0.620644 0.714094 0.624528 0.717862 0.625255 0.721021 0.626977
2 0.629789 0.570481 0.629977 0.574296 0.639216 0.575792 0.641969 0.576755 0.644995 0.576755 0.651169 0.578190 0.658888 0.580162 0.658794 0.576620 0.653581 0.574648 0.644396 0.571685 0.637372 0.570505
2 0.492154 0.528597 0.505945 0.538551 0.509245 0.532370 0.503760 0.528639 0.490161 0.517759 0.491271 0.522000
2 0.489492 0.505653 0.506646 0.518162 0.503760 0.528639 0.490161 0.517759 0.489677 0.516435 0.489237 0.513301 0.487917 0.511894 0.484794 0.511269 0.485628 0.509551
8 0.591654 0.574194 0.585500 0.585176 0.576831 0.598968 0.571208 0.609810 0.566234 0.623509 0.559732 0.653519 0.557169 0.670065 0.557628 0.671426 0.558352 0.671426 0.558956 0.671486 0.559604 0.671218 0.567013 0.634074 0.570878 0.619426 0.576466 0.607241 0.578198 0.602375 0.593599 0.576449
8 0.559365 0.559579 0.572070 0.559375 0.575797 0.559375 0.577661 0.561134 0.588659 0.579606 0.587068 0.582384 0.580661 0.571278 0.575602 0.562875 0.574172 0.562875 0.560164 0.563352 0.559201 0.562472 0.558547 0.562097 0.558234 0.561403 0.558341 0.559880
2 0.353448 0.329602 0.350930 0.328440 0.347943 0.327528 0.344674 0.328023 0.342247 0.330347 0.344323 0.337083 0.345766 0.342972 0.349021 0.352481 0.352143 0.339722 0.353401 0.332088
2 0.408424 0.340218 0.410586 0.339042 0.411177 0.339102 0.416721 0.344185 0.419964 0.342204 0.422385 0.344736 0.425628 0.348704 0.427336 0.347588 0.428279 0.348579 0.426570 0.349819 0.428453 0.352546 0.426990 0.353963 0.425870 0.355625 0.424776 0.353773 0.421651 0.353963 0.420573 0.353972
2 0.392406 0.309130 0.397596 0.312153 0.399352 0.313472 0.397698 0.318565 0.395474 0.315088 0.394849 0.315088 0.394667 0.316708 0.397094 0.320861 0.396609 0.322940 0.393888 0.324185 0.395659 0.325389 0.395964 0.326380 0.393867 0.329319 0.393099 0.329394 0.391487 0.329750 0.389430 0.329894 0.389753 0.327171 0.388583 0.326167 0.388299 0.324662 0.388542 0.324088 0.388865 0.319926 0.389297 0.314352 0.391867 0.313259
1 0.359870 0.353630 0.360516 0.355065 0.360154 0.357218 0.359831 0.359296 0.360112 0.361449 0.360435 0.362810 0.361523 0.363597 0.361766 0.365681 0.365065 0.363116 0.370057 0.359634 0.366479 0.357065 0.365672 0.354287 0.365646 0.353269 0.368302 0.353824 0.371583 0.356972 0.371740 0.358130 0.372672 0.357560 0.384339 0.360546 0.388260 0.365991 0.389953 0.364880 0.392557 0.367935 0.393833 0.370296 0.397167 0.371407 0.397792 0.368306 0.398208 0.368491 0.398677 0.370019 0.400005 0.372241 0.404042 0.373630 0.404349 0.368333 0.402057 0.368981 0.400260 0.368843 0.398828 0.368426 0.397760 0.367222 0.397031 0.365556 0.396641 0.363472 0.396823 0.361528 0.397682 0.359074 0.399948 0.359352 0.399714 0.354306 0.404974 0.353519 0.405378 0.355060 0.407021 0.355014 0.406042 0.385356 0.406586 0.387917 0.411956 0.385759 0.415516 0.387130 0.414536 0.385870 0.414396 0.384213 0.407367 0.382352 0.407055 0.381421 0.407333 0.380181 0.407891 0.379065 0.408589 0.378111 0.412815 0.378708 0.411760 0.372171 0.410375 0.365264 0.411310 0.364190 0.414471 0.363333 0.416763 0.363495 0.418271 0.366116 0.417906 0.360606 0.417516 0.361199 0.414323 0.362167 0.411159 0.362861 0.410555 0.356329 0.407104 0.354009 0.377109 0.339352 0.376701 0.346347 0.373122 0.350977 0.371029 0.354519 0.365510 0.350704 0.361117 0.352884
1 0.383310 0.323134 0.382867 0.326375 0.382815 0.327764 0.383102 0.329338 0.382253 0.329296 0.378958 0.329630 0.378750 0.331199 0.389411 0.332579 0.396922 0.333315 0.404914 0.334519 0.405164 0.334801 0.405503 0.334801 0.411794 0.336755 0.411633 0.338097 0.411177 0.339102 0.410586 0.339042 0.408424 0.340218 0.408391 0.337806 0.408078 0.336741 0.407531 0.336185 0.406802 0.335861 0.405891 0.335815 0.405430 0.336917 0.405115 0.335366 0.403581 0.335551 0.403268 0.337847 0.395982 0.340574 0.395982 0.341935 0.396505 0.343671 0.397167 0.344292 0.405151 0.342000 0.406021 0.341556 0.405734 0.346463 0.405786 0.349380 0.407401 0.349935 0.407870 0.347806 0.408547 0.344194 0.408495 0.342250 0.408393 0.340208 0.414279 0.346884 0.411388 0.349454 0.411688 0.351917 0.417953 0.354792 0.416625 0.355255 0.390677 0.341690 0.366698 0.332995 0.361492 0.334523
2 0.412815 0.378708 0.411760 0.372171 0.410375 0.365264 0.411310 0.364190 0.414471 0.363333 0.416763 0.363495 0.418271 0.366116 0.420094 0.371579 0.421005 0.373199 0.422789 0.377421 0.423542 0.380546 0.422065 0.380509 0.421367 0.379519 0.418943 0.380157
2 0.484794 0.511269 0.487917 0.511894 0.489237 0.513301 0.489677 0.516435 0.490161 0.517759 0.491271 0.522000 0.492154 0.528597 0.477216 0.516435 0.477297 0.513208 0.479474 0.512060 0.480565 0.511032
6 0.655909 0.537477 0.687120 0.570736 0.686755 0.578523 0.683654 0.581444 0.678451 0.577227 0.679547 0.572032 0.678177 0.570412 0.670328 0.567329 0.652805 0.549644 0.652258 0.547861 0.653354 0.540560
6 0.662414 0.572093 0.695779 0.586676 0.695622 0.592986 0.694201 0.598736 0.660836 0.585273 0.661151 0.577139
6 0.586594 0.591505 0.586229 0.616167 0.576831 0.610648 0.576466 0.607241 0.578198 0.602375
5 0.626013 0.578625 0.621753 0.586620 0.627591 0.620412 0.630589 0.621116 0.631930 0.610597
5 0.642349 0.626977 0.641396 0.628431 0.640305 0.632069 0.639758 0.637037 0.644599 0.650731 0.654620 0.671745 0.658505 0.664958 0.652917 0.652597
5 0.556247 0.446245 0.551010 0.450866 0.552682 0.456343 0.558273 0.464477 0.562849 0.475667 0.568487 0.492685 0.573073 0.507458 0.577365 0.510852 0.587320 0.508301 0.598336 0.502551 0.600388 0.494000 0.601810 0.486426 0.600388 0.481380 0.598812 0.479694 0.597865 0.480250 0.591555 0.498764 0.588003 0.499741 0.582089 0.500444 0.578143 0.502972 0.576013 0.494977 0.574359 0.488389 0.570099 0.472958 0.562891 0.456653
5 0.485927 0.378509 0.487115 0.356060 0.487422 0.338694 0.498117 0.350194 0.499435 0.352185 0.512305 0.365269 0.509151 0.371565 0.502112 0.364273 0.490604 0.358838 0.490198 0.361833 0.500685 0.367083 0.507607 0.372694 0.500755 0.388356 0.498044 0.388671 0.496690 0.386995 0.494393 0.384167 0.492919 0.381338 0.492094 0.378718
5 0.511690 0.369523 0.518997 0.374866 0.545865 0.396157 0.545422 0.403671 0.544844 0.413315 0.545846 0.419917 0.551167 0.458704 0.547549 0.457435 0.545716 0.455444 0.545563 0.456889 0.548161 0.459884 0.543526 0.460157 0.538333 0.456083 0.535990 0.454176 0.533917 0.445819 0.529484 0.441819 0.526820 0.439398 0.522667 0.436245 0.518167 0.433815 0.515792 0.431940 0.515745 0.426148 0.506271 0.415912 0.504414 0.409032 0.503424 0.409241 0.502966 0.405523 0.502359 0.396329 0.502247 0.392731 0.501026 0.389227 0.508786 0.374727 0.515156 0.384324 0.520805 0.394380 0.520906 0.410856 0.525065 0.413630 0.527430 0.412690 0.528844 0.411755 0.529339 0.404394 0.528419 0.403806 0.528513 0.401111 0.528354 0.398894 0.527594 0.396796 0.527263 0.395741 0.527169 0.393519 0.526445 0.393468 0.526427 0.390417 0.525766 0.389718 0.523169 0.389653 0.522284 0.387727 0.519716 0.384333 0.518927 0.384051 0.518602 0.384458 0.518667 0.386440 0.515820 0.381505 0.509747 0.373176
5 0.482531 0.440685 0.479859 0.443463 0.478495 0.446088 0.477557 0.448514 0.476562 0.450736 0.474716 0.452856 0.471841 0.456745 0.470331 0.459343 0.469391 0.462815 0.468872 0.463926 0.467516 0.465269 0.465721 0.467167 0.464052 0.469759 0.463297 0.476153 0.465117 0.476944 0.466760 0.479120 0.467698 0.481014 0.468581 0.481065 0.469000 0.480181 0.468714 0.475231 0.474573 0.469954 0.478549 0.463366 0.481357 0.459750 0.485122 0.450907 0.487021 0.445579
14 0.389818 0.299551 0.384453 0.301699 0.382557 0.298833 0.376708 0.300264 0.367552 0.305069 0.358133 0.310296 0.357294 0.311375 0.355099 0.312620 0.354026 0.315111 0.353701 0.317764 0.353557 0.322574 0.354773 0.329468 0.356919 0.333194 0.358878 0.334356 0.361492 0.334523 0.384919 0.322333 0.386359 0.317866 0.386469 0.315468 0.391867 0.313259 0.392406 0.309130 0.392193 0.304810 0.391380 0.301528
5 0.347740 0.357111 0.345992 0.357000 0.344867 0.355667 0.341930 0.355556 0.329310 0.329120 0.329747 0.319847 0.325422 0.309384 0.323211 0.302662 0.321969 0.298056 0.322943 0.295278 0.324130 0.294412 0.324943 0.295653 0.330234 0.293065 0.334344 0.291866 0.336656 0.316306 0.337531 0.317634 0.344323 0.337083 0.345766 0.342972 0.349021 0.352481
8 0.662289 0.679472 0.667159 0.681324 0.673279 0.684750 0.682328 0.692750 0.695305 0.707889 0.706016 0.721745 0.718721 0.732657 0.717997 0.735870 0.704198 0.722106 0.696083 0.711704 0.683839 0.697208 0.675258 0.688648 0.663951 0.682236 0.663133 0.682111 0.662378 0.681000
8 0.548081 0.568944 0.547286 0.571722 0.546094 0.572380 0.546148 0.574199 0.546604 0.576065 0.551320 0.577583 0.563852 0.577042 0.570445 0.578255 0.574365 0.580282 0.577484 0.581634 0.577560 0.580148 0.581302 0.577389 0.585500 0.580634 0.585500 0.585176 0.587068 0.582384 0.584659 0.578088 0.580474 0.575653 0.576745 0.573556 0.572219 0.572269 0.563940 0.570319
6 0.587143 0.617380 0.594344 0.623162 0.594344 0.624505 0.596245 0.625597 0.598073 0.625657 0.633188 0.652403 0.632404 0.656861 0.632044 0.662236 0.631422 0.664546 0.586039 0.620796
8 0.600607 0.577639 0.600661 0.568537 0.601740 0.558838 0.603318 0.552250 0.603526 0.550255 0.605690 0.542833 0.606458 0.536759 0.606214 0.528764 0.604859 0.516421 0.603141 0.511440 0.601719 0.507639 0.601062 0.503514 0.601742 0.498588 0.602471 0.495995 0.603099 0.495250 0.603750 0.495579 0.604818 0.497755 0.607370 0.503125 0.609193 0.506639 0.612891 0.511366 0.626260 0.527366 0.639628 0.543829 0.638948 0.544986 0.636031 0.541519 0.630693 0.534296 0.622435 0.524245 0.616331 0.516824 0.612904 0.512773 0.608372 0.507269 0.606474 0.504213 0.604568 0.499699 0.603523 0.496968 0.603292 0.496556 0.602979 0.496782 0.602693 0.498639 0.602299 0.501319 0.602221 0.504514 0.602458 0.506690 0.605073 0.513833 0.605461 0.515644 0.605776 0.518051 0.606878 0.527912 0.607159 0.531069 0.607190 0.533676 0.607096 0.537028 0.606492 0.541046 0.605154 0.548977 0.604555 0.551755 0.603320 0.557310 0.602617 0.561542 0.602104 0.566435 0.601638 0.571912 0.601638 0.576389
8 0.518398 0.459713 0.517497 0.458741 0.514018 0.457898 0.511977 0.456444 0.509172 0.454958 0.503917 0.446144 0.500708 0.441324 0.496948 0.436273 0.494789 0.430255 0.490656 0.421634 0.487849 0.417190 0.485669 0.414755 0.483604 0.412444 0.480591 0.411500 0.477344 0.410977 0.475219 0.411292 0.475102 0.412759 0.477641 0.412759 0.481182 0.413495 0.483878 0.415269 0.486805 0.417556 0.491437 0.424847 0.493552 0.430185 0.495846 0.436611 0.492583 0.436532 0.490115 0.435750 0.487026 0.434259 0.481359 0.433333 0.477286 0.431444 0.471557 0.428088 0.472148 0.431343 0.478526 0.435750 0.485612 0.437745 0.491635 0.438583 0.495708 0.440157 0.499193 0.443940 0.506573 0.454227 0.509643 0.459157 0.513719 0.460523 0.516706 0.460787
8 0.405378 0.355060 0.404818 0.357056 0.403951 0.381977 0.403992 0.387144 0.405245 0.392019 0.408104 0.395944 0.426076 0.423972 0.446779 0.456347 0.447966 0.452593 0.434396 0.431912 0.406969 0.389662 0.406042 0.385356 0.407021 0.355014
8 0.366698 0.332995 0.390677 0.341690 0.423867 0.359069 0.432688 0.364926 0.452914 0.382731 0.454281 0.385546 0.454370 0.387736 0.454586 0.391185 0.453130 0.398537 0.450893 0.397593 0.451724 0.392745 0.451771 0.387736 0.451198 0.385546 0.444682 0.379986 0.435792 0.371773 0.425711 0.365037 0.407104 0.354009 0.366237 0.334287
7 0.438539 0.404731 0.434969 0.415218 0.444432 0.417407 0.444260 0.419903 0.434315 0.417565 0.430656 0.426083 0.434396 0.431912 0.447966 0.452593 0.446779 0.456347 0.434833 0.437611 0.433966 0.439292 0.434437 0.443782 0.437198 0.446866 0.440747 0.452194 0.442482 0.455005 0.443586 0.460051 0.443984 0.464394 0.441805 0.469454 0.438417 0.471278 0.431078 0.471560 0.447253 0.487667 0.443789 0.478074 0.448474 0.474722 0.449727 0.478102 0.450185 0.475833 0.452021 0.473940 0.454362 0.474931 0.453242 0.477829 0.457417 0.480000 0.457164 0.483255 0.458539 0.481537 0.462049 0.480722 0.464854 0.482264 0.471234 0.488468 0.472458 0.491995 0.472560 0.494162 0.475333 0.496074 0.476917 0.492514 0.478190 0.494593 0.476594 0.497000 0.486880 0.503884 0.489792 0.500917 0.491440 0.503741 0.489492 0.505653 0.506646 0.518162 0.523789 0.467954 0.487021 0.445579 0.485122 0.450907 0.481357 0.459750 0.478549 0.463366 0.474573 0.469954 0.468714 0.475231 0.469000 0.480181 0.468581 0.481065 0.467698 0.481014 0.466760 0.479120 0.465117 0.476944 0.463297 0.476153 0.463714 0.472574 0.462393 0.472264 0.460414 0.473671 0.459005 0.474144 0.457023 0.471324 0.456143 0.468977 0.455198 0.464486 0.454510 0.466245 0.452687 0.468537 0.450708 0.467389 0.449185 0.464690 0.447781 0.466245 0.446562 0.465769 0.446523 0.462931 0.448617 0.461037 0.449339 0.457861 0.450560 0.454949 0.454281 0.458060 0.454549 0.459417 0.454396 0.461718 0.455576 0.460963 0.458393 0.461106 0.458885 0.459144 0.460901 0.460222 0.459990 0.462319 0.459990 0.463741 0.461055 0.463671 0.463490 0.466718 0.465721 0.467167 0.467516 0.465269 0.468872 0.463926 0.469391 0.462815 0.470331 0.459343 0.471841 0.456745 0.474716 0.452856 0.476562 0.450736 0.477557 0.448514 0.478495 0.446088 0.479859 0.443463 0.482531 0.440685 0.453625 0.415444 0.462120 0.442435 0.459076 0.445097 0.449094 0.412056
13 0.649940 0.645102 0.650740 0.643417 0.652339 0.641787 0.654089 0.641111 0.654964 0.639764 0.656409 0.639824 0.657284 0.640440 0.658005 0.641185 0.659794 0.641185 0.661049 0.642199 0.661846 0.645514 0.661505 0.649495 0.661352 0.651931 0.659831 0.653824 0.658500 0.654236 0.655724 0.654644 0.653516 0.653694 0.652917 0.652597
8 0.508997 0.532815 0.533602 0.559005 0.533568 0.560764 0.532956 0.562926 0.531815 0.563269 0.507510 0.535778
13 0.433966 0.439292 0.434437 0.443782 0.437198 0.446866 0.440747 0.452194 0.442482 0.455005 0.443586 0.460051 0.443984 0.464394 0.441805 0.469454 0.438417 0.471278 0.431078 0.471560 0.419987 0.461370 0.418357 0.459023 0.417432 0.454949 0.416990 0.452912 0.416589 0.448194 0.417122 0.444921 0.420471 0.441634 0.428182 0.440458 0.428445 0.436620 0.433776 0.437639
10 0.391086 0.381667 0.390354 0.380926 0.388089 0.379130 0.386904 0.378319 0.386344 0.375347 0.384672 0.375657 0.383870 0.376463 0.382581 0.378880 0.381219 0.380431 0.379896 0.384273 0.379229 0.387681 0.378604 0.390097 0.379372 0.394806 0.381547 0.397778 0.383120 0.399634 0.386466 0.402148 0.389169 0.403583 0.390990 0.404352 0.394091 0.402648 0.396190 0.400213 0.397479 0.397560 0.398003 0.392898
2 0.509643 0.459157 0.506573 0.454227 0.499193 0.443940 0.495708 0.440157 0.491635 0.438583 0.489805 0.438690 0.488740 0.446773
2 0.482490 0.388431 0.485526 0.387000 0.486695 0.390296 0.488107 0.389366 0.489237 0.386713 0.490042 0.388074 0.492260 0.388435 0.493956 0.386639 0.494393 0.384167 0.496690 0.386995 0.498044 0.388671 0.500755 0.388356 0.501026 0.389227 0.502247 0.392731 0.502359 0.396329 0.502966 0.405523 0.503424 0.409241 0.504414 0.409032 0.506271 0.415912 0.515745 0.426148 0.515792 0.431940 0.516008 0.434764 0.514682 0.436306 0.510721 0.436620 0.514326 0.432968 0.508128 0.420894 0.504406 0.417329 0.500451 0.411343 0.498029 0.408718 0.493542 0.410606 0.505529 0.438426 0.507654 0.440000 0.508159 0.445134 0.504589 0.444681 0.500708 0.441324 0.500250 0.436606 0.497443 0.432343 0.494789 0.430255 0.490656 0.421634 0.487849 0.417190 0.481622 0.396958 0.482745 0.394056 0.482568 0.391940 0.482464 0.391338
2 0.483878 0.415269 0.482690 0.419958 0.482263 0.421713 0.483146 0.428296 0.484865 0.431986 0.487026 0.434259 0.490115 0.435750 0.492583 0.436532 0.495846 0.436611 0.493552 0.430185 0.491437 0.424847 0.486805 0.417556
2 0.508128 0.420894 0.504406 0.417329 0.500451 0.411343 0.498029 0.408718 0.493542 0.410606 0.505529 0.438426 0.507654 0.440000 0.510721 0.436620 0.514326 0.432968
2 0.348438 0.298843 0.347552 0.300093 0.351406 0.306620 0.350599 0.307870 0.350547 0.312176 0.350260 0.316713 0.350911 0.317870 0.353701 0.317764 0.353557 0.322574 0.353870 0.324648 0.353870 0.324648 0.351326 0.323162 0.350315 0.323037 0.349130 0.322231 0.347734 0.321426 0.347247 0.319569 0.347385 0.316843 0.345922 0.314731 0.344982 0.314611 0.345250 0.311079 0.344203 0.308472 0.344203 0.307546 0.341953 0.303287 0.344219 0.298796 0.345443 0.298426 0.346797 0.298380
2 0.360141 0.287162 0.362924 0.288097 0.365104 0.290176 0.364135 0.294981 0.365346 0.296773 0.367482 0.298926 0.369458 0.301648 0.372268 0.302588 0.367552 0.305069 0.358133 0.310296 0.357294 0.311375 0.355099 0.312620 0.354026 0.315111 0.353701 0.317764 0.350911 0.317870 0.350260 0.316713 0.350547 0.312176 0.350599 0.307870 0.351406 0.306620 0.347552 0.300093 0.348438 0.298843 0.348490 0.296528 0.348958 0.296250 0.348958 0.293935 0.349453 0.291759 0.356589 0.287037
2 0.376927 0.281806 0.373768 0.280148 0.368016 0.281514 0.366167 0.284986 0.365680 0.288639 0.369409 0.292731 0.373245 0.300106 0.372268 0.302588 0.376708 0.300264 0.379659 0.296514 0.377323 0.296204 0.376068 0.294593 0.374393 0.292421 0.374534 0.290500 0.375161 0.288579 0.379479 0.288750 0.378370 0.286718
2 0.381216 0.269245 0.382721 0.278167 0.384227 0.280546 0.386068 0.280694 0.389638 0.281560 0.385721 0.288634 0.381437 0.294218 0.379479 0.288750 0.378370 0.286718 0.376927 0.281806 0.375581 0.278727 0.377044 0.272403 0.379240 0.269056
2 0.361492 0.334523 0.358878 0.334356 0.356919 0.333194 0.356214 0.332542 0.353964 0.332088 0.353453 0.337625 0.351562 0.347162 0.349263 0.356611 0.352331 0.357245 0.356469 0.355431 0.361117 0.352884 0.365510 0.350704 0.371029 0.354519 0.373122 0.350977 0.376701 0.346347 0.377109 0.339352 0.366237 0.334287 0.366698 0.332995
2 0.345654 0.369699 0.350688 0.372528 0.348919 0.373231 0.346932 0.373940 0.346536 0.376690 0.347198 0.379829 0.349362 0.384616 0.350818 0.384301 0.351526 0.381634 0.352497 0.377236 0.353690 0.374412 0.356263 0.375856 0.358935 0.374222 0.358211 0.377213 0.358286 0.378565 0.358706 0.379861 0.358859 0.381690 0.360687 0.381759 0.361378 0.379245 0.363448 0.380523 0.363076 0.382847 0.362422 0.387495 0.361396 0.392306 0.360977 0.404588 0.341961 0.385204
2 0.359883 0.368676 0.361143 0.366190 0.365065 0.363116 0.370057 0.359634 0.372672 0.357560 0.384339 0.360546 0.392414 0.371704 0.395969 0.372694 0.396839 0.375606 0.397016 0.377347 0.402630 0.388051 0.404305 0.388731 0.405245 0.392019 0.402839 0.391394 0.399844 0.389162 0.397823 0.386870 0.397753 0.385074 0.394406 0.379370 0.393044 0.376394 0.386276 0.371796 0.381885 0.365417 0.379159 0.363625 0.368807 0.362569 0.368602 0.364088 0.363156 0.369032
2 0.375698 0.367097 0.373745 0.364185 0.372315 0.370880 0.370922 0.377449 0.369885 0.386912 0.369510 0.391907 0.369727 0.394977 0.370966 0.398435 0.371940 0.399588 0.376099 0.400449 0.376474 0.399778 0.375990 0.397282 0.374044 0.395074 0.372695 0.392866 0.372424 0.391523 0.373344 0.390370 0.373992 0.390755 0.375234 0.389894 0.379229 0.387681 0.379229 0.385565 0.378096 0.384611 0.375667 0.384995 0.374534 0.386333 0.374802 0.382593 0.375826 0.375782
2 0.362398 0.372019 0.364500 0.373264 0.365714 0.376333 0.366411 0.380069 0.366693 0.385296 0.366669 0.393218 0.365221 0.400273 0.363729 0.406912 0.360977 0.404588 0.361396 0.392306 0.362422 0.387495 0.363076 0.382847 0.363448 0.380523 0.363729 0.377042
2 0.389638 0.281560 0.391010 0.280148 0.394120 0.278477 0.396867 0.278736 0.399831 0.278736 0.394849 0.265227 0.389997 0.250356 0.388409 0.245898 0.385565 0.239949 0.382721 0.238019 0.381133 0.239801 0.380044 0.243519 0.379878 0.245898 0.377786 0.247681 0.378539 0.250954 0.382052 0.249616 0.381383 0.254671 0.380714 0.262847 0.381216 0.269245 0.382721 0.278167 0.384227 0.280546 0.386068 0.280694
2 0.404810 0.291403 0.413120 0.309616 0.413307 0.311282 0.411557 0.310949 0.409432 0.318171 0.405604 0.316537 0.404240 0.296727
2 0.385721 0.288634 0.388596 0.287745 0.390784 0.293079 0.392094 0.297412 0.391380 0.301528 0.392193 0.304810 0.392406 0.309130 0.399758 0.312148 0.401060 0.305852 0.399612 0.298912 0.400336 0.295056 0.401638 0.292356 0.402359 0.292486 0.404240 0.296727 0.405396 0.285162 0.405469 0.282847 0.407060 0.277190 0.405253 0.276676 0.402359 0.279505 0.399831 0.278736 0.396867 0.278736 0.394120 0.278477 0.391010 0.280148 0.389638 0.281560
2 0.376708 0.300264 0.385721 0.288634 0.388596 0.287745 0.390784 0.293079 0.392094 0.297412 0.391380 0.301528 0.389818 0.299551 0.384453 0.301699 0.382557 0.298833
2 0.518667 0.386440 0.518602 0.384458 0.518927 0.384051 0.519716 0.384333 0.522284 0.387727 0.523169 0.389653 0.525766 0.389718 0.526427 0.390417 0.526445 0.393468 0.527169 0.393519 0.527263 0.395741 0.527594 0.396796 0.528354 0.398894 0.528513 0.401111 0.528419 0.403806 0.529339 0.404394 0.528844 0.411755 0.527430 0.412690 0.525065 0.413630 0.520906 0.410856 0.522956 0.407324 0.522490 0.399208 0.522076 0.393676
2 0.449094 0.412056 0.459076 0.445097 0.462120 0.442435 0.453625 0.415444
2 0.443344 0.379551 0.439432 0.380019 0.447039 0.406616 0.449013 0.408773 0.449013 0.409824 0.453023 0.412278 0.450854 0.405741 0.449901 0.404505 0.445490 0.388384 0.444859 0.385630 0.442698 0.384611 0.442880 0.383227 0.444443 0.383593
10 0.434833 0.437611 0.433966 0.439292 0.433776 0.437639 0.428445 0.436620 0.428182 0.440458 0.420471 0.441634 0.417122 0.444921 0.416589 0.448194 0.403854 0.447870 0.402396 0.451944 0.400078 0.454398 0.397292 0.455972 0.394167 0.453287 0.393542 0.451435 0.393021 0.448194 0.392630 0.444491 0.392734 0.440463 0.393542 0.438704 0.394557 0.436481 0.375755 0.419074 0.375781 0.422407 0.375182 0.424676 0.374115 0.427361 0.373307 0.428611 0.371979 0.429259 0.370521 0.429444 0.368177 0.428843 0.365911 0.427593 0.364479 0.423657 0.363984 0.420556 0.363958 0.417037 0.364323 0.414028 0.365078 0.411759 0.366562 0.408889 0.363984 0.407407 0.364922 0.402685 0.378880 0.404398 0.380026 0.405278 0.381458 0.405417 0.382266 0.404537 0.390990 0.404352 0.400339 0.405231
2 0.465721 0.467167 0.463490 0.466718 0.461055 0.463671 0.459990 0.463741 0.459990 0.462319 0.460901 0.460222 0.458885 0.459144 0.458393 0.461106 0.455576 0.460963 0.454396 0.461718 0.454549 0.459417 0.454281 0.458060 0.450560 0.454949 0.449339 0.457861 0.448617 0.461037 0.446523 0.462931 0.446562 0.465769 0.447781 0.466245 0.449185 0.464690 0.450708 0.467389 0.452687 0.468537 0.454510 0.466245 0.455198 0.464486 0.456143 0.468977 0.457023 0.471324 0.459005 0.474144 0.460414 0.473671 0.462393 0.472264 0.463714 0.472574 0.464052 0.469759
2 0.457164 0.483255 0.458539 0.481537 0.462049 0.480722 0.464854 0.482264 0.471234 0.488468 0.472458 0.491995 0.472560 0.494162 0.471417 0.493648 0.468820 0.502565 0.471940 0.503977 0.469326 0.504894 0.465990 0.505509 0.454737 0.494278 0.454193 0.491898 0.454089 0.489398 0.454271 0.487824 0.454766 0.486389 0.455781 0.484630
2 0.516229 0.516176 0.513615 0.514685 0.511563 0.512444 0.509607 0.513356 0.507552 0.518083 0.506898 0.522815 0.506333 0.527213 0.506992 0.529120 0.508719 0.530199 0.509833 0.528537 0.510586 0.525384 0.512914 0.525884 0.514367 0.527463 0.515021 0.525384 0.514174 0.522069 0.514409 0.518917 0.517956 0.520741 0.517633 0.516843
2 0.602221 0.504514 0.603583 0.504435 0.604909 0.504810 0.608372 0.507269 0.612904 0.512773 0.611479 0.520556 0.608888 0.526931 0.606878 0.527912 0.605776 0.518051 0.605461 0.515644 0.605073 0.513833 0.602458 0.506690
2 0.627083 0.584097 0.628490 0.581412 0.629219 0.579097 0.629237 0.575602 0.628591 0.573167 0.627180 0.571588 0.625768 0.570870 0.624073 0.570227 0.622219 0.569866 0.622065 0.565981 0.621336 0.556977 0.620776 0.553741 0.620169 0.554324 0.620914 0.564278 0.621427 0.570171 0.620542 0.568426 0.619422 0.568509 0.619188 0.569755 0.617367 0.570667 0.616201 0.571912 0.615034 0.572051 0.614190 0.573444 0.614112 0.574667 0.617883 0.587949 0.619099 0.589514 0.619750 0.590116 0.621703 0.591319 0.621753 0.586620 0.626013 0.578625
