0 0.434432 0.292898 0.424742 0.258537 0.420813 0.244704 0.414422 0.221185 0.413719 0.221000 0.413354 0.220722 0.413589 0.217296 0.413372 0.215838 0.411490 0.210819 0.409714 0.204810 0.407393 0.195773 0.406055 0.196037 0.404180 0.196222 0.405659 0.199796 0.405659 0.200875 0.405193 0.201458 0.403339 0.198500 0.414609 0.247361 0.427289 0.292042 0.427674 0.290426
3 0.510292 0.523843 0.513792 0.527620 0.515104 0.526954 0.515229 0.526065 0.511417 0.521181 0.512417 0.516736 0.513042 0.514514 0.513917 0.513181 0.515542 0.511181 0.515729 0.510736 0.516167 0.509296 0.516542 0.507741 0.517167 0.507074 0.517289 0.507074 0.517602 0.507407 0.517727 0.508519 0.518227 0.510847 0.518789 0.511514 0.519164 0.512625 0.519664 0.512958 0.520164 0.512736 0.520602 0.511736 0.520789 0.511069 0.524727 0.503074 0.526844 0.499685 0.529167 0.494889 0.533810 0.485380 0.533484 0.484903 0.532948 0.484713 0.532349 0.484514 0.531216 0.484801 0.526898 0.493542 0.525544 0.495463 0.524737 0.496130 0.523602 0.496421 0.523227 0.495755 0.523602 0.494208 0.523438 0.493444 0.522365 0.493444 0.521333 0.493444 0.520146 0.493065 0.518633 0.492579 0.516854 0.492579 0.515716 0.492579 0.512635 0.493301 0.511612 0.493468 0.511286 0.493134 0.512029 0.492134 0.512635 0.491477 0.513148 0.490389 0.513849 0.489477 0.514690 0.487903 0.514734 0.486579 0.514086 0.486745 0.511380 0.491477 0.507656 0.492130 0.507669 0.505963 0.508880 0.507829 0.509281 0.508551 0.509568 0.509616 0.509805 0.510259 0.509687 0.510917 0.509201 0.511417 0.508799 0.512273 0.508518 0.512704 0.507661 0.514444 0.505677 0.512269
3 0.486326 0.644671 0.505898 0.667718 0.493102 0.671880 0.492596 0.669995 0.491010 0.665264 0.489143 0.663190 0.483469 0.656819 0.485203 0.651292
5 0.465443 0.281528 0.474661 0.306389 0.477010 0.307023 0.485365 0.310046 0.481250 0.287870
15 0.371336 0.178046 0.399609 0.179074 0.402161 0.183287 0.372211 0.182264
8 0.446664 0.180231 0.459661 0.176389 0.465870 0.174398 0.466901 0.174208 0.473039 0.172972 0.475833 0.172315 0.480336 0.171412 0.480570 0.172241 0.480477 0.173319 0.476698 0.173782 0.474055 0.174486 0.473583 0.174611 0.467414 0.175852 0.447008 0.182046 0.441656 0.183681 0.439406 0.183940 0.438826 0.183935 0.433867 0.184384 0.428224 0.185250 0.428224 0.185250 0.423997 0.186231 0.419010 0.186847 0.416724 0.187093 0.411310 0.188255 0.408742 0.188671 0.408182 0.188255 0.407997 0.187759 0.408091 0.187176 0.410471 0.187259 0.415792 0.186014 0.417938 0.185931 0.419430 0.185602 0.419753 0.186093 0.420242 0.186093 0.420555 0.185588 0.420695 0.185032 0.425195 0.183722 0.429862 0.182639 0.431865 0.183023 0.440625 0.181898
15 0.504714 0.379847 0.512159 0.351185 0.517466 0.330625 0.520357 0.318926 0.524406 0.303764 0.526430 0.305176 0.521062 0.328181 0.511503 0.365231 0.509505 0.371569 0.506695 0.382236
5 0.464526 0.270356 0.477888 0.274250 0.472661 0.255838 0.465115 0.242421 0.460953 0.233991 0.455625 0.224074 0.453904 0.229671 0.452492 0.236690 0.453505 0.243634 0.453805 0.245731 0.454810 0.247810 0.456477 0.252120 0.457901 0.260005 0.460776 0.269028
3 0.521721 0.574907 0.510599 0.573130 0.506411 0.572463 0.505852 0.563245 0.503352 0.561690 0.499414 0.559801 0.499227 0.561579 0.505102 0.564463 0.505539 0.569574 0.505727 0.572241 0.502477 0.571352 0.502164 0.570907 0.501852 0.570796 0.501727 0.571685 0.497854 0.570463 0.491182 0.616616 0.486326 0.644671 0.505898 0.667718 0.538927 0.656593 0.538714 0.627514 0.526253 0.627810 0.526169 0.623056 0.537794 0.624245 0.537802 0.614403
3 0.469044 0.372060 0.467482 0.371838 0.466107 0.371838 0.464732 0.372060 0.463357 0.373171 0.462297 0.374403 0.460297 0.377838 0.457922 0.380949 0.456484 0.382167 0.455234 0.384181 0.454174 0.385722 0.453237 0.387056 0.452799 0.388944 0.451531 0.391977 0.450880 0.398662 0.450880 0.401106 0.450880 0.404319 0.451818 0.409847 0.452974 0.412282 0.462401 0.405750 0.463409 0.401583 0.463740 0.399796 0.464406 0.397718 0.462857 0.398106 0.462570 0.397843 0.462352 0.396431 0.462352 0.395407 0.462641 0.394630 0.463651 0.393866 0.463870 0.393866 0.465964 0.393986 0.466763 0.392968 0.474711 0.391287 0.474641 0.393731 0.471750 0.394889 0.470594 0.396431 0.470232 0.397977 0.470232 0.399009 0.474435 0.398940 0.475435 0.398606 0.476185 0.397940 0.476435 0.395833 0.476497 0.394389 0.476435 0.393056 0.476185 0.391056 0.476310 0.390389 0.476497 0.390278 0.477185 0.391056 0.477810 0.393056 0.481495 0.385833 0.481432 0.381060 0.478862 0.378394 0.469031 0.373250
3 0.454229 0.414681 0.457201 0.420343 0.458198 0.421972 0.460018 0.420736 0.460299 0.421898 0.458810 0.423310 0.461422 0.425958 0.463706 0.427620 0.466552 0.429528 0.469987 0.417912 0.466049 0.415694 0.462740 0.411694 0.460802 0.409361
3 0.555938 0.466380 0.558961 0.467375 0.557505 0.485491 0.554146 0.490069 0.551570 0.491065 0.550115 0.489273 0.553026 0.479120
3 0.557505 0.491264 0.558065 0.505597 0.559409 0.513560 0.560305 0.517144 0.560753 0.519731 0.560641 0.522120 0.558961 0.524907 0.558289 0.526500 0.556721 0.527894 0.555826 0.528292 0.554370 0.528292 0.553698 0.527894 0.552690 0.526301 0.551458 0.522718 0.550786 0.519731 0.549891 0.515352 0.549219 0.511968 0.548771 0.507787 0.548547 0.504005 0.549219 0.501417
5 0.479451 0.319718 0.481375 0.320315 0.501391 0.326764 0.510201 0.358782 0.504714 0.379847 0.500109 0.378755 0.496096 0.375778 0.493000 0.360167 0.495594 0.359866 0.498688 0.360611 0.500026 0.361949 0.501198 0.362991 0.502870 0.362991 0.503875 0.361505 0.503122 0.359718 0.501281 0.359273 0.498940 0.357787 0.497016 0.357190 0.495427 0.356894 0.492112 0.356597 0.489872 0.353898 0.487052 0.351069 0.486727 0.333699 0.485221 0.333250 0.485388 0.345296 0.482378 0.329384 0.486477 0.326412 0.486227 0.325222 0.482044 0.327454 0.481625 0.325963 0.481039 0.323884 0.480120 0.322694
5 0.451091 0.232338 0.447518 0.217231 0.446885 0.215199 0.444857 0.204116 0.443161 0.195130 0.441573 0.187546 0.441656 0.183681 0.446937 0.181968 0.447917 0.182491 0.455953 0.208444 0.457422 0.211926 0.453229 0.223657
5 0.546732 0.585745 0.545659 0.585995 0.544865 0.586241 0.543510 0.587569 0.543232 0.588153 0.543326 0.588898 0.543698 0.589894 0.543792 0.590806 0.543604 0.592301 0.543510 0.593546 0.543510 0.595287 0.543510 0.596861 0.543510 0.598106 0.543370 0.599269 0.543370 0.600181 0.543651 0.601843 0.543557 0.603250 0.543510 0.604412 0.543510 0.605491 0.546404 0.611134 0.547805 0.612958 0.549018 0.613708 0.548924 0.606403 0.548924 0.604829 0.548599 0.603583 0.548365 0.602838 0.548130 0.601759 0.548130 0.600347 0.548130 0.598935 0.548086 0.597611 0.548039 0.596282 0.547664 0.593630 0.547432 0.592796 0.547292 0.591884 0.547292 0.590227 0.547057 0.588236 0.547151 0.587569 0.547245 0.587319 0.547245 0.587241 0.547339 0.586907
5 0.438826 0.183935 0.434310 0.196273 0.428987 0.196769 0.428987 0.197412 0.429193 0.198134 0.429797 0.199208 0.428380 0.200361 0.427820 0.200861 0.426930 0.202866 0.425799 0.200718 0.425531 0.198690 0.425216 0.197384 0.424693 0.196148 0.424521 0.195713 0.425081 0.194782 0.425396 0.193546 0.425357 0.192181 0.425255 0.191185 0.424833 0.190375 0.423510 0.190500 0.423128 0.192116 0.422706 0.192861 0.422258 0.193227 0.421664 0.193907 0.420896 0.193477 0.423997 0.186231 0.428224 0.185250 0.433867 0.184384
5 0.426102 0.180130 0.439063 0.144125 0.442240 0.135352 0.442701 0.135634 0.443768 0.136324 0.446089 0.138329 0.446758 0.137880 0.448263 0.139963 0.448430 0.139963 0.449016 0.140407 0.449352 0.141898 0.449935 0.141005 0.450188 0.139815 0.450857 0.138329 0.451107 0.137583 0.451776 0.137139 0.452779 0.137287 0.452948 0.137880 0.453534 0.139667 0.453951 0.141449 0.454034 0.142787 0.454201 0.144125 0.454286 0.145167 0.452779 0.148736 0.453701 0.150519 0.446508 0.168065 0.442240 0.177731 0.434880 0.180111 0.429862 0.182639 0.425195 0.183722 0.425893 0.181556
5 0.486609 0.206639 0.487971 0.212977 0.488565 0.215759 0.491589 0.226032 0.495099 0.239278 0.496180 0.238222 0.498122 0.244560 0.498932 0.243694 0.499471 0.244750 0.501039 0.250894 0.502443 0.255694 0.503708 0.255370 0.504161 0.253750 0.506138 0.248949 0.507471 0.246648 0.505206 0.239319 0.503523 0.240241 0.492721 0.211630 0.490453 0.204241 0.489549 0.202222 0.488477 0.204731 0.487823 0.205810
5 0.476698 0.173782 0.493529 0.199690 0.512198 0.250833 0.512010 0.264278 0.511177 0.265657 0.510708 0.266153 0.510198 0.265657 0.509451 0.263995 0.507958 0.258356 0.506557 0.259852 0.506229 0.260019 0.505294 0.259602 0.503758 0.256366 0.503708 0.255370 0.504161 0.253750 0.506138 0.248949 0.507471 0.246648 0.505206 0.239319 0.505206 0.237398 0.493099 0.204708 0.492172 0.201343 0.490857 0.199069 0.486799 0.190935 0.485865 0.190440 0.485260 0.191347 0.474055 0.174486
5 0.468172 0.181917 0.468938 0.180838 0.472448 0.176606 0.475471 0.179764 0.484146 0.190736 0.484839 0.191931 0.485865 0.190440 0.486799 0.190935 0.490857 0.199069 0.490763 0.200231 0.490253 0.201310 0.489549 0.202222 0.488477 0.204731 0.487823 0.205810 0.486609 0.206639 0.483531 0.211037 0.473029 0.196106
5 0.550052 0.375023 0.529763 0.332801 0.525070 0.323282 0.524578 0.325375 0.523648 0.326250 0.521734 0.327009 0.521062 0.328181 0.526661 0.339648 0.527344 0.338255 0.527625 0.335310 0.527625 0.332639 0.527445 0.331963 0.526383 0.330870 0.526383 0.329852 0.527008 0.330093 0.527937 0.331088 0.528443 0.333417 0.528060 0.338074 0.527568 0.341421 0.535094 0.359134 0.541174 0.372495 0.546458 0.379500 0.551307 0.389213 0.554005 0.392856 0.554867 0.393255 0.555023 0.391903 0.553680 0.387106 0.551956 0.380574
5 0.474039 0.340148 0.487052 0.351069 0.489872 0.353898 0.492112 0.356597 0.487630 0.358269 0.484667 0.358394 0.483909 0.357162 0.484487 0.355750 0.484560 0.354847 0.484487 0.353690 0.484341 0.353051 0.483620 0.352148 0.483112 0.352537 0.481740 0.354722 0.474221 0.346495 0.473643 0.343926
5 0.445586 0.448509 0.451047 0.449755 0.454135 0.458134 0.457510 0.470583 0.459135 0.475907 0.457888 0.478023 0.456755 0.479750 0.454164 0.473227
5 0.563766 0.570801 0.561758 0.570949 0.552224 0.580764 0.552297 0.584912 0.552984 0.590134 0.554070 0.595796 0.554823 0.597685 0.554823 0.599917 0.554823 0.601583 0.554388 0.604245 0.554633 0.613551 0.553185 0.623204 0.555938 0.627944
5 0.386112 0.211824 0.387068 0.212278 0.387620 0.212806 0.388328 0.213620 0.389930 0.215046 0.390932 0.215667 0.392542 0.216829 0.399224 0.255167 0.398042 0.253000 0.395185 0.243708
2 0.493802 0.542731 0.487427 0.537833 0.487443 0.532264 0.488497 0.525481 0.491107 0.517625 0.496932 0.523787 0.497284 0.521644 0.494021 0.517625 0.493969 0.516468 0.494573 0.516111 0.496164 0.515870 0.496464 0.515690 0.497018 0.514264 0.494542 0.507389 0.493443 0.508106 0.491885 0.510139 0.491135 0.510917 0.490385 0.511806 0.490385 0.513028 0.490573 0.513250 0.491135 0.514472 0.491135 0.515028 0.490760 0.515139 0.490323 0.515028 0.489635 0.514468 0.488469 0.517667 0.488169 0.518532 0.487813 0.519699 0.486875 0.519708 0.485820 0.520421 0.485721 0.522829 0.486451 0.523801 0.485701 0.528912 0.485326 0.530130 0.485076 0.531463 0.484888 0.533130 0.484888 0.534130 0.484513 0.534574 0.484263 0.535130 0.483951 0.539019 0.484076 0.540796 0.484701 0.541907 0.485263 0.542130 0.485138 0.543903 0.485018 0.550500 0.485771 0.551213 0.486323 0.551750 0.486927 0.551838 0.487328 0.541750 0.493255 0.546065
1 0.550820 0.450130 0.549885 0.450875 0.549326 0.451375 0.549607 0.452454 0.549839 0.452866 0.549979 0.453449 0.549513 0.454361 0.549000 0.454528 0.548813 0.454278 0.548534 0.453944 0.547786 0.455023 0.546898 0.456269 0.545966 0.456852 0.545779 0.457681 0.545966 0.458759 0.546573 0.459755 0.547180 0.460500 0.547552 0.461245 0.547599 0.462079 0.547505 0.463486 0.546870 0.463227 0.544839 0.463227 0.539901 0.462366 0.530997 0.458065 0.530833 0.454569 0.529771 0.443903 0.530060 0.443560 0.531029 0.444250 0.532091 0.444421 0.532479 0.443731 0.534609 0.444421 0.534898 0.442699 0.529479 0.440634 0.528510 0.437366 0.531029 0.437708 0.532091 0.438227 0.532771 0.438227 0.533737 0.438227 0.534318 0.438741 0.536060 0.437708 0.536544 0.437194 0.537633 0.436097 0.539359 0.437852 0.541195 0.439648 0.544443 0.441426 0.545943 0.442537 0.547630 0.444093 0.548880 0.445870 0.550443 0.448093 0.552068 0.449870
3 0.545060 0.392806 0.564120 0.424296 0.555495 0.445556 0.553378 0.444648 0.552878 0.443093 0.552609 0.441324 0.551641 0.436162 0.552221 0.434958 0.552898 0.434611 0.553286 0.433407 0.553286 0.431690 0.552513 0.432375 0.550674 0.432204 0.548255 0.422056 0.556964 0.417065 0.557255 0.416894 0.557641 0.416032 0.556964 0.415171 0.547771 0.420162 0.547674 0.418958 0.547094 0.418787 0.546609 0.419815 0.546609 0.421366 0.540995 0.423259 0.540706 0.422398 0.538771 0.415171 0.536932 0.409838 0.535964 0.406051 0.536060 0.400204 0.538771 0.400204 0.540125 0.400204 0.541867 0.401236 0.542833 0.401750 0.544094 0.401407 0.544771 0.401065 0.545544 0.400546 0.546125 0.399685 0.545932 0.398657 0.545352 0.398310 0.544674 0.398657 0.543802 0.399000 0.542060 0.398657 0.542352 0.397106 0.542641 0.396764 0.543609 0.395213 0.544867 0.393838
3 0.487052 0.351069 0.486727 0.333699 0.485221 0.333250 0.485388 0.345296 0.482378 0.329384 0.486477 0.326412 0.486227 0.325222 0.482044 0.327454 0.481625 0.325963 0.481039 0.323884 0.480120 0.322694 0.479451 0.319718 0.455143 0.311421 0.459510 0.344866 0.456039 0.348449 0.453688 0.353431 0.452836 0.356583 0.452193 0.361491 0.450518 0.367139 0.448344 0.344241 0.443716 0.348875 0.439469 0.333995 0.438883 0.334144 0.438466 0.334292 0.438130 0.335037 0.438130 0.336671 0.438299 0.339347 0.438130 0.340685 0.437797 0.340685 0.437211 0.341130 0.436458 0.341431 0.435706 0.341579 0.435203 0.342023 0.446740 0.370671 0.434602 0.370991 0.438745 0.384046 0.435888 0.386495 0.431440 0.388713 0.431523 0.388713 0.432609 0.389310 0.433112 0.389458 0.433365 0.389458 0.433448 0.390056 0.433448 0.390944 0.433365 0.391394 0.433112 0.392282 0.438076 0.396718 0.438831 0.396718 0.440167 0.399111 0.441055 0.399523 0.441940 0.400106 0.442734 0.400769 0.443341 0.401681 0.443995 0.403343 0.444367 0.404750 0.444073 0.407449 0.445245 0.406778 0.446271 0.407162 0.446594 0.407644 0.446539 0.408505 0.446161 0.410231 0.445622 0.411963 0.445190 0.413208 0.444758 0.414171 0.445406 0.414648 0.446487 0.415032 0.447565 0.414843 0.451401 0.412153 0.452974 0.412282 0.451818 0.409847 0.450880 0.404319 0.450880 0.401106 0.450880 0.398662 0.451531 0.391977 0.452799 0.388944 0.453237 0.387056 0.454174 0.385722 0.455234 0.384181 0.456484 0.382167 0.457922 0.380949 0.460297 0.377838 0.462297 0.374403 0.463357 0.373171 0.464732 0.372060 0.466107 0.371838 0.467482 0.371838 0.469044 0.372060 0.469031 0.366310 0.470260 0.364514 0.479586 0.368111 0.478862 0.378394 0.481432 0.381060 0.481495 0.385833 0.477810 0.393056 0.477677 0.397356 0.498003 0.403898 0.496419 0.379065 0.503490 0.384056 0.503924 0.390481 0.509417 0.390227 0.514984 0.389329 0.515641 0.388333 0.516414 0.388333 0.516995 0.389019 0.518544 0.394870 0.519607 0.399343 0.521060 0.404162 0.519898 0.405194 0.519802 0.406912 0.521737 0.411042 0.523091 0.411560 0.523672 0.410356 0.524448 0.409667 0.525995 0.409495 0.527253 0.408806 0.528318 0.408292 0.529190 0.407083 0.530833 0.405537 0.532091 0.404847 0.533060 0.403472 0.534221 0.401926 0.534414 0.400718 0.533641 0.400375 0.532190 0.400032 0.531510 0.398481 0.532190 0.397278 0.535479 0.397106 0.535479 0.392806 0.527253 0.389019 0.525414 0.389708 0.523867 0.391083 0.522510 0.391773 0.519898 0.390569 0.520091 0.388333 0.521253 0.385065 0.522029 0.383171 0.523091 0.382481 0.524448 0.382481 0.527253 0.382829 0.528029 0.382653 0.528510 0.381968 0.529383 0.380245 0.530641 0.379042 0.530833 0.379903 0.530833 0.380935 0.530352 0.382653 0.530352 0.383171 0.531898 0.383685 0.533544 0.384375 0.535964 0.385579 0.536578 0.378671 0.541174 0.372495 0.535094 0.359134 0.527568 0.341421 0.528060 0.338074 0.528443 0.333417 0.527937 0.331088 0.527008 0.330093 0.526383 0.329852 0.526383 0.330870 0.527445 0.331963 0.527625 0.332639 0.527625 0.335310 0.527344 0.338255 0.526661 0.339648 0.521062 0.328181 0.511503 0.365231 0.509505 0.371569 0.506695 0.382236 0.504714 0.379847 0.500109 0.378755 0.496096 0.375778 0.493000 0.360167 0.495594 0.359866 0.498688 0.360611 0.500026 0.361949 0.501198 0.362991 0.502870 0.362991 0.503875 0.361505 0.503122 0.359718 0.501281 0.359273 0.498940 0.357787 0.497016 0.357190 0.495427 0.356894 0.492112 0.356597 0.489872 0.353898
3 0.458810 0.423310 0.451023 0.429144 0.455505 0.433755 0.456260 0.433755 0.458203 0.433657 0.455831 0.441259 0.473268 0.472472 0.474143 0.462255 0.466091 0.445282 0.470638 0.434611 0.480711 0.460167 0.482156 0.454940 0.482531 0.452782 0.482763 0.451870 0.483138 0.451542 0.483464 0.452037 0.483464 0.453032 0.483370 0.454028 0.482997 0.456019 0.482578 0.457764 0.482203 0.458926 0.481924 0.459921 0.481271 0.461495 0.481742 0.462574 0.487297 0.459838 0.490888 0.457264 0.492057 0.456519 0.493409 0.455440 0.496255 0.452866 0.495742 0.451704 0.495044 0.451375 0.494297 0.451375 0.494203 0.450708 0.494810 0.450046 0.496070 0.449546 0.497237 0.448968 0.497424 0.448468 0.497984 0.445069 0.498216 0.442995 0.498591 0.443241 0.498591 0.443907 0.498451 0.445236 0.498544 0.446231 0.499198 0.446315 0.499805 0.446065 0.500130 0.445898 0.500167 0.436361 0.499005 0.417431 0.494909 0.420106 0.478615 0.414588 0.478112 0.416375 0.477779 0.417713 0.477359 0.418903 0.477245 0.420296 0.478253 0.420727 0.479201 0.418157 0.480203 0.416222 0.480286 0.416222 0.480539 0.417861 0.480674 0.420153 0.480281 0.424870 0.478331 0.430625 0.474336 0.430981 0.475224 0.424815 0.475023 0.423884 0.474216 0.424167 0.473005 0.430407 0.468568 0.428542 0.466932 0.439417 0.466089 0.440569 0.465333 0.442394 0.464630 0.443931 0.463659 0.444602 0.463065 0.444792 0.462471 0.444218 0.463497 0.438264 0.464469 0.435866 0.466552 0.429528 0.463706 0.427620 0.461422 0.425958
3 0.467893 0.555125 0.471086 0.581130 0.472091 0.580833 0.473094 0.581579 0.474013 0.583213 0.475018 0.584847 0.477026 0.586634 0.472508 0.595704 0.478091 0.630731 0.484474 0.593903 0.492760 0.549111 0.493255 0.546065 0.487328 0.541750 0.486927 0.551838 0.486323 0.551750 0.485771 0.551213 0.485018 0.550500 0.485138 0.543903 0.483888 0.544347 0.483076 0.544792 0.484451 0.554125 0.484951 0.556681 0.485326 0.557903 0.485951 0.559676 0.486388 0.561898 0.487201 0.564120 0.487826 0.565898 0.488326 0.568120 0.487826 0.568676 0.487201 0.568676 0.486201 0.568676 0.485451 0.568343 0.485076 0.567231 0.484951 0.565565 0.483799 0.557787 0.479617 0.556894 0.478948 0.556148 0.478531 0.555259 0.478279 0.553921 0.477828 0.554792 0.477141 0.557681 0.476641 0.560009 0.476453 0.561898 0.475828 0.562343 0.475578 0.560787 0.475328 0.559343 0.475328 0.557792 0.475891 0.548236 0.475766 0.548347 0.474328 0.548903 0.473831 0.550014 0.473393 0.551347 0.473206 0.552903 0.472768 0.554903 0.471706 0.554681 0.471393 0.554236 0.470643 0.553014 0.470456 0.553125 0.470393 0.553792 0.470393 0.554903 0.469893 0.555792 0.470018 0.556681 0.470581 0.557681 0.470581 0.558343 0.470331 0.558676 0.469706 0.557792 0.468893 0.555792
3 0.465443 0.281528 0.450461 0.275435 0.453557 0.299176 0.474661 0.306389
2 0.373622 0.187269 0.378443 0.185060 0.383443 0.184713 0.385130 0.185403 0.387698 0.186259 0.388474 0.186718 0.389081 0.187190 0.389734 0.188032 0.390169 0.188653 0.390995 0.189648 0.392424 0.190269 0.393203 0.190421 0.393896 0.190505 0.394633 0.191347 0.395458 0.192273 0.396500 0.194208 0.397201 0.195139 0.398023 0.196134 0.398047 0.196852 0.398831 0.197532 0.398810 0.199630 0.397161 0.201801 0.397076 0.202949 0.396896 0.203722 0.396469 0.204884 0.395177 0.197463 0.389609 0.200032 0.392542 0.216829 0.390932 0.215667 0.389930 0.215046 0.388328 0.213620 0.387620 0.212806 0.387068 0.212278 0.386112 0.211824 0.385781 0.210662 0.379221 0.187407 0.378521 0.187685 0.384766 0.210463 0.379622 0.209468
3 0.507674 0.454968 0.522773 0.456171 0.528966 0.457894 0.529258 0.458579 0.530224 0.458579 0.530997 0.458065 0.539901 0.462366 0.544839 0.463227 0.546870 0.463227 0.550547 0.464431 0.546870 0.484389 0.546937 0.509593 0.548003 0.519917 0.551651 0.533384 0.555232 0.533384 0.558232 0.532009 0.559781 0.530116 0.561716 0.524269 0.565276 0.541921 0.565945 0.544500 0.566505 0.546495 0.563534 0.566384 0.546474 0.551347 0.546018 0.548199 0.544674 0.546616 0.542990 0.545810 0.541190 0.546838 0.526693 0.535398 0.525255 0.543394 0.537753 0.555722 0.537367 0.573421 0.537898 0.593412 0.518737 0.545412 0.510292 0.523843 0.513792 0.527620 0.515104 0.526954 0.515229 0.526065 0.514013 0.524560 0.514013 0.523338 0.513521 0.521241 0.513521 0.519796 0.513521 0.517681 0.513042 0.514514 0.513917 0.513181 0.515542 0.511181 0.515729 0.510736 0.516167 0.509296 0.516542 0.507741 0.517167 0.507074 0.517289 0.507074 0.517602 0.507407 0.517727 0.508519 0.518227 0.510847 0.518789 0.511514 0.519164 0.512625 0.519664 0.512958 0.520164 0.512736 0.520602 0.511736 0.520789 0.511069 0.524727 0.503074 0.526844 0.499685 0.529167 0.494889 0.533810 0.485380 0.533484 0.484903 0.532948 0.484713 0.532349 0.484514 0.531216 0.484801 0.526898 0.493542 0.525544 0.495463 0.524737 0.496130 0.523602 0.496421 0.523227 0.495755 0.523602 0.494208 0.523438 0.493444 0.522365 0.493444 0.521333 0.493444 0.520146 0.493065 0.518633 0.492579 0.516854 0.492579 0.515716 0.492579 0.512635 0.493301 0.511612 0.493468 0.511286 0.493134 0.512029 0.492134 0.512635 0.491477 0.513148 0.490389 0.513849 0.489477 0.514690 0.487903 0.514734 0.486579 0.514086 0.486745 0.511380 0.491477 0.507656 0.492130
3 0.493411 0.520046 0.493182 0.521231 0.492943 0.521981 0.492760 0.522889 0.492732 0.524014 0.492672 0.524819 0.492701 0.526157 0.492672 0.526745 0.489898 0.527819 0.489810 0.527282 0.489687 0.526426 0.489568 0.525838 0.489177 0.525620 0.488497 0.525481 0.487443 0.532264 0.487427 0.537833 0.493802 0.542731 0.496781 0.524713 0.496328 0.524769 0.495841 0.524833 0.495523 0.524833 0.495422 0.524523 0.495422 0.524093 0.495422 0.523412 0.495284 0.522046
1 0.472909 0.478819 0.469724 0.485731 0.468482 0.486208 0.467893 0.486259 0.468536 0.491491 0.468456 0.492921 0.467081 0.492699 0.465583 0.492366 0.464583 0.492255 0.463370 0.491690 0.462602 0.491690 0.461766 0.491940 0.461279 0.492310 0.460198 0.492681 0.459500 0.492620 0.458385 0.492435 0.467206 0.554681 0.467893 0.555125 0.468893 0.555792 0.469706 0.557792 0.470331 0.558676 0.470581 0.558343 0.470581 0.557681 0.470018 0.556681 0.469893 0.555792 0.470393 0.554903 0.470393 0.553792 0.470456 0.553125 0.470643 0.553014 0.471393 0.554236 0.471706 0.554681 0.472768 0.554903 0.473206 0.552903 0.473393 0.551347 0.473831 0.550014 0.474328 0.548903 0.475766 0.548347 0.475891 0.548236 0.475328 0.557792 0.475328 0.559343 0.475578 0.560787 0.475828 0.562343 0.476453 0.561898 0.476641 0.560009 0.477141 0.557681 0.477828 0.554792 0.478891 0.552458 0.479391 0.550681 0.480453 0.547903 0.481391 0.544681 0.481828 0.544792 0.484951 0.565565 0.485076 0.567231 0.485451 0.568343 0.486201 0.568676 0.487201 0.568676 0.487826 0.568676 0.488326 0.568120 0.487826 0.565898 0.487201 0.564120 0.486388 0.561898 0.485951 0.559676 0.485326 0.557903 0.484951 0.556681 0.484451 0.554125 0.483076 0.544792 0.483888 0.544347 0.485138 0.543903 0.485263 0.542130 0.484701 0.541907 0.484076 0.540796 0.483951 0.539019 0.484263 0.535130 0.484513 0.534574 0.484888 0.534130 0.484888 0.533130 0.485076 0.531463 0.485326 0.530130 0.485701 0.528912 0.486451 0.523801 0.485138 0.522245 0.484826 0.520801 0.485888 0.518912 0.486255 0.517468 0.486406 0.518866 0.488169 0.518532 0.488469 0.517667 0.488505 0.516333 0.488393 0.515667 0.488318 0.515667 0.487607 0.515667 0.488576 0.514472 0.489076 0.513917 0.489638 0.514472 0.490323 0.515028 0.490760 0.515139 0.491135 0.515028 0.491135 0.514472 0.490573 0.513250 0.490385 0.513028 0.490385 0.511806 0.491135 0.510917 0.491885 0.510139 0.493443 0.508106
1 0.481742 0.462574 0.487297 0.459838 0.490888 0.457264 0.492057 0.456519 0.493409 0.455440 0.496255 0.452866 0.495742 0.451704 0.495044 0.451375 0.494297 0.451375 0.494203 0.450708 0.494810 0.450046 0.496070 0.449546 0.497237 0.448968 0.497424 0.448468 0.497984 0.445069 0.498216 0.442995 0.498591 0.443241 0.498591 0.443907 0.498451 0.445236 0.498544 0.446231 0.499198 0.446315 0.499805 0.446065 0.500130 0.445898 0.499865 0.499477 0.481961 0.463171
3 0.460388 0.347468 0.462729 0.365162 0.457378 0.367093 0.453781 0.366352 0.452359 0.365755 0.453698 0.357282 0.455872 0.351481 0.458464 0.348954
3 0.442719 0.295565 0.437372 0.245005 0.439047 0.243366 0.440133 0.242329 0.444945 0.240338 0.446203 0.242574 0.448911 0.263907 0.448089 0.263597 0.445477 0.263426 0.444703 0.273060 0.450461 0.275435 0.453557 0.299176
3 0.477888 0.274250 0.484875 0.277241 0.494271 0.280694 0.530448 0.292157 0.532479 0.295426 0.529479 0.303856 0.505495 0.296111 0.491615 0.291667 0.481250 0.287870 0.465443 0.281528 0.450461 0.275435 0.444674 0.273032 0.445477 0.263426 0.448089 0.263597 0.460776 0.269028 0.464526 0.270356
3 0.531031 0.328593 0.542279 0.329588 0.542706 0.323699 0.541833 0.323269 0.540581 0.322458 0.539813 0.322213 0.538906 0.321843 0.538242 0.321407 0.537266 0.320662 0.536815 0.319856 0.536258 0.318926 0.534391 0.318801 0.527672 0.318389
3 0.520357 0.318926 0.485974 0.310204 0.485365 0.310046 0.477073 0.307028 0.474661 0.306389 0.453557 0.299176 0.442719 0.295565 0.436326 0.293389 0.427674 0.290426 0.425586 0.299644 0.447500 0.308718 0.481375 0.320315 0.494172 0.324773 0.517466 0.330625
3 0.438385 0.304880 0.449539 0.343102 0.443716 0.348875 0.430279 0.301694
3 0.390461 0.249162 0.391805 0.250556 0.411625 0.313458 0.435888 0.386495 0.430143 0.389384 0.408802 0.316009
3 0.414609 0.247361 0.418669 0.268931 0.413346 0.270653 0.410831 0.265319 0.398734 0.202347 0.398831 0.197532 0.400758 0.194403 0.403339 0.198500
3 0.418018 0.281370 0.434365 0.339894 0.446740 0.370671 0.434602 0.370991 0.423078 0.334861 0.423078 0.330898 0.411479 0.288773
3 0.411586 0.293111 0.395177 0.197463 0.389609 0.200032 0.399224 0.255167 0.399948 0.259537 0.411370 0.296681 0.411339 0.295106
3 0.433286 0.312236 0.430786 0.327231 0.425227 0.307125 0.426477 0.300130 0.430279 0.301694
3 0.430352 0.278560 0.434695 0.249019 0.435990 0.246977 0.438667 0.280731 0.436375 0.293398 0.434432 0.292898
3 0.436458 0.225648 0.428336 0.211537 0.426586 0.206120 0.425286 0.204468 0.425526 0.202676 0.425799 0.200718 0.426930 0.202866 0.427820 0.200861 0.428380 0.200361 0.429797 0.199208 0.429797 0.199653 0.433422 0.206157 0.439279 0.216384 0.442279 0.221963 0.441432 0.223394 0.441281 0.223926 0.441190 0.224412 0.441432 0.225213 0.442094 0.225588 0.443365 0.223569 0.450198 0.237264 0.448781 0.244889 0.449867 0.245356 0.450617 0.244579 0.451667 0.240171 0.453505 0.243634 0.453805 0.245731 0.454810 0.247810 0.456477 0.252120 0.457901 0.260005 0.460776 0.269028 0.448151 0.245968 0.439479 0.230602 0.448271 0.239787 0.448969 0.238444 0.441708 0.230907
3 0.497216 0.505838 0.474711 0.474981 0.455831 0.441259 0.416885 0.389704 0.362299 0.317162 0.333802 0.289352 0.331630 0.295005 0.337484 0.301815 0.343555 0.313120 0.351607 0.325542 0.372008 0.351718 0.400438 0.387653 0.418948 0.410625 0.438581 0.437449 0.444977 0.445551 0.445557 0.446194 0.448055 0.449069 0.451047 0.449755 0.465997 0.470657 0.466591 0.470755 0.472909 0.478819 0.493443 0.508106
3 0.499867 0.505648 0.500167 0.436361 0.496419 0.379065 0.503490 0.384056 0.503924 0.390481 0.504576 0.398194 0.506310 0.420815 0.506742 0.421843 0.507661 0.438491 0.507661 0.514444
3 0.478091 0.630731 0.484474 0.593903 0.492760 0.549111 0.498047 0.517083 0.505099 0.530819 0.504419 0.534782 0.502411 0.544324 0.500966 0.544491 0.499984 0.544824 0.499471 0.545653 0.499518 0.547644 0.499940 0.548639 0.500685 0.548806 0.501714 0.547894 0.499982 0.556181 0.499414 0.559801 0.499227 0.561579 0.497901 0.567806 0.496344 0.567986 0.496154 0.570213 0.497854 0.570463 0.491182 0.616616 0.485203 0.651292 0.483469 0.656819 0.482279 0.656829
3 0.505099 0.530819 0.518544 0.566917 0.537802 0.614403 0.537898 0.593412 0.518737 0.545412 0.505677 0.512269 0.499867 0.505648 0.499865 0.499477 0.481961 0.463171 0.470638 0.434611 0.466091 0.445282 0.483318 0.481412 0.489799 0.495690 0.497216 0.505838 0.494542 0.507389 0.498047 0.517083
3 0.458516 0.214907 0.494271 0.280694 0.484875 0.277241 0.472661 0.255838 0.465115 0.242421 0.460953 0.233991 0.455625 0.224074
3 0.563534 0.566384 0.546474 0.551347 0.550320 0.567514 0.558526 0.574380 0.561758 0.570949 0.563766 0.570801
3 0.541190 0.546838 0.526693 0.535398 0.525255 0.543394 0.537753 0.555722 0.539253 0.550069
3 0.554867 0.393255 0.567951 0.413630 0.564120 0.424296 0.536578 0.378671 0.541174 0.372495 0.546458 0.379500 0.551307 0.389213 0.554005 0.392856
3 0.456065 0.179361 0.471065 0.227537 0.476719 0.248333 0.461536 0.220417 0.458987 0.213394 0.461839 0.204125 0.460276 0.202681 0.457865 0.209847 0.449164 0.181444
3 0.478898 0.214574 0.500349 0.282523 0.494271 0.280694 0.476719 0.248333 0.471065 0.227537 0.456065 0.179361 0.467414 0.175852 0.468938 0.180838 0.468172 0.181917 0.473029 0.196106 0.473813 0.197231
3 0.507922 0.285014 0.494633 0.239884 0.485273 0.208509 0.483531 0.211037 0.482586 0.211671 0.482167 0.212000 0.481654 0.212167 0.481141 0.212667 0.480440 0.213412 0.492240 0.256852 0.500349 0.282523
3 0.491615 0.291667 0.498055 0.313231 0.511797 0.316847 0.505495 0.296111
3 0.511250 0.297963 0.518773 0.318565 0.511797 0.316847 0.505495 0.296111
3 0.511177 0.265657 0.511177 0.269787 0.517604 0.288120 0.507922 0.285014 0.494633 0.239884 0.495099 0.239278 0.496180 0.238222 0.498122 0.244560 0.498932 0.243694 0.499471 0.244750 0.501039 0.250894 0.502443 0.255694 0.503708 0.255370 0.503758 0.256366 0.505294 0.259602 0.506229 0.260019 0.506557 0.259852 0.507958 0.258356 0.509451 0.263995 0.510198 0.265657 0.510708 0.266153
3 0.522156 0.301477 0.523885 0.305602 0.520357 0.318926 0.518773 0.318565 0.511250 0.297963
3 0.531031 0.328593 0.531690 0.329699 0.532203 0.329861 0.532383 0.330343 0.532565 0.331144 0.532776 0.331412 0.533138 0.330931 0.533648 0.330125 0.534070 0.328843 0.534643 0.328894 0.534404 0.329968 0.534010 0.331093 0.533648 0.332000 0.533349 0.332644 0.533016 0.333125 0.533227 0.333824 0.533500 0.334199 0.533859 0.335162 0.534404 0.336231 0.536120 0.339125 0.537536 0.339019 0.537927 0.338912 0.538531 0.339019 0.538711 0.339500 0.538802 0.340843 0.538591 0.341699 0.538320 0.342125 0.538201 0.342556 0.541424 0.348875 0.543865 0.354181 0.546396 0.361144 0.548263 0.365963 0.550432 0.372764 0.550974 0.371907 0.551245 0.371375 0.551427 0.370569 0.551427 0.369926 0.551789 0.369231 0.552151 0.369069 0.552542 0.368801 0.552964 0.367676 0.553266 0.366657 0.553505 0.365963 0.553867 0.365375 0.554409 0.364625 0.554802 0.363713 0.555404 0.362157 0.562937 0.351231 0.563388 0.351606 0.563388 0.352463 0.555826 0.363875 0.553716 0.368694 0.554289 0.369338 0.554802 0.369875 0.555464 0.370139 0.555495 0.370731 0.555253 0.371588 0.554831 0.372500 0.554560 0.373407 0.554289 0.374264 0.555674 0.378120 0.556789 0.377481 0.557513 0.377106 0.557844 0.377106 0.558115 0.377157 0.558477 0.377907 0.558388 0.378713 0.558055 0.379356 0.557633 0.380639 0.557484 0.381282 0.557484 0.381657 0.557966 0.383102 0.558536 0.384764 0.558990 0.385620 0.560797 0.384282 0.561250 0.384282 0.561672 0.384495 0.562034 0.385194 0.561911 0.386426 0.561370 0.387551 0.560919 0.388569 0.560828 0.388782 0.560919 0.389583 0.561401 0.390444 0.561701 0.391352 0.561883 0.391995 0.562154 0.392694 0.561068 0.392852 0.561612 0.394995 0.562003 0.396551 0.562333 0.397995 0.562695 0.399389 0.563208 0.401157 0.563388 0.402120 0.563659 0.402870 0.564021 0.403620 0.565135 0.403671 0.565227 0.405014 0.565286 0.405815 0.564836 0.405977 0.564534 0.406296 0.563870 0.407315 0.554867 0.393255 0.555023 0.391903 0.553680 0.387106 0.551956 0.380574 0.550052 0.375023 0.529763 0.332801
2 0.405833 0.259583 0.411586 0.293111 0.412023 0.292778 0.412648 0.292986 0.411479 0.288773 0.418018 0.281370 0.425227 0.307125 0.426477 0.300130 0.425586 0.299644 0.427289 0.292042 0.419063 0.263009 0.417758 0.264370 0.418669 0.268931 0.413346 0.270653 0.412276 0.271560 0.411682 0.271657 0.411036 0.271370 0.409685 0.268778 0.409091 0.267528 0.408443 0.265514 0.408281 0.264458 0.408120 0.263019 0.408010 0.260713
1 0.528966 0.457894 0.522773 0.456171 0.507674 0.454968 0.507661 0.438491 0.506930 0.425153 0.506930 0.425153 0.507510 0.423431 0.507802 0.421708 0.508188 0.420333 0.508964 0.419472 0.509445 0.418787 0.510026 0.418097 0.510607 0.417579 0.511284 0.417579 0.511865 0.418269 0.512445 0.419472 0.513221 0.420333 0.513995 0.421366 0.514867 0.422056 0.516026 0.423259 0.516995 0.424292 0.517768 0.425153 0.518641 0.426699 0.519125 0.427731 0.519898 0.428935 0.520672 0.429625 0.521156 0.429625 0.521253 0.429106 0.521253 0.427042 0.521156 0.425495 0.521448 0.424463 0.521833 0.423602 0.521833 0.422741 0.521641 0.420505 0.521253 0.417755 0.521833 0.417236 0.522414 0.417407 0.522995 0.418097 0.523672 0.419815 0.523964 0.420676 0.526479 0.423602 0.526964 0.424292 0.527544 0.424292 0.527833 0.423773 0.527930 0.423088 0.528125 0.422227 0.528318 0.420847 0.528995 0.419991 0.530544 0.418787 0.531609 0.417755 0.531995 0.416204 0.532091 0.414657 0.532091 0.413106 0.532091 0.412421 0.532867 0.412764 0.534029 0.415514 0.534898 0.417236 0.535771 0.418958 0.536448 0.420505 0.536932 0.422056 0.537513 0.424292 0.537513 0.425324 0.537318 0.425495 0.534995 0.427042 0.534391 0.428870 0.533924 0.428542 0.532805 0.427546 0.531497 0.426301 0.530750 0.425551 0.529818 0.424806 0.529164 0.424227 0.528510 0.423977 0.528138 0.424394 0.527997 0.425389 0.527391 0.426880 0.527112 0.427708 0.527065 0.428787 0.527391 0.429620 0.527810 0.430532 0.528091 0.431528 0.528326 0.432523 0.528792 0.433519 0.528885 0.433519 0.528510 0.434264 0.527544 0.432204 0.527060 0.430657 0.526286 0.428245 0.525898 0.424463 0.525221 0.422912 0.524641 0.422912 0.523672 0.423088 0.523768 0.424463 0.524253 0.426528 0.526383 0.434611 0.521349 0.434440 0.521156 0.433407 0.521641 0.432204 0.521544 0.431171 0.520672 0.431690 0.520091 0.432551 0.519706 0.434269 0.513802 0.433926 0.512156 0.433755 0.510318 0.433755 0.509445 0.434787 0.510414 0.435472 0.510995 0.435644 0.519318 0.436505 0.518930 0.438569 0.518737 0.440806 0.519026 0.441153 0.520383 0.441153 0.521253 0.441153 0.522802 0.441838 0.524060 0.441838 0.525029 0.441838 0.525706 0.442699 0.526867 0.445106 0.528706 0.449236
2 0.444073 0.407449 0.445245 0.406778 0.446271 0.407162 0.446594 0.407644 0.446539 0.408505 0.446161 0.410231 0.445622 0.411963 0.445190 0.413208 0.444758 0.414171 0.445406 0.414648 0.446487 0.415032 0.447565 0.414843 0.451401 0.412153 0.452974 0.412282 0.462401 0.405750 0.470182 0.400509 0.470232 0.399009 0.474435 0.398940 0.475435 0.398606 0.476185 0.397940 0.476435 0.395833 0.476497 0.394389 0.476435 0.393056 0.476185 0.391056 0.476310 0.390389 0.476497 0.390278 0.477185 0.391056 0.477810 0.393056 0.477677 0.397356 0.473578 0.412819 0.471805 0.417991 0.468568 0.428542 0.466932 0.439417 0.466089 0.440569 0.465333 0.442394 0.464630 0.443931 0.463659 0.444602 0.463065 0.444792 0.462471 0.444218 0.463497 0.438264 0.464469 0.435866 0.466552 0.429528 0.469987 0.417912 0.466049 0.415694 0.465878 0.414204 0.465693 0.412708 0.465693 0.411713 0.465971 0.410718 0.466766 0.409472 0.469565 0.406153 0.470453 0.404745 0.471104 0.403417 0.471104 0.402421 0.469240 0.403167 0.460802 0.409361 0.454229 0.414681 0.457201 0.420343 0.458198 0.421972 0.460018 0.420736 0.460299 0.421898 0.458810 0.423310 0.451023 0.429144 0.455505 0.433755 0.456260 0.433755 0.458203 0.433657 0.455831 0.441259 0.450214 0.433755 0.450643 0.433468 0.451508 0.432986 0.451779 0.432889 0.451724 0.431931 0.451346 0.431449 0.450914 0.431065 0.450536 0.430491 0.449943 0.430009 0.449401 0.429912 0.448971 0.429912 0.448052 0.430875 0.436659 0.415801 0.434510 0.407009 0.438451 0.409671 0.439576 0.410338 0.441326 0.411556 0.441823 0.412005 0.442258 0.411338 0.442570 0.409898 0.442883 0.408560
3 0.501714 0.547894 0.502469 0.546486 0.502992 0.546125 0.503234 0.546125 0.503638 0.546125 0.503719 0.546630 0.503719 0.547560 0.511221 0.547204 0.518544 0.566917 0.520617 0.572060 0.506201 0.569755 0.505852 0.563245 0.503352 0.561690 0.499414 0.559801 0.499982 0.556181
2 0.420813 0.244704 0.431099 0.234593 0.432271 0.238611 0.435365 0.234000 0.436703 0.233255 0.436703 0.233255 0.437039 0.233106 0.440133 0.242329 0.439047 0.243366 0.437372 0.245005 0.434695 0.249019 0.424742 0.258537
3 0.442719 0.295565 0.437372 0.245005 0.435990 0.246977 0.438667 0.280731 0.436375 0.293398
2 0.434695 0.249019 0.424742 0.258537 0.430352 0.278560
2 0.419370 0.225306 0.419812 0.227269 0.420281 0.229259 0.420747 0.230421 0.421542 0.231333 0.422427 0.232083 0.423174 0.232329 0.426628 0.232495 0.428401 0.231167 0.429474 0.230338 0.430456 0.229926 0.431901 0.229426 0.432695 0.229093 0.433490 0.228681 0.434234 0.228181 0.434911 0.226875 0.435245 0.226176 0.439479 0.230602 0.444945 0.240338 0.440133 0.242329 0.437039 0.233106 0.436703 0.233255 0.436703 0.233255 0.435365 0.234000 0.432271 0.238611 0.431099 0.234593 0.420813 0.244704 0.414422 0.221185 0.418250 0.226509
2 0.446203 0.242574 0.448911 0.263907 0.460776 0.269028 0.448151 0.245968
3 0.435888 0.386495 0.438745 0.384046 0.419820 0.324528 0.395185 0.243708 0.385781 0.210662 0.379221 0.187407 0.378521 0.187685 0.384766 0.210463 0.379617 0.209426 0.390461 0.249162 0.391805 0.250556 0.411625 0.313458
3 0.610750 0.619546 0.612047 0.587384 0.612656 0.584736 0.613359 0.584398 0.613914 0.584074 0.614477 0.584324 0.615362 0.586222 0.618651 0.568597 0.618758 0.571093 0.616057 0.585880 0.616437 0.587412 0.616437 0.589046 0.615628 0.589620 0.615302 0.590486 0.615141 0.591639 0.615734 0.597014 0.616273 0.599125 0.616977 0.602773 0.616513 0.604769 0.616565 0.610435 0.616565 0.612449 0.616187 0.613120 0.615648 0.613315 0.615323 0.612546 0.615055 0.610912 0.614677 0.609282 0.614245 0.615523 0.613596 0.618500 0.612354 0.619264
3 0.481250 0.287870 0.491615 0.291667 0.498055 0.313231 0.485974 0.310204 0.485365 0.310046
3 0.444245 0.307361 0.447424 0.335912 0.449539 0.343102 0.448344 0.344241 0.450518 0.367139 0.452193 0.361491 0.452836 0.356583 0.453688 0.353431 0.456039 0.348449 0.459510 0.344866 0.455143 0.311421 0.447500 0.308718
3 0.501391 0.326764 0.510201 0.358782 0.512159 0.351185 0.517466 0.330625
2 0.514984 0.389329 0.515641 0.388333 0.516414 0.388333 0.516995 0.389019 0.518544 0.394870 0.519607 0.399343 0.521060 0.404162 0.519898 0.405194 0.519802 0.406912 0.521737 0.411042 0.523091 0.411560 0.523672 0.410356 0.524448 0.409667 0.525995 0.409495 0.527253 0.408806 0.528318 0.408292 0.529190 0.407083 0.530833 0.405537 0.532091 0.404847 0.533060 0.403472 0.534221 0.401926 0.534414 0.400718 0.533641 0.400375 0.532190 0.400032 0.531510 0.398481 0.532190 0.397278 0.535479 0.397106 0.535479 0.392806 0.527253 0.389019 0.525414 0.389708 0.523867 0.391083 0.522510 0.391773 0.519898 0.390569 0.520091 0.388333 0.521253 0.385065 0.522029 0.383171 0.523091 0.382481 0.524448 0.382481 0.527253 0.382829 0.528029 0.382653 0.528510 0.381968 0.529383 0.380245 0.530641 0.379042 0.530833 0.379903 0.530833 0.380935 0.530352 0.382653 0.530352 0.383171 0.531898 0.383685 0.533544 0.384375 0.535964 0.385579 0.536578 0.378671 0.545060 0.392806 0.544867 0.393838 0.543609 0.395213 0.542641 0.396764 0.542352 0.397106 0.542060 0.398657 0.543802 0.399000 0.544674 0.398657 0.545352 0.398310 0.545932 0.398657 0.546125 0.399685 0.545544 0.400546 0.544771 0.401065 0.544094 0.401407 0.542833 0.401750 0.541867 0.401236 0.540125 0.400204 0.538771 0.400204 0.536060 0.400204 0.535964 0.406051 0.536932 0.409838 0.538771 0.415171 0.540706 0.422398 0.540995 0.423259 0.546609 0.421366 0.546609 0.419815 0.547094 0.418787 0.547674 0.418958 0.547771 0.420162 0.556964 0.415171 0.557641 0.416032 0.557255 0.416894 0.556964 0.417065 0.548255 0.422056 0.550674 0.432204 0.552513 0.432375 0.553286 0.431690 0.553286 0.433407 0.552898 0.434611 0.552221 0.434958 0.551641 0.436162 0.552609 0.441324 0.552878 0.443093 0.552255 0.441981 0.551568 0.441093 0.549898 0.434269 0.548544 0.429796 0.547286 0.422912 0.539352 0.426699 0.543695 0.437097 0.542445 0.436653 0.541674 0.436333 0.538286 0.426870 0.535672 0.429106 0.534802 0.429625 0.535190 0.431343 0.535771 0.432551 0.536737 0.433407 0.537570 0.434875 0.537633 0.436097 0.536544 0.437194 0.536060 0.437708 0.534318 0.438741 0.533737 0.438227 0.532771 0.438227 0.532091 0.438227 0.531029 0.437708 0.528510 0.437366 0.529479 0.440634 0.534898 0.442699 0.534609 0.444421 0.532479 0.443731 0.532091 0.444421 0.531029 0.444250 0.530060 0.443560 0.529771 0.443903 0.530833 0.454569 0.530997 0.458065 0.530224 0.458579 0.529258 0.458579 0.528966 0.457894 0.528706 0.449236 0.526867 0.445106 0.525706 0.442699 0.525029 0.441838 0.524060 0.441838 0.522802 0.441838 0.521253 0.441153 0.520383 0.441153 0.519026 0.441153 0.518737 0.440806 0.518930 0.438569 0.519318 0.436505 0.510995 0.435644 0.510414 0.435472 0.509445 0.434787 0.510318 0.433755 0.512156 0.433755 0.513802 0.433926 0.519706 0.434269 0.520091 0.432551 0.520672 0.431690 0.521544 0.431171 0.521641 0.432204 0.521156 0.433407 0.521349 0.434440 0.526383 0.434611 0.524253 0.426528 0.523768 0.424463 0.523672 0.423088 0.524641 0.422912 0.525221 0.422912 0.525898 0.424463 0.526286 0.428245 0.527060 0.430657 0.527544 0.432204 0.528510 0.434264 0.528885 0.433519 0.528792 0.433519 0.528326 0.432523 0.528091 0.431528 0.527810 0.430532 0.527391 0.429620 0.527065 0.428787 0.527112 0.427708 0.527391 0.426880 0.527997 0.425389 0.528138 0.424394 0.528510 0.423977 0.529164 0.424227 0.529818 0.424806 0.530750 0.425551 0.531497 0.426301 0.532805 0.427546 0.533924 0.428542 0.534391 0.428870 0.534995 0.427042 0.537318 0.425495 0.537513 0.425324 0.537513 0.424292 0.536932 0.422056 0.536448 0.420505 0.535771 0.418958 0.534898 0.417236 0.534029 0.415514 0.532867 0.412764 0.532091 0.412421 0.532091 0.413106 0.532091 0.414657 0.531995 0.416204 0.531609 0.417755 0.530544 0.418787 0.528995 0.419991 0.528318 0.420847 0.528125 0.422227 0.527930 0.423088 0.527833 0.423773 0.527544 0.424292 0.526964 0.424292 0.526479 0.423602 0.523964 0.420676 0.523672 0.419815 0.522995 0.418097 0.522414 0.417407 0.521833 0.417236 0.521253 0.417755 0.521641 0.420505 0.521833 0.422741 0.521833 0.423602 0.521448 0.424463 0.521156 0.425495 0.521253 0.427042 0.521253 0.429106 0.521156 0.429625 0.520672 0.429625 0.519898 0.428935 0.519125 0.427731 0.518641 0.426699 0.517768 0.425153 0.516995 0.424292 0.516026 0.423259 0.514867 0.422056 0.513995 0.421366 0.513221 0.420333 0.512445 0.419472 0.511865 0.418269 0.511284 0.417579 0.510607 0.417579 0.510026 0.418097 0.509445 0.418787 0.508964 0.419472 0.508188 0.420333 0.507802 0.421708 0.507510 0.423431 0.506930 0.425153 0.506742 0.421843 0.506310 0.420815 0.504576 0.398194 0.505154 0.398194 0.506383 0.399995 0.507250 0.401023 0.508911 0.403079 0.510576 0.404750 0.513250 0.405519 0.518672 0.405264
2 0.503924 0.390481 0.509417 0.390227 0.514984 0.389329 0.518672 0.405264 0.513250 0.405519 0.510576 0.404750 0.508911 0.403079 0.507250 0.401023 0.506383 0.399995 0.505154 0.398194 0.504576 0.398194
3 0.477677 0.397356 0.498003 0.403898 0.499005 0.417431 0.494909 0.420106 0.473578 0.412819
