15 0.459409 0.274755 0.443732 0.256731 0.442867 0.257208 0.442437 0.257690 0.442057 0.258648 0.441896 0.259611 0.441680 0.260667 0.441464 0.261435 0.441357 0.263833 0.441357 0.263833 0.444747 0.267162 0.445987 0.268296 0.462276 0.284361
15 0.427604 0.256528 0.423992 0.250671 0.419003 0.243731 0.401026 0.220662 0.394474 0.212870 0.394201 0.211148 0.393875 0.210380 0.390260 0.206921 0.389503 0.206833 0.387773 0.205778 0.387398 0.203463 0.387130 0.202694 0.385669 0.202130 0.384701 0.202514 0.383833 0.205097 0.398089 0.220944 0.424089 0.256065
3 0.421229 0.338653 0.437211 0.350546 0.435685 0.354403 0.435404 0.354731 0.435263 0.355565 0.435263 0.356472 0.434891 0.357222 0.434516 0.358380 0.434281 0.359213 0.433911 0.359463 0.433583 0.359463 0.432464 0.358963 0.431531 0.358546 0.430503 0.358218 0.429755 0.358301 0.429430 0.358301 0.424771 0.348551 0.422510 0.342241
3 0.447331 0.453074 0.447448 0.451602 0.447151 0.445301 0.448547 0.445394 0.450815 0.446019 0.451570 0.446116 0.452326 0.446227 0.452380 0.446949 0.452732 0.448389 0.452732 0.449634 0.452794 0.451491 0.452846 0.453556 0.453594 0.455458 0.453594 0.454227 0.453539 0.452676 0.453539 0.451634 0.453773 0.448644 0.457086 0.455569 0.458362 0.459074 0.458534 0.460111 0.457779 0.460319 0.457607 0.460319 0.457023 0.460528 0.456563 0.461454 0.456445 0.462273 0.456852 0.463824 0.457255 0.465167 0.458247 0.467551 0.459003 0.469199 0.459875 0.468477 0.461036 0.467023 0.461674 0.466815 0.462755 0.470750 0.462125 0.470750 0.461198 0.470750 0.459948 0.470894 0.459326 0.472685 0.459253 0.473519 0.460029 0.475597 0.460648 0.477259 0.461198 0.478907 0.461268 0.480153 0.460883 0.481676 0.459721 0.482648 0.458706 0.483880 0.457617 0.485403
3 0.426747 0.283565 0.427310 0.283431 0.427948 0.283963 0.428435 0.284162 0.429073 0.283296 0.429521 0.282097 0.436534 0.290764 0.437849 0.292829 0.437922 0.293296 0.438036 0.293829 0.437323 0.296829 0.437586 0.297699 0.438260 0.298032 0.439273 0.298231 0.439797 0.298231 0.440698 0.297963 0.441599 0.297495 0.442234 0.297231 0.442836 0.296764 0.444885 0.290500 0.446701 0.293130 0.447440 0.292051 0.447711 0.293231 0.448161 0.294565 0.448349 0.295366 0.448049 0.295630 0.447635 0.295898 0.447560 0.296565 0.447487 0.297829 0.447862 0.298829 0.444174 0.299444 0.429529 0.302708
3 0.430255 0.389481 0.441924 0.368005 0.459740 0.330838 0.463120 0.334958 0.462448 0.344435 0.452875 0.366023 0.451409 0.369199 0.435654 0.397009 0.433224 0.401139
3 0.505964 0.667222 0.502005 0.659602 0.502141 0.657157 0.502216 0.655625 0.500406 0.651894 0.497513 0.651380 0.492549 0.642208 0.482794 0.623764 0.483112 0.622611 0.483279 0.621269 0.483385 0.619824 0.483549 0.618292 0.483490 0.616847 0.483279 0.616176 0.482630 0.615796 0.482193 0.615403 0.481003 0.615403 0.478526 0.616074 0.474906 0.609639 0.478305 0.633551 0.497812 0.670731
3 0.507909 0.559847 0.505445 0.572449 0.502820 0.566009 0.502508 0.567231 0.504320 0.572338 0.504070 0.575782 0.505445 0.582894 0.507255 0.586889 0.509068 0.584782 0.509693 0.585671 0.508505 0.588444 0.509255 0.591111 0.509505 0.592111 0.509755 0.593111 0.510130 0.593889 0.510818 0.594556 0.511818 0.595222 0.512380 0.595444 0.513443 0.597444 0.515315 0.601218 0.515878 0.601329 0.518253 0.606995 0.519753 0.611106 0.520378 0.613218 0.522188 0.616324 0.526062 0.625991 0.526062 0.627991 0.526438 0.629986 0.533747 0.647537 0.533935 0.647426 0.534810 0.646759 0.539182 0.656537 0.546130 0.653093 0.549503 0.652565 0.544818 0.641875 0.538732 0.627926 0.524409 0.601963 0.516104 0.581889
8 0.393258 0.144046 0.391633 0.146213 0.410435 0.179861 0.412768 0.183671 0.415992 0.190481 0.418958 0.191991 0.415430 0.183671 0.413073 0.179769
5 0.491167 0.328306 0.493344 0.323611 0.495589 0.315829 0.497534 0.309431 0.497935 0.309162 0.490492 0.289681 0.483466 0.268120 0.479031 0.252806 0.479117 0.251171 0.473974 0.232546 0.473323 0.231134 0.473107 0.231907 0.473034 0.232935 0.473901 0.238847 0.473758 0.240259 0.472961 0.240130 0.467466 0.221241 0.463927 0.208417 0.461086 0.185722 0.436724 0.106569 0.435503 0.103181 0.432987 0.096269 0.430393 0.097486 0.428792 0.093148 0.428029 0.094236 0.429250 0.098981 0.426961 0.100065 0.425818 0.098574 0.425284 0.098981 0.424294 0.100065 0.423607 0.100741 0.422768 0.101148 0.421701 0.099116 0.421091 0.098032 0.420404 0.096403 0.419948 0.094236 0.419719 0.092338 0.419185 0.092199 0.418727 0.093556 0.418727 0.095454 0.418802 0.097486 0.418956 0.099792 0.417508 0.100741 0.416591 0.093556 0.416133 0.093148 0.413771 0.095995 0.412549 0.099116 0.412549 0.104537 0.416896 0.123380 0.419107 0.135176 0.420938 0.145750 0.425826 0.168736 0.434974 0.202005 0.436898 0.210995 0.438044 0.213458 0.438344 0.214639 0.439880 0.217088 0.442471 0.227944 0.446854 0.240940 0.453044 0.257875 0.459409 0.274755 0.462307 0.284380 0.462747 0.285949 0.464044 0.290440 0.465026 0.295648 0.467701 0.295083 0.468414 0.290435 0.469865 0.275296 0.469667 0.266245 0.470346 0.264787 0.471159 0.263653 0.471857 0.262625 0.472206 0.261491 0.472906 0.260148 0.473693 0.259852 0.473760 0.261644 0.473490 0.276819 0.472677 0.286778 0.471174 0.301319 0.480609 0.314759 0.482909 0.317532 0.483771 0.317144 0.484852 0.318403 0.485500 0.319644 0.486039 0.321468 0.486201 0.323009 0.490542 0.327889
3 0.511471 0.603148 0.512724 0.604569 0.514240 0.607176 0.515107 0.606921 0.516086 0.606259 0.515901 0.623912 0.498336 0.608333 0.501010 0.608718 0.504625 0.608847 0.506286 0.608977 0.507516 0.608074 0.510698 0.604861
5 0.506615 0.350324 0.501633 0.333972 0.501070 0.334306 0.500383 0.334861 0.498758 0.339639 0.498383 0.338639 0.497885 0.336972 0.497635 0.335861 0.497135 0.334750 0.499133 0.328199 0.500133 0.321755 0.501076 0.319639 0.504083 0.328819 0.505508 0.334972 0.509099 0.346769 0.508737 0.348056 0.508229 0.348833 0.507289 0.349343
5 0.573917 0.475523 0.581362 0.470620 0.582867 0.475227 0.582951 0.509130 0.582031 0.511509 0.567979 0.524745 0.555516 0.518352 0.554260 0.517162 0.553424 0.516269 0.552589 0.513741 0.555013 0.510319 0.556602 0.509431 0.556771 0.507940 0.557271 0.504968 0.557523 0.503032 0.564799 0.494708 0.568229 0.489204
5 0.537310 0.540130 0.540263 0.541606 0.542523 0.542611 0.543531 0.542468 0.544581 0.542611 0.544862 0.543690 0.547646 0.545194 0.557487 0.535227 0.558253 0.535009 0.558576 0.534440 0.559464 0.531356 0.560956 0.530782 0.566078 0.526620 0.562362 0.525245 0.557240 0.522134 0.556240 0.521134 0.555740 0.520468 0.555427 0.520468 0.555115 0.520468 0.554865 0.520912 0.554865 0.521690 0.554740 0.522579 0.554427 0.522801 0.553492 0.522579 0.553305 0.522579 0.551367 0.522579 0.549680 0.522690 0.549305 0.523023 0.549055 0.523468 0.549055 0.524579 0.544245 0.528356 0.543370 0.528356 0.543370 0.527912 0.542745 0.527356 0.542495 0.527356 0.542120 0.528023 0.542182 0.528690 0.542432 0.529579 0.542370 0.530574 0.541870 0.531130 0.540807 0.531907 0.539745 0.532463 0.538995 0.532352 0.538120 0.532352 0.537622 0.532907 0.537060 0.533463 0.537060 0.534241 0.536935 0.534796 0.536685 0.535685 0.536435 0.536352 0.536435 0.536463 0.536747 0.536907 0.537497 0.536907 0.538307 0.537019 0.539057 0.537463 0.539370 0.538685 0.538620 0.539352
5 0.530906 0.506236 0.523297 0.511546 0.520531 0.520370 0.519826 0.521616 0.513888 0.525560 0.513240 0.527477 0.513456 0.529593 0.514424 0.530935 0.514966 0.532181 0.533060 0.538907 0.532997 0.538241 0.532997 0.536463 0.529938 0.533685 0.529188 0.533019 0.528188 0.532463 0.527813 0.533241 0.527375 0.533463 0.526062 0.532907 0.525500 0.532130 0.524687 0.530907 0.523938 0.529907 0.523563 0.529245 0.523875 0.528245 0.524625 0.527801 0.525000 0.526801 0.525375 0.525912 0.526000 0.525134 0.526938 0.524356 0.528312 0.523468 0.528563 0.523356 0.529563 0.524023 0.530122 0.522801 0.530935 0.522356 0.531560 0.522134 0.532060 0.522134 0.531997 0.522579 0.531997 0.523023 0.532622 0.522912 0.533185 0.521801 0.535060 0.519579 0.539557 0.519468 0.539745 0.517690 0.540182 0.516356 0.540370 0.515468 0.540557 0.514694 0.540870 0.513917 0.541307 0.513694 0.541870 0.513361 0.542557 0.513139 0.543370 0.512472 0.543807 0.511806 0.544245 0.511472 0.545495 0.510694 0.546055 0.510139 0.546680 0.509806 0.546805 0.509806 0.547430 0.510250 0.548305 0.511472 0.548805 0.512028 0.549805 0.513139 0.550242 0.513583 0.550617 0.514361 0.550930 0.514694 0.551805 0.515468 0.551867 0.516134 0.552242 0.517134 0.552930 0.518245 0.553117 0.518801 0.553742 0.518690 0.554365 0.518468 0.554677 0.518356 0.555516 0.518352 0.554260 0.517162 0.553424 0.516269 0.552589 0.513741 0.555013 0.510319 0.556602 0.509431 0.556771 0.507940 0.557271 0.504968 0.557523 0.503032 0.553979 0.504449 0.545672 0.506278 0.534284 0.506356
5 0.472297 0.311319 0.470586 0.308861 0.469635 0.310560 0.470070 0.313514 0.471299 0.318528 0.475419 0.330866 0.483299 0.356056 0.485104 0.356509 0.485185 0.354856 0.489305 0.339792 0.488818 0.334139 0.473930 0.313769
3 0.558391 0.420023 0.571135 0.437593 0.571352 0.438843 0.571568 0.440380 0.571568 0.441528 0.569352 0.445944 0.557904 0.430491
3 0.495234 0.463361 0.496148 0.457477 0.499336 0.457204 0.501904 0.461764 0.505557 0.464667 0.507581 0.465912 0.509445 0.465912 0.510846 0.464528 0.512245 0.461903 0.513258 0.459278 0.514034 0.457616 0.514424 0.456370 0.514346 0.454162 0.512945 0.451949 0.512479 0.450014 0.512557 0.449597 0.516211 0.453468 0.517456 0.455403 0.517612 0.456370 0.517844 0.457477 0.518312 0.457477 0.518932 0.457338 0.518932 0.455403 0.518466 0.453194 0.517612 0.451810 0.516445 0.449736 0.514891 0.447801 0.513333 0.446144 0.511935 0.444759 0.510768 0.443653 0.510302 0.442407 0.512013 0.441579 0.514034 0.440750 0.516445 0.440611 0.518779 0.440060 0.519711 0.439093 0.520333 0.437569 0.521034 0.437986 0.521888 0.439644 0.522745 0.441167 0.523443 0.442685 0.524143 0.443241 0.525078 0.443653 0.525016 0.440644 0.524872 0.440157 0.524927 0.439102 0.524289 0.436764 0.523130 0.433037 0.521831 0.428921 0.520964 0.421213 0.518247 0.408898 0.517745 0.407009 0.517021 0.402801 0.516914 0.400884 0.515346 0.396273 0.521612 0.388690 0.521990 0.387829 0.521664 0.386963 0.521990 0.386292 0.522474 0.385713 0.522638 0.385042 0.522638 0.383796 0.522583 0.382833 0.522313 0.382162 0.521719 0.382162 0.520747 0.383218 0.519396 0.388213 0.514591 0.394162 0.512971 0.390324 0.510596 0.386866 0.509893 0.386773 0.508922 0.386963 0.509292 0.388352 0.510612 0.389319 0.513568 0.395819 0.510224 0.399690 0.508148 0.401755 0.506982 0.402171 0.498094 0.412273 0.496927 0.410750 0.495216 0.408537 0.493682 0.405819 0.493628 0.406583 0.490443 0.407736 0.487094 0.401977 0.485312 0.400250 0.483013 0.399125 0.479039 0.409093 0.479818 0.409231 0.480906 0.409231 0.481607 0.409366 0.482307 0.410060 0.483083 0.410611 0.483474 0.411028 0.483784 0.412273 0.483862 0.413931 0.483706 0.415310 0.482617 0.415310 0.482307 0.415037 0.481063 0.415037 0.480518 0.415310 0.480052 0.416417 0.479896 0.417384 0.479430 0.417940 0.479039 0.418491 0.475307 0.418769 0.473906 0.418907 0.473596 0.419046 0.473596 0.420153 0.473518 0.421259 0.473596 0.421671 0.473906 0.421671 0.474375 0.421810 0.474607 0.422778 0.474219 0.423745 0.473674 0.424023 0.473052 0.424023 0.472430 0.425819 0.469607 0.432981 0.468167 0.415407 0.478289 0.383884 0.481341 0.373458 0.485104 0.356509 0.483299 0.356056 0.481451 0.357111 0.480906 0.358769 0.480362 0.359458 0.479583 0.360426 0.478964 0.361394 0.478495 0.362227 0.477563 0.360843 0.475617 0.359458 0.474375 0.357801 0.474062 0.357250 0.471729 0.354481 0.467143 0.337338 0.466596 0.334296 0.468232 0.329736 0.471576 0.324343 0.470331 0.324208 0.469164 0.323792 0.467919 0.322407 0.467531 0.322269 0.466909 0.322269 0.465432 0.320611 0.463500 0.319014 0.462242 0.328292 0.462555 0.331810 0.460997 0.332361 0.463120 0.334958 0.464419 0.352685 0.465651 0.370185 0.468089 0.374500 0.467773 0.376181 0.467253 0.378579 0.466534 0.382278 0.466424 0.384690 0.468370 0.388292 0.464203 0.399583 0.463266 0.401981 0.463060 0.405500 0.463474 0.408269 0.463789 0.411787 0.462448 0.415866 0.461359 0.417241 0.461206 0.421944 0.458490 0.427338 0.457706 0.429130 0.457086 0.430245 0.456617 0.432583 0.456536 0.434806 0.456536 0.436454 0.459479 0.448065 0.459750 0.449505 0.459010 0.450097 0.454909 0.434324 0.454711 0.434324 0.454440 0.435046 0.453901 0.446273 0.458940 0.455843 0.461495 0.462046 0.464922 0.459778 0.466534 0.459185 0.467674 0.458815 0.468568 0.460431 0.468143 0.461185 0.469745 0.462861 0.470096 0.462653 0.470320 0.462653 0.470906 0.463185 0.471258 0.463278 0.472354 0.464319 0.472878 0.465245 0.473930 0.466796 0.474505 0.457505 0.474909 0.457394 0.475378 0.457713 0.475612 0.459153 0.475495 0.460079 0.475089 0.461120 0.474685 0.468542 0.474333 0.471023 0.474740 0.473819 0.476682 0.471375 0.477943 0.470417 0.477096 0.467296 0.491872 0.453468 0.493815 0.456787 0.488299 0.462958 0.493815 0.458861 0.495370 0.458444 0.494826 0.463421
3 0.425826 0.168736 0.424013 0.179977 0.423128 0.183458 0.421628 0.191009 0.421310 0.193454 0.423068 0.195194 0.428432 0.200713 0.432258 0.204727 0.433617 0.203250 0.434974 0.202005
3 0.582039 0.540792 0.581104 0.536644 0.579706 0.532824 0.578023 0.531333 0.577370 0.531167 0.576112 0.531167 0.574758 0.531167 0.573125 0.531167 0.572049 0.531000 0.570609 0.531241 0.569924 0.532130 0.569799 0.532352 0.569299 0.532130 0.569112 0.531685 0.569237 0.530907 0.569737 0.530352 0.570234 0.530019 0.570422 0.529579 0.570484 0.528912 0.569924 0.528356 0.569299 0.527801 0.566078 0.526620 0.560956 0.530782 0.559464 0.531356 0.558576 0.534440 0.558253 0.535009 0.557487 0.535227 0.547646 0.545194 0.555063 0.548565 0.566857 0.548417 0.573716 0.546333 0.581831 0.544847
3 0.482083 0.640787 0.480453 0.647449 0.485055 0.674069 0.497812 0.670731
3 0.581914 0.553176 0.569451 0.554514 0.564516 0.557190 0.556401 0.561204 0.550883 0.561801 0.544609 0.562097 0.537667 0.558676 0.535323 0.559125 0.533065 0.558380 0.530388 0.557042 0.528779 0.556366 0.528708 0.557727 0.528604 0.558037 0.528292 0.558412 0.527802 0.558968 0.527141 0.559713 0.526409 0.560454 0.525849 0.560949 0.524596 0.561384 0.523724 0.561449 0.523060 0.561694 0.522294 0.562190 0.521807 0.562500 0.515844 0.553454 0.514555 0.551903 0.513578 0.551157 0.512734 0.549676 0.511328 0.549074 0.520305 0.569278 0.522065 0.567574 0.522628 0.567574 0.523326 0.568329 0.523750 0.569894 0.523701 0.571889 0.523141 0.575537 0.524695 0.578958 0.525995 0.577940 0.527005 0.576907 0.527943 0.576394 0.528305 0.576139 0.529174 0.576528 0.529612 0.577296 0.529612 0.577296 0.529898 0.578060 0.530693 0.578704 0.532068 0.579606 0.532641 0.579606 0.533297 0.579347 0.534523 0.578958 0.535753 0.578958 0.537052 0.579606 0.538208 0.580639 0.539151 0.581403 0.540383 0.582306 0.541464 0.582694 0.541896 0.582046 0.541896 0.581657 0.539659 0.572931 0.539659 0.570861 0.540958 0.569454 0.541826 0.568810 0.542115 0.568810 0.539659 0.562255 0.541693 0.561065 0.545768 0.573694 0.549404 0.563245 0.550216 0.562954 0.550648 0.562866 0.551404 0.563819 0.546813 0.576394 0.547513 0.578417 0.548219 0.580139 0.548542 0.581972 0.548487 0.583028 0.547729 0.583505 0.547242 0.583602 0.546544 0.583213 0.546219 0.582824 0.546000 0.581972 0.545786 0.580236 0.544763 0.585324 0.552109 0.594366 0.553279 0.595778 0.554216 0.592134 0.554729 0.589477 0.554729 0.588069 0.554073 0.587981 0.553609 0.587648 0.553516 0.586815 0.553979 0.586491 0.554260 0.586491 0.554865 0.586157 0.553073 0.580250 0.552948 0.579250 0.552698 0.577917 0.552948 0.577694 0.553260 0.578361 0.554448 0.581472 0.554698 0.580139 0.555448 0.578806 0.556195 0.578583 0.557695 0.578806 0.560008 0.579361 0.560945 0.580250 0.561570 0.579917 0.562633 0.579361 0.563693 0.578917 0.564693 0.578250 0.565443 0.576361 0.566193 0.574472 0.572096 0.566653 0.577589 0.558810 0.581419 0.555468
3 0.410172 0.196213 0.413810 0.215181 0.417646 0.237259 0.417214 0.241389 0.419003 0.243731 0.429271 0.239583 0.428773 0.248694 0.423992 0.250671 0.427578 0.256514 0.424089 0.256065 0.409094 0.235829 0.407062 0.239134 0.413411 0.245778 0.412661 0.247333 0.411599 0.245889 0.414224 0.277991 0.415786 0.297431 0.419562 0.303361 0.420482 0.303810 0.420818 0.304255 0.421068 0.305148 0.426135 0.304023 0.428195 0.303366 0.427352 0.297509 0.426701 0.299208 0.426180 0.300750 0.425789 0.301597 0.425094 0.302213 0.424401 0.302213 0.423750 0.301986 0.423315 0.300597 0.423273 0.299282 0.422622 0.294116 0.422135 0.289231 0.421497 0.290162 0.420935 0.291162 0.421443 0.296537 0.422247 0.299481 0.422799 0.301801 0.421443 0.301713 0.420740 0.301801 0.420237 0.301981 0.419737 0.301356 0.419435 0.300194 0.419234 0.298588 0.419034 0.296981 0.418609 0.295495 0.417445 0.296231 0.416396 0.296231 0.415685 0.292431 0.415758 0.290898 0.415797 0.289630 0.415797 0.288565 0.415797 0.287764 0.415984 0.286431 0.416695 0.285829 0.417747 0.284963 0.416349 0.280403 0.416292 0.279009 0.416292 0.278708 0.416380 0.278148 0.415159 0.277431 0.414935 0.276630 0.414935 0.275565 0.415534 0.274231 0.417333 0.274231 0.419320 0.274231 0.421646 0.273829 0.421346 0.272162 0.420146 0.270361 0.420034 0.268894 0.420034 0.268560 0.420708 0.268963 0.421047 0.269495 0.421646 0.270227 0.421872 0.270963 0.422510 0.271361 0.422471 0.270560 0.422359 0.269694 0.422060 0.268495 0.422396 0.268296 0.422810 0.268296 0.423034 0.268894 0.423784 0.272431 0.424909 0.269296 0.423109 0.266431 0.422734 0.264963 0.422135 0.263630 0.422810 0.263296 0.425659 0.267630 0.427797 0.263560 0.428510 0.264431 0.428734 0.265162 0.427010 0.269097 0.431922 0.277028 0.436346 0.274565 0.443661 0.270495 0.444560 0.270227 0.444747 0.267162 0.441357 0.263833 0.441464 0.261435 0.441680 0.260667 0.441896 0.259611 0.442057 0.258648 0.442437 0.257690 0.442867 0.257208 0.443732 0.256731 0.459409 0.274755 0.453044 0.257875 0.446854 0.240940 0.442471 0.227944 0.439880 0.217088 0.438344 0.214639 0.437714 0.215282 0.436779 0.214958 0.433583 0.214958 0.430633 0.214264 0.429909 0.214051 0.429305 0.213676 0.428161 0.213032 0.426474 0.211958 0.422557 0.211157 0.422557 0.210352 0.422857 0.207458 0.422948 0.204139 0.422768 0.202477 0.422435 0.201245 0.421201 0.200926 0.419422 0.199694 0.415776 0.198620 0.415297 0.200611 0.414628 0.200907 0.414292 0.200907 0.412117 0.197935
3 0.470380 0.576810 0.474906 0.609639 0.478526 0.616074 0.481003 0.615403 0.482193 0.615403 0.482630 0.615796 0.483279 0.616176 0.483490 0.616847 0.483549 0.618292 0.483385 0.619824 0.483279 0.621269 0.483112 0.622611 0.482794 0.623764 0.492549 0.642208 0.497513 0.651380 0.500406 0.651894 0.502216 0.655625 0.502141 0.657157 0.502005 0.659602 0.505964 0.667222 0.539182 0.656537 0.534810 0.646759 0.533935 0.647426 0.533747 0.647537 0.526438 0.629986 0.526062 0.627991 0.526062 0.625991 0.522188 0.616324 0.520378 0.613218 0.519753 0.611106 0.518253 0.606995 0.518177 0.631093 0.515836 0.630796 0.515901 0.623912 0.498336 0.608333 0.496312 0.608074 0.494648 0.611032 0.493635 0.611032 0.492914 0.610389 0.491758 0.609491 0.491469 0.608204 0.490745 0.606662 0.490023 0.602806 0.489651 0.597185 0.485794 0.592968
1 0.383367 0.184745 0.385878 0.185639 0.388388 0.186532 0.389893 0.188046 0.390596 0.188940 0.391148 0.189745 0.392453 0.190370 0.394411 0.190815 0.395417 0.191616 0.396521 0.192333 0.397375 0.193227 0.398078 0.194116 0.399484 0.195722 0.399833 0.196171 0.400336 0.196528 0.400638 0.196884 0.400839 0.197509 0.400438 0.198671 0.400185 0.199829 0.400086 0.200810 0.399068 0.206611 0.398841 0.208079 0.398388 0.209417 0.398164 0.210208 0.398018 0.210880 0.397901 0.211815 0.397716 0.212477 0.397451 0.212611 0.396964 0.212815 0.396667 0.213014 0.396552 0.213208 0.396562 0.215403 0.394474 0.212870 0.394201 0.211148 0.393875 0.210380 0.390260 0.206921 0.389503 0.206833 0.387773 0.205778 0.387398 0.203463 0.387130 0.202694 0.385669 0.202130 0.384701 0.202514 0.383440 0.202657 0.382659 0.202657 0.380706 0.202042 0.380401 0.202194 0.380141 0.202968 0.377849 0.203630 0.376047 0.195866 0.375672 0.190931 0.374346 0.185676
1 0.400839 0.197509 0.401664 0.198616 0.402531 0.199694 0.403008 0.200083 0.403138 0.201468 0.403138 0.202551 0.403443 0.203782 0.404138 0.205250 0.406349 0.207407 0.406568 0.211343 0.407305 0.212810 0.407565 0.214894 0.408258 0.218519 0.410125 0.225921 0.413031 0.227699 0.414724 0.228931 0.415292 0.229657 0.415776 0.232921 0.415766 0.234639 0.415680 0.235722 0.415201 0.236338 0.414810 0.236722 0.414073 0.237338 0.401026 0.220662 0.396562 0.215403 0.396552 0.213208 0.396667 0.213014 0.396964 0.212815 0.397451 0.212611 0.397716 0.212477 0.397901 0.211815 0.398018 0.210880 0.398164 0.210208 0.398388 0.209417 0.398841 0.208079 0.399068 0.206611 0.400086 0.200810 0.400185 0.199829 0.400438 0.198671
5 0.558245 0.459556 0.565057 0.448227 0.568430 0.458222 0.569305 0.462333 0.570055 0.465551 0.570992 0.467551 0.571742 0.469329 0.571930 0.470884 0.571242 0.471329 0.570555 0.471662 0.569617 0.472106 0.568055 0.471995 0.562682 0.474329 0.561057 0.467773 0.562057 0.467662 0.562370 0.466884 0.562182 0.465662 0.561807 0.465218 0.561370 0.465106 0.560120 0.464995
3 0.511328 0.549074 0.520305 0.569278 0.522065 0.567574 0.522628 0.567574 0.523326 0.568329 0.523750 0.569894 0.523701 0.571889 0.523141 0.575537 0.527427 0.584917 0.528396 0.584435 0.529159 0.583968 0.529643 0.583676 0.530612 0.583574 0.530940 0.584157 0.531367 0.585398 0.531367 0.586741 0.531154 0.587894 0.530234 0.591264 0.541635 0.615333 0.542872 0.614852 0.543841 0.614181 0.544654 0.614370 0.545195 0.614852 0.545409 0.615231 0.545786 0.616005 0.546057 0.616968 0.546221 0.617727 0.546221 0.618792 0.546008 0.619565 0.544607 0.622060 0.550810 0.635583 0.550839 0.636273 0.557797 0.650690 0.549503 0.652565 0.538732 0.627926 0.524409 0.601963 0.516104 0.581889 0.507909 0.559847 0.509602 0.548421 0.510398 0.548713
3 0.514966 0.532181 0.494674 0.525069 0.493922 0.543213 0.510398 0.548713 0.520102 0.552731 0.530388 0.557042 0.533065 0.558380 0.535323 0.559125 0.537667 0.558676 0.544609 0.562097 0.550883 0.561801 0.556401 0.561204 0.564516 0.557190 0.569451 0.554514 0.581914 0.553176 0.581831 0.544847 0.573716 0.546333 0.566857 0.548417 0.555063 0.548565 0.547646 0.545194 0.544862 0.543690 0.544581 0.542611 0.543531 0.542468 0.542523 0.542611 0.540263 0.541606 0.537310 0.540130 0.535247 0.539463 0.533060 0.538907
3 0.465674 0.543537 0.484063 0.496741 0.487932 0.496051 0.489482 0.495880 0.492094 0.498287 0.481448 0.525644 0.477286 0.536829 0.469641 0.556958 0.467802 0.557819
2 0.492094 0.498287 0.493349 0.498676 0.495060 0.498676 0.496927 0.499231 0.497937 0.499782 0.498948 0.500338 0.501904 0.500611 0.504010 0.500694 0.501125 0.512500 0.500193 0.512778 0.498169 0.513056 0.496148 0.512917 0.494904 0.511949 0.492805 0.511120 0.491638 0.509597 0.491172 0.508352 0.490628 0.506556 0.490005 0.503653
3 0.402966 0.255560 0.404367 0.259611 0.407930 0.278426 0.401557 0.277468 0.399076 0.261435 0.401125 0.261338 0.400857 0.258745 0.398589 0.259032 0.397401 0.252889 0.398464 0.252815
5 0.404078 0.191241 0.405742 0.194764 0.407190 0.197231 0.407792 0.197870 0.408516 0.198245 0.408818 0.197819 0.409148 0.197338 0.409419 0.195782 0.409781 0.194176 0.410956 0.193963 0.413034 0.195301 0.415776 0.198620 0.419422 0.199694 0.421201 0.200926 0.422435 0.201245 0.422768 0.202477 0.422948 0.204139 0.422857 0.207458 0.422557 0.210352 0.422557 0.211157 0.426474 0.211958 0.428161 0.213032 0.429305 0.213676 0.429909 0.214051 0.430633 0.214264 0.433583 0.214958 0.436779 0.214958 0.437714 0.215282 0.438344 0.214639 0.438044 0.213458 0.436898 0.210995 0.432258 0.204727 0.428432 0.200713 0.423068 0.195194 0.420568 0.192782 0.415992 0.190481 0.413456 0.189301 0.412643 0.188713 0.411831 0.187856 0.409841 0.185657 0.408273 0.184532 0.407214 0.183296 0.403698 0.183148 0.403214 0.183894 0.402852 0.184750 0.402820 0.185176 0.402609 0.186676
3 0.504010 0.500694 0.506721 0.489069 0.507589 0.489583 0.507951 0.490481 0.507951 0.490611 0.502383 0.512204 0.499708 0.522097 0.501227 0.522870 0.503323 0.513356 0.503974 0.513356 0.504336 0.513486 0.504336 0.514259 0.503974 0.517602 0.502094 0.523384 0.503253 0.524028 0.503758 0.523639 0.504120 0.522097 0.504409 0.521583 0.505060 0.522611 0.505565 0.523255 0.506505 0.524282 0.506721 0.524282 0.507227 0.524153 0.507951 0.523639 0.508674 0.522995 0.509758 0.522356 0.510190 0.519269 0.510625 0.518884 0.510841 0.518755 0.511203 0.519398 0.510987 0.521329 0.510987 0.522741 0.510914 0.523898 0.510482 0.526083 0.509831 0.527755 0.509396 0.530194 0.506938 0.529421 0.494674 0.525069 0.493922 0.543213 0.509602 0.548421 0.507909 0.559847 0.505445 0.572449 0.502820 0.566009 0.502508 0.567231 0.504320 0.572338 0.504070 0.575782 0.505445 0.582894 0.507255 0.586889 0.509068 0.584782 0.509693 0.585671 0.508505 0.588444 0.509255 0.591111 0.509505 0.592111 0.509755 0.593111 0.510130 0.593889 0.510818 0.594556 0.511818 0.595222 0.512380 0.595444 0.513443 0.597444 0.513083 0.599593 0.515107 0.606921 0.514240 0.607176 0.512648 0.600106 0.510698 0.604861 0.507516 0.608074 0.506286 0.608977 0.504625 0.608847 0.501010 0.608718 0.498336 0.608333 0.496312 0.608074 0.494648 0.611032 0.493635 0.611032 0.492914 0.610389 0.491758 0.609491 0.491469 0.608204 0.490745 0.606662 0.490023 0.602806 0.489516 0.594838 0.490094 0.594708 0.490818 0.603579 0.491323 0.604736 0.491758 0.605250 0.492552 0.605764 0.492914 0.605764 0.493927 0.605250 0.495154 0.603833 0.495878 0.602676 0.500070 0.597023 0.499854 0.596894 0.499349 0.596894 0.498914 0.596769 0.498698 0.596509 0.498409 0.595736 0.498698 0.594324 0.499130 0.593296 0.499349 0.592523 0.500216 0.591370 0.502240 0.582245 0.500794 0.580704 0.500794 0.580190 0.501010 0.579032 0.501516 0.579032 0.501878 0.579546 0.502313 0.580704 0.502745 0.580315 0.502891 0.579546 0.502961 0.578389 0.502672 0.577102 0.502529 0.575819 0.502023 0.574278 0.501734 0.572731 0.501589 0.571704 0.500143 0.564894 0.499854 0.564894 0.499492 0.564894 0.498841 0.565278 0.498190 0.565537 0.497758 0.565023 0.497034 0.565278 0.496023 0.566694 0.497396 0.592269 0.498263 0.593167 0.498120 0.594069 0.497396 0.594708 0.496529 0.594069 0.496312 0.593296 0.496167 0.592653 0.496167 0.590343 0.495195 0.573431 0.495195 0.570102 0.494742 0.568236 0.494260 0.567171 0.487318 0.568370 0.486417 0.568699 0.485594 0.568370 0.484693 0.567699 0.484018 0.566769 0.483792 0.564569 0.483268 0.556236 0.482891 0.556296 0.481956 0.556505 0.480974 0.555111 0.478708 0.553870 0.475513 0.553042 0.475956 0.554963 0.475057 0.555000 0.474479 0.555514 0.473901 0.556542 0.473974 0.557699 0.474695 0.561810 0.473901 0.561810 0.471516 0.552042 0.477286 0.536829 0.481448 0.525644 0.490005 0.503653 0.490628 0.506556 0.491172 0.508352 0.491638 0.509597 0.492805 0.511120 0.494904 0.511949 0.496148 0.512917 0.498169 0.513056 0.500193 0.512778 0.501125 0.512500
3 0.549362 0.612792 0.544049 0.610907 0.542802 0.610574 0.542052 0.610574 0.540802 0.610574 0.539865 0.610130 0.540565 0.609130 0.540458 0.607005 0.540565 0.605662 0.540620 0.604606 0.540620 0.603264 0.540352 0.601829 0.540190 0.601440 0.539271 0.605287 0.538839 0.606630 0.538727 0.607685 0.538516 0.608741 0.530234 0.591264 0.531154 0.587894 0.531367 0.586741 0.531367 0.585398 0.530940 0.584157 0.530612 0.583574 0.529643 0.583676 0.529159 0.583968 0.528396 0.584435 0.527427 0.584917 0.524695 0.578958 0.525995 0.577940 0.527005 0.576907 0.527943 0.576394 0.528305 0.576139 0.529174 0.576528 0.529612 0.577296 0.529612 0.577296 0.529898 0.578060 0.530693 0.578704 0.532068 0.579606 0.532641 0.579606 0.533297 0.579347 0.534523 0.578958 0.535753 0.578958 0.537052 0.579606 0.538208 0.580639 0.539151 0.581403 0.540383 0.582306 0.541464 0.582694 0.541896 0.582046 0.541896 0.581657 0.539659 0.572931 0.539659 0.570861 0.540958 0.569454 0.541826 0.568810 0.542115 0.568810 0.539659 0.562255 0.541693 0.561065 0.545768 0.573694 0.549404 0.563245 0.550216 0.562954 0.550648 0.562866 0.551404 0.563819 0.546813 0.576394 0.547513 0.578417 0.548219 0.580139 0.548542 0.581972 0.548487 0.583028 0.547729 0.583505 0.547242 0.583602 0.546544 0.583213 0.546219 0.582824 0.546000 0.581972 0.545786 0.580236 0.544763 0.585324 0.552109 0.594366 0.553279 0.595778 0.554216 0.592134 0.554729 0.589477 0.554729 0.588069 0.554073 0.587981 0.553609 0.587648 0.553516 0.586815 0.553979 0.586491 0.554260 0.586491 0.554865 0.586157 0.553073 0.580250 0.552948 0.579250 0.552698 0.577917 0.552948 0.577694 0.553260 0.578361 0.554448 0.581472 0.554698 0.580139 0.555448 0.578806 0.556195 0.578583 0.557695 0.578806 0.560008 0.579361 0.560945 0.580250 0.561570 0.579917 0.562633 0.579361 0.563693 0.578917 0.564693 0.578250 0.565443 0.576361 0.566193 0.574472 0.572096 0.566653 0.577589 0.558810 0.581419 0.555468 0.581857 0.558676 0.579182 0.560611 0.577953 0.562412 0.578169 0.568963 0.576865 0.570764 0.576003 0.569472 0.576216 0.568199 0.576508 0.564074 0.568193 0.575519 0.566312 0.578472 0.570724 0.576926 0.571372 0.577449 0.571953 0.579505 0.568336 0.581426 0.569492 0.582972 0.570216 0.584125 0.571086 0.585282 0.571878 0.586181 0.572966 0.586824 0.572461 0.584005 0.572096 0.583227 0.572167 0.581560 0.573109 0.581046 0.573542 0.581046 0.574333 0.582458 0.574628 0.584769 0.574698 0.586824 0.574914 0.594023 0.574914 0.594667 0.573794 0.598162 0.572536 0.598505 0.567794 0.601602 0.567802 0.593241 0.566128 0.593380 0.566302 0.603051 0.561445 0.606472 0.553083 0.609898 0.551747 0.610792 0.549987 0.610931 0.549232 0.611236
3 0.567979 0.524745 0.570234 0.525690 0.571297 0.527023 0.571547 0.528801 0.571359 0.530241 0.570609 0.531241 0.569924 0.532130 0.569799 0.532352 0.569299 0.532130 0.569112 0.531685 0.569237 0.530907 0.569737 0.530352 0.570234 0.530019 0.570422 0.529579 0.570484 0.528912 0.569924 0.528356 0.569299 0.527801 0.562362 0.525245 0.557240 0.522134 0.556240 0.521134 0.555740 0.520468 0.555427 0.520468 0.555115 0.520468 0.554865 0.520912 0.554865 0.521690 0.554740 0.522579 0.554427 0.522801 0.553492 0.522579 0.553305 0.522579 0.551367 0.522579 0.549680 0.522690 0.549305 0.523023 0.549055 0.523468 0.549055 0.524579 0.544245 0.528356 0.543370 0.528356 0.543370 0.527912 0.542745 0.527356 0.542495 0.527356 0.542120 0.528023 0.542182 0.528690 0.542432 0.529579 0.542370 0.530574 0.541870 0.531130 0.540807 0.531907 0.539745 0.532463 0.538995 0.532352 0.538120 0.532352 0.537622 0.532907 0.537060 0.533463 0.537060 0.534241 0.536935 0.534796 0.536685 0.535685 0.536435 0.536352 0.536435 0.536463 0.536747 0.536907 0.537497 0.536907 0.538307 0.537019 0.539057 0.537463 0.539370 0.538685 0.538620 0.539352 0.537310 0.540130 0.535247 0.539463 0.533060 0.538907 0.532997 0.538241 0.532997 0.536463 0.529938 0.533685 0.529188 0.533019 0.528188 0.532463 0.527813 0.533241 0.527375 0.533463 0.526062 0.532907 0.525500 0.532130 0.524687 0.530907 0.523938 0.529907 0.523563 0.529245 0.523875 0.528245 0.524625 0.527801 0.525000 0.526801 0.525375 0.525912 0.526000 0.525134 0.526938 0.524356 0.528312 0.523468 0.528563 0.523356 0.529563 0.524023 0.530122 0.522801 0.530935 0.522356 0.531560 0.522134 0.532060 0.522134 0.531997 0.522579 0.531997 0.523023 0.532622 0.522912 0.533185 0.521801 0.535060 0.519579 0.539557 0.519468 0.539745 0.517690 0.540182 0.516356 0.540370 0.515468 0.540557 0.514694 0.540870 0.513917 0.541307 0.513694 0.541870 0.513361 0.542557 0.513139 0.543370 0.512472 0.543807 0.511806 0.544245 0.511472 0.545495 0.510694 0.546055 0.510139 0.546680 0.509806 0.546805 0.509806 0.547430 0.510250 0.548305 0.511472 0.548805 0.512028 0.549805 0.513139 0.550242 0.513583 0.550617 0.514361 0.550930 0.514694 0.551805 0.515468 0.551867 0.516134 0.552242 0.517134 0.552930 0.518245 0.553117 0.518801 0.553742 0.518690 0.554365 0.518468 0.554677 0.518356 0.555516 0.518352
3 0.417214 0.241389 0.417646 0.237259 0.413810 0.215181 0.410172 0.196213 0.409419 0.195782 0.409148 0.197338 0.408818 0.197819 0.408516 0.198245 0.407792 0.197870 0.407190 0.197231 0.405742 0.194764 0.404078 0.191241 0.404044 0.193412 0.404464 0.196014 0.406349 0.207407 0.406568 0.211343 0.407305 0.212810 0.407565 0.214894 0.408258 0.218519 0.410125 0.225921 0.413031 0.227699 0.414724 0.228931 0.415292 0.229657 0.415776 0.232921 0.415766 0.234639 0.415680 0.235722 0.415201 0.236338 0.414810 0.236722 0.414073 0.237338
3 0.405721 0.251741 0.407977 0.276102 0.409852 0.298319 0.416474 0.304426 0.416099 0.300319 0.414849 0.298986 0.409914 0.291542 0.409477 0.290764 0.409602 0.289986 0.409914 0.289764 0.410161 0.289986 0.415786 0.297431 0.414224 0.277991 0.411599 0.245889 0.405385 0.239551
3 0.431690 0.315528 0.463500 0.319014 0.462242 0.328292 0.417612 0.327009 0.413661 0.319690 0.416573 0.319273 0.430503 0.315907 0.431063 0.319949 0.432135 0.319444
3 0.348807 0.324806 0.352445 0.323829 0.353286 0.320903 0.353453 0.320106 0.354013 0.319532 0.354583 0.319111 0.355221 0.319111 0.355547 0.319111 0.355828 0.319111 0.356029 0.319250 0.356510 0.320963 0.356677 0.322199 0.361234 0.321403 0.365266 0.320546 0.365435 0.319093 0.366609 0.315509 0.367281 0.315190 0.367630 0.315190 0.368289 0.315810 0.368703 0.317005 0.369677 0.319352 0.370383 0.319171 0.371292 0.318852 0.377516 0.317060 0.378143 0.316782 0.378357 0.313718 0.378693 0.312903 0.379555 0.312245 0.380023 0.312065 0.380440 0.312005 0.380719 0.312005 0.380854 0.312343 0.381010 0.313181 0.381112 0.313819 0.381346 0.315630 0.389609 0.314255 0.390091 0.311051 0.390607 0.309380 0.391211 0.308801 0.391659 0.308644 0.392320 0.308958 0.392599 0.309338 0.392924 0.309917 0.393383 0.310833 0.393742 0.311907 0.394435 0.312981 0.401747 0.311190 0.401927 0.308880 0.402273 0.307486 0.402812 0.306852 0.404122 0.306431 0.404513 0.306255 0.404951 0.306431 0.405130 0.306750 0.405521 0.307727 0.406125 0.309301 0.413560 0.307468 0.418073 0.305894 0.426135 0.304023 0.428195 0.303366 0.429529 0.302708 0.444174 0.299444 0.449302 0.298588 0.451789 0.297912 0.452417 0.296278 0.452932 0.294088 0.453109 0.293593 0.453411 0.293333 0.453625 0.293273 0.453951 0.293653 0.454229 0.294130 0.454734 0.294829 0.454979 0.295366 0.455193 0.295741 0.455250 0.296440 0.455250 0.296977 0.454768 0.297833 0.460052 0.296676 0.465047 0.295662 0.467701 0.295083 0.467388 0.298014 0.467354 0.298690 0.467432 0.300977 0.467354 0.302231 0.467151 0.303903 0.467982 0.305139 0.470141 0.304463 0.470880 0.304759 0.470948 0.306134 0.457568 0.309301 0.444253 0.312704 0.431690 0.315528 0.430503 0.315907 0.416573 0.319273 0.413661 0.319690 0.412755 0.320329 0.407906 0.321639 0.352378 0.336551 0.351685 0.337625 0.351302 0.337625 0.351214 0.337208 0.351125 0.336394 0.351125 0.335556 0.351964 0.334519 0.352310 0.328069 0.348760 0.328866 0.348716 0.327296
3 0.497135 0.334750 0.490760 0.361639 0.489388 0.367319 0.488141 0.368981 0.487948 0.370426 0.487948 0.372093 0.487766 0.373755 0.487388 0.375213 0.487026 0.376227 0.494273 0.386569 0.494648 0.388444 0.494273 0.389343 0.493523 0.388889 0.492523 0.388111 0.489320 0.384551 0.488065 0.384847 0.486727 0.385000 0.485891 0.384847 0.484328 0.384093 0.483516 0.387824 0.483182 0.392880 0.483583 0.392856 0.483964 0.392856 0.484557 0.393435 0.487581 0.396792 0.493682 0.405819 0.495216 0.408537 0.496927 0.410750 0.498094 0.412273 0.506982 0.402171 0.505956 0.397861 0.505211 0.395778 0.504648 0.394949 0.504180 0.393954 0.503807 0.392463 0.502901 0.397819 0.502404 0.400375 0.501216 0.402370 0.500750 0.401227 0.502047 0.396718 0.502917 0.389880 0.501997 0.388634 0.501081 0.386042 0.500378 0.383931 0.500216 0.383546 0.501242 0.384120 0.501565 0.384602 0.501891 0.385273 0.502161 0.385273 0.502539 0.384699 0.502214 0.383644 0.501565 0.382199 0.501026 0.381528 0.500594 0.381528 0.500000 0.381435 0.499461 0.380856 0.498542 0.379611 0.497451 0.376019 0.499667 0.372565 0.501771 0.370449 0.501826 0.369301 0.501555 0.368338 0.501122 0.369301 0.500260 0.369778 0.497096 0.373370 0.497096 0.372477 0.497531 0.369259 0.498146 0.364921 0.501508 0.358852 0.506615 0.350324 0.501992 0.335481 0.501633 0.333972 0.501070 0.334306 0.500383 0.334861 0.498758 0.339639 0.498383 0.338639 0.497885 0.336972 0.497635 0.335861
3 0.563659 0.413940 0.564286 0.421380 0.564669 0.425028 0.564880 0.426750 0.564828 0.428870 0.558391 0.420023 0.557904 0.430491 0.569352 0.445944 0.570799 0.446245 0.571609 0.449241 0.572297 0.451801 0.574487 0.458134 0.575174 0.460912 0.575211 0.464190 0.575570 0.466245 0.576583 0.467014 0.577161 0.466889 0.577885 0.466630 0.578536 0.466375 0.579339 0.466375 0.580198 0.466759 0.580776 0.467787 0.581362 0.470620 0.573917 0.475523 0.568229 0.489204 0.564799 0.494708 0.557523 0.503032 0.553979 0.504449 0.545672 0.506278 0.534284 0.506356 0.530906 0.506236 0.523297 0.511546 0.520531 0.520370 0.519826 0.521616 0.513888 0.525560 0.513240 0.527477 0.513456 0.529593 0.514424 0.530935 0.514966 0.532181 0.509396 0.530194 0.509831 0.527755 0.510482 0.526083 0.503253 0.524028 0.502094 0.523384 0.503974 0.517602 0.504336 0.514259 0.504336 0.513486 0.503974 0.513356 0.503323 0.513356 0.501227 0.522870 0.499708 0.522097 0.502383 0.512204 0.507951 0.490611 0.507589 0.489583 0.506721 0.489069 0.504010 0.500694 0.495878 0.495894 0.494990 0.495727 0.495060 0.498676 0.493349 0.498676 0.493401 0.497991 0.493464 0.496949 0.492591 0.496023 0.495497 0.488889 0.496253 0.488889 0.497297 0.488889 0.498510 0.489208 0.499042 0.489926 0.499680 0.490440 0.500435 0.490440 0.500490 0.489625 0.499969 0.488792 0.497188 0.485671 0.499378 0.480884 0.500346 0.481884 0.500945 0.482310 0.501315 0.482667 0.501833 0.482954 0.502159 0.483028 0.502802 0.483171 0.503815 0.483245 0.504458 0.483245 0.504898 0.483310 0.505349 0.483310 0.506029 0.483106 0.504336 0.480444 0.504581 0.479944 0.505065 0.479801 0.506995 0.482528 0.508089 0.482310 0.508732 0.481806 0.509258 0.481306 0.509461 0.480662 0.510385 0.480662 0.510828 0.480523 0.511232 0.480083 0.511435 0.479162 0.510544 0.479301 0.507198 0.474856 0.507320 0.474417 0.507964 0.474213 0.511479 0.478222 0.512482 0.477940 0.513169 0.477644 0.513576 0.477579 0.513987 0.478505 0.513661 0.479509 0.512570 0.480509 0.512049 0.480944 0.511768 0.481306 0.511846 0.481870 0.512737 0.482310 0.513581 0.482810 0.514992 0.483671 0.515318 0.483889 0.522198 0.476218 0.518794 0.470407 0.518432 0.469060 0.519083 0.468764 0.520484 0.470588 0.523073 0.475097 0.524049 0.474148 0.524807 0.472514 0.524909 0.471463 0.523615 0.468093 0.523398 0.467042 0.522323 0.465884 0.522214 0.465218 0.522104 0.464546 0.521513 0.462620 0.521029 0.461477 0.520378 0.460616 0.518932 0.457338 0.518932 0.455403 0.518466 0.453194 0.517612 0.451810 0.516445 0.449736 0.514891 0.447801 0.513333 0.446144 0.511935 0.444759 0.510768 0.443653 0.510302 0.442407 0.512013 0.441579 0.514034 0.440750 0.516445 0.440611 0.518779 0.440060 0.519711 0.439093 0.520333 0.437569 0.521034 0.437986 0.521888 0.439644 0.522745 0.441167 0.523443 0.442685 0.524143 0.443241 0.525078 0.443653 0.525156 0.453505 0.525341 0.454255 0.525435 0.455829 0.525435 0.457491 0.525435 0.458569 0.525901 0.458403 0.526276 0.457653 0.526508 0.456412 0.526555 0.455417 0.526370 0.454088 0.526370 0.452259 0.525948 0.442306 0.526547 0.443134 0.533620 0.430940 0.536083 0.425736 0.536359 0.424162 0.539625 0.418356 0.539932 0.417611 0.544807 0.416167 0.548305 0.415505 0.554052 0.414949 0.558115 0.412949 0.558115 0.412060 0.557615 0.411282 0.560583 0.409829 0.563260 0.413546
3 0.545786 0.382440 0.547953 0.387079 0.548039 0.391690 0.554227 0.407153 0.557615 0.411282 0.553867 0.412949 0.546117 0.413282 0.544807 0.414282 0.540721 0.415398 0.541159 0.413287 0.542164 0.412403 0.543039 0.411069 0.542154 0.407056 0.542099 0.405519 0.542211 0.404176 0.542375 0.402352 0.542375 0.400815 0.542315 0.398991 0.543232 0.393329 0.544690 0.385838 0.545414 0.385255 0.545836 0.384431 0.545836 0.383102
3 0.550883 0.372509 0.550883 0.374292 0.553391 0.381130 0.554813 0.380685 0.556068 0.380981 0.556487 0.382023 0.556318 0.382917 0.555482 0.385889 0.556820 0.389310 0.558242 0.392583 0.559581 0.392282 0.560500 0.392134 0.560667 0.392282 0.560919 0.393176 0.561003 0.393773 0.561003 0.394514 0.560836 0.395704 0.560500 0.396148 0.560083 0.396894 0.559745 0.397472 0.560495 0.398282 0.564930 0.382681 0.567542 0.372111 0.569549 0.363398 0.570482 0.353940 0.570857 0.353111 0.571229 0.352944 0.571602 0.353690 0.570063 0.364727 0.567146 0.377190 0.561003 0.399421 0.561003 0.400019 0.561661 0.401116 0.561422 0.401949 0.560836 0.402546 0.560333 0.403884 0.561422 0.406264 0.564935 0.413250 0.564935 0.413995 0.564349 0.414588 0.563260 0.413546 0.560583 0.409829 0.557615 0.411282 0.554227 0.407153 0.548039 0.391690 0.547953 0.387079 0.545786 0.382440 0.545651 0.382106 0.545555 0.381940 0.545323 0.381856 0.544776 0.379495 0.545604 0.377708 0.540760 0.360315 0.541596 0.360403 0.547336 0.369861 0.547336 0.370856 0.547518 0.371852 0.548263 0.372343 0.549016 0.373176 0.549620 0.373431 0.550138 0.372921
3 0.393865 0.261431 0.402367 0.291384 0.409852 0.298319 0.407977 0.276102 0.405721 0.251741 0.404242 0.255681 0.402966 0.255560 0.404367 0.259611 0.407930 0.278426 0.401557 0.277468 0.399076 0.261435
3 0.466599 0.184546 0.471435 0.219375 0.472818 0.227792 0.473250 0.229722 0.474695 0.232032 0.478529 0.239616 0.478021 0.240519 0.473974 0.232546 0.473323 0.231134 0.473107 0.231907 0.473034 0.232935 0.473901 0.238847 0.473758 0.240259 0.472961 0.240130 0.467466 0.221241 0.463927 0.208417 0.461086 0.185722 0.460383 0.183454 0.456914 0.160579 0.451130 0.120995 0.444333 0.074218 0.444695 0.073699 0.444841 0.073699 0.445346 0.074343 0.449107 0.074986 0.448599 0.071130 0.448745 0.070231 0.449034 0.069972 0.449539 0.070102 0.450333 0.075630 0.450695 0.076144 0.450914 0.076657 0.450984 0.077431 0.450914 0.078329 0.452648 0.090153 0.452937 0.090796 0.452865 0.092079 0.453227 0.094394 0.453443 0.094394 0.453659 0.094523 0.453589 0.095037 0.453443 0.095676 0.455107 0.106088 0.456984 0.119454 0.457273 0.120227 0.457419 0.120611 0.457273 0.121639 0.459227 0.134875 0.459732 0.135134 0.459805 0.135773 0.459589 0.136287 0.459589 0.137574 0.461323 0.149528 0.461828 0.150042 0.462047 0.150685 0.461974 0.151324 0.461685 0.151838 0.463708 0.165718 0.463924 0.165977 0.464214 0.166361 0.464143 0.167134 0.463997 0.168162 0.465951 0.180755 0.466456 0.181528 0.466672 0.181912 0.466310 0.183069
3 0.468167 0.415407 0.478289 0.383884 0.481341 0.373458 0.485104 0.356509 0.489305 0.339792 0.488818 0.334139 0.491167 0.328306 0.493344 0.323611 0.495589 0.315829 0.497534 0.309431 0.498688 0.308907 0.498763 0.311468 0.501133 0.319755 0.500133 0.321755 0.499133 0.328199 0.497135 0.334750 0.490760 0.361639 0.489388 0.367319 0.488141 0.368981 0.487948 0.370426 0.487948 0.372093 0.487766 0.373755 0.487388 0.375213 0.486760 0.376981 0.485951 0.378546 0.485388 0.379986 0.484328 0.384093 0.483516 0.387824 0.483182 0.392880 0.483013 0.399125 0.469607 0.432981
3 0.471174 0.301319 0.480609 0.314759 0.482909 0.317532 0.483771 0.317144 0.484852 0.318403 0.485500 0.319644 0.486039 0.321468 0.486201 0.323009 0.490542 0.327889 0.491167 0.328306 0.488818 0.334139 0.473930 0.313769 0.470586 0.308861 0.470948 0.306134 0.470880 0.304759
3 0.470880 0.304759 0.472677 0.286778 0.473490 0.276819 0.473760 0.261644 0.473693 0.259852 0.472906 0.260148 0.472206 0.261491 0.471857 0.262625 0.471159 0.263653 0.470346 0.264787 0.469667 0.266245 0.469865 0.275296 0.468414 0.290435 0.467701 0.295083 0.467388 0.298014 0.467354 0.298690 0.467432 0.300977 0.467354 0.302231 0.467151 0.303903 0.467982 0.305139 0.470141 0.304463
3 0.516146 0.318796 0.509026 0.315810 0.505906 0.313903 0.498688 0.308907 0.498763 0.311468 0.501133 0.319755 0.506505 0.324199 0.507755 0.325199 0.513802 0.326852
3 0.496094 0.248704 0.513427 0.299259 0.514828 0.305750 0.516734 0.316824 0.516146 0.318796 0.509026 0.315810 0.505893 0.313856 0.495870 0.283421 0.487740 0.258602 0.482461 0.242528 0.478810 0.230028 0.483365 0.227097 0.487060 0.234690 0.488552 0.236912 0.490648 0.239565 0.491133 0.240495 0.491698 0.241213 0.492141 0.242505
1 0.465651 0.370185 0.465562 0.370505 0.464932 0.369861 0.464570 0.368745 0.463492 0.368102 0.462771 0.368102 0.462411 0.368903 0.462411 0.371463 0.462052 0.373861 0.461781 0.375620 0.460971 0.376259 0.460883 0.374981 0.461333 0.372903 0.461242 0.371463 0.460523 0.371463 0.460253 0.372102 0.459714 0.372741 0.459352 0.372102 0.459083 0.371144 0.459083 0.369222 0.460073 0.367463 0.460612 0.366662 0.460612 0.365546 0.459982 0.364583 0.459622 0.363144 0.459172 0.359625 0.458544 0.359944 0.458362 0.362023 0.458094 0.362347 0.457284 0.361384 0.456654 0.361384 0.456294 0.361384 0.456654 0.362986 0.457284 0.363782 0.457914 0.365065 0.458003 0.366023 0.457643 0.366986 0.456833 0.366986 0.455935 0.366662 0.455214 0.366505 0.454135 0.366505 0.452875 0.366023 0.451409 0.369199 0.435654 0.397009 0.437307 0.399505 0.438010 0.400477 0.438406 0.401199 0.439260 0.402269 0.439766 0.402894 0.440422 0.403968 0.440620 0.405310 0.440466 0.406111 0.439568 0.406731 0.439008 0.407454 0.438164 0.408079 0.436003 0.408606 0.434997 0.409597 0.446630 0.452116 0.447331 0.453074 0.447448 0.451602 0.447151 0.445301 0.448547 0.445394 0.450815 0.446019 0.451570 0.446116 0.452326 0.446227 0.452380 0.446949 0.452732 0.448389 0.452732 0.449634 0.452794 0.451491 0.452846 0.453556 0.453594 0.455458 0.453594 0.454227 0.453539 0.452676 0.453539 0.451634 0.453773 0.448644 0.457086 0.455569 0.458362 0.459074 0.458534 0.460111 0.457779 0.460319 0.457607 0.460319 0.457023 0.460528 0.456563 0.461454 0.456445 0.462273 0.456852 0.463824 0.457255 0.465167 0.458247 0.467551 0.459003 0.469199 0.459875 0.468477 0.461036 0.467023 0.461674 0.466815 0.462755 0.470750 0.462125 0.470750 0.461198 0.470750 0.459948 0.470894 0.459326 0.472685 0.459253 0.473519 0.460029 0.475597 0.460648 0.477259 0.461198 0.478907 0.461268 0.480153 0.460883 0.481676 0.459721 0.482648 0.458706 0.483880 0.457617 0.485403 0.465674 0.543537 0.484063 0.496741 0.487932 0.496051 0.489482 0.495880 0.492094 0.498287 0.493349 0.498676 0.493401 0.497991 0.493464 0.496949 0.492591 0.496023 0.492005 0.495606 0.491664 0.494981 0.491078 0.494375 0.490385 0.494056 0.489568 0.493032 0.488927 0.492616 0.488469 0.492296 0.488406 0.491690 0.488234 0.490343 0.487948 0.489926 0.487362 0.489417 0.486958 0.488282 0.493401 0.488792 0.495497 0.488889 0.496253 0.488889 0.497297 0.488889 0.498510 0.489208 0.499042 0.489926 0.499680 0.490440 0.500435 0.490440 0.500490 0.489625 0.499969 0.488792 0.497188 0.485671 0.490503 0.480602 0.489352 0.479611 0.488875 0.479449 0.488443 0.478829 0.488182 0.477597 0.488010 0.476667 0.487398 0.476444 0.486354 0.475755 0.485320 0.475292 0.484664 0.475051 0.484536 0.474894 0.485060 0.474282 0.485617 0.473898 0.486120 0.474282 0.486680 0.474125 0.487156 0.473662 0.487641 0.473116 0.489109 0.473116 0.489719 0.473116 0.490583 0.473116 0.491286 0.473662 0.492320 0.473819 0.493409 0.473819 0.493716 0.473356 0.493669 0.472204 0.493193 0.472125 0.492195 0.472125 0.491628 0.471579 0.490891 0.471421 0.490198 0.471421 0.487039 0.472139 0.487003 0.471819 0.487596 0.471083 0.488461 0.470287 0.488875 0.469819 0.489026 0.469023 0.489063 0.468079 0.489063 0.467486 0.489359 0.467278 0.490081 0.467421 0.490755 0.467949 0.491349 0.468352 0.493148 0.469454 0.493977 0.469917 0.494885 0.470523 0.496271 0.470907 0.497836 0.471148 0.498664 0.471148 0.499221 0.470606 0.499221 0.469995 0.497836 0.469597 0.496622 0.469292 0.494930 0.468907 0.494622 0.468829 0.494622 0.468060 0.494794 0.466528 0.494930 0.465356 0.496359 0.464366 0.498701 0.462431 0.499958 0.460958 0.500526 0.460495 0.500094 0.459426 0.499482 0.459583 0.498268 0.461343 0.497143 0.462509 0.496622 0.463120 0.495974 0.463199 0.495234 0.463361 0.494318 0.463361 0.493841 0.463583 0.492016 0.464815 0.490331 0.465023 0.489513 0.465023 0.489224 0.464093 0.488299 0.462958 0.487182 0.462653 0.476682 0.471375 0.474740 0.473819 0.474333 0.471023 0.474685 0.468542 0.475089 0.461120 0.475495 0.460079 0.475612 0.459153 0.475378 0.457713 0.474909 0.457394 0.474505 0.457505 0.473930 0.466796 0.472878 0.465245 0.472354 0.464319 0.471258 0.463278 0.470906 0.463185 0.470320 0.462653 0.470096 0.462653 0.469745 0.462861 0.468143 0.461185 0.468568 0.460431 0.467674 0.458815 0.466534 0.459185 0.464922 0.459778 0.461495 0.462046 0.458940 0.455843 0.453901 0.446273 0.454440 0.435046 0.454711 0.434324 0.454909 0.434324 0.459010 0.450097 0.459750 0.449505 0.459479 0.448065 0.456536 0.436454 0.456536 0.434806 0.456617 0.432583 0.457086 0.430245 0.457706 0.429130 0.458490 0.427338 0.461206 0.421944 0.461359 0.417241 0.462448 0.415866 0.463789 0.411787 0.463474 0.408269 0.463060 0.405500 0.463266 0.401981 0.464203 0.399583 0.468370 0.388292 0.466424 0.384690 0.466534 0.382278 0.467253 0.378579 0.467773 0.376181 0.468089 0.374500
3 0.453411 0.293333 0.453299 0.292296 0.453563 0.291032 0.454010 0.289963 0.454799 0.289231 0.455961 0.288366 0.456260 0.287097 0.456112 0.286565 0.455510 0.285963 0.454911 0.286028 0.454161 0.287565 0.453185 0.288699 0.452510 0.289366 0.451573 0.290032 0.450935 0.290630 0.450560 0.291829 0.449810 0.295565 0.447935 0.287296 0.448273 0.286028 0.448461 0.285431 0.448648 0.283565 0.448648 0.281898 0.448648 0.280495 0.448648 0.279231 0.448648 0.278495 0.447599 0.277829 0.447372 0.276764 0.447148 0.275162 0.446885 0.273028 0.446622 0.271694 0.446323 0.271495 0.446023 0.270963 0.445987 0.268296 0.444747 0.267162 0.444560 0.270227 0.443661 0.270495 0.436346 0.274565 0.431922 0.277028 0.427010 0.269097 0.428734 0.265162 0.428510 0.264431 0.427797 0.263560 0.425659 0.267630 0.422810 0.263296 0.422135 0.263630 0.422734 0.264963 0.423109 0.266431 0.424909 0.269296 0.423784 0.272431 0.423034 0.268894 0.422810 0.268296 0.422396 0.268296 0.422060 0.268495 0.422359 0.269694 0.422471 0.270560 0.422510 0.271361 0.421872 0.270963 0.421646 0.270227 0.421047 0.269495 0.420708 0.268963 0.420034 0.268560 0.420034 0.268894 0.420146 0.270361 0.421346 0.272162 0.421646 0.273829 0.419320 0.274231 0.417333 0.274231 0.415534 0.274231 0.414935 0.275565 0.414935 0.276630 0.415159 0.277431 0.416695 0.278361 0.417372 0.278495 0.418534 0.279431 0.419060 0.279630 0.419284 0.280097 0.419771 0.284565 0.419172 0.284565 0.418271 0.284898 0.417747 0.284963 0.416695 0.285829 0.415984 0.286431 0.415797 0.287764 0.415797 0.288565 0.415797 0.289630 0.415758 0.290898 0.415685 0.292431 0.416396 0.296231 0.417445 0.296231 0.418609 0.295495 0.419172 0.294296 0.419771 0.292630 0.420935 0.291162 0.421497 0.290162 0.422135 0.289231 0.422846 0.288495 0.424010 0.287028 0.424872 0.285361 0.425622 0.284565 0.424534 0.276213 0.424534 0.275546 0.425721 0.275435 0.426747 0.283565 0.427310 0.283431 0.427948 0.283963 0.428435 0.284162 0.429073 0.283296 0.429521 0.282097 0.436534 0.290764 0.437849 0.292829 0.437922 0.293296 0.438036 0.293829 0.437323 0.296829 0.437586 0.297699 0.438260 0.298032 0.439273 0.298231 0.439797 0.298231 0.440698 0.297963 0.441599 0.297495 0.442234 0.297231 0.442836 0.296764 0.446211 0.286495 0.447711 0.293231 0.448161 0.294565 0.448349 0.295366 0.448049 0.295630 0.447635 0.295898 0.447560 0.296565 0.447487 0.297829 0.447862 0.298829 0.449302 0.298588 0.451789 0.297912 0.452417 0.296278 0.452932 0.294088 0.453109 0.293593
1 0.445576 0.360338 0.445414 0.359838 0.445091 0.358620 0.444971 0.358190 0.444570 0.356560 0.444029 0.353296 0.442570 0.348398 0.440682 0.342639 0.439771 0.343213 0.439396 0.344102 0.438953 0.345769 0.437211 0.350546 0.435685 0.354403 0.435404 0.354731 0.435263 0.355565 0.435263 0.356472 0.434891 0.357222 0.434516 0.358380 0.434281 0.359213 0.433911 0.359463 0.433583 0.359463 0.432464 0.358963 0.431531 0.358546 0.430503 0.358218 0.429755 0.358301 0.429430 0.358301 0.424771 0.348551 0.422510 0.342241 0.421229 0.338653 0.417612 0.327009 0.413661 0.319690 0.412755 0.320329 0.412755 0.320329 0.415122 0.325681 0.415307 0.326681 0.417453 0.332324 0.418201 0.334144 0.418482 0.335060 0.418482 0.336389 0.418388 0.337792 0.420026 0.357144 0.425242 0.372731 0.427065 0.379472 0.430255 0.389481 0.441924 0.368005
3 0.422026 0.327083 0.441437 0.341296 0.449969 0.351278 0.446146 0.359167 0.444570 0.356560 0.444029 0.353296 0.442570 0.348398 0.440682 0.342639 0.439771 0.343213 0.439396 0.344102 0.438953 0.345769 0.437211 0.350546 0.421229 0.338653 0.417612 0.327009
3 0.505893 0.313856 0.498688 0.308907 0.497935 0.309162 0.490492 0.289681 0.483466 0.268120 0.479031 0.252806 0.479117 0.251171 0.473974 0.232546 0.478021 0.240519 0.478529 0.239616 0.479534 0.238528 0.480203 0.238231 0.481039 0.237639 0.482461 0.242528 0.487740 0.258602 0.495870 0.283421
3 0.522604 0.320509 0.529854 0.320546 0.533440 0.320931 0.532036 0.318435 0.531661 0.316894 0.531987 0.316704 0.532956 0.316894 0.534633 0.320736 0.538573 0.321032 0.539432 0.319106 0.539758 0.317088 0.540518 0.316509 0.541109 0.317088 0.541378 0.317769 0.541435 0.319014 0.541703 0.320838 0.543865 0.321120 0.543974 0.322472 0.543865 0.323139 0.541760 0.323421 0.540453 0.331120 0.530547 0.329620 0.527286 0.324611 0.526398 0.324106 0.525305 0.323824 0.524057 0.323898 0.524294 0.323449
3 0.524497 0.320537 0.524263 0.319792 0.523471 0.319042 0.522070 0.312653 0.519365 0.305106 0.516854 0.297764 0.515854 0.295208 0.513781 0.287583 0.513294 0.287583 0.512815 0.285213 0.503536 0.259477 0.502589 0.259931 0.499286 0.253139 0.498034 0.254435 0.513427 0.299259 0.514828 0.305750 0.516734 0.316824 0.518031 0.316440 0.519164 0.316824 0.520299 0.317306 0.521594 0.318745 0.522578 0.320477
5 0.571602 0.477282 0.563911 0.482981 0.556789 0.487866 0.554792 0.486870 0.554167 0.486870 0.550542 0.490088 0.546034 0.493977 0.533990 0.503051 0.533237 0.504093 0.537922 0.505569 0.549583 0.503898 0.555612 0.501986 0.556667 0.500764 0.568414 0.486870 0.572599 0.476986
5 0.524294 0.323449 0.521594 0.318745 0.520299 0.317306 0.519164 0.316824 0.518031 0.316440 0.516734 0.316824 0.513469 0.327940 0.511648 0.341796 0.510255 0.345097 0.509099 0.346769 0.508737 0.348056 0.508229 0.348833 0.507289 0.349343 0.506615 0.350324 0.501508 0.358852 0.498180 0.365019 0.497531 0.369259 0.497096 0.372477 0.497096 0.373370 0.500260 0.369778 0.501122 0.369301 0.501555 0.368338 0.501826 0.369301 0.501771 0.370449 0.499667 0.372565 0.497451 0.376019 0.498542 0.379611 0.499461 0.380856 0.500000 0.381435 0.500594 0.381528 0.501026 0.381528 0.501565 0.382199 0.502214 0.383644 0.502539 0.384699 0.502161 0.385273 0.501891 0.385273 0.501565 0.384602 0.501242 0.384120 0.500216 0.383546 0.500378 0.383931 0.501081 0.386042 0.501997 0.388634 0.502917 0.389880 0.503807 0.384333 0.505396 0.374454 0.507448 0.358366 0.508521 0.358690 0.505815 0.379023 0.504693 0.387481 0.503807 0.392463 0.504180 0.393954 0.504648 0.394949 0.505211 0.395778 0.505956 0.397861 0.506982 0.402171 0.508148 0.401755 0.508148 0.389556 0.508922 0.386963 0.509893 0.386773 0.510596 0.386866 0.512971 0.390324 0.514591 0.394162 0.519396 0.388213 0.520747 0.383218 0.521719 0.382162 0.522313 0.382162 0.522583 0.382833 0.522638 0.383796 0.522638 0.385042 0.522474 0.385713 0.521990 0.386292 0.521664 0.386963 0.521990 0.387829 0.521612 0.388690 0.515346 0.396273 0.516914 0.400884 0.517021 0.402801 0.517745 0.407009 0.518247 0.408898 0.519807 0.410560 0.521930 0.420398 0.523378 0.428366 0.523302 0.430296 0.525521 0.435838 0.525628 0.437852 0.525034 0.438620 0.524927 0.439102 0.524872 0.440157 0.525305 0.441310 0.526547 0.443134 0.533620 0.430940 0.536083 0.425736 0.536359 0.424162 0.539625 0.418356 0.540721 0.415398 0.541159 0.413287 0.542164 0.412403 0.543039 0.411069 0.542154 0.407056 0.542099 0.405519 0.542211 0.404176 0.542375 0.402352 0.542375 0.400815 0.542315 0.398991 0.543232 0.393329 0.544690 0.385838 0.545414 0.385255 0.545836 0.384431 0.545836 0.383102 0.545786 0.382440 0.545651 0.382106 0.545555 0.381940 0.545323 0.381856 0.544016 0.381106 0.545604 0.377708 0.537526 0.352231 0.536018 0.349148 0.531727 0.342352 0.531026 0.340523 0.530557 0.339199 0.530047 0.337208 0.529487 0.335704 0.524693 0.330546 0.522602 0.326829 0.522159 0.326620 0.521758 0.327912 0.521156 0.328551 0.520427 0.328417 0.520510 0.327199 0.520911 0.326056 0.521029 0.324968 0.521357 0.324329 0.521958 0.324032 0.523172 0.323972 0.524057 0.323898
5 0.530547 0.329620 0.543253 0.350426 0.551417 0.364032 0.553617 0.367764 0.553307 0.371435 0.552747 0.371528 0.551810 0.372181 0.550883 0.372509 0.550138 0.372921 0.549620 0.373431 0.549016 0.373176 0.548263 0.372343 0.547518 0.371852 0.547336 0.370856 0.547336 0.369861 0.541596 0.360403 0.536018 0.349148 0.531727 0.342352 0.531026 0.340523 0.530557 0.339199 0.530047 0.337208 0.529487 0.335704 0.524693 0.330546 0.522602 0.326829 0.522159 0.326620 0.521758 0.327912 0.521156 0.328551 0.520427 0.328417 0.520510 0.327199 0.520911 0.326056 0.521029 0.324968 0.521357 0.324329 0.521958 0.324032 0.523172 0.323972 0.524057 0.323898 0.525305 0.323824 0.526398 0.324106 0.527286 0.324611
5 0.466599 0.184546 0.467685 0.183778 0.482865 0.215394 0.486047 0.222718 0.483365 0.227097 0.478810 0.230028 0.477182 0.230481 0.474870 0.229593 0.473995 0.228704 0.473185 0.225597 0.476185 0.207824 0.475810 0.206602 0.475187 0.206037 0.471435 0.219375
5 0.487422 0.205718 0.488576 0.206681 0.498695 0.225454 0.504133 0.236005 0.507443 0.244560 0.504870 0.258352 0.499633 0.246352 0.500974 0.243653 0.501096 0.242866 0.500208 0.241000 0.497745 0.237273 0.498258 0.233301 0.498115 0.229704
5 0.487422 0.205718 0.481734 0.192310 0.480484 0.188866 0.479477 0.188435 0.478547 0.188079 0.477216 0.187074 0.476854 0.186856 0.474716 0.186213 0.474594 0.185065 0.474151 0.184634 0.473789 0.184778 0.473667 0.185569 0.473305 0.186426 0.472901 0.186426 0.472294 0.186426 0.471609 0.185995 0.471367 0.185352 0.470682 0.184204 0.470159 0.184134 0.469674 0.185065 0.469674 0.185995 0.469432 0.187574 0.478143 0.205505 0.480362 0.207583 0.486615 0.215042 0.487542 0.216690 0.486104 0.219296 0.497745 0.237273 0.498258 0.233301 0.498115 0.229704
3 0.459740 0.330838 0.458708 0.329532 0.458146 0.328199 0.422026 0.327083 0.441437 0.341296 0.449969 0.351278
3 0.463120 0.334958 0.462448 0.344435 0.452875 0.366023 0.454135 0.366505 0.455214 0.366505 0.455935 0.366662 0.456833 0.366986 0.457643 0.366986 0.458003 0.366023 0.457914 0.365065 0.457284 0.363782 0.456654 0.362986 0.456294 0.361384 0.456654 0.361384 0.457284 0.361384 0.458094 0.362347 0.458362 0.362023 0.458544 0.359944 0.459172 0.359625 0.459622 0.363144 0.459982 0.364583 0.460612 0.365546 0.460612 0.366662 0.460073 0.367463 0.459083 0.369222 0.459083 0.371144 0.459352 0.372102 0.459714 0.372741 0.460253 0.372102 0.460523 0.371463 0.461242 0.371463 0.461333 0.372903 0.460883 0.374981 0.460971 0.376259 0.461781 0.375620 0.462052 0.373861 0.462411 0.371463 0.462411 0.368903 0.462771 0.368102 0.463492 0.368102 0.464570 0.368745 0.464932 0.369861 0.465562 0.370505 0.465651 0.370185 0.464419 0.352685
3 0.445987 0.268296 0.462307 0.284380 0.462747 0.285949 0.464044 0.290440 0.465026 0.295648 0.464771 0.295065 0.463172 0.291653 0.462471 0.289495 0.461958 0.288338 0.461070 0.287259 0.460698 0.287093 0.460326 0.286843 0.460326 0.286843 0.458271 0.284106 0.457617 0.284769 0.457617 0.285514 0.457383 0.288667 0.457339 0.290329 0.457104 0.290991 0.456823 0.292236 0.456776 0.293977 0.457711 0.295556 0.458458 0.297046 0.454768 0.297833 0.455250 0.296977 0.455250 0.296440 0.455193 0.295741 0.454979 0.295366 0.454734 0.294829 0.454229 0.294130 0.453951 0.293653 0.453625 0.293273 0.453411 0.293333 0.453299 0.292296 0.453563 0.291032 0.454010 0.289963 0.454799 0.289231 0.455961 0.288366 0.456260 0.287097 0.456112 0.286565 0.455510 0.285963 0.454911 0.286028 0.454161 0.287565 0.453185 0.288699 0.452510 0.289366 0.451573 0.290032 0.450935 0.290630 0.450560 0.291829 0.449810 0.295565 0.447935 0.287296 0.448273 0.286028 0.448461 0.285431 0.448648 0.283565 0.448648 0.281898 0.448648 0.280495 0.448648 0.279231 0.448648 0.278495 0.447599 0.277829 0.447372 0.276764 0.447148 0.275162 0.446885 0.273028 0.446622 0.271694 0.446323 0.271495 0.446023 0.270963
5 0.483365 0.227097 0.487060 0.234690 0.488552 0.236912 0.490648 0.239565 0.491133 0.240495 0.491698 0.241213 0.492141 0.242505 0.497708 0.251111 0.498151 0.250750 0.498273 0.249319 0.498747 0.248292 0.499633 0.246352 0.500974 0.243653 0.501096 0.242866 0.500208 0.241000 0.486130 0.219343 0.487542 0.216690 0.486615 0.215042 0.480362 0.207583 0.478143 0.205505 0.482865 0.215394 0.486047 0.222718
3 0.489516 0.594838 0.490094 0.594708 0.490818 0.603579 0.491323 0.604736 0.491758 0.605250 0.492552 0.605764 0.492914 0.605764 0.493927 0.605250 0.495154 0.603833 0.495878 0.602676 0.500070 0.597023 0.499854 0.596894 0.499349 0.596894 0.498914 0.596769 0.498698 0.596509 0.498409 0.595736 0.498698 0.594324 0.499130 0.593296 0.499349 0.592523 0.500216 0.591370 0.502240 0.582245 0.500794 0.580704 0.500794 0.580190 0.501010 0.579032 0.501516 0.579032 0.501878 0.579546 0.502313 0.580704 0.502745 0.580315 0.502891 0.579546 0.502961 0.578389 0.502672 0.577102 0.502529 0.575819 0.502023 0.574278 0.501734 0.572731 0.501589 0.571704 0.500143 0.564894 0.499854 0.564894 0.499492 0.564894 0.498841 0.565278 0.498190 0.565537 0.497758 0.565023 0.497034 0.565278 0.496023 0.566694 0.497396 0.592269 0.498263 0.593167 0.498120 0.594069 0.497396 0.594708 0.496529 0.594069 0.496312 0.593296 0.496167 0.592653 0.496167 0.590343 0.495195 0.573431 0.481922 0.568431 0.480232 0.566306 0.479557 0.563162 0.478995 0.560903 0.478617 0.560037 0.477604 0.558898 0.477042 0.557565 0.475956 0.554963 0.475057 0.555000 0.474479 0.555514 0.473901 0.556542 0.473974 0.557699 0.474695 0.561810 0.473901 0.561810 0.471466 0.552009 0.469641 0.556958 0.467802 0.557819 0.470380 0.576810 0.485794 0.592968 0.489651 0.597185
3 0.483299 0.356056 0.475419 0.330866 0.471299 0.318528 0.470070 0.313514 0.469635 0.310560 0.470586 0.308861 0.470948 0.306134 0.457568 0.309301 0.444253 0.312704 0.431690 0.315528 0.463500 0.319014 0.465432 0.320611 0.466909 0.322269 0.467531 0.322269 0.467919 0.322407 0.469164 0.323792 0.470331 0.324208 0.471576 0.324343 0.468232 0.329736 0.466596 0.334296 0.467143 0.337338 0.471729 0.354481 0.474062 0.357250 0.474375 0.357801 0.475617 0.359458 0.477563 0.360843 0.478495 0.362227 0.478964 0.361394 0.479583 0.360426 0.480362 0.359458 0.480906 0.358769 0.481451 0.357111
5 0.379331 0.209208 0.389753 0.212954 0.390456 0.215449 0.391753 0.222648 0.389268 0.220153 0.383273 0.212380 0.383112 0.213912 0.392773 0.225991 0.392990 0.229352 0.393096 0.231750 0.392773 0.233190 0.392503 0.234824 0.388076 0.232162 0.386891 0.231838 0.385516 0.231722 0.383138 0.225384
5 0.390505 0.212593 0.398089 0.220944 0.409094 0.235829 0.407062 0.239134 0.392695 0.223213
5 0.395495 0.237407 0.398464 0.252815 0.402966 0.255560 0.404242 0.255681 0.405721 0.251741 0.405385 0.239551 0.401958 0.236324
5 0.573794 0.598162 0.572536 0.598505 0.567794 0.601602 0.567802 0.593241 0.566128 0.593380 0.566302 0.603051 0.561445 0.606472 0.553083 0.609898 0.551747 0.610792 0.549987 0.610931 0.549232 0.611236 0.550073 0.621648 0.550461 0.629356 0.550839 0.636273 0.557797 0.650690 0.575448 0.641778 0.576117 0.623333 0.576784 0.615745
