0 0.366576 0.000000 0.366122 0.005662 0.367237 0.014125 0.369490 0.019449 0.367979 0.020523 0.368141 0.025310 0.374271 0.034639 0.382375 0.042111 0.370904 0.052843 0.364008 0.062171 0.357555 0.076042 0.352469 0.092843 0.351260 0.112861 0.353167 0.126111 0.356810 0.133213 0.359573 0.147083 0.364961 0.160375 0.367724 0.160954 0.368768 0.164380 0.370672 0.161903 0.370510 0.151704 0.370859 0.145843 0.375362 0.135977 0.380911 0.127352 0.384906 0.121819 0.386432 0.107685 0.387854 0.097134 0.390617 0.089745 0.399766 0.080542 0.409401 0.075134 0.413883 0.074144 0.417018 0.070389 0.417807 0.067208 0.420943 0.063824 0.427161 0.072315 0.425516 0.086981 0.424471 0.100852 0.423286 0.119796 0.423286 0.128051 0.417737 0.133912 0.412932 0.139241 0.411143 0.145102 0.412328 0.159468 0.420500 0.186833 0.424911 0.198597 0.428854 0.203611 0.429742 0.208588 0.433549 0.216472 0.438773 0.221796 0.441979 0.226792 0.444578 0.226458 0.448201 0.219648 0.453424 0.200042 0.459440 0.171148 0.462852 0.151542 0.463641 0.138662 0.460437 0.132676 0.452786 0.124537 0.450732 0.122222 0.449552 0.116343 0.450141 0.105213 0.452500 0.090324 0.451591 0.086074 0.452799 0.082852 0.453099 0.079384 0.452055 0.074060 0.457745 0.071130 0.463596 0.066051 0.467904 0.061542 0.468786 0.064833 0.469492 0.065463 0.470286 0.066245 0.474344 0.069069 0.475227 0.072208 0.475315 0.073620 0.476372 0.074088 0.477805 0.072907 0.491380 0.081236 0.495734 0.091884 0.495372 0.107370 0.496823 0.115116 0.498276 0.116083 0.500344 0.007509 0.505716 0.003093 0.520237 0.005995 0.529130 0.013417 0.533302 0.034065 0.534393 0.037935 0.535482 0.039551 0.537477 0.038259 0.539112 0.034708 0.540563 0.029870 0.542740 0.025352 0.544193 0.013093 0.544010 0.002444 0.543466 0.000000 0.464701 0.000000
2 0.483323 0.886764 0.483654 0.872352 0.483654 0.860870 0.483849 0.856065 0.486750 0.854778 0.489977 0.854963 0.492732 0.856366 0.495883 0.858639 0.497115 0.859778 0.500195 0.865440 0.502831 0.869894 0.503531 0.869912 0.492591 0.880736
8 0.330044 0.365106 0.328141 0.363116 0.321201 0.348185 0.313250 0.330472 0.304036 0.307778 0.305286 0.305417 0.313294 0.323681 0.330573 0.362639
2 0.466740 0.528241 0.466740 0.528898 0.466482 0.529222 0.464888 0.528866 0.468117 0.532148 0.470029 0.534843 0.471742 0.539528 0.473456 0.545153 0.473260 0.550426 0.472917 0.555634 0.484169 0.552889 0.484503 0.551583 0.484318 0.544389 0.479815 0.536167 0.477490 0.531810 0.477451 0.532991 0.474143 0.532662 0.471422 0.531944 0.468370 0.529787
2 0.405276 0.574000 0.405477 0.576278 0.399549 0.588199 0.389021 0.588681 0.387508 0.586759 0.385023 0.588773 0.381622 0.592231 0.379839 0.595972 0.377841 0.598181 0.374622 0.601185 0.375990 0.596931 0.378039 0.592171 0.379464 0.589644 0.382370 0.585995 0.383336 0.584782 0.390388 0.578782 0.391641 0.577491 0.392828 0.578431 0.394542 0.580185 0.394542 0.581125 0.401724 0.581477
2 0.460216 0.607546 0.459711 0.615130 0.460070 0.622329 0.452891 0.633287 0.451253 0.635435 0.449698 0.629236 0.449354 0.626403 0.449130 0.624685 0.449857 0.614491 0.458193 0.608838
2 0.527604 0.529444 0.533544 0.523259 0.534628 0.523870 0.539404 0.528773 0.540732 0.530176 0.540190 0.531139 0.540536 0.532097 0.541224 0.533412 0.542109 0.531926 0.547969 0.538838 0.551859 0.544352 0.551513 0.545926 0.552646 0.548116 0.553729 0.550042 0.553729 0.552315 0.552745 0.553542 0.551810 0.551880 0.549792 0.551968 0.547674 0.554241 0.547378 0.552403 0.545753 0.547329 0.544130 0.543829 0.540289 0.538403 0.536695 0.535773 0.533924 0.534972 0.533115 0.535421 0.531055 0.530542
2 0.459661 0.631639 0.464318 0.636606 0.469336 0.640769 0.476279 0.648056 0.479708 0.651773 0.482049 0.652667 0.482216 0.643000 0.479875 0.637500 0.477365 0.631255 0.476279 0.626495 0.475359 0.623523 0.473099 0.621736 0.470172 0.621588 0.467943 0.618333 0.465070 0.622125
2 0.459661 0.631639 0.448083 0.648801 0.447951 0.656218 0.447042 0.657833 0.444932 0.658347 0.443964 0.659764 0.443336 0.659764 0.441745 0.663875 0.441974 0.665130 0.441742 0.670194 0.442711 0.669690 0.444307 0.667968 0.445336 0.668579 0.445560 0.666644 0.446417 0.666856 0.446930 0.669889 0.448294 0.670500 0.447951 0.666644 0.447497 0.664324 0.450404 0.663810 0.450898 0.670324 0.451958 0.670171 0.452169 0.673954 0.452005 0.677366 0.449594 0.700801 0.449552 0.704102 0.450854 0.707060 0.457133 0.710241 0.457133 0.710241 0.457630 0.710468 0.457552 0.707009 0.457148 0.706005 0.457672 0.704782 0.458826 0.704264 0.459815 0.698759 0.462120 0.691727 0.465482 0.685282 0.467854 0.681417 0.470755 0.679542 0.471167 0.677241 0.467625 0.676856 0.465883 0.675505 0.465297 0.674315 0.465380 0.637292 0.464318 0.636606
5 0.424245 0.471204 0.424281 0.455528 0.422823 0.453704 0.417693 0.457444 0.415102 0.460324 0.414021 0.460134 0.419234 0.471968 0.420719 0.471454
2 0.382802 0.541778 0.380331 0.540468 0.379211 0.537421 0.380135 0.534843 0.381979 0.533787 0.383190 0.534847 0.391922 0.526824 0.400089 0.519361 0.401909 0.520356 0.402750 0.522347 0.403031 0.524833 0.402891 0.529315 0.402237 0.530144 0.401771 0.531722 0.401211 0.534708 0.395326 0.537560 0.392294 0.538500 0.386164 0.541079
2 0.559023 0.567546 0.560867 0.558287 0.561857 0.558875 0.579057 0.603162 0.578859 0.604685 0.576685 0.611833 0.574773 0.611245 0.573266 0.608366 0.572164 0.606782 0.570542 0.605426 0.570292 0.604204 0.570292 0.601181 0.569865 0.598384 0.567354 0.590894 0.564091 0.581838
2 0.599602 0.653917 0.593867 0.637282 0.593141 0.637514 0.592021 0.633769 0.591232 0.631306 0.590703 0.633417 0.590703 0.634352 0.589583 0.634468 0.587607 0.636579 0.586156 0.640912 0.584310 0.645602 0.583716 0.651343
2 0.570315 0.749444 0.549099 0.748861 0.530953 0.747694 0.528216 0.748005 0.527953 0.752398 0.528893 0.754148 0.532255 0.754528 0.533102 0.753769 0.534062 0.754231 0.535146 0.753620 0.537021 0.755287 0.543617 0.755463 0.544701 0.754231 0.545927 0.754231 0.546714 0.755287 0.552279 0.755898 0.552479 0.754583 0.554049 0.754056 0.556466 0.754583 0.565570 0.752130 0.569904 0.750991
2 0.538966 0.764319 0.539271 0.761741 0.540872 0.759843 0.552279 0.755898 0.552479 0.754583 0.554049 0.754056 0.556466 0.754583 0.565570 0.752130 0.569904 0.750991 0.581159 0.745935 0.588203 0.744648 0.603073 0.737602 0.610003 0.734750 0.610440 0.733829 0.617820 0.729611 0.618484 0.730440 0.619406 0.736759 0.601823 0.747602 0.590307 0.754380 0.589240 0.754111 0.587716 0.753972 0.583750 0.755194 0.581464 0.757500 0.569339 0.762106 0.551724 0.769023 0.545927 0.770921 0.541964 0.771056 0.539216 0.768884
2 0.543984 0.771764 0.551724 0.769023 0.569339 0.762106 0.581464 0.757500 0.583750 0.755194 0.587716 0.753972 0.589240 0.754111 0.590307 0.754380 0.601823 0.747602 0.619406 0.736759 0.619771 0.740556 0.619089 0.743394 0.617893 0.744301 0.616411 0.744204 0.615615 0.745417 0.613961 0.747745 0.611398 0.750884 0.609292 0.753213 0.607500 0.753333 0.582935 0.766894 0.582206 0.764667 0.580823 0.763968 0.578253 0.765255 0.571992 0.768171 0.570346 0.767829 0.566987 0.770056 0.561841 0.773569 0.558680 0.772514 0.558151 0.774032 0.558151 0.777194 0.547807 0.780009 0.545893 0.778366 0.544180 0.774852
2 0.607500 0.753333 0.614185 0.762019 0.614776 0.760352 0.616596 0.762542 0.616695 0.764028 0.619945 0.767792 0.620732 0.767792 0.620534 0.769194 0.620388 0.770505 0.621174 0.771120 0.622109 0.769630 0.622357 0.771380 0.623734 0.771907 0.625607 0.769542 0.626885 0.767704 0.626443 0.764991 0.616154 0.751954 0.613961 0.747745 0.611398 0.750884 0.609292 0.753213
2 0.626711 0.919630 0.629464 0.920884 0.641622 0.921519 0.642570 0.919111 0.642497 0.918213 0.642281 0.915769 0.642281 0.913583 0.640979 0.912815 0.634833 0.912685 0.634039 0.912171 0.630497 0.911917 0.629346 0.912903 0.629346 0.915005 0.627229 0.914741 0.625682 0.916218
2 0.557354 0.884625 0.559047 0.884019 0.559883 0.882532 0.560768 0.881657 0.562443 0.881569 0.564018 0.884634 0.565396 0.885597 0.565792 0.884282 0.565201 0.883144 0.565250 0.881833 0.565742 0.881134 0.565643 0.878333 0.565151 0.877370 0.561310 0.876056 0.562594 0.869838 0.564117 0.861352 0.568352 0.860653 0.572880 0.860213 0.573815 0.859778 0.574063 0.862579 0.573930 0.865181 0.572562 0.874093 0.571823 0.881282 0.571367 0.884218 0.572107 0.885028 0.570714 0.885773 0.569581 0.887259 0.568596 0.888921 0.567562 0.888745 0.565839 0.888486 0.565250 0.888574 0.564922 0.890278 0.562992 0.889282 0.559518 0.888269 0.558779 0.887056
2 0.490477 0.656972 0.486716 0.661329 0.486167 0.663338 0.485417 0.663116 0.484979 0.668005 0.484729 0.673889 0.489604 0.686736 0.494714 0.700963 0.495995 0.694366 0.496935 0.689731 0.497719 0.688769 0.498161 0.687708 0.498857 0.687370 0.498901 0.686315 0.498458 0.685963 0.497818 0.685620 0.499497 0.674708 0.500641 0.666847 0.496786 0.661500 0.491779 0.657866
2 0.558151 0.774032 0.560372 0.776778 0.572789 0.783157 0.574500 0.774653 0.575068 0.769894 0.574500 0.766954 0.571992 0.768171 0.570346 0.767829 0.566987 0.770056 0.561841 0.773569 0.558680 0.772514
2 0.572966 0.783532 0.573594 0.786569 0.573820 0.789912 0.571542 0.796898 0.569719 0.800444 0.568409 0.801051 0.567328 0.800037 0.566815 0.802569 0.565846 0.802569 0.564651 0.806218 0.554797 0.796292 0.553206 0.792514 0.551622 0.790644 0.550964 0.788759 0.546987 0.779250 0.547807 0.780009 0.558151 0.777194 0.560372 0.776778
2 0.532255 0.754528 0.531849 0.758278 0.538375 0.773042 0.539495 0.773042 0.547930 0.797296 0.548984 0.797176 0.550896 0.802569 0.550435 0.804208 0.551159 0.806083 0.552148 0.807255 0.553995 0.800458 0.554982 0.799755 0.554982 0.798231 0.553206 0.792514 0.551622 0.790644 0.550964 0.788759 0.546987 0.779250 0.545893 0.778366 0.544180 0.774852 0.543984 0.771764 0.543714 0.771051 0.541964 0.771056 0.539216 0.768884 0.538966 0.764319 0.539271 0.761741 0.539034 0.760037 0.537021 0.755287 0.535146 0.753620 0.534062 0.754231 0.533102 0.753769
2 0.527953 0.752398 0.526099 0.759301 0.524865 0.764255 0.522424 0.772806 0.520513 0.778782 0.518471 0.780657 0.518669 0.782296 0.517813 0.784644 0.516492 0.788389 0.517706 0.791130 0.519643 0.794241 0.531451 0.809278 0.533724 0.811977 0.536734 0.815657 0.540096 0.818792 0.543977 0.807370 0.547271 0.795653 0.539495 0.773042 0.538375 0.773042 0.531849 0.758278 0.532255 0.754528 0.528893 0.754148
2 0.567995 0.836662 0.568883 0.835875 0.570310 0.835176 0.572180 0.832375 0.574839 0.827472 0.578924 0.820824 0.582865 0.816620 0.587404 0.812167 0.588633 0.813477 0.590406 0.809977 0.598549 0.798241 0.605781 0.787065 0.606750 0.787468 0.609823 0.794556 0.609083 0.796282 0.604583 0.803972 0.602419 0.807319 0.601966 0.810556 0.600536 0.811370 0.599458 0.812185 0.598828 0.815315 0.597521 0.816227 0.595812 0.817644 0.592396 0.820894 0.587211 0.824898 0.587083 0.826310 0.586818 0.827134 0.585701 0.826546 0.581312 0.830810 0.578005 0.836093 0.576065 0.840269 0.574555 0.842963 0.572969 0.843014 0.572203 0.839884 0.569305 0.837801
2 0.597521 0.816227 0.598151 0.817565 0.601474 0.818213 0.601828 0.817273 0.602885 0.813819 0.603063 0.812412 0.604651 0.811000 0.607297 0.811625 0.611003 0.813194 0.612503 0.815546 0.612781 0.813699 0.613969 0.812995 0.613901 0.808190 0.612849 0.803620 0.611464 0.800222 0.610146 0.796477 0.609823 0.794556 0.609083 0.796282 0.604583 0.803972 0.602419 0.807319 0.601966 0.810556 0.600536 0.811370 0.599458 0.812185 0.598828 0.815315
2 0.613047 0.764389 0.604677 0.765616 0.593651 0.768500 0.591076 0.770278 0.592143 0.771329 0.593945 0.774532 0.595008 0.777532 0.596036 0.775704 0.596521 0.774463 0.601443 0.773097 0.606302 0.771458 0.607182 0.772569 0.608690 0.773287 0.611154 0.768991
2 0.602039 0.789852 0.600901 0.787208 0.597620 0.782690 0.595633 0.778764 0.595008 0.777532 0.593945 0.774532 0.592143 0.771329 0.591076 0.770278 0.588794 0.770856 0.586622 0.773468 0.585005 0.775759 0.585115 0.778634 0.590154 0.788310 0.592690 0.792954 0.593721 0.792296 0.594310 0.791644 0.596443 0.794588 0.594531 0.796681 0.594346 0.798051 0.594826 0.799227 0.598833 0.794130
2 0.585115 0.778634 0.583898 0.776574 0.582417 0.776375 0.577802 0.784778 0.576833 0.788019 0.577289 0.790954 0.576607 0.791662 0.574328 0.794500 0.572677 0.798042 0.577576 0.803917 0.577005 0.804421 0.584581 0.813639 0.586289 0.813134 0.587404 0.812167 0.588633 0.813477 0.590406 0.809977 0.592443 0.806347 0.595232 0.801185 0.597510 0.798042 0.601555 0.792880 0.600758 0.791662 0.598833 0.794130 0.594826 0.799227 0.594346 0.798051 0.594531 0.796681 0.596443 0.794588 0.594310 0.791644 0.593721 0.792296 0.592690 0.792954 0.590154 0.788310
2 0.614628 0.801403 0.616990 0.801315 0.621914 0.800176 0.626344 0.798602 0.627721 0.797639 0.626984 0.794139 0.625359 0.789236 0.626000 0.789060 0.626393 0.788009 0.626591 0.784949 0.625852 0.779694 0.624917 0.776019 0.624276 0.775495 0.623982 0.772083 0.623734 0.771907 0.621323 0.772083 0.621471 0.777421 0.620583 0.778120 0.620388 0.779694 0.620289 0.780569 0.619599 0.781273 0.618862 0.781273 0.618122 0.779870 0.617779 0.777597 0.610885 0.788537 0.612068 0.789935 0.613643 0.794222 0.614578 0.797815
2 0.610146 0.796477 0.614628 0.801403 0.615563 0.803329 0.616990 0.801315 0.619549 0.800699 0.621125 0.802625 0.622750 0.804991 0.622948 0.806389 0.622849 0.808315 0.622552 0.810681 0.621224 0.811204 0.620875 0.813130 0.612503 0.815546 0.612781 0.813699 0.613969 0.812995 0.613901 0.808190 0.612849 0.803620 0.611464 0.800222
2 0.643177 0.761315 0.640911 0.756241 0.640221 0.755366 0.639779 0.753792 0.639138 0.752741 0.637417 0.750991 0.636383 0.747486 0.636234 0.746176 0.635299 0.746699 0.634609 0.747227 0.633674 0.743111 0.633083 0.742148 0.631951 0.744426 0.629833 0.748449 0.627570 0.752565 0.632695 0.763241 0.635846 0.762903 0.641997 0.761690
2 0.551159 0.806083 0.550302 0.806199 0.549513 0.806315 0.549742 0.808315 0.550036 0.814616 0.550036 0.819866 0.549987 0.823019 0.548510 0.824157 0.548068 0.825819 0.549948 0.827611 0.552148 0.829046 0.552148 0.827639 0.552214 0.826352 0.552742 0.825884 0.553138 0.826468 0.554599 0.828509 0.556372 0.830301 0.557396 0.832023 0.559049 0.835056 0.560755 0.835468 0.562693 0.833241 0.562581 0.831824 0.561271 0.829597 0.556828 0.822097 0.558818 0.817037 0.558034 0.814481 0.556453 0.809912 0.554276 0.810968 0.552367 0.810384 0.551180 0.809093
2 0.508914 0.730495 0.508914 0.733343 0.507997 0.737949 0.506320 0.738491 0.501365 0.742426 0.498794 0.746028 0.496203 0.748606 0.494372 0.750639 0.494219 0.753486 0.505810 0.785208 0.507107 0.789139 0.519687 0.778431 0.519307 0.779787 0.520513 0.778782 0.522424 0.772806 0.524865 0.764255 0.526099 0.759301
2 0.498794 0.746028 0.498208 0.741477 0.497216 0.739713 0.497521 0.738088 0.497521 0.736866 0.496529 0.735917 0.494396 0.736593 0.492336 0.737542 0.490263 0.738477 0.489143 0.739884 0.488286 0.745509 0.488154 0.747148 0.489208 0.750310 0.489932 0.755699 0.490526 0.761560 0.491779 0.769880 0.492898 0.769060 0.497182 0.761560 0.494219 0.753486 0.494372 0.750639 0.496203 0.748606
2 0.497182 0.761560 0.492898 0.769060 0.491779 0.769880 0.490526 0.761560 0.488544 0.771616 0.488729 0.773009 0.486135 0.791037 0.487333 0.790981 0.493615 0.777282 0.494695 0.777486 0.498911 0.782449 0.501018 0.784981 0.503810 0.792069 0.504208 0.798954 0.503128 0.811106 0.507172 0.804324 0.509107 0.800778 0.510703 0.798042 0.511102 0.801282 0.511898 0.803412 0.513094 0.806954 0.515659 0.805843 0.517706 0.791130 0.516492 0.788389 0.517813 0.784644 0.517310 0.783463 0.516000 0.781639 0.507107 0.789139 0.505810 0.785208
2 0.401279 0.500060 0.402388 0.504444 0.405734 0.505931 0.407268 0.506801 0.407721 0.506306 0.408036 0.506676 0.408315 0.507356 0.408646 0.507037 0.407534 0.501889 0.407284 0.495560 0.401062 0.476167 0.399549 0.470407 0.397375 0.471917 0.396156 0.473005 0.394096 0.472190 0.393867 0.473815 0.396536 0.483440 0.397451 0.486287 0.399091 0.491690 0.400174 0.493093 0.400518 0.496505 0.402766 0.491810 0.403565 0.491708 0.403906 0.493023 0.403734 0.494847
2 0.549299 0.600801 0.547216 0.603685 0.551562 0.613449 0.556901 0.627139 0.559417 0.635000 0.560562 0.634324 0.562620 0.637986 0.563536 0.640560 0.564146 0.643273 0.567716 0.648630 0.569536 0.648931 0.567487 0.644069 0.562760 0.632528 0.561961 0.628981 0.560880 0.626755 0.559969 0.624731 0.558260 0.620171 0.552906 0.608120 0.551318 0.602380 0.551268 0.600889 0.551070 0.600278 0.550380 0.600190
2 0.341188 0.493625 0.351086 0.484097 0.358669 0.476574 0.360766 0.477991 0.379375 0.485176 0.385109 0.485880 0.396708 0.491856 0.396542 0.494134 0.381367 0.507620 0.380383 0.507532 0.379596 0.506921 0.378414 0.508319 0.378216 0.509370 0.378617 0.510356 0.372620 0.507426 0.372404 0.502625 0.373464 0.502514 0.373776 0.501292 0.373776 0.499069 0.373339 0.497736 0.370404 0.497847 0.370708 0.506958 0.368154 0.506398 0.368029 0.504398 0.367154 0.503514 0.365966 0.503958 0.365805 0.504917
2 0.384701 0.334181 0.385193 0.335046 0.385779 0.342056 0.386159 0.344838 0.386753 0.352324 0.387940 0.353861 0.394815 0.353500 0.394828 0.354407 0.383044 0.355819 0.379927 0.348440 0.376729 0.344523 0.375953 0.338306 0.378760 0.341861 0.379622 0.342440
2 0.436018 0.349782 0.436182 0.351796 0.437182 0.353681 0.438245 0.355569 0.437995 0.357792 0.436932 0.359347 0.436870 0.361569 0.436870 0.362903 0.435737 0.362713 0.420930 0.354829 0.417625 0.353236 0.418341 0.351269 0.427792 0.346278 0.428763 0.345222 0.430807 0.346352 0.431995 0.350130 0.431396 0.352005 0.434708 0.354338
2 0.414427 0.440398 0.415070 0.441542 0.418833 0.440454 0.423310 0.438588 0.422732 0.422907 0.423602 0.421620 0.423672 0.416352 0.422299 0.416481 0.420997 0.418407 0.420130 0.419565
2 0.406586 0.438167 0.400992 0.468190 0.405651 0.466565 0.408839 0.464838 0.409594 0.463495 0.407055 0.457986 0.407135 0.455764 0.410604 0.452176 0.411169 0.453611 0.414021 0.460134 0.415102 0.460324 0.417693 0.457444 0.414885 0.455639 0.416474 0.451181 0.414885 0.449991 0.412458 0.451773 0.411958 0.448949 0.412195 0.440921
5 0.451099 0.339565 0.452677 0.341241 0.452940 0.346801 0.452177 0.367676 0.450742 0.381032 0.449607 0.379593 0.448203 0.380741 0.447987 0.382278 0.448474 0.385736 0.450688 0.392167 0.450526 0.395718 0.448990 0.405333 0.447797 0.404398 0.445797 0.403398 0.443859 0.403954 0.442362 0.406620 0.441487 0.407843 0.440049 0.406731 0.438862 0.406287 0.437049 0.406287 0.434302 0.409620 0.431148 0.413606 0.430177 0.413319 0.429529 0.414657 0.428872 0.421551 0.426497 0.420106 0.425997 0.421551 0.425497 0.423106 0.425372 0.426324 0.424997 0.428213 0.422943 0.428241 0.422865 0.426250 0.424185 0.425769 0.424497 0.421551 0.425435 0.418884 0.426185 0.418218 0.427997 0.413662 0.429810 0.411662 0.431206 0.404505 0.438857 0.380981 0.439521 0.384056 0.440437 0.385014 0.440169 0.387417 0.440385 0.389144 0.440708 0.391060 0.442367 0.390671 0.443242 0.386894 0.442305 0.378009 0.441242 0.371676 0.439742 0.364347 0.437682 0.364347 0.438867 0.363014 0.436870 0.362903 0.436870 0.361569 0.436932 0.359347 0.437995 0.357792 0.438245 0.355569 0.437182 0.353681 0.436182 0.351796 0.436018 0.349782 0.436643 0.350116 0.437393 0.349894 0.437643 0.348005 0.437018 0.347120 0.438643 0.342120 0.439117 0.340856 0.449000 0.345157 0.450734 0.341787
2 0.424854 0.418847 0.423633 0.417417 0.424281 0.416741 0.430096 0.383750 0.435737 0.362713 0.436870 0.362903 0.436034 0.365972 0.437479 0.375481 0.438229 0.378648 0.435109 0.389093 0.429547 0.405528 0.426857 0.412306
2 0.289688 0.388167 0.294026 0.383287 0.297786 0.376472 0.302339 0.369148 0.302773 0.366190 0.297424 0.361051 0.294893 0.363106 0.293375 0.360537 0.286292 0.348843 0.285063 0.347944 0.284122 0.349227 0.282898 0.352042 0.280865 0.353764 0.278049 0.357454
2 0.297773 0.415630 0.327966 0.376750 0.294279 0.301269 0.281620 0.272315 0.257328 0.301565 0.260734 0.311782 0.264122 0.311954 0.267799 0.313157 0.271091 0.315051 0.273703 0.318319 0.276122 0.322620 0.277380 0.328986 0.277672 0.336384 0.277188 0.341718 0.276026 0.346880 0.274961 0.349806 0.278049 0.357454 0.280865 0.353764 0.275833 0.299569 0.276607 0.297505 0.277091 0.298708 0.278156 0.308171 0.282898 0.352042 0.284122 0.349227 0.285063 0.347944 0.286292 0.348843 0.293375 0.360537 0.294893 0.363106 0.297424 0.361051 0.302773 0.366190 0.302339 0.369148 0.297786 0.376472 0.294026 0.383287 0.289688 0.388167
2 0.384148 0.266444 0.380901 0.270000 0.375276 0.276106 0.371091 0.280329 0.368716 0.282106 0.362969 0.282662 0.363906 0.285218 0.366404 0.288102 0.368029 0.290546 0.371341 0.288991 0.377464 0.283995 0.381898 0.278662 0.386398 0.273551 0.390646 0.268444 0.392646 0.264222 0.391896 0.263778 0.388461 0.267333 0.386523 0.268222
2 0.324081 0.245856 0.323128 0.238394 0.321456 0.232889 0.313594 0.232148 0.306484 0.234380 0.301214 0.234380 0.295443 0.234972 0.293185 0.236310 0.291536 0.251477 0.316302 0.249574 0.319063 0.249722 0.319732 0.251356 0.319482 0.254333
10 0.488018 0.706255 0.487339 0.700750 0.485307 0.695935 0.480857 0.693009 0.476500 0.693870 0.473693 0.696278 0.472161 0.701111 0.469823 0.705912 0.470693 0.709523 0.470792 0.714171 0.470596 0.721051 0.471198 0.725870 0.472260 0.728759 0.474576 0.732546 0.476945 0.733421 0.479878 0.733542 0.482008 0.733097 0.486005 0.727435 0.487940 0.724426 0.489508 0.720310 0.489633 0.715648 0.489063 0.711657 0.488500 0.710093
2 0.349935 0.330523 0.349622 0.335412 0.348060 0.338745 0.344313 0.343296 0.339813 0.346963 0.337065 0.349630 0.334753 0.351407 0.335190 0.354514 0.336940 0.360181 0.339563 0.359625 0.341687 0.359958 0.343312 0.362069 0.344313 0.363403 0.347810 0.354736 0.347810 0.350741 0.349872 0.348963 0.350747 0.343519 0.351810 0.336190 0.351810 0.332412 0.351372 0.330412 0.350310 0.329856
2 0.419234 0.471968 0.411169 0.453611 0.410604 0.452176 0.407135 0.455764 0.407055 0.457986 0.414677 0.474407 0.416531 0.472787
2 0.320289 0.339292 0.326258 0.339579 0.326461 0.340870 0.328961 0.342301 0.331503 0.344074 0.332440 0.344074 0.333690 0.339963 0.335133 0.335417 0.336747 0.330829 0.336747 0.328894 0.335779 0.327102 0.332552 0.325167 0.331060 0.324949 0.330091 0.326167 0.329326 0.329106 0.319482 0.328894 0.318836 0.330972 0.318836 0.336134
2 0.346964 0.296648 0.349437 0.299884 0.354617 0.306356 0.367531 0.322028 0.371443 0.325829 0.372773 0.325255 0.375677 0.318370 0.375232 0.316579 0.374023 0.314495 0.373016 0.314787 0.367831 0.308648 0.367924 0.306880 0.363911 0.301898 0.362836 0.302481 0.359096 0.297977
2 0.406875 0.277222 0.407219 0.279944 0.414076 0.299144 0.421312 0.318630 0.424010 0.326694 0.424820 0.327269 0.426010 0.326792 0.426719 0.325741 0.427143 0.324005 0.424391 0.314023 0.421852 0.308356 0.417857 0.296648 0.416398 0.294056 0.414885 0.290023 0.413805 0.286181 0.413104 0.284069 0.412240 0.281000 0.410674 0.276968 0.409539 0.273894 0.409378 0.271597 0.409128 0.273264 0.408440 0.273931 0.406893 0.274472 0.407016 0.275269 0.407576 0.276014
2 0.308701 0.299931 0.310234 0.301060 0.312016 0.302120 0.316357 0.302606 0.317393 0.306519 0.313635 0.319648 0.312341 0.321491 0.305286 0.305417 0.306398 0.306056 0.307857 0.304616 0.308505 0.301736
2 0.339742 0.278884 0.336667 0.285509 0.334346 0.289347 0.332456 0.291176 0.336924 0.289250 0.343503 0.287708 0.350297 0.286551 0.359750 0.284838 0.360586 0.283444 0.357565 0.281671 0.350490 0.280806
5 0.362969 0.282662 0.363521 0.280556 0.363898 0.275778 0.364773 0.274338 0.366221 0.273310 0.369781 0.273639 0.372594 0.273204 0.375281 0.271426 0.380154 0.266310 0.383549 0.262292 0.390734 0.256736 0.396607 0.252847 0.401669 0.249519 0.404479 0.246852 0.409104 0.242296 0.411383 0.246708 0.416083 0.254037 0.421359 0.262519 0.423094 0.266116 0.425047 0.268301 0.428083 0.272671 0.431987 0.279222 0.435167 0.284236 0.437552 0.287579 0.437479 0.289375 0.435529 0.296574 0.432781 0.306213 0.429240 0.314954 0.426346 0.320991 0.424391 0.314023 0.421852 0.308356 0.417857 0.296648 0.416398 0.294056 0.414885 0.290023 0.413805 0.286181 0.413104 0.284069 0.412240 0.281000 0.410674 0.276968 0.409539 0.273894 0.409378 0.271597 0.409065 0.270597 0.408125 0.270870 0.407148 0.269190 0.406349 0.266213 0.405930 0.263241 0.406034 0.261319 0.406695 0.259458 0.406870 0.258282 0.406695 0.256796 0.406802 0.254134 0.406068 0.254315 0.405826 0.254880 0.405443 0.254315 0.404953 0.253394 0.404081 0.254199 0.403174 0.255801 0.402305 0.254565 0.401362 0.254880 0.400318 0.255306 0.399654 0.256731 0.399932 0.259218 0.405026 0.272083 0.400260 0.273472 0.397716 0.264426 0.397542 0.261324 0.395380 0.261884 0.394719 0.262875 0.395589 0.266222 0.395589 0.274773 0.381898 0.278662 0.386398 0.273551 0.390646 0.268444 0.392646 0.264222 0.391896 0.263778 0.388461 0.267333 0.386523 0.268222 0.384148 0.266444 0.380901 0.270000 0.375276 0.276106 0.371091 0.280329 0.368716 0.282106
2 0.641680 0.955602 0.642938 0.955440 0.645227 0.955935 0.645599 0.956681 0.645646 0.958676 0.646065 0.959505 0.646906 0.959671 0.647560 0.958921 0.647654 0.956435 0.650685 0.957097 0.656940 0.958755 0.662120 0.959671 0.663799 0.960250 0.664453 0.958755 0.664539 0.951639 0.664159 0.940986 0.663674 0.936569 0.663622 0.933884 0.664159 0.932347 0.665188 0.933301 0.665565 0.927736 0.661365 0.926778 0.659987 0.926556 0.658802 0.926000 0.655427 0.924343 0.654615 0.926889 0.654047 0.926255 0.653201 0.925824 0.652393 0.925468 0.652438 0.924315 0.645940 0.922458 0.645818 0.923741 0.645211 0.924176 0.644245 0.923958 0.643680 0.922093 0.643073 0.921306 0.641622 0.921519 0.641706 0.922741
2 0.517302 0.979676 0.518560 0.976407 0.522044 0.980190 0.523013 0.981222 0.523398 0.979505 0.523206 0.976750 0.524367 0.969352 0.525237 0.969009 0.526109 0.964537 0.524948 0.962296 0.525237 0.956792 0.527560 0.955588 0.527560 0.953523 0.521076 0.944231 0.520591 0.946644 0.519169 0.951509 0.517234 0.948931 0.515299 0.948588 0.514331 0.946694 0.513073 0.944111 0.511815 0.944111 0.509492 0.944111 0.509125 0.946847 0.506966 0.947486 0.505737 0.947366 0.504721 0.947366 0.503706 0.949551 0.509706 0.962523
2 0.605576 0.862796 0.606099 0.861032 0.606586 0.860935 0.607612 0.862472 0.609932 0.868903 0.616089 0.887431 0.618250 0.894343 0.618844 0.894917 0.619331 0.895593 0.619768 0.897171 0.619060 0.897704 0.618789 0.896454 0.618034 0.896264 0.617602 0.897704 0.617115 0.899236 0.614273 0.901676 0.616060 0.905616 0.616469 0.907014 0.615927 0.907972 0.615010 0.907014 0.614091 0.905093 0.610852 0.908838 0.609016 0.902792 0.611229 0.900199 0.610419 0.893769 0.609016 0.887333 0.608477 0.881671 0.601456 0.877639 0.600448 0.874792 0.605576 0.864227
2 0.582073 0.843750 0.579214 0.848648 0.578909 0.851190 0.579930 0.850644 0.582073 0.852458 0.586156 0.856273 0.591260 0.858995 0.595651 0.858810 0.596263 0.861171 0.597159 0.864046 0.598310 0.867403 0.603185 0.862407 0.604995 0.861519 0.605576 0.862796 0.606099 0.861032 0.606586 0.860935 0.607612 0.862472 0.609932 0.868903 0.616089 0.887431 0.618211 0.884440 0.618745 0.881324 0.622253 0.876986 0.622404 0.875356 0.622404 0.873056 0.621641 0.871968 0.610583 0.851500 0.608513 0.847958 0.607583 0.848069 0.606268 0.850176 0.604227 0.852986 0.601857 0.854167 0.598958 0.857796 0.598560 0.856273 0.600203 0.853931 0.602112 0.852986 0.603961 0.851009 0.606461 0.848431 0.606664 0.846310 0.608573 0.842681 0.611177 0.838921 0.610115 0.837181 0.605000 0.831537 0.600766 0.836398 0.594508 0.840954 0.586565 0.844093
2 0.605000 0.831537 0.609151 0.827468 0.610914 0.824644 0.612151 0.820255 0.612503 0.815546 0.620875 0.813130 0.620258 0.817681 0.616375 0.823171 0.615669 0.826778 0.614169 0.833523 0.616023 0.834148 0.616995 0.835718 0.616289 0.838227 0.613201 0.843875 0.611878 0.847324 0.610583 0.851500 0.608513 0.847958 0.607583 0.848069 0.606461 0.848431 0.606664 0.846310 0.608573 0.842681 0.611177 0.838921 0.610115 0.837181
2 0.511815 0.944111 0.513297 0.940324 0.516562 0.931852 0.517180 0.929185 0.516208 0.926208 0.515328 0.924324 0.515768 0.922755 0.515151 0.920560 0.513740 0.920403 0.512591 0.917579 0.512591 0.916796 0.511180 0.915227 0.500240 0.896093 0.500945 0.893736 0.499534 0.892329 0.498917 0.894051 0.496534 0.890130 0.494240 0.890130 0.487534 0.898444 0.485417 0.909894 0.479708 0.898616 0.477680 0.890773 0.492591 0.880736 0.503531 0.869912 0.508826 0.865519 0.511737 0.868028 0.516411 0.883560 0.517773 0.887389 0.519247 0.892241 0.520911 0.891713 0.523734 0.892028 0.525234 0.894537 0.527086 0.898676 0.526893 0.900051 0.529990 0.909171 0.532117 0.917083 0.529216 0.920181 0.534344 0.932398 0.534344 0.935319 0.533474 0.937384 0.530086 0.935838 0.527763 0.934287 0.523505 0.934977 0.517698 0.940829 0.513536 0.944782 0.513073 0.944111
2 0.499555 0.837014 0.497974 0.836662 0.497643 0.839356 0.497182 0.847792 0.498107 0.848028 0.497974 0.859042 0.500609 0.860213 0.501995 0.861384 0.502456 0.862324 0.504630 0.865370 0.508826 0.865519 0.514888 0.865819 0.515745 0.862278 0.515687 0.859644 0.516021 0.844773 0.516393 0.837222 0.515242 0.837250 0.511747 0.836782 0.511617 0.834671 0.509969 0.834435 0.507992 0.834671 0.507794 0.837366
2 0.477680 0.890773 0.481104 0.888509 0.481333 0.886204 0.483323 0.886764 0.483391 0.884713 0.481255 0.883898 0.482172 0.880102 0.483544 0.877394 0.483391 0.874005 0.478281 0.859903 0.479958 0.861125 0.481026 0.863431 0.483620 0.862884 0.483654 0.872352 0.483654 0.860870 0.483849 0.856065 0.486750 0.854778 0.487357 0.854616 0.486594 0.852449 0.484464 0.849787 0.482091 0.848616 0.483542 0.839241 0.479982 0.844630 0.481180 0.846620 0.478586 0.845264 0.475690 0.845264 0.473935 0.848921 0.473859 0.851500 0.471266 0.855565 0.460516 0.842824 0.460437 0.841194 0.458076 0.840653 0.458456 0.843773 0.472029 0.878343
2 0.471266 0.855565 0.460516 0.842824 0.460437 0.841194 0.466208 0.831273 0.467656 0.831977 0.476422 0.843106 0.475690 0.845264 0.473935 0.848921 0.473859 0.851500
2 0.475846 0.825468 0.472367 0.827412 0.470602 0.829537 0.469406 0.830852 0.466208 0.831273 0.467656 0.831977 0.475898 0.842500 0.477893 0.839157 0.477411 0.837130 0.478664 0.834556 0.481706 0.831245 0.475698 0.827569
2 0.446682 0.786755 0.446078 0.791537 0.446766 0.795213 0.445927 0.795213 0.444159 0.806153 0.443974 0.808157 0.445401 0.811306 0.447544 0.811532 0.448154 0.807741 0.449680 0.806792 0.449602 0.805301 0.457380 0.797167 0.462490 0.796079 0.467065 0.797167 0.470419 0.796894 0.472326 0.801639 0.476367 0.808958 0.477055 0.811130 0.477130 0.812889 0.477208 0.814954 0.478747 0.810704 0.479174 0.809597 0.478893 0.808486 0.477977 0.808282 0.473195 0.794819 0.475643 0.794208 0.480349 0.807032 0.485240 0.795917 0.487333 0.790981 0.482659 0.791796 0.476727 0.790861 0.458602 0.789463
2 0.447544 0.811532 0.447398 0.814759 0.449609 0.820593 0.452279 0.825606 0.453117 0.829944 0.454948 0.835366 0.456930 0.839704 0.458076 0.840653 0.459141 0.839569 0.459523 0.838486 0.461734 0.836722 0.464250 0.834824 0.466208 0.831273 0.469406 0.830852 0.470602 0.829537 0.472367 0.827412 0.475846 0.825468 0.477323 0.818500 0.477208 0.814954 0.477130 0.812889 0.475529 0.814519 0.470190 0.820347 0.468284 0.822380 0.465617 0.824685 0.460659 0.827125 0.456771 0.826991 0.454102 0.824551 0.453034 0.820347 0.448839 0.812755
2 0.476727 0.790861 0.482659 0.791796 0.486135 0.791037 0.488729 0.773009 0.487966 0.767991 0.487052 0.765144 0.487281 0.760940 0.486440 0.758773 0.485068 0.757690 0.485146 0.752944 0.485146 0.748606 0.483695 0.748333 0.482781 0.748875 0.481026 0.752130 0.480799 0.757148 0.481026 0.759588 0.482018 0.760940 0.481104 0.761213 0.480646 0.763245 0.480266 0.767856 0.480036 0.770431 0.479198 0.771787 0.478586 0.775449 0.477826 0.782088
2 0.376815 0.638852 0.382461 0.650458 0.387404 0.664579 0.393578 0.676653 0.399578 0.665361 0.403107 0.660028 0.406549 0.654537 0.408401 0.652028 0.407078 0.647792 0.404828 0.641722 0.403385 0.636681 0.403107 0.635088 0.396401 0.621287 0.391523 0.613287 0.389698 0.608940 0.387870 0.608407 0.386115 0.606917 0.384359 0.604329 0.383521 0.604611 0.382073 0.605963 0.380846 0.607593 0.379630 0.608940 0.378411 0.610574 0.376737 0.612611 0.375969 0.615310 0.373453 0.621144 0.376128 0.628468 0.377266 0.633616 0.377195 0.636593
2 0.442018 0.685713 0.444469 0.690671 0.445836 0.694926 0.446349 0.697458 0.446404 0.700597 0.447031 0.702824 0.447315 0.705051 0.448227 0.704546 0.449594 0.700801 0.452005 0.677366 0.450904 0.678116 0.445044 0.682403 0.443331 0.684981
2 0.415292 0.727708 0.415977 0.730194 0.416260 0.732625 0.417115 0.734954 0.419336 0.737995 0.420703 0.741236 0.422185 0.745792 0.423096 0.751157 0.423438 0.752273 0.425490 0.751968 0.425888 0.750449 0.426401 0.749032 0.426286 0.747310 0.427026 0.746907 0.427596 0.747917 0.427654 0.749333 0.428052 0.749741 0.428906 0.748931 0.429190 0.747208 0.429646 0.745690 0.429932 0.743056 0.428906 0.742653 0.428167 0.744880 0.427313 0.744273 0.427995 0.739514 0.433292 0.733435 0.435513 0.723616 0.434305 0.724620 0.427112 0.730824 0.427411 0.727801 0.428438 0.725782 0.426122 0.727532 0.423417 0.728231 0.421742 0.728935 0.419331 0.728759 0.418247 0.727884
2 0.405836 0.705958 0.411237 0.704199 0.412362 0.705083 0.413747 0.708366 0.414997 0.709421 0.414997 0.703444 0.417497 0.703028 0.422755 0.701338 0.423779 0.703769 0.425089 0.707009 0.426000 0.710755 0.426685 0.715005 0.426401 0.718653 0.424766 0.720259 0.422854 0.721194 0.421193 0.719616 0.418820 0.718444 0.416185 0.718093 0.414010 0.718324 0.412310 0.720491
2 0.453805 0.735861 0.452203 0.734370 0.452128 0.732204 0.452661 0.728949 0.453805 0.728000 0.455786 0.727593 0.459141 0.729218 0.460362 0.727185 0.460437 0.725968 0.460437 0.722440 0.462714 0.719028 0.464758 0.718444 0.466010 0.718444 0.470755 0.722190 0.471198 0.725870 0.472260 0.728759 0.474576 0.732546 0.476945 0.733421 0.480971 0.735079 0.481563 0.736588 0.474945 0.736745 0.470227 0.736486 0.465745 0.734375 0.462648 0.732852 0.461000 0.734611 0.460143 0.736019
2 0.494430 0.558463 0.504396 0.550769 0.504966 0.549551 0.504453 0.547829 0.502174 0.539324 0.495510 0.528486 0.486169 0.536083 0.483490 0.539537 0.488964 0.549255 0.489516 0.550616 0.490461 0.550310 0.490341 0.551921
2 0.596250 0.740949 0.603073 0.737685 0.583802 0.718361 0.572349 0.706815 0.568247 0.702157 0.564154 0.699023 0.560448 0.698519 0.559477 0.699458 0.558490 0.701106 0.573789 0.715806 0.584628 0.727380 0.587958 0.731269
2 0.566112 0.845833 0.570789 0.853366 0.574052 0.855875 0.574846 0.856032 0.576612 0.858227 0.576701 0.860894 0.579612 0.862148 0.581992 0.862148 0.582786 0.863718 0.583404 0.865440 0.588354 0.870181 0.591109 0.867222 0.595036 0.862454 0.596216 0.863292 0.596622 0.862384 0.596263 0.861171 0.595651 0.858810 0.591260 0.858995 0.586156 0.856273 0.582073 0.852458 0.579930 0.850644 0.578909 0.851190 0.579021 0.850148 0.577935 0.849806 0.577740 0.848486 0.577148 0.847264 0.576258 0.847167 0.574635 0.845681 0.573120 0.844912 0.572969 0.843014 0.572203 0.839884 0.569305 0.837801 0.567135 0.836079 0.565086 0.832222 0.563266 0.827370 0.562865 0.822602 0.561440 0.821292 0.560190 0.819676 0.558818 0.817037 0.556828 0.822097 0.561271 0.829597 0.562581 0.831824 0.562693 0.833241 0.560755 0.835468 0.559049 0.835056 0.557396 0.832023 0.556372 0.830301 0.554599 0.828509 0.553823 0.830042 0.554620 0.831968 0.556557 0.832676 0.559005 0.837032 0.562138 0.840574 0.562714 0.839625 0.564776 0.841551 0.564432 0.842426 0.565328 0.842699 0.565784 0.845333
2 0.428859 0.458486 0.429062 0.459708 0.430232 0.460065 0.430716 0.458630 0.432086 0.457917 0.436005 0.455546 0.430714 0.454968 0.430497 0.450653 0.430372 0.443764 0.430747 0.441431 0.431057 0.438653 0.432620 0.437213 0.434120 0.437657 0.436281 0.439139 0.437995 0.439653 0.441555 0.435102 0.442367 0.433546 0.441430 0.432880 0.441867 0.432213 0.443268 0.432157 0.444922 0.429287 0.446375 0.426847 0.447464 0.425560 0.447490 0.423884 0.444867 0.423106 0.438063 0.424773 0.430128 0.426019 0.429312 0.436259 0.428396 0.451815 0.429922 0.453704 0.429987 0.454727
2 0.299812 0.313630 0.300615 0.313630 0.302323 0.311273 0.304036 0.307778 0.305286 0.305417 0.306992 0.302597 0.308701 0.299931 0.308073 0.298505 0.306609 0.296954 0.309049 0.296833 0.309714 0.296708 0.311063 0.293083 0.310198 0.291736 0.313495 0.283773 0.316016 0.276889 0.315091 0.275597 0.311586 0.269560 0.311560 0.268685 0.310646 0.266431 0.310107 0.263556 0.311727 0.263750 0.313237 0.264708 0.315667 0.267009 0.317505 0.268838 0.318562 0.270394 0.319234 0.269889 0.319719 0.267875 0.320315 0.269120 0.320852 0.269505 0.321206 0.268620 0.321146 0.266287 0.321396 0.265398 0.322393 0.264398 0.323211 0.263731 0.323984 0.266370 0.324294 0.264741 0.325323 0.264833 0.327383 0.258417 0.328049 0.250829 0.328805 0.241759 0.327977 0.239847 0.326747 0.241009 0.324081 0.245856 0.319482 0.254333 0.319732 0.251356 0.319063 0.249722 0.316302 0.249574 0.291536 0.251477 0.291398 0.254500 0.291398 0.259384 0.290891 0.263625 0.289805 0.268125 0.289372 0.273139 0.288867 0.281745 0.288505 0.288306 0.294279 0.301269
3 0.327318 0.355625 0.331503 0.344074 0.332440 0.344074 0.333690 0.339963 0.335815 0.341296 0.338875 0.344407 0.338438 0.346185 0.337065 0.349630 0.334753 0.351407 0.335190 0.354514 0.332253 0.361847 0.328693 0.358292
5 0.371190 0.299333 0.371471 0.302347 0.373016 0.314787 0.374023 0.314495 0.375232 0.316579 0.375677 0.318370 0.377747 0.321963 0.378833 0.324190 0.381680 0.329546 0.385193 0.335046 0.387951 0.338764 0.398826 0.346940 0.400497 0.345755 0.407273 0.338319 0.415302 0.330435 0.419484 0.328056 0.421995 0.326125 0.423081 0.324190 0.421312 0.318630 0.414076 0.299144 0.407219 0.279944 0.406875 0.277222 0.401805 0.279694 0.408740 0.306574 0.409865 0.308130 0.409844 0.309352 0.408307 0.309352 0.407161 0.310509 0.405117 0.302023 0.404367 0.301690 0.404367 0.299579 0.402117 0.292468 0.401305 0.288806 0.399620 0.280472 0.397471 0.281435 0.397437 0.284287 0.397924 0.285032 0.397750 0.289926 0.397193 0.291972 0.396253 0.291727 0.395659 0.290236 0.395799 0.282181 0.388440 0.285222 0.388872 0.286718 0.388956 0.288505 0.387115 0.289843 0.385859 0.288949 0.385526 0.288505 0.384773 0.289546 0.383518 0.288801 0.383854 0.286273 0.384773 0.281514 0.377464 0.283995 0.371341 0.288991 0.369904 0.289829 0.370227 0.294056 0.379771 0.296046 0.388951 0.296690 0.390107 0.298491 0.390180 0.300546 0.388445 0.300931 0.374203 0.299773
2 0.524714 0.595208 0.521893 0.593796 0.517773 0.589810 0.510401 0.585051 0.507310 0.583569 0.500516 0.580681 0.497505 0.578884 0.488542 0.573509 0.487813 0.581176 0.488104 0.584792 0.495469 0.587921 0.520513 0.599755 0.521107 0.596940 0.521633 0.595769
2 0.668393 0.964583 0.669063 0.966606 0.670063 0.965495 0.672078 0.958829 0.673305 0.953690 0.674372 0.950690 0.675828 0.951477 0.678458 0.945079 0.679315 0.945356 0.680391 0.944000 0.681901 0.941324 0.686021 0.930806 0.685320 0.928782 0.685497 0.925824 0.682461 0.928769 0.679458 0.928764 0.679458 0.928764 0.674706 0.941556
17 0.374622 0.601185 0.377841 0.598181 0.379839 0.595972 0.381622 0.592231 0.385023 0.588773 0.387508 0.586759 0.389021 0.588681 0.399549 0.588199 0.396562 0.594208 0.389948 0.607329 0.389698 0.608940 0.387870 0.608407 0.386115 0.606917 0.384359 0.604329 0.383521 0.604611 0.382073 0.605963 0.380846 0.607593 0.379630 0.608940 0.378411 0.610574 0.376737 0.612611 0.375969 0.615310 0.373453 0.621144 0.370984 0.615176 0.370820 0.610662 0.369742 0.607685 0.368414 0.604222 0.371716 0.604120
17 0.559023 0.567546 0.556557 0.561792 0.554904 0.557542 0.553367 0.554704 0.552745 0.553542 0.551810 0.551880 0.549792 0.551968 0.547674 0.554241 0.547997 0.556269 0.548810 0.576375 0.550292 0.580426 0.553594 0.585389 0.557068 0.590250 0.562253 0.595921 0.566354 0.599162 0.568917 0.600273 0.570227 0.599972 0.569865 0.598384 0.567354 0.590894 0.564091 0.581838
17 0.548810 0.576375 0.549063 0.584028 0.549510 0.587625 0.538529 0.589171 0.536576 0.590324 0.532521 0.590713 0.530125 0.590958 0.530867 0.592477 0.533544 0.595310 0.536221 0.598148 0.538385 0.599565 0.539581 0.598148 0.540323 0.598454 0.541120 0.600477 0.545846 0.600273 0.548810 0.599264 0.552341 0.597134 0.554792 0.594505 0.557068 0.590250 0.553594 0.585389 0.550292 0.580426
17 0.540779 0.816880 0.543977 0.807370 0.546542 0.798514 0.547674 0.799912 0.549052 0.803329 0.549742 0.808315 0.550036 0.814616 0.550036 0.819866 0.549987 0.823019 0.548510 0.824157 0.548068 0.825819 0.545049 0.822750 0.542487 0.819005
2 0.445867 0.328102 0.445617 0.325435 0.445117 0.317440 0.444242 0.312218 0.435307 0.312551 0.432870 0.314440 0.440706 0.325347 0.441206 0.324014 0.441956 0.324014 0.442206 0.325681 0.442956 0.326458 0.443674 0.326370
2 0.475453 0.450111 0.478693 0.449250 0.480833 0.450579 0.486078 0.455097 0.487745 0.455074 0.488135 0.451602 0.489875 0.448153 0.490156 0.449306 0.490156 0.453032 0.490156 0.455546 0.490961 0.456764 0.488229 0.463917 0.485604 0.469468 0.483477 0.472796 0.480294 0.475269 0.483305 0.468431 0.484224 0.464264 0.485229 0.458319 0.483638 0.456681 0.477281 0.451625
2 0.470753 0.488528 0.471357 0.490306 0.477607 0.488194 0.483729 0.482750 0.489289 0.478310 0.490539 0.476866 0.490539 0.474866 0.488289 0.469310 0.486292 0.473755 0.484729 0.474421 0.483477 0.472796 0.481974 0.474009 0.481831 0.476088 0.482529 0.478241 0.478612 0.481231 0.477305 0.482065 0.473008 0.486130
2 0.483477 0.472796 0.485604 0.469468 0.488229 0.463917 0.490961 0.456764 0.495130 0.446023 0.497883 0.438440 0.497883 0.434023 0.497505 0.430949 0.498802 0.427398 0.499557 0.426440 0.500909 0.428264 0.500260 0.430181 0.500096 0.432389 0.500313 0.441032 0.498099 0.446407 0.493672 0.457926 0.489674 0.465704 0.488542 0.466375 0.488055 0.467431 0.488289 0.469310 0.486292 0.473755 0.484729 0.474421
2 0.498318 0.457838 0.497318 0.459616 0.498130 0.461171 0.499443 0.469278 0.500193 0.474167 0.500693 0.475833 0.500943 0.484495 0.501818 0.487940 0.503190 0.490162 0.503815 0.491829 0.511250 0.491528 0.515263 0.491616 0.515482 0.492639 0.515893 0.493514 0.517018 0.493694 0.517563 0.493046 0.517742 0.491250 0.519880 0.491060 0.519714 0.485051 0.518904 0.482194 0.518167 0.477542 0.518167 0.474389 0.517961 0.471968 0.516393 0.467690 0.515581 0.464468 0.512893 0.461468 0.510010 0.459032 0.509497 0.459194 0.506135 0.457042 0.502193 0.457292
2 0.471357 0.490306 0.472419 0.493528 0.474219 0.492282 0.477154 0.491611 0.477651 0.492398 0.478555 0.495727 0.493299 0.495847 0.491708 0.497782 0.495831 0.497523 0.501016 0.496019 0.499661 0.492639 0.496036 0.486528 0.490539 0.474866 0.490539 0.476866 0.489289 0.478310 0.483729 0.482750 0.477607 0.488194
2 0.498719 0.465023 0.496107 0.463528 0.493544 0.462116 0.491490 0.461949 0.489674 0.465704 0.488542 0.466375 0.488055 0.467431 0.488289 0.469310 0.490539 0.474866 0.496036 0.486528 0.499661 0.492639 0.501016 0.496019 0.505810 0.495204 0.508339 0.494889 0.507591 0.491736 0.503815 0.491829 0.503190 0.490162 0.501818 0.487940 0.500943 0.484495 0.500693 0.475833 0.500193 0.474167 0.499443 0.469278
2 0.450508 0.446375 0.451133 0.437046 0.451883 0.424602 0.450883 0.414829 0.450508 0.410495 0.449883 0.408278 0.448883 0.407722 0.448385 0.409056 0.447885 0.412718 0.447464 0.425560 0.447102 0.429718 0.446164 0.445880 0.445883 0.449468 0.448878 0.447560
17 0.456682 0.405708 0.458930 0.401046 0.463805 0.394935 0.467927 0.392824 0.471302 0.393269 0.475049 0.395713 0.478924 0.400157 0.481237 0.405486 0.482547 0.409597 0.482859 0.413819 0.479112 0.416819 0.478799 0.417708 0.482797 0.418375 0.482810 0.423949 0.481799 0.430759 0.480281 0.436546 0.475870 0.444000 0.471240 0.444644 0.472039 0.435644 0.471602 0.426648 0.470664 0.420481 0.469003 0.415208 0.467266 0.411606 0.465461 0.408144 0.463216 0.406477 0.459169 0.405444
17 0.451589 0.421991 0.450883 0.414829 0.450508 0.410495 0.449883 0.408278 0.451323 0.407417 0.452404 0.407046 0.452578 0.409639 0.453247 0.409801 0.455133 0.406944 0.456682 0.405708 0.459169 0.405444 0.463216 0.406477 0.465461 0.408144 0.467266 0.411606 0.469003 0.415208 0.470664 0.420481 0.471602 0.426648 0.472039 0.435644 0.471240 0.444644 0.470065 0.448375 0.469128 0.451375 0.467378 0.454815 0.462505 0.457704 0.451008 0.448931 0.453695 0.446597 0.456258 0.444264 0.458755 0.440264 0.458318 0.438046 0.458568 0.436157 0.459755 0.435824 0.460568 0.435824 0.461318 0.431602 0.460568 0.427157 0.458255 0.424491 0.454320 0.422051
17 0.464091 0.499681 0.465341 0.495236 0.465654 0.489130 0.465466 0.482907 0.464716 0.477907 0.463216 0.472690 0.461779 0.468468 0.460156 0.465134 0.458469 0.462579 0.456406 0.459806 0.452034 0.458583 0.450104 0.458750 0.449870 0.464352 0.449534 0.466134 0.448284 0.462801 0.447161 0.459583 0.443536 0.461356 0.439661 0.464912 0.439107 0.466236 0.438961 0.467801 0.438732 0.468301 0.438263 0.468889 0.437331 0.471546 0.436495 0.474778 0.435745 0.477509 0.435070 0.480162 0.435070 0.481995 0.435021 0.486028 0.435289 0.492750 0.437339 0.499847 0.438745 0.502634 0.441617 0.508153 0.445591 0.510986 0.446315 0.511500 0.447909 0.509444 0.449641 0.507898 0.452388 0.505843 0.453906 0.505324 0.458318 0.501991 0.461354 0.501093
2 0.456682 0.405708 0.457547 0.403782 0.456789 0.399176 0.453659 0.390630 0.450742 0.381032 0.449607 0.379593 0.448203 0.380741 0.447987 0.382278 0.448474 0.385736 0.450688 0.392167 0.450526 0.395718 0.451174 0.400134 0.451984 0.403398 0.452307 0.405032 0.452578 0.409639 0.453258 0.409833 0.455133 0.406944
17 0.451589 0.421991 0.452258 0.422051 0.452349 0.423968 0.454284 0.425116 0.457026 0.425833 0.458763 0.427481 0.459932 0.429273 0.460255 0.431713 0.459891 0.434079 0.459755 0.435824 0.458568 0.436157 0.458318 0.438046 0.455185 0.442000 0.452065 0.445111 0.450508 0.446375 0.451133 0.437046 0.451883 0.424602
17 0.451323 0.407417 0.447797 0.404398 0.445797 0.403398 0.443859 0.403954 0.442362 0.406620 0.441487 0.407843 0.440049 0.406731 0.438862 0.406287 0.437049 0.406287 0.434302 0.409620 0.431148 0.413606 0.430333 0.423394 0.434271 0.422718 0.437349 0.421861 0.438000 0.420519 0.439294 0.419940 0.440594 0.420519 0.443724 0.420315 0.447609 0.419551 0.447885 0.412718 0.448385 0.409056 0.448883 0.407722 0.449883 0.408278
17 0.334898 0.519421 0.335839 0.518139 0.339424 0.513699 0.344453 0.510250 0.347982 0.509778 0.353365 0.511977 0.356539 0.516995 0.358922 0.522171 0.359628 0.525935 0.359365 0.532366 0.359099 0.538639 0.358745 0.544755 0.356010 0.554796 0.351599 0.562167 0.346216 0.546796
2 0.431396 0.352005 0.435706 0.339120 0.440706 0.325347 0.441206 0.324014 0.441956 0.324014 0.442206 0.325681 0.442956 0.326458 0.442768 0.327681 0.443641 0.328569 0.443393 0.330236 0.442081 0.331903 0.438643 0.342120 0.437018 0.347120 0.437643 0.348005 0.437393 0.349894 0.436643 0.350116 0.436018 0.349782 0.434708 0.354338
17 0.352734 0.564630 0.361878 0.590380 0.363750 0.590093 0.364383 0.588273 0.364977 0.583231 0.364977 0.580069 0.363659 0.577611 0.361945 0.574796 0.359966 0.571986 0.357396 0.567417 0.356013 0.564019 0.355419 0.561440 0.354711 0.557815 0.353281 0.560972
17 0.678203 0.866829 0.672784 0.868204 0.668914 0.871301 0.665815 0.876806 0.662815 0.885236 0.661557 0.895389 0.661268 0.902444 0.662622 0.911907 0.665430 0.919130 0.666203 0.913454 0.666784 0.915347 0.668237 0.922403 0.668914 0.924292 0.672687 0.927389 0.676656 0.928769 0.682461 0.928769 0.686622 0.924981 0.690591 0.917926 0.693010 0.909324 0.694268 0.901412 0.694464 0.893843 0.693646 0.890000 0.691492 0.893773 0.689971 0.894806 0.690117 0.886065 0.690195 0.884653 0.692865 0.884514 0.691714 0.880403 0.690552 0.877065 0.687078 0.871662 0.684117 0.869102 0.681659 0.867171
17 0.365049 0.590458 0.368573 0.589162 0.372068 0.586185 0.375120 0.581375 0.377286 0.575949 0.378320 0.570694 0.378172 0.565884 0.376992 0.561333 0.372654 0.555162 0.372154 0.554384 0.370591 0.552315 0.368424 0.551440 0.365669 0.550741 0.363453 0.550477 0.360646 0.551528 0.358531 0.552931 0.356365 0.555731 0.355497 0.556500 0.356138 0.559301 0.356729 0.563153 0.357466 0.565514 0.358354 0.567005 0.359977 0.570153 0.362044 0.573481 0.363867 0.576278 0.365146 0.578991 0.365589 0.580829 0.365492 0.584245 0.365393 0.588444
17 0.365049 0.590458 0.363852 0.595204 0.366419 0.602602 0.368414 0.604222 0.371716 0.604120 0.374622 0.601185 0.375990 0.596931 0.378039 0.592171 0.379464 0.589644 0.382370 0.585995 0.383336 0.584782 0.383565 0.581236 0.383508 0.575463 0.382596 0.571514 0.380773 0.567769 0.378172 0.565884 0.378320 0.570694 0.377286 0.575949 0.375120 0.581375 0.372068 0.586185 0.368573 0.589162
17 0.374828 0.558181 0.377398 0.550685 0.381221 0.543421 0.382802 0.541778 0.386164 0.541079 0.392294 0.538500 0.395326 0.537560 0.396708 0.537796 0.399609 0.539435 0.402641 0.542949 0.404815 0.546468 0.407057 0.551505 0.407914 0.557130 0.408177 0.561111 0.406661 0.564394 0.405740 0.567671 0.405344 0.572009 0.405276 0.574000 0.401724 0.581477 0.394542 0.581125 0.394542 0.580185 0.392828 0.578431 0.391641 0.577491 0.390388 0.578782 0.383336 0.584782 0.383565 0.581236 0.383508 0.575463 0.382596 0.571514 0.380773 0.567769 0.378172 0.565884 0.376992 0.561333
17 0.419651 0.555111 0.415432 0.555463 0.411875 0.557222 0.409370 0.558861 0.408177 0.561111 0.406661 0.564394 0.405740 0.567671 0.405344 0.572009 0.405276 0.574000 0.405810 0.579366 0.407656 0.585458 0.409237 0.589912 0.412732 0.595065 0.418333 0.598815 0.424000 0.597412 0.427232 0.594014 0.430195 0.588273 0.432305 0.583583 0.433755 0.578194 0.433294 0.576088 0.434479 0.573273 0.434943 0.569523 0.433492 0.570815 0.431711 0.572806 0.430328 0.573861 0.428549 0.572690 0.427427 0.570463 0.426375 0.568819 0.426638 0.567884 0.429536 0.565542 0.431909 0.563551 0.434414 0.563315 0.435865 0.563903 0.435602 0.562495 0.433229 0.560620 0.431250 0.558745 0.429604 0.557338 0.427891 0.560153 0.426109 0.558745 0.422617 0.555347
17 0.661583 0.849713 0.659768 0.842144 0.658091 0.836046 0.655042 0.828861 0.653135 0.825880 0.653060 0.825880 0.650237 0.823981 0.647187 0.823167 0.645052 0.823167 0.642232 0.823843 0.637961 0.827505 0.634682 0.832657 0.632164 0.837264 0.630336 0.841875 0.629115 0.849602 0.628961 0.858412 0.631021 0.864782 0.638341 0.875764 0.638570 0.876037 0.642078 0.878884 0.643365 0.879144 0.647992 0.868991 0.650594 0.864106 0.655292 0.857681
17 0.578005 0.836093 0.577477 0.840329 0.578711 0.840958 0.582073 0.843750 0.586565 0.844093 0.594508 0.840954 0.600766 0.836398 0.605000 0.831537 0.609151 0.827468 0.610914 0.824644 0.612151 0.820255 0.612503 0.815546 0.611003 0.813194 0.607297 0.811625 0.604651 0.811000 0.603063 0.812412 0.602885 0.813819 0.601828 0.817273 0.601474 0.818213 0.602445 0.819310 0.601828 0.824486 0.600417 0.825273 0.594328 0.821352 0.591768 0.823389 0.592299 0.826528 0.591945 0.826995 0.593974 0.829662 0.592299 0.831389 0.586122 0.829194 0.581312 0.830810
17 0.518461 0.825546 0.524857 0.828866 0.529896 0.831519 0.528802 0.843588 0.528026 0.848579 0.522372 0.869819 0.522216 0.868894 0.522055 0.867028 0.520521 0.855556 0.525391 0.852130 0.524336 0.851894 0.520159 0.853829 0.518766 0.845412 0.517240 0.839074 0.517701 0.833653 0.518307 0.829005
17 0.532422 0.827639 0.534617 0.835606 0.535409 0.842991 0.535146 0.851190 0.534354 0.856931 0.531914 0.863259 0.529081 0.867361 0.526841 0.869819 0.524732 0.870759 0.529794 0.850778 0.531732 0.836671
17 0.530365 0.827269 0.530451 0.824051 0.525193 0.815574 0.522622 0.814282 0.519393 0.813231 0.516758 0.813931 0.515956 0.820009 0.515081 0.820898 0.514206 0.823009 0.513456 0.822676 0.513143 0.820787 0.514268 0.815454 0.513263 0.814986 0.510495 0.816042 0.506674 0.819324 0.504234 0.823421 0.503313 0.829046 0.502135 0.833148 0.500214 0.835843 0.499555 0.837014 0.507794 0.837366 0.507992 0.834671 0.509969 0.834435 0.511617 0.834671 0.511747 0.836782 0.515242 0.837250 0.516393 0.837222 0.517094 0.828926 0.517701 0.824940 0.516596 0.824468 0.516596 0.822310 0.516922 0.820898
17 0.502831 0.869894 0.503531 0.869912 0.508826 0.865519 0.504630 0.865370 0.502456 0.862324 0.501995 0.861384 0.500609 0.860213 0.497974 0.859042 0.498107 0.848028 0.497182 0.847792 0.497607 0.840958 0.496130 0.841921 0.493865 0.845074 0.492094 0.848051 0.490221 0.852602 0.489977 0.854963 0.492732 0.856366 0.495883 0.858639 0.497115 0.859778 0.500195 0.865440
17 0.447315 0.705051 0.447031 0.702824 0.446404 0.700597 0.446349 0.697458 0.445836 0.694926 0.444469 0.690671 0.442018 0.685713 0.439310 0.687556 0.438982 0.689431 0.427513 0.693648 0.427768 0.694958 0.437565 0.700222 0.438143 0.698468 0.438672 0.696356 0.439198 0.698116 0.438935 0.699870 0.438990 0.700426
17 0.428638 0.699630 0.436563 0.703856 0.435112 0.707370 0.433398 0.710181 0.431422 0.712644 0.429708 0.715222 0.426401 0.718653 0.426685 0.715005 0.426000 0.710755 0.425089 0.707009 0.423779 0.703769 0.422755 0.701338 0.425474 0.700444
17 0.473122 0.698259 0.472596 0.698185 0.458826 0.704264 0.459815 0.698759 0.462120 0.691727 0.465482 0.685282 0.467854 0.681417 0.470755 0.679542 0.475302 0.678139 0.478794 0.678958 0.481792 0.680333 0.483042 0.681333 0.486375 0.685282 0.489076 0.690907 0.491253 0.698171 0.491714 0.705083 0.491977 0.711880 0.491185 0.719264 0.489604 0.725356 0.487940 0.724426 0.489508 0.720310 0.489633 0.715648 0.489063 0.711657 0.488500 0.710093 0.488018 0.706255 0.487339 0.700750 0.485307 0.695935 0.480857 0.693009 0.476500 0.693870 0.473693 0.696278
17 0.501365 0.742426 0.506320 0.738491 0.507997 0.737949 0.508914 0.733343 0.508914 0.730495 0.503117 0.721819 0.501440 0.721005 0.499229 0.718565 0.498771 0.716394 0.497932 0.716394 0.497552 0.714903 0.496484 0.714495 0.495341 0.714903 0.493740 0.713278 0.491977 0.711880 0.491185 0.719264 0.489604 0.725356 0.489057 0.731037 0.489896 0.734560 0.491039 0.736866 0.492336 0.737542 0.494396 0.736593 0.496529 0.735917 0.497521 0.736866 0.497521 0.738088 0.497216 0.739713 0.498208 0.741477 0.499352 0.742153
17 0.433141 0.539894 0.439758 0.534403 0.448846 0.527505 0.456346 0.522171 0.460227 0.520287 0.461612 0.522907 0.463130 0.525949 0.463659 0.527597 0.461745 0.526532 0.457854 0.526532 0.452456 0.529824 0.451070 0.531583 0.449948 0.533810 0.447443 0.535204 0.445536 0.537792 0.443297 0.541542 0.441779 0.545292 0.441250 0.548912 0.441250 0.553838 0.441708 0.559343 0.438091 0.555125 0.435055 0.550796 0.433141 0.546685 0.432745 0.543880
17 0.441708 0.559343 0.442349 0.562144 0.443799 0.567296 0.447687 0.573741 0.451313 0.576556 0.457047 0.577611 0.460341 0.577491 0.464099 0.574796 0.467393 0.570463 0.470492 0.566125 0.472797 0.558278 0.473260 0.550426 0.473456 0.545153 0.471742 0.539528 0.470029 0.534843 0.468117 0.532148 0.464888 0.528866 0.463659 0.527597 0.461745 0.526532 0.457854 0.526532 0.452456 0.529824 0.451070 0.531583 0.449948 0.533810 0.447443 0.535204 0.445536 0.537792 0.443297 0.541542 0.441779 0.545292 0.441250 0.548912 0.441250 0.553838
17 0.420719 0.471454 0.416531 0.472787 0.413409 0.475565 0.411096 0.478787 0.408909 0.483787 0.407784 0.488005 0.407284 0.495560 0.407534 0.501889 0.409034 0.508556 0.412495 0.515454 0.417844 0.520074 0.422760 0.521106 0.427023 0.521106 0.432016 0.517120 0.435195 0.512755 0.437505 0.506968 0.438745 0.502634 0.437339 0.499847 0.435289 0.492750 0.435021 0.486028 0.435070 0.481995 0.435070 0.480162 0.433721 0.477764 0.431557 0.475079 0.427430 0.471991 0.424245 0.471204
17 0.260734 0.311782 0.264122 0.311954 0.267799 0.313157 0.271091 0.315051 0.273703 0.318319 0.276122 0.322620 0.277380 0.328986 0.277672 0.336384 0.277188 0.341718 0.276026 0.346880 0.274961 0.349806
2 0.365422 0.178917 0.364091 0.175833 0.363284 0.173255 0.361388 0.172032 0.359211 0.172032 0.352513 0.178273 0.348602 0.182718 0.347875 0.186662 0.347552 0.191111 0.347310 0.194051 0.350966 0.190093 0.364005 0.179852
5 0.377747 0.321963 0.374398 0.326329 0.371807 0.330245 0.372065 0.333236 0.375953 0.338306 0.378760 0.341861 0.379622 0.342440 0.384701 0.334181 0.381680 0.329546 0.378833 0.324190
5 0.482156 0.595935 0.486654 0.590125 0.484003 0.595347 0.481432 0.599685 0.480180 0.602380 0.479206 0.609097 0.478703 0.617278 0.479206 0.625306 0.480794 0.629917 0.480878 0.634375 0.481547 0.638093 0.481464 0.641218 0.479875 0.637500 0.477365 0.631255 0.476279 0.626495 0.475359 0.623523 0.473099 0.621736 0.470172 0.621588 0.467943 0.618333 0.470104 0.615241 0.476589 0.604921 0.478813 0.600444
5 0.543844 0.607602 0.544042 0.606079 0.543383 0.605144 0.542857 0.605144 0.542591 0.605727 0.541273 0.604440 0.541120 0.600477 0.540323 0.598454 0.539581 0.598148 0.538385 0.599565 0.537583 0.601042 0.536201 0.603852 0.534023 0.603736 0.532245 0.603153 0.531125 0.602565 0.530729 0.603505 0.530862 0.604440 0.530398 0.606782 0.527828 0.604792 0.525917 0.603505 0.526115 0.598347 0.524714 0.595208 0.521633 0.595769 0.521107 0.596940 0.520513 0.599755 0.495469 0.587921 0.488104 0.584792 0.486654 0.590125 0.484003 0.595347 0.481432 0.599685 0.480180 0.602380 0.479206 0.609097 0.478703 0.617278 0.479206 0.625306 0.480794 0.629917 0.480878 0.634375 0.481547 0.638093 0.481464 0.641218 0.482216 0.643000 0.482049 0.652667 0.484091 0.653426 0.486229 0.654120 0.487539 0.654231 0.491779 0.657866 0.496786 0.661500 0.503971 0.671458 0.508453 0.677199 0.512672 0.681769 0.512849 0.674551 0.514120 0.658338 0.513263 0.658921 0.512013 0.657986 0.510628 0.646032 0.508651 0.622134 0.510102 0.620727 0.506938 0.612407 0.507924 0.608074 0.507398 0.601157 0.508453 0.600106 0.508979 0.602097 0.510628 0.604088 0.512208 0.606199 0.513000 0.609125 0.513990 0.610884 0.516492 0.609944 0.520776 0.610417 0.522557 0.612875 0.528292 0.612056 0.531125 0.613343 0.533893 0.616389 0.541143 0.614519 0.541143 0.611468 0.543169 0.609644
5 0.383549 0.262292 0.390734 0.256736 0.396607 0.252847 0.401669 0.249519 0.404479 0.246852 0.409104 0.242296 0.406797 0.230801 0.404487 0.225148 0.401305 0.221681 0.398987 0.219116 0.399281 0.217315 0.397687 0.213838 0.397201 0.214194 0.397294 0.210884 0.396776 0.209384 0.396125 0.209384 0.394120 0.212542 0.393422 0.213972 0.392172 0.215639 0.390422 0.213306 0.388922 0.212306 0.388672 0.213861 0.389547 0.215306 0.389422 0.219306 0.388547 0.221194 0.391185 0.228644 0.391185 0.234088 0.390497 0.240199 0.389185 0.247417 0.385747 0.257968 0.383438 0.261079
5 0.322047 0.270407 0.318562 0.270394 0.314786 0.269185 0.311922 0.268329 0.311560 0.268685 0.311586 0.269560 0.315091 0.275597 0.321443 0.285181 0.324951 0.290556 0.327161 0.291847 0.330026 0.291847 0.332456 0.291176 0.334346 0.289347 0.336667 0.285509 0.339742 0.278884 0.350490 0.280806 0.357565 0.281671 0.360586 0.283444 0.362969 0.282662 0.363521 0.280556 0.363898 0.275778 0.364773 0.274338 0.366221 0.273310 0.369781 0.273639 0.372594 0.273204 0.375281 0.271426 0.380154 0.266310 0.383549 0.262292 0.383438 0.261079 0.385747 0.257968 0.389185 0.247417 0.390497 0.240199 0.391185 0.234088 0.391185 0.228644 0.388547 0.221194 0.387047 0.215750 0.383987 0.208639 0.381484 0.201296 0.378427 0.191755 0.376167 0.187000 0.368779 0.177792 0.366898 0.177792 0.364005 0.179852 0.350966 0.190093 0.339836 0.202139 0.334029 0.211769 0.330445 0.219856 0.328997 0.223986 0.329055 0.228681 0.328805 0.241759 0.328049 0.250829 0.327383 0.258417 0.325323 0.264833 0.324294 0.264741 0.323984 0.266370 0.329044 0.274343 0.334031 0.280125 0.334609 0.282181 0.332586 0.282181 0.327958 0.279611 0.325935 0.277810 0.324490 0.275884
8 0.531451 0.809278 0.530451 0.824051 0.530365 0.827269 0.530224 0.828949 0.529896 0.831519 0.528802 0.843588 0.528026 0.848579 0.517773 0.887389 0.519247 0.892241 0.521961 0.882269 0.529794 0.850778 0.531732 0.836671 0.533724 0.811977
5 0.546570 1.000000 0.553826 0.961491 0.574846 0.977009 0.577430 0.980245 0.578930 0.983032 0.581677 0.986472 0.583615 0.990241 0.584930 0.993593 0.583924 0.994815 0.583362 0.996259 0.582617 0.997810 0.582721 1.000000
5 0.303484 0.408218 0.303604 0.419407 0.337992 0.385292 0.344471 0.377000 0.350299 0.370782 0.355354 0.366634 0.360794 0.359727 0.364940 0.356731 0.376729 0.344523 0.375953 0.338306 0.372065 0.333236 0.371807 0.330245 0.374398 0.326329 0.374010 0.322181 0.372773 0.325255 0.371443 0.325829 0.367531 0.322028 0.354617 0.306356 0.349437 0.299884 0.346964 0.296648 0.345865 0.296560 0.344211 0.293852 0.343562 0.293162 0.342917 0.292931 0.343044 0.294315 0.342656 0.295694 0.341620 0.294542 0.340714 0.294542 0.316357 0.302606 0.317393 0.306519 0.313635 0.319648 0.312341 0.321491 0.313294 0.323681 0.318836 0.336134 0.318836 0.330972 0.319482 0.328894 0.329326 0.329106 0.330091 0.326167 0.331060 0.324949 0.332552 0.325167 0.335779 0.327102 0.336747 0.328894 0.336747 0.330829 0.335133 0.335417 0.333690 0.339963 0.335815 0.341296 0.338875 0.344407 0.338438 0.346185 0.337065 0.349630 0.339813 0.346963 0.344313 0.343296 0.348060 0.338745 0.349622 0.335412 0.349935 0.330523 0.350310 0.329856 0.351372 0.330412 0.351810 0.332412 0.351810 0.336190 0.350747 0.343519 0.349872 0.348963 0.347810 0.350741 0.347810 0.354736 0.344313 0.363403 0.343312 0.362069 0.341687 0.359958 0.339563 0.359625 0.336940 0.360181 0.335190 0.354514 0.332253 0.361847 0.328693 0.358292 0.330573 0.362639 0.330044 0.365106 0.328141 0.363116 0.321201 0.348185 0.313250 0.330472 0.304036 0.307778 0.302323 0.311273 0.300615 0.313630 0.299812 0.313630 0.327966 0.376750
5 0.393516 0.380880 0.416083 0.370343 0.412469 0.350935 0.402130 0.353250 0.397503 0.354023 0.400685 0.365972 0.400539 0.369185 0.399383 0.369958 0.397432 0.366102 0.394828 0.354407 0.383044 0.355819
5 0.413120 0.354606 0.416745 0.352829 0.420930 0.354829 0.435737 0.362713 0.414427 0.440398 0.412195 0.440921 0.406586 0.438167 0.409922 0.418870 0.412344 0.404824 0.411789 0.403486 0.402977 0.400829 0.393516 0.380880 0.416083 0.370343
5 0.470951 0.445560 0.473250 0.446421 0.476799 0.448139 0.480833 0.450579 0.486078 0.455097 0.487745 0.455074 0.489578 0.438273 0.492458 0.417833 0.492023 0.414838 0.489401 0.401681 0.489542 0.397787 0.489729 0.393139 0.489542 0.389569 0.488219 0.378926 0.487219 0.372593 0.485469 0.365259 0.483359 0.356588 0.482734 0.353255 0.482609 0.343255 0.481451 0.334384 0.479643 0.326546 0.477982 0.322431 0.476534 0.320125 0.473831 0.314000 0.471456 0.307782 0.470771 0.306333 0.469896 0.301671 0.469833 0.298444 0.467276 0.290838 0.464651 0.282833 0.463591 0.280394 0.463380 0.278417 0.461359 0.270838 0.458753 0.266074 0.455937 0.262861 0.449141 0.258505 0.444552 0.255338 0.441526 0.252745 0.440716 0.253324 0.440771 0.254667 0.449294 0.297120 0.451617 0.319315 0.452940 0.346801 0.452599 0.369481 0.451464 0.379852 0.450742 0.381032 0.453659 0.390630 0.456789 0.399176 0.457547 0.403782 0.458930 0.401046 0.463805 0.394935 0.467927 0.392824 0.471302 0.393269 0.475049 0.395713 0.478924 0.400157 0.481237 0.405486 0.482547 0.409597 0.482859 0.413819 0.479112 0.416819 0.478799 0.417708 0.482797 0.418375 0.482810 0.423949 0.481799 0.430759 0.480281 0.436546 0.475870 0.444000 0.471240 0.444644
8 0.310234 0.301060 0.310005 0.299477 0.311510 0.297694 0.338779 0.291000 0.338695 0.292787 0.340284 0.292190 0.340870 0.292190 0.341620 0.294542 0.340714 0.294542 0.316357 0.302606 0.312016 0.302120
5 0.385193 0.335046 0.385779 0.342056 0.386159 0.344838 0.386753 0.352324 0.387940 0.353861 0.394815 0.353500 0.397344 0.353241 0.402130 0.353250 0.412469 0.350935 0.418883 0.349352 0.419477 0.347815 0.417802 0.329000 0.415302 0.330435 0.407273 0.338319 0.400497 0.345755 0.398826 0.346940 0.387951 0.338764
5 0.417802 0.329000 0.419484 0.328056 0.421995 0.326125 0.423081 0.324190 0.424010 0.326694 0.424820 0.327269 0.426010 0.326792 0.426719 0.325741 0.427143 0.324005 0.426346 0.320991 0.429240 0.314954 0.430760 0.311144 0.440706 0.325347 0.435706 0.339120 0.434380 0.343111 0.431518 0.341093 0.430438 0.339750 0.429628 0.338981 0.428979 0.339560 0.428924 0.340421 0.429250 0.342056 0.428763 0.345222 0.427792 0.346278 0.418341 0.351269 0.417531 0.350694 0.417099 0.349829 0.418883 0.349352 0.419477 0.347815
5 0.442956 0.326458 0.443674 0.326370 0.446378 0.328662 0.446539 0.330241 0.448516 0.332968 0.450372 0.335190 0.451099 0.336481 0.451099 0.339565 0.450734 0.341787 0.449000 0.345157 0.439117 0.340856 0.442081 0.331903 0.443393 0.330236 0.443641 0.328569 0.442768 0.327681
8 0.372154 0.554384 0.370404 0.497847 0.373339 0.497736 0.373776 0.499069 0.373776 0.501292 0.373464 0.502514 0.372404 0.502625 0.373839 0.550718 0.374339 0.552384 0.374651 0.553829 0.374401 0.555051 0.372654 0.555162
5 0.587596 1.000000 0.587081 0.995745 0.584063 0.988880 0.578620 0.975106 0.576560 0.968565 0.575628 0.963569 0.567802 0.938005 0.564227 0.926301 0.561052 0.912185 0.561221 0.906977 0.566365 0.899287 0.573982 0.888736 0.584167 0.875194 0.591109 0.867222 0.595036 0.862454 0.597159 0.864046 0.602201 0.880167 0.615492 0.923931 0.626661 0.951338 0.634461 0.967597 0.642247 0.983306 0.647648 0.993167 0.647492 0.996366 0.644745 1.000000
8 0.689990 0.918889 0.692635 0.929736 0.696987 0.947125 0.702576 0.966421 0.703440 0.966926 0.704526 0.966801 0.705104 0.965259 0.703586 0.959218 0.691182 0.916088 0.690591 0.917926
5 0.678203 0.866829 0.675245 0.862306 0.672065 0.858194 0.665846 0.852667 0.661583 0.849713 0.655292 0.857681 0.650594 0.864106 0.647992 0.868991 0.643365 0.879144 0.640401 0.886083 0.637438 0.894306 0.634617 0.901375 0.636570 0.902403 0.636352 0.903819 0.633534 0.907801 0.630497 0.911917 0.634039 0.912171 0.634833 0.912685 0.640979 0.912815 0.642281 0.913583 0.642281 0.915769 0.642497 0.918213 0.642570 0.919111 0.641622 0.921519 0.643073 0.921306 0.643680 0.922093 0.644245 0.923958 0.645211 0.924176 0.645818 0.923741 0.645940 0.922458 0.652438 0.924315 0.652393 0.925468 0.653201 0.925824 0.654047 0.926255 0.654615 0.926889 0.655427 0.924343 0.658802 0.926000 0.659987 0.926556 0.661365 0.926778 0.665565 0.927736 0.665414 0.923222 0.665430 0.919130 0.662622 0.911907 0.661268 0.902444 0.661557 0.895389 0.662815 0.885236 0.665815 0.876806 0.668914 0.871301 0.672784 0.868204
5 0.517302 0.979676 0.524828 1.000000 0.546570 1.000000 0.546570 1.000000 0.546570 1.000000 0.553826 0.961491 0.574846 0.977009 0.572281 0.972657 0.571508 0.968181 0.571990 0.961472 0.571893 0.957000 0.572185 0.952356 0.568701 0.941000 0.566185 0.943579 0.562990 0.947537 0.558247 0.950806 0.556409 0.952181 0.550797 0.954935 0.545570 0.957343 0.540924 0.958204 0.535990 0.959750 0.532602 0.961301 0.530234 0.960185 0.530182 0.957500 0.536570 0.955106 0.547120 0.952699 0.548763 0.953384 0.550505 0.952528 0.552344 0.951148 0.555732 0.950977 0.559990 0.947880 0.564732 0.943407 0.567346 0.940481 0.568312 0.939620 0.567802 0.938005 0.564227 0.926301 0.561052 0.912185 0.561221 0.906977 0.557474 0.897125 0.555247 0.896782 0.549924 0.895750 0.547797 0.894889 0.547505 0.893514 0.545667 0.893514 0.545281 0.895236 0.542958 0.905727 0.541797 0.906245 0.527086 0.898676 0.526893 0.900051 0.529990 0.909171 0.532117 0.917083 0.529216 0.920181 0.534344 0.932398 0.534344 0.935319 0.533474 0.937384 0.530086 0.935838 0.527763 0.934287 0.523505 0.934977 0.517698 0.940829 0.513536 0.944782 0.514331 0.946694 0.515299 0.948588 0.517234 0.948931 0.519169 0.951509 0.520591 0.946644 0.521076 0.944231 0.527560 0.953523 0.527560 0.955588 0.525237 0.956792 0.524948 0.962296 0.526109 0.964537 0.525237 0.969009 0.524367 0.969352 0.523206 0.976750 0.523398 0.979505 0.523013 0.981222 0.522044 0.980190 0.518560 0.976407
8 0.532602 0.961301 0.530234 0.960185 0.530182 0.957500 0.536570 0.955106 0.547120 0.952699 0.548763 0.953384 0.550505 0.952528 0.552344 0.951148 0.555732 0.950977 0.559990 0.947880 0.564732 0.943407 0.567346 0.940481 0.568312 0.939620 0.568701 0.941000 0.566185 0.943579 0.562990 0.947537 0.558247 0.950806 0.556409 0.952181 0.550797 0.954935 0.545570 0.957343 0.540924 0.958204 0.535990 0.959750
5 0.610852 0.908838 0.614091 0.905093 0.615010 0.907014 0.615927 0.907972 0.616469 0.907014 0.616060 0.905616 0.620885 0.901569 0.622003 0.904556 0.624568 0.912690 0.626711 0.919630 0.628646 0.924880 0.630151 0.929315 0.630208 0.931435 0.629195 0.932014 0.628440 0.930958 0.627466 0.930861 0.626820 0.931435 0.626172 0.932106 0.623578 0.933741 0.623094 0.936046 0.622607 0.937199 0.621419 0.938542 0.615492 0.923931
5 0.335839 0.518139 0.339380 0.495389 0.341188 0.493625 0.365805 0.504917 0.365341 0.507065 0.361833 0.523894 0.359628 0.525935 0.358922 0.522171 0.356539 0.516995 0.353365 0.511977 0.347982 0.509778 0.344453 0.510250 0.339424 0.513699
5 0.360099 0.531565 0.359365 0.532366 0.359099 0.538639 0.358745 0.544755 0.356010 0.554796 0.355310 0.555968 0.355497 0.556500 0.356365 0.555731 0.358531 0.552931 0.360646 0.551528 0.363453 0.550477 0.365669 0.550741 0.368424 0.551440 0.370591 0.552315 0.372154 0.554384 0.371172 0.523009 0.362932 0.529102 0.361719 0.534389 0.359844 0.533167
5 0.372654 0.555162 0.374828 0.558181 0.377398 0.550685 0.381221 0.543421 0.382802 0.541778 0.380331 0.540468 0.379211 0.537421 0.380135 0.534843 0.381979 0.533787 0.382440 0.531681 0.391206 0.522773 0.390219 0.522306 0.389427 0.519611 0.388372 0.518324 0.389096 0.512231 0.390482 0.512111 0.391206 0.510940 0.390680 0.510356 0.391008 0.509185 0.395753 0.509301 0.398648 0.501931 0.384568 0.513398 0.385010 0.514361 0.385159 0.516722 0.383927 0.519171 0.382747 0.519523 0.382008 0.518296 0.381271 0.517597 0.380779 0.516199 0.379870 0.516333 0.373016 0.521722 0.373839 0.550718 0.374339 0.552384 0.374651 0.553829 0.374401 0.555051
5 0.661583 0.849713 0.665846 0.852667 0.672065 0.858194 0.675245 0.862306 0.676315 0.861852 0.676448 0.859861 0.677766 0.855995 0.670516 0.839944 0.669594 0.838306 0.667549 0.838306 0.664385 0.832796 0.665112 0.828463 0.663398 0.825648 0.661156 0.822370 0.658784 0.819907 0.657401 0.820963 0.655885 0.816977 0.657135 0.816394 0.656346 0.814634 0.648833 0.810769 0.647646 0.818384 0.644943 0.817801 0.645604 0.809949 0.644021 0.809713 0.637232 0.817097 0.630576 0.825065 0.618318 0.841699 0.619703 0.845801 0.637438 0.894306 0.640401 0.886083 0.643365 0.879144 0.642078 0.878884 0.638570 0.876037 0.638341 0.875764 0.631021 0.864782 0.628961 0.858412 0.629115 0.849602 0.630336 0.841875 0.632164 0.837264 0.634682 0.832657 0.637961 0.827505 0.642232 0.823843 0.645052 0.823167 0.647187 0.823167 0.650237 0.823981 0.653060 0.825880 0.653135 0.825880 0.655042 0.828861 0.658091 0.836046 0.659768 0.842144
5 0.618318 0.841699 0.610583 0.851500 0.621641 0.871968 0.622404 0.873056 0.622404 0.875356 0.622253 0.876986 0.618745 0.881324 0.618211 0.884440 0.616089 0.887431 0.618250 0.894343 0.618844 0.894917 0.619331 0.895593 0.619768 0.897171 0.621997 0.895838 0.622810 0.896616 0.623245 0.898394 0.623057 0.899727 0.620885 0.901569 0.622003 0.904556 0.624568 0.912690 0.634617 0.901375 0.637438 0.894306
5 0.489927 0.556157 0.488615 0.572921 0.488542 0.573509 0.497505 0.578884 0.500151 0.577352 0.500313 0.573032
5 0.433141 0.539894 0.430547 0.542023 0.424768 0.547495 0.427521 0.554597 0.429305 0.557861 0.429604 0.557338 0.431250 0.558745 0.433229 0.560620 0.435602 0.562495 0.435865 0.563903 0.434414 0.563315 0.431909 0.563551 0.432112 0.564773 0.434055 0.570343 0.434943 0.569523 0.434703 0.571880 0.435245 0.573704 0.436810 0.571972 0.438159 0.570343 0.438646 0.571593 0.438214 0.573125 0.441724 0.571111 0.442318 0.572264 0.441237 0.573222 0.437458 0.575620 0.436107 0.575912 0.437349 0.581190 0.439779 0.588389 0.449115 0.613968 0.449857 0.614491 0.458193 0.608838 0.467159 0.602792 0.470938 0.599236 0.472341 0.597032 0.482297 0.588917 0.482547 0.585894 0.483411 0.577444 0.483898 0.574662 0.484760 0.573222 0.486273 0.573417 0.487628 0.551130 0.487984 0.550991 0.484318 0.544389 0.484503 0.551583 0.484169 0.552889 0.472917 0.555634 0.472797 0.558278 0.470492 0.566125 0.467393 0.570463 0.464099 0.574796 0.460341 0.577491 0.457047 0.577611 0.451313 0.576556 0.447687 0.573741 0.443799 0.567296 0.442349 0.562144 0.441708 0.559343 0.438091 0.555125 0.435055 0.550796 0.433141 0.546685 0.432745 0.543880
5 0.524216 0.525806 0.524029 0.493370 0.513312 0.494028 0.512745 0.511787 0.512169 0.513454 0.511013 0.512431 0.511732 0.494306 0.505810 0.495204 0.500893 0.496102 0.495831 0.497523 0.491708 0.497782 0.493299 0.495847 0.478555 0.495727 0.482529 0.505231 0.478193 0.507931 0.478768 0.510241 0.487734 0.534792 0.495510 0.528486 0.502174 0.539324 0.499997 0.533315 0.503628 0.523537 0.510682 0.530426 0.510682 0.531759 0.514122 0.529986 0.516617 0.530088 0.518055 0.526981 0.520557 0.525644 0.522182 0.526208 0.523073 0.527264
5 0.483490 0.539537 0.486169 0.536083 0.487289 0.535361 0.484685 0.528421 0.482951 0.523148 0.477529 0.507597 0.472974 0.509782 0.470661 0.513384 0.467193 0.515824 0.464227 0.518269 0.460227 0.520287 0.461612 0.522907 0.463109 0.523509 0.468443 0.526648 0.469370 0.526944 0.481995 0.524361 0.482521 0.526583
5 0.417846 0.555037 0.424768 0.547495 0.430547 0.542023 0.433141 0.539894 0.439758 0.534403 0.448846 0.527505 0.456346 0.522171 0.460227 0.520287 0.464227 0.518269 0.467193 0.515824 0.470661 0.513384 0.472974 0.509782 0.477529 0.507597 0.478193 0.507931 0.482529 0.505231 0.478555 0.495727 0.477651 0.492398 0.477154 0.491611 0.474219 0.492282 0.468651 0.496060 0.464091 0.499681 0.461354 0.501093 0.458318 0.501991 0.453906 0.505324 0.452388 0.505843 0.449641 0.507898 0.447909 0.509444 0.446315 0.511500 0.441911 0.515273 0.439417 0.516944 0.435602 0.518935 0.431357 0.521824 0.426167 0.525940 0.418982 0.532597 0.413198 0.540486 0.413516 0.544523 0.413766 0.549556 0.416766 0.537477 0.417648 0.536069 0.418443 0.536694 0.417826 0.539046 0.415354 0.549870 0.416596 0.553931 0.417029 0.555176
5 0.414677 0.474407 0.409594 0.463495 0.408839 0.464838 0.405651 0.466565 0.400992 0.468190 0.399659 0.469060 0.399549 0.470407 0.401062 0.476167 0.407284 0.495560 0.407784 0.488005 0.408909 0.483787 0.411096 0.478787 0.413409 0.475565
8 0.381979 0.533787 0.383190 0.534847 0.410010 0.510426 0.409034 0.508556 0.408646 0.507037 0.396057 0.518523 0.391206 0.522773 0.382440 0.531681
5 0.465380 0.637292 0.465297 0.674315 0.465883 0.675505 0.474245 0.675208 0.475250 0.674315 0.476086 0.675505 0.480102 0.675653 0.481792 0.680333 0.481917 0.677889 0.486229 0.654120 0.484091 0.653426 0.482049 0.652667 0.479708 0.651773 0.476279 0.648056 0.469336 0.640769
15 0.690302 0.964065 0.705339 0.985657 0.709315 0.991699 0.715109 1.000000 0.720914 1.000000 0.721534 0.998509 0.691893 0.955583
15 0.734292 1.000000 0.716292 0.969403 0.714167 0.970292 0.713104 0.971625 0.713479 0.975958 0.716979 0.982954 0.719727 0.989509 0.726641 1.000000
5 0.495878 0.557296 0.497677 0.563981 0.501500 0.570356 0.502289 0.565014 0.504010 0.566241 0.503174 0.572630 0.510401 0.585051 0.517773 0.589810 0.521893 0.593796 0.524714 0.595208 0.525154 0.591352 0.532521 0.590713 0.536576 0.590324 0.538529 0.589171 0.549510 0.587625 0.549063 0.584028 0.547997 0.556269 0.545823 0.552028 0.544602 0.551644 0.543148 0.549458 0.541484 0.545472 0.539461 0.543417 0.535602 0.538019 0.534805 0.535963 0.533924 0.534972 0.533115 0.535421 0.531055 0.530542 0.527604 0.529444 0.524245 0.528755 0.522182 0.526208 0.520557 0.525644 0.518055 0.526981 0.516617 0.530088 0.514122 0.529986 0.510682 0.531759 0.510682 0.530426 0.503628 0.523537 0.499997 0.533315 0.502174 0.539324 0.504453 0.547829 0.504966 0.549551 0.504396 0.550769
5 0.565021 0.615324 0.558063 0.607542 0.559635 0.602556 0.565878 0.603606 0.570542 0.605426 0.572164 0.606782 0.573266 0.608366 0.574773 0.611245 0.576685 0.611833 0.580375 0.614153 0.584331 0.616847 0.584529 0.619426 0.586174 0.620833 0.584924 0.627861 0.585648 0.629852 0.585385 0.634421 0.584198 0.638759 0.581695 0.642389 0.578531 0.650593 0.574924 0.649667 0.576224 0.632315 0.574089 0.625403 0.573323 0.622157 0.572255 0.616181
5 0.551562 0.613449 0.554586 0.643458 0.556102 0.640412 0.557354 0.639005 0.558081 0.639356 0.557487 0.641347 0.555312 0.644042 0.554917 0.645329 0.555708 0.645917 0.557620 0.643458 0.559727 0.644981 0.563154 0.645917 0.564341 0.647792 0.565396 0.647792 0.563352 0.643458 0.562167 0.639708 0.560583 0.636426 0.559333 0.636074 0.559417 0.635000 0.556901 0.627139
5 0.512440 0.688708 0.512849 0.674551 0.514586 0.652046 0.515503 0.636806 0.516320 0.635352 0.536125 0.641523 0.538167 0.644245 0.540617 0.645514 0.543578 0.643880 0.546742 0.644065 0.551953 0.644954 0.554917 0.645329 0.555708 0.645917 0.564341 0.647792 0.565396 0.647792 0.567729 0.648694 0.574924 0.649667 0.578531 0.650593 0.583716 0.651343 0.599602 0.653917 0.610198 0.656042 0.612034 0.656583 0.613362 0.656583 0.613362 0.658764 0.610003 0.734750 0.603073 0.737602 0.583370 0.706745 0.580612 0.701486 0.569997 0.694042 0.566016 0.691139 0.558286 0.682431 0.554612 0.675894 0.550529 0.670995 0.546854 0.668454 0.544404 0.663190 0.541750 0.657204 0.536544 0.649944 0.533174 0.647222 0.530622 0.647042 0.527969 0.650125 0.522966 0.663009
5 0.543844 0.607602 0.545081 0.609111 0.548513 0.610060 0.550419 0.610736 0.551562 0.613449 0.554461 0.642185 0.551953 0.644954 0.546742 0.644065 0.543578 0.643880 0.540617 0.645514 0.538167 0.644245 0.536125 0.641523 0.516320 0.635352 0.515503 0.636806 0.514586 0.652046 0.514120 0.658338 0.513263 0.658921 0.512013 0.657986 0.510628 0.646032 0.508651 0.622134 0.510102 0.620727 0.506938 0.612407 0.507924 0.608074 0.507398 0.601157 0.508453 0.600106 0.508979 0.602097 0.510628 0.604088 0.512208 0.606199 0.513000 0.609125 0.513990 0.610884 0.516492 0.609944 0.520776 0.610417 0.522557 0.612875 0.528292 0.612056 0.531125 0.613343 0.533893 0.616389 0.541143 0.614519 0.541143 0.611468 0.543169 0.609644
5 0.551318 0.602380 0.558063 0.607542 0.565021 0.615324 0.572255 0.616181 0.573323 0.622157 0.574089 0.625403 0.576224 0.632315 0.574924 0.649667 0.569536 0.648931 0.567487 0.644069 0.562760 0.632528 0.561961 0.628981 0.560880 0.626755 0.559969 0.624731 0.558260 0.620171 0.552906 0.608120
5 0.545078 0.675824 0.543844 0.673000 0.542255 0.670333 0.538284 0.664685 0.529461 0.650569 0.527969 0.650125 0.522966 0.663009 0.512440 0.688708 0.501148 0.715662 0.500469 0.717468 0.501440 0.721005 0.503117 0.721819 0.508914 0.730495 0.526099 0.759301 0.527953 0.752398 0.528216 0.748005 0.530953 0.747694 0.511630 0.707069 0.518388 0.694472 0.521742 0.685532 0.524477 0.681769 0.529065 0.676750 0.534977 0.674083 0.541151 0.672514 0.543242 0.673940
5 0.511146 0.680139 0.508453 0.677199 0.503971 0.671458 0.500641 0.666847 0.499497 0.674708 0.497818 0.685620 0.498458 0.685963 0.498901 0.686315 0.498857 0.687370 0.498161 0.687708 0.497719 0.688769 0.496935 0.689731 0.495995 0.694366 0.493732 0.705917 0.494029 0.707231 0.494867 0.707407 0.494326 0.710120 0.493740 0.713278 0.495341 0.714903 0.496484 0.714495 0.497552 0.714903 0.497932 0.716394 0.498771 0.716394 0.499229 0.718565 0.501440 0.721005 0.500469 0.717468 0.501148 0.715662 0.507672 0.700194 0.508807 0.695032 0.510180 0.687125 0.510859 0.683074
8 0.628359 0.814301 0.635529 0.801421 0.646813 0.791255 0.648185 0.791796 0.650169 0.796000 0.648833 0.810769 0.647646 0.818384 0.644943 0.817801 0.645604 0.809949 0.646661 0.798440 0.644526 0.799796 0.635680 0.807116 0.630648 0.813894
5 0.546547 0.888667 0.545667 0.893514 0.545281 0.895236 0.542958 0.905727 0.541797 0.906245 0.527086 0.898676 0.525234 0.894537 0.523734 0.892028 0.524539 0.891556 0.525526 0.892167 0.525919 0.891819 0.525427 0.890944 0.524378 0.889556 0.524891 0.887731 0.530930 0.887532 0.537081 0.888037 0.542948 0.888241
5 0.547654 0.884468 0.549328 0.877815 0.551198 0.870199 0.557510 0.841907 0.558081 0.838773 0.554034 0.835630 0.547940 0.830468 0.542318 0.822134 0.540096 0.818792 0.536734 0.815657 0.533724 0.811977 0.532945 0.821829 0.534357 0.825704 0.536414 0.831727 0.536253 0.833444 0.534760 0.836171 0.535409 0.842991 0.535146 0.851190 0.534354 0.856931 0.531914 0.863259 0.529081 0.867361 0.526841 0.869819 0.524732 0.870759 0.523852 0.874315 0.525672 0.876852 0.528182 0.878866 0.531531 0.882019 0.533698 0.884292 0.537081 0.884495
5 0.558081 0.838773 0.560315 0.840981 0.561911 0.842194 0.563961 0.842194 0.565328 0.842699 0.565784 0.845333 0.565727 0.849384 0.564417 0.859412 0.562594 0.869838 0.560315 0.881181 0.548469 0.881181 0.549328 0.877815 0.551198 0.870199 0.557510 0.841907
5 0.571919 0.795278 0.573701 0.795620 0.574328 0.794500 0.576607 0.791662 0.577289 0.790954 0.576833 0.788019 0.577802 0.784778 0.582417 0.776375 0.583898 0.776574 0.585115 0.778634 0.585005 0.775759 0.586622 0.773468 0.588794 0.770856 0.591076 0.770278 0.593651 0.768500 0.604677 0.765616 0.613047 0.764389 0.614185 0.762019 0.607500 0.753333 0.582935 0.766894 0.582206 0.764667 0.580823 0.763968 0.578253 0.765255 0.574500 0.766954 0.575068 0.769894 0.574500 0.774653 0.572789 0.783157 0.572966 0.783532 0.573594 0.786569 0.573820 0.789912
5 0.600901 0.787208 0.608690 0.773287 0.607182 0.772569 0.606302 0.771458 0.601443 0.773097 0.596521 0.774463 0.596036 0.775704 0.595008 0.777532 0.595633 0.778764 0.597620 0.782690
5 0.622552 0.810681 0.625763 0.809588 0.636529 0.789134 0.636417 0.787106 0.625651 0.774144 0.624276 0.775495 0.624917 0.776019 0.625852 0.779694 0.626591 0.784949 0.626393 0.788009 0.626000 0.789060 0.625359 0.789236 0.626984 0.794139 0.627721 0.797639 0.626344 0.798602 0.621914 0.800176 0.619549 0.800699 0.621125 0.802625 0.622750 0.804991 0.622948 0.806389 0.622849 0.808315
5 0.622552 0.810681 0.623086 0.812324 0.625138 0.815259 0.629523 0.814954 0.632599 0.814954 0.635961 0.813843 0.640346 0.812222 0.645815 0.807764 0.646661 0.798440 0.644526 0.799796 0.635680 0.807116 0.630648 0.813894 0.628359 0.814301 0.635529 0.801421 0.646813 0.791255 0.648185 0.791796 0.650169 0.796000 0.650940 0.795611 0.651740 0.790144 0.652195 0.771310 0.651227 0.764426 0.649630 0.759056 0.641997 0.761690 0.635846 0.762903 0.631005 0.763310 0.630549 0.764727 0.632430 0.773537 0.633341 0.773639 0.633568 0.775259 0.633112 0.776880 0.634479 0.777384 0.634651 0.778903 0.633797 0.779713 0.632484 0.779005 0.632430 0.777894 0.631974 0.776676 0.631518 0.777690 0.630094 0.778296 0.630263 0.779815 0.636417 0.787106 0.636529 0.789134 0.625763 0.809588
5 0.556453 0.809912 0.558034 0.814481 0.558818 0.817037 0.560190 0.819676 0.561440 0.821292 0.562865 0.822602 0.564294 0.824324 0.566008 0.825968 0.569698 0.827606 0.572466 0.828310 0.574115 0.828310 0.574839 0.827472 0.578924 0.820824 0.581628 0.818000 0.568909 0.803120 0.568409 0.801051 0.567328 0.800037 0.566815 0.802569 0.565846 0.802569 0.564651 0.806218 0.557573 0.799134 0.556518 0.799370 0.555727 0.799019 0.554982 0.799755 0.553995 0.800458 0.552148 0.807255 0.551159 0.806083 0.551180 0.809093 0.552367 0.810384 0.554276 0.810968
5 0.581628 0.818000 0.582865 0.816620 0.586289 0.813134 0.584581 0.813639 0.577005 0.804421 0.577576 0.803917 0.572677 0.798042 0.573701 0.795620 0.571919 0.795278 0.571542 0.796898 0.569719 0.800444 0.568409 0.801051 0.568909 0.803120
5 0.407432 0.674046 0.412620 0.674046 0.412391 0.677296 0.412924 0.678926 0.428023 0.677435 0.430768 0.673907 0.434047 0.672958 0.436945 0.668894 0.438010 0.661843 0.437565 0.651921 0.437531 0.642144 0.437401 0.641009 0.436417 0.640306 0.434448 0.640398 0.432773 0.641185 0.432576 0.641968 0.431000 0.642144 0.430901 0.642144 0.431146 0.641361 0.430307 0.641009 0.427258 0.640750 0.419901 0.641417 0.417560 0.641523 0.413237 0.643745 0.412664 0.646079 0.412435 0.646171 0.412375 0.644856 0.411125 0.644153 0.410500 0.641917 0.409362 0.641727 0.407029 0.644463 0.407078 0.647792 0.408401 0.652028 0.406984 0.653833 0.406740 0.657505 0.406396 0.664676 0.406740 0.673694
8 0.438935 0.699870 0.438990 0.700426 0.447315 0.705051 0.457133 0.710241 0.463521 0.713745 0.465938 0.714593 0.467081 0.715213 0.467432 0.716171 0.466922 0.717755 0.466010 0.718444 0.464758 0.718444 0.453479 0.712500 0.447281 0.709338 0.440992 0.705227 0.439401 0.704986 0.437484 0.704088
5 0.397466 0.615157 0.398036 0.615366 0.405112 0.611815 0.411484 0.607685 0.411214 0.604231 0.410943 0.601255 0.410565 0.598856 0.411917 0.598565 0.412888 0.597704 0.413372 0.596838 0.412732 0.595065 0.410404 0.593384 0.410133 0.592134 0.406622 0.587333 0.401979 0.587620 0.400273 0.589116 0.395268 0.599412
5 0.402977 0.400829 0.411789 0.403486 0.412344 0.404824 0.409922 0.418870 0.406586 0.438167 0.400992 0.468190 0.399659 0.469060 0.399549 0.470407 0.397375 0.471917 0.396156 0.473005 0.394096 0.472190 0.393867 0.473815 0.396536 0.483440 0.397451 0.486287 0.396708 0.491856 0.385109 0.485880 0.379375 0.485176 0.360766 0.477991 0.358669 0.476574 0.367654 0.467500 0.402378 0.424690 0.409005 0.414153 0.408305 0.411995
5 0.300177 0.421486 0.301333 0.425435 0.313141 0.458125 0.330362 0.504343 0.351086 0.484097 0.367654 0.467500 0.402378 0.424690 0.409005 0.414153 0.408305 0.411995 0.393516 0.380880 0.379927 0.348440 0.376729 0.344523 0.364940 0.356731 0.360794 0.359727 0.355354 0.366634 0.350299 0.370782 0.344471 0.377000 0.337992 0.385292 0.303604 0.419407
5 0.530953 0.747694 0.511630 0.707069 0.518388 0.694472 0.521742 0.685532 0.524477 0.681769 0.529065 0.676750 0.534977 0.674083 0.541151 0.672514 0.543242 0.673940 0.545078 0.675824 0.549057 0.678083 0.553029 0.680903 0.554703 0.683102 0.556820 0.683417 0.559203 0.684981 0.560263 0.686394 0.560880 0.687491 0.562203 0.688120 0.564057 0.688903 0.566016 0.691139 0.569997 0.694042 0.580612 0.701486 0.583370 0.706745 0.603073 0.737685 0.583802 0.718361 0.572349 0.706815 0.568247 0.702157 0.564154 0.699023 0.560448 0.698519 0.559477 0.699458 0.558490 0.701106 0.573789 0.715806 0.584628 0.727380 0.587958 0.731269 0.596250 0.740949 0.588133 0.744556 0.581159 0.745935 0.569904 0.750991 0.570315 0.749444 0.570911 0.747310 0.564133 0.743764 0.561568 0.742347 0.560602 0.743565 0.560372 0.745588 0.561000 0.746704 0.561000 0.749134 0.549099 0.748861
5 0.485417 0.909894 0.487534 0.898444 0.494240 0.890130 0.496534 0.890130 0.498917 0.894051 0.499534 0.892329 0.500945 0.893736 0.500240 0.896093 0.511180 0.915227 0.512591 0.916796 0.512591 0.917579 0.513740 0.920403 0.515151 0.920560 0.515768 0.922755 0.515328 0.924324 0.516208 0.926208 0.517180 0.929185 0.516562 0.931852 0.513297 0.940324 0.511815 0.944111 0.509492 0.944111 0.509125 0.946847 0.506966 0.947486 0.505737 0.947366 0.504721 0.947366 0.503706 0.949551
5 0.502135 0.833148 0.501862 0.822370 0.500281 0.818972 0.498568 0.817917 0.495206 0.816157 0.492833 0.814282 0.491055 0.818032 0.489867 0.821667 0.489208 0.824713 0.486638 0.829398 0.483409 0.829514 0.478664 0.834556 0.477411 0.837130 0.478401 0.840648 0.479982 0.844630 0.483542 0.839241 0.482091 0.848616 0.484464 0.849787 0.487099 0.851894 0.490221 0.852602 0.492094 0.848051 0.493865 0.845074 0.496130 0.841921 0.497607 0.840958 0.497643 0.839356 0.497974 0.836662 0.499555 0.837014 0.500214 0.835843
5 0.500281 0.818972 0.502159 0.815764 0.503128 0.811106 0.504208 0.798954 0.503810 0.792069 0.501018 0.784981 0.498911 0.782449 0.494695 0.777486 0.493615 0.777282 0.485240 0.795917 0.478747 0.810704 0.477208 0.814954 0.477323 0.818500 0.478862 0.821231 0.486638 0.829398 0.489208 0.824713 0.489867 0.821667 0.491055 0.818032 0.492833 0.814282 0.495206 0.816157 0.498568 0.817917
5 0.448154 0.807741 0.449680 0.806792 0.449602 0.805301 0.457380 0.797167 0.462490 0.796079 0.467065 0.797167 0.470419 0.796894 0.472326 0.801639 0.476367 0.808958 0.477055 0.811130 0.477130 0.812889 0.475529 0.814519 0.470190 0.820347 0.468284 0.822380 0.465617 0.824685 0.460659 0.827125 0.456771 0.826991 0.454102 0.824551 0.453034 0.820347 0.448839 0.812755 0.447544 0.811532
5 0.406688 0.659523 0.402208 0.661273 0.399578 0.665361 0.395117 0.673963 0.396201 0.677815 0.396990 0.684727 0.399253 0.688139 0.403393 0.697398 0.402935 0.698694 0.405836 0.705958 0.411237 0.704199 0.417497 0.703028 0.425474 0.700444 0.428638 0.699630 0.426596 0.689199 0.424552 0.677838 0.412924 0.678926 0.412391 0.677296 0.412620 0.674046 0.407432 0.674046 0.406740 0.673694 0.406396 0.664676
5 0.427513 0.693648 0.438982 0.689431 0.439310 0.687556 0.443331 0.684981 0.445044 0.682403 0.450977 0.678185 0.452005 0.677366 0.452169 0.673954 0.451958 0.670171 0.450898 0.670324 0.450404 0.663810 0.447497 0.664324 0.447951 0.666644 0.448294 0.670500 0.446930 0.669889 0.446417 0.666856 0.445560 0.666644 0.445336 0.668579 0.444307 0.667968 0.442711 0.669690 0.441742 0.670194 0.441974 0.665130 0.441570 0.663000 0.440773 0.663000 0.441458 0.659861 0.443964 0.659764 0.444932 0.658347 0.447042 0.657833 0.447951 0.656218 0.448083 0.648801 0.445659 0.652458 0.440732 0.659130 0.439909 0.651370 0.437565 0.651921 0.438010 0.661843 0.436945 0.668894 0.434047 0.672958 0.430768 0.673907 0.428023 0.677435 0.424552 0.677838 0.426596 0.689199
6 0.381367 0.507620 0.399091 0.491690 0.400174 0.493093 0.400518 0.496505 0.400224 0.498431 0.398648 0.501931 0.384568 0.513398 0.384125 0.512782 0.383339 0.510069 0.383042 0.508319 0.382352 0.508144
6 0.345865 0.296560 0.359096 0.297977 0.374203 0.299773 0.388445 0.300931 0.390180 0.300546 0.390107 0.298491 0.388951 0.296690 0.379771 0.296046 0.369297 0.293981 0.359240 0.293606 0.346083 0.292319
6 0.451008 0.448931 0.450526 0.449384 0.450310 0.454088 0.465917 0.465894 0.474503 0.472324 0.475797 0.472421 0.476122 0.470120 0.475745 0.468005 0.462505 0.457704
5 0.403385 0.636681 0.407867 0.629903 0.410469 0.627079 0.433812 0.588005 0.435120 0.587884 0.436414 0.589935 0.435477 0.592000 0.416326 0.624120 0.404828 0.641722
5 0.470065 0.448375 0.472096 0.447907 0.474690 0.449245 0.477281 0.451625 0.483638 0.456681 0.485229 0.458319 0.484224 0.464264 0.483305 0.468431 0.480294 0.475269 0.475776 0.478394 0.475107 0.477204 0.473768 0.476014 0.464318 0.469468 0.461779 0.468468 0.460156 0.465134 0.458469 0.462579 0.456406 0.459806 0.452034 0.458583 0.450104 0.458750 0.450310 0.454088 0.465917 0.465894 0.474503 0.472324 0.475797 0.472421 0.476122 0.470120 0.475745 0.468005 0.462505 0.457704 0.467378 0.454815 0.469128 0.451375
6 0.439909 0.651370 0.444323 0.644306 0.452891 0.633287 0.478331 0.594940 0.482297 0.588917 0.485685 0.584102 0.487813 0.581176 0.488104 0.584792 0.486654 0.590125 0.482201 0.595972 0.478813 0.600444 0.476589 0.604921 0.470104 0.615241 0.465070 0.622125 0.459661 0.631639 0.445659 0.652458 0.440732 0.659130
5 0.437531 0.642144 0.437565 0.651921 0.439909 0.651370 0.444323 0.644306 0.448844 0.638148 0.449698 0.629236 0.449354 0.626403 0.449130 0.624685 0.447286 0.632069 0.443924 0.636991
5 0.443203 0.774431 0.443966 0.774227 0.443966 0.766500 0.444578 0.762704 0.443404 0.759097 0.442810 0.755699 0.443076 0.754296 0.443404 0.752185 0.444120 0.744810 0.448391 0.747792 0.449000 0.742778 0.449763 0.735861 0.453805 0.735861 0.452203 0.734370 0.452128 0.732204 0.452661 0.728949 0.453805 0.728000 0.455786 0.727593 0.459141 0.729218 0.460362 0.727185 0.460437 0.725968 0.460437 0.722440 0.456854 0.717968 0.453193 0.714037 0.451516 0.713764 0.441755 0.706986 0.440992 0.705227 0.439401 0.704986 0.439529 0.707634 0.437615 0.715500 0.436380 0.718829 0.436560 0.720181 0.435513 0.723616 0.433292 0.733435 0.428945 0.754028 0.428411 0.757282 0.428487 0.759315 0.428945 0.761347 0.430242 0.760940 0.431919 0.757009 0.431844 0.763519 0.432378 0.765685 0.433750 0.767856 0.434284 0.770162 0.434206 0.775583 0.439159 0.783338 0.440982 0.783338 0.442805 0.782833 0.442805 0.780912 0.441951 0.772810 0.442862 0.769162 0.443203 0.771389
5 0.394224 0.617634 0.394815 0.617079 0.397466 0.615157 0.398036 0.615366 0.405112 0.611815 0.411484 0.607685 0.411214 0.604231 0.413479 0.609255 0.413914 0.612468 0.414781 0.613495 0.415286 0.608870 0.415432 0.606815 0.416299 0.606431 0.416721 0.607051 0.415833 0.613616 0.415786 0.617903 0.410469 0.627079 0.407867 0.629903 0.403385 0.636681 0.403107 0.635088 0.396401 0.621287
5 0.407078 0.647792 0.404828 0.641722 0.416326 0.624120 0.424117 0.611083 0.426326 0.614417 0.427060 0.615005 0.427833 0.614352 0.428128 0.612648 0.425479 0.608792 0.435477 0.592000 0.436807 0.595713 0.438432 0.596157 0.442992 0.602269 0.448276 0.621407 0.446753 0.625870 0.444690 0.630685 0.441531 0.634972 0.437695 0.638384 0.433906 0.639611 0.429227 0.639694 0.425932 0.638639 0.423711 0.636287 0.422583 0.636190 0.423612 0.638991 0.425240 0.640046 0.427258 0.640750 0.419901 0.641417 0.417560 0.641523 0.413237 0.643745 0.412664 0.646079 0.412435 0.646171 0.412375 0.644856 0.411125 0.644153 0.410500 0.641917 0.409362 0.641727 0.407029 0.644463
5 0.443716 0.781819 0.444094 0.785903 0.446682 0.786755 0.458602 0.789463 0.476727 0.790861 0.477826 0.782088 0.478586 0.775449 0.479198 0.771787 0.480036 0.770431 0.480266 0.767856 0.480646 0.763245 0.481104 0.761213 0.482018 0.760940 0.481026 0.759588 0.480799 0.757148 0.481026 0.752130 0.481219 0.746051 0.481563 0.736588 0.474945 0.736745 0.470227 0.736486 0.460143 0.736019 0.453805 0.735861 0.449763 0.735861 0.449000 0.742778 0.448391 0.747792 0.448237 0.750773 0.446789 0.763653 0.445951 0.765144
5 0.679458 0.928764 0.674706 0.941556 0.668315 0.964583 0.667768 0.967694 0.660458 0.994463 0.659021 1.000000 0.659021 1.000000 0.644745 1.000000 0.644745 1.000000 0.647492 0.996366 0.647648 0.993167 0.642247 0.983306 0.634461 0.967597 0.626661 0.951338 0.622344 0.940306 0.623281 0.936977 0.624034 0.935190 0.628154 0.932412 0.630208 0.931435 0.630151 0.929315 0.628646 0.924880 0.629211 0.922440 0.629464 0.920884 0.641622 0.921519 0.641706 0.922741 0.641680 0.955602 0.642938 0.955440 0.645227 0.955935 0.645599 0.956681 0.645646 0.958676 0.646065 0.959505 0.646906 0.959671 0.647560 0.958921 0.647654 0.956435 0.650685 0.957097 0.656940 0.958755 0.662120 0.959671 0.663799 0.960250 0.665919 0.960495 0.666354 0.945588 0.666859 0.937875 0.666643 0.927208 0.666497 0.923481 0.665430 0.919130 0.666203 0.913454 0.666784 0.915347 0.668237 0.922403 0.668914 0.924292 0.672687 0.927389 0.676656 0.928769
5 0.659021 1.000000 0.660458 0.994463 0.667768 0.967694 0.668393 0.964583 0.669063 0.966606 0.670063 0.965495 0.672078 0.958829 0.673305 0.953690 0.674372 0.950690 0.675828 0.951477 0.678458 0.945079 0.679315 0.945356 0.680391 0.944000 0.681901 0.941324 0.688818 0.946602 0.691729 0.948810 0.692273 0.951787 0.691893 0.955583 0.690302 0.964065 0.683010 1.000000
