5 0.474010 0.294722 0.471198 0.311296 0.469982 0.323352 0.466299 0.327847 0.464422 0.333366 0.464279 0.323995 0.465794 0.312315 0.468880 0.298102
2 0.421458 0.300880 0.428891 0.324375 0.429781 0.323417 0.420396 0.289227 0.425599 0.280926 0.426276 0.280046 0.430104 0.296111 0.437057 0.320551 0.438307 0.318255 0.442594 0.324532 0.445221 0.322616 0.446263 0.318917 0.449523 0.322366 0.452227 0.321514 0.456518 0.318167 0.459208 0.310005 0.463732 0.290560 0.467615 0.275190 0.466104 0.274282 0.463901 0.276356 0.465328 0.271060 0.465456 0.268296 0.464602 0.267028 0.443201 0.294227 0.426870 0.239523 0.425240 0.237708 0.422987 0.237356 0.419526 0.240255 0.410573 0.252685
1 0.486523 0.377440 0.487656 0.381903 0.488792 0.384491 0.490086 0.387514 0.490328 0.391255 0.489617 0.393102 0.487932 0.396528 0.484578 0.399231 0.484253 0.394815 0.484253 0.394815 0.481687 0.401213 0.479159 0.404782 0.478430 0.407083 0.478430 0.411116 0.477635 0.413435 0.475859 0.415495 0.475859 0.415495 0.473815 0.419315 0.473250 0.422481 0.471711 0.441046 0.468716 0.445796 0.469039 0.447523 0.472521 0.442199 0.473250 0.439606 0.474383 0.421620 0.478914 0.413991 0.479805 0.406940 0.483286 0.402481 0.489599 0.397301 0.491542 0.388810 0.487576 0.377296
2 0.548789 0.469782 0.542406 0.458602 0.514401 0.449815 0.515964 0.445370 0.542781 0.453259 0.549727 0.466111
5 0.470260 0.396528 0.465039 0.394116 0.463206 0.401213 0.462799 0.405486 0.464594 0.407995 0.466893 0.413296 0.472388 0.415495 0.475859 0.415495 0.477635 0.413435 0.477789 0.410282 0.474935 0.405616 0.471016 0.401389 0.469536 0.411412 0.467930 0.410222
2 0.453458 0.424611 0.458677 0.419162 0.458594 0.415185 0.459669 0.415333 0.472924 0.461139 0.472180 0.462023 0.470523 0.458486 0.459115 0.468824
2 0.464602 0.267028 0.474589 0.250153 0.487823 0.222630 0.489195 0.223074 0.479456 0.247046 0.466846 0.267690
2 0.487401 0.438574 0.484961 0.446417 0.486180 0.447588 0.500354 0.449421 0.514341 0.449921 0.515935 0.445250 0.488620 0.438074
10 0.476299 0.360574 0.475789 0.357810 0.475789 0.353042 0.477383 0.343389 0.480828 0.337435 0.484078 0.334634 0.488312 0.334810 0.490776 0.334810 0.493534 0.338662 0.495010 0.343037 0.495305 0.344616 0.497177 0.353370 0.497177 0.358273 0.497570 0.363875 0.497177 0.368250 0.493633 0.374903 0.488018 0.376829 0.484375 0.375606 0.481141 0.373931 0.485982 0.353704 0.485159 0.351185 0.481966 0.358718 0.480841 0.348153 0.477799 0.347347
5 0.456641 0.397037 0.459747 0.402801 0.462109 0.405463 0.464594 0.407995 0.466893 0.413296 0.459669 0.415333 0.458594 0.415185 0.450612 0.415287 0.447505 0.404681
2 0.460664 0.416199 0.461039 0.419866 0.462914 0.425366 0.469286 0.431199 0.472193 0.429032 0.473130 0.423532 0.472388 0.415495 0.466893 0.413296
5 0.442594 0.324532 0.438307 0.318255 0.436354 0.322625 0.434398 0.327560 0.430365 0.323745 0.429656 0.323370 0.428891 0.324375 0.430464 0.332977 0.442026 0.346162 0.444234 0.344259 0.446945 0.341681 0.448773 0.337083 0.444096 0.327667 0.442594 0.324532
2 0.436589 0.359259 0.439594 0.357625 0.444359 0.361407 0.452177 0.366000 0.455474 0.369301 0.457682 0.396296 0.447474 0.404861
2 0.543216 0.296556 0.539747 0.290787 0.535607 0.281639 0.531245 0.270894 0.529341 0.260551 0.528109 0.253986 0.525201 0.244833 0.524305 0.240657 0.522740 0.236083 0.520055 0.236282 0.520055 0.246426 0.520500 0.254384 0.518263 0.247421 0.515130 0.239065 0.514458 0.237870 0.512109 0.239861 0.511661 0.241454 0.514570 0.261745 0.515914 0.264727 0.517255 0.274477 0.517591 0.286611 0.517703 0.288403 0.518935 0.290986 0.519383 0.293773 0.518375 0.295167 0.519383 0.305907 0.521508 0.305907 0.521844 0.303319 0.520055 0.298148 0.520948 0.296556 0.519047 0.279648 0.518711 0.272088 0.516471 0.260949 0.514794 0.245431 0.519047 0.258560 0.518823 0.262940 0.520724 0.272486 0.523299 0.299144 0.525312 0.295963 0.523747 0.284421 0.523188 0.271093 0.525133 0.278236 0.528927 0.290412 0.530862 0.289991 0.529331 0.281241 0.526589 0.273940 0.525224 0.269204 0.523690 0.266060 0.524732 0.258741 0.522482 0.245986 0.526914 0.261028 0.528279 0.268347 0.530057 0.275231 0.532799 0.282394 0.534333 0.287704 0.539333 0.293574 0.541432 0.296065 0.544036 0.300370
6 0.537885 0.406157 0.523802 0.406157 0.513273 0.408343 0.514641 0.413935 0.517648 0.414421 0.538159 0.410773
2 0.541740 0.319898 0.551961 0.282306 0.556372 0.289792 0.551560 0.311884 0.550458 0.333796 0.551862 0.356778 0.550359 0.355889 0.548956 0.344843 0.548854 0.323463 0.548956 0.318653 0.546951 0.332370 0.544747 0.340921 0.542370 0.339750 0.542242 0.327616
10 0.434974 0.352500 0.442026 0.346162 0.444234 0.344259 0.446945 0.341681 0.448773 0.337083 0.444107 0.327671 0.442594 0.324532 0.445221 0.322616 0.449924 0.323426 0.455263 0.325903 0.457935 0.329000 0.458630 0.335810 0.462115 0.336426 0.462729 0.336491 0.461615 0.339852 0.462799 0.341009 0.463797 0.337750 0.464672 0.339708 0.467745 0.340889 0.470438 0.343241 0.473922 0.347222 0.475789 0.353042 0.475789 0.357810 0.476010 0.359648 0.476299 0.360574 0.477799 0.347347 0.480841 0.348153 0.481966 0.358718 0.485159 0.351185 0.485982 0.353704 0.481141 0.373931 0.484578 0.380722 0.488654 0.388130 0.489617 0.393102 0.487932 0.396528 0.484578 0.399231 0.484253 0.394815 0.484253 0.394815 0.481687 0.401213 0.478891 0.401069 0.470964 0.401389 0.474083 0.379296 0.472888 0.379028 0.470260 0.396759 0.465039 0.394116 0.463206 0.401213 0.462799 0.405486 0.460557 0.400657 0.460638 0.398944 0.459513 0.362083 0.452177 0.366000 0.453690 0.359167 0.453437 0.357931 0.452807 0.358602 0.452745 0.357708 0.453122 0.351657 0.444802 0.360509 0.444359 0.361407 0.439594 0.357625 0.436693 0.359537
10 0.465794 0.312315 0.468880 0.298102 0.474010 0.294722 0.471198 0.311296 0.486302 0.305556 0.488589 0.301389 0.486885 0.286259 0.483604 0.273287 0.479469 0.272421 0.469984 0.274801 0.465607 0.282583 0.463732 0.290560 0.462445 0.298579 0.463661 0.311551
10 0.501852 0.299931 0.508385 0.283935 0.509901 0.285005 0.511953 0.287963 0.513229 0.291759 0.515786 0.295009 0.514055 0.304088 0.514922 0.316088 0.510680 0.315625 0.510505 0.309009 0.510161 0.308088 0.507305 0.309778 0.505859 0.308380 0.503229 0.304120
10 0.503677 0.426125 0.504247 0.424102 0.503831 0.413440 0.512310 0.409894 0.514641 0.413935 0.517648 0.414421 0.520521 0.413935 0.520672 0.428958 0.519922 0.431181 0.518924 0.432736 0.512987 0.438176 0.512362 0.437176
10 0.534844 0.406065 0.536719 0.399769 0.534742 0.388898 0.530229 0.386708 0.526128 0.388167 0.523255 0.396917 0.522435 0.402269 0.523802 0.406157 0.523802 0.406157
10 0.497177 0.368250 0.497570 0.363875 0.497177 0.358273 0.497177 0.353370 0.495305 0.344616 0.495010 0.343037 0.493534 0.338662 0.492414 0.317935 0.501177 0.313046 0.507021 0.313046 0.507708 0.328319 0.510026 0.347412 0.514151 0.357037 0.518445 0.366046 0.521797 0.363755 0.527036 0.363755 0.530302 0.373069 0.532193 0.378417 0.532969 0.384306 0.533490 0.388287 0.530229 0.386708 0.526128 0.388167 0.523234 0.396903 0.522760 0.400093 0.521479 0.401231 0.522031 0.406528 0.515268 0.407741 0.509424 0.392468 0.505904 0.385597
10 0.496747 0.373273 0.497477 0.394907 0.506547 0.407185 0.505661 0.407514 0.505753 0.409176 0.508927 0.408181 0.509424 0.392468 0.505904 0.385597 0.497177 0.368250
10 0.546974 0.490421 0.539247 0.498981 0.537456 0.500972 0.536112 0.502366 0.535216 0.504157 0.534219 0.529352 0.539115 0.528750 0.542151 0.526051
10 0.501555 0.455352 0.504885 0.459051 0.504885 0.461028 0.497112 0.464236 0.496971 0.467940 0.494716 0.471269 0.480201 0.499630 0.476591 0.494273 0.473357 0.497579 0.475354 0.506194 0.473424 0.507579 0.467109 0.500718 0.474966 0.490718 0.466193 0.477440 0.468344 0.469097 0.470273 0.460731 0.470578 0.458954 0.472190 0.462111 0.472966 0.460880 0.469039 0.447796 0.475161 0.437949 0.479755 0.427065 0.483172 0.421537 0.486477 0.408653 0.489609 0.396944 0.491224 0.394583 0.490938 0.391157 0.491516 0.388514 0.489375 0.382361 0.496292 0.382588 0.495971 0.387352 0.497263 0.394264 0.502943 0.405074 0.502622 0.408676 0.500430 0.410699 0.497112 0.415736 0.498000 0.418204 0.501247 0.413144 0.503831 0.413440 0.504247 0.424102 0.503677 0.426125 0.490544 0.409838 0.489253 0.409838 0.488753 0.412134 0.502706 0.429435 0.492974 0.437653 0.492487 0.438667 0.487378 0.437505 0.484714 0.446144 0.485031 0.447454 0.489169 0.448884 0.491266 0.450611 0.491266 0.456537 0.497513 0.454782
10 0.535766 0.449120 0.538990 0.447847 0.541857 0.442116 0.543917 0.438134 0.547500 0.437815 0.548932 0.445778 0.548396 0.455171 0.549164 0.463944 0.549727 0.466111 0.542781 0.453259 0.534107 0.450537 0.535326 0.449671
10 0.521581 0.524495 0.514948 0.540616 0.513969 0.547333 0.510750 0.554792 0.509911 0.562505 0.511591 0.568227 0.502917 0.570213 0.504315 0.573699 0.513969 0.573199 0.517188 0.582403 0.524323 0.580912 0.528438 0.526986
10 0.501852 0.299931 0.501737 0.301403 0.501229 0.301324 0.501076 0.303889 0.498581 0.305157 0.498138 0.305995 0.499406 0.313366 0.501177 0.313046 0.507021 0.313046 0.507495 0.323991 0.511294 0.322116 0.510362 0.319630 0.509055 0.319412 0.508891 0.316435 0.509995 0.316361 0.510680 0.315625 0.510505 0.309009 0.510161 0.308088 0.507305 0.309778 0.505859 0.308380 0.503229 0.304120
10 0.486331 0.305565 0.490182 0.308111 0.492510 0.305088 0.493573 0.304111 0.494956 0.303699 0.496432 0.304356 0.498138 0.305995 0.499406 0.313366 0.492414 0.317935 0.493534 0.338662 0.490776 0.334810 0.488312 0.334810 0.484078 0.334634 0.480828 0.337435 0.478518 0.341153 0.473055 0.325866 0.473594 0.321884 0.472698 0.320296 0.469982 0.323352 0.471198 0.311296
10 0.508773 0.460083 0.506195 0.459574 0.505240 0.456519 0.505240 0.453801 0.510586 0.451926 0.514341 0.449921 0.542406 0.458602 0.548789 0.469782 0.547547 0.479949 0.544490 0.481644 0.541721 0.470102 0.539143 0.467213 0.535133 0.469593 0.531503 0.487417 0.529305 0.492852 0.525294 0.494208 0.521760 0.488435 0.514216 0.479949 0.511448 0.460931
10 0.520422 0.413852 0.520672 0.428958 0.519922 0.431181 0.518924 0.432736 0.512987 0.438176 0.513583 0.439329 0.513583 0.439329 0.514297 0.441065 0.515935 0.445250 0.519635 0.446389 0.526224 0.442685 0.529828 0.431829 0.534005 0.430972 0.535451 0.425833 0.534010 0.411389
10 0.460349 0.305088 0.459208 0.310005 0.456518 0.318167 0.452227 0.321514 0.463990 0.334375 0.464422 0.333366 0.464279 0.323995 0.465794 0.312315 0.463661 0.311551 0.463055 0.306167
5 0.452177 0.366000 0.459086 0.362130 0.460411 0.399602 0.457682 0.396296 0.455474 0.369301
10 0.489599 0.397301 0.483286 0.402481 0.479805 0.406940 0.478914 0.413991 0.474383 0.421620 0.473250 0.439606 0.472521 0.442199 0.475161 0.437949 0.479755 0.427065 0.483172 0.421537 0.486477 0.408653
10 0.469966 0.326269 0.472518 0.323000 0.472250 0.328417 0.477714 0.342426 0.477383 0.343389 0.475789 0.353042 0.473922 0.347222 0.470438 0.343241
10 0.509354 0.336866 0.514857 0.326213 0.516862 0.317667 0.519240 0.311343 0.521508 0.305907 0.527154 0.292884 0.528927 0.290412 0.530862 0.289991 0.531375 0.291602 0.537375 0.292926 0.539615 0.297241 0.539234 0.303565 0.540885 0.325019 0.541602 0.332657 0.540828 0.342491 0.540313 0.348255 0.534318 0.361245 0.533648 0.361185 0.532279 0.361426 0.528589 0.365074 0.527036 0.363755 0.521797 0.363755 0.518445 0.366046 0.514151 0.357037 0.510026 0.347412
10 0.543083 0.392056 0.529135 0.368477 0.528589 0.365074 0.532279 0.361426 0.533648 0.361185 0.538766 0.369500 0.545406 0.383306
10 0.541271 0.360185 0.544776 0.354218 0.549326 0.354745 0.550359 0.355889 0.551862 0.356778 0.553401 0.358676 0.552310 0.360583 0.548432 0.363764 0.545406 0.383306 0.538766 0.369500 0.540055 0.364921 0.540055 0.364921
10 0.531013 0.579153 0.536245 0.577356 0.537089 0.566255 0.538271 0.558755 0.542151 0.526051 0.539115 0.528750 0.534219 0.529352
10 0.504510 0.510069 0.489680 0.541662 0.486182 0.581708 0.479466 0.572005 0.482964 0.533949 0.479607 0.535440 0.476109 0.546384 0.469812 0.544398 0.467854 0.530218 0.468971 0.515046 0.479607 0.501366 0.494716 0.471269 0.500594 0.464301 0.511086 0.461815 0.514026 0.479972 0.522979 0.490667 0.525497 0.494648 0.515844 0.498630 0.516544 0.505097 0.527177 0.502361 0.528438 0.516042 0.528438 0.526986 0.521581 0.524495 0.511367 0.512310
5 0.460081 0.473750 0.468281 0.468968 0.466117 0.477481 0.474906 0.490542 0.463885 0.503954
5 0.557305 0.340398 0.561344 0.326606 0.570133 0.347296 0.570370 0.358560 0.567521 0.357718 0.564906 0.358421 0.563956 0.358704 0.563323 0.355884 0.559922 0.354676 0.553724 0.359074 0.554714 0.354722 0.556198 0.349815 0.559010 0.347778
