1 0.444578 0.384250 0.443471 0.386921 0.443234 0.390292 0.444104 0.392824 0.445841 0.396356 0.449641 0.402398 0.452245 0.406463 0.457937 0.411657 0.462919 0.415310 0.466294 0.419639 0.468112 0.423435 0.469141 0.428069 0.470643 0.427931 0.469695 0.423435 0.467875 0.418231 0.464792 0.413736 0.460208 0.409097 0.457044 0.407116 0.454516 0.405431 0.451948 0.402301 0.450943 0.401329 0.446846 0.395606 0.444711 0.391389 0.444474 0.388856 0.444792 0.385625 0.447638 0.385625 0.451589 0.388282 0.453503 0.389292 0.453961 0.388000 0.450055 0.385213 0.448958 0.384398 0.446609 0.383657
1 0.480424 0.389926 0.480607 0.382611 0.480148 0.375292 0.478503 0.368139 0.475849 0.363583 0.474286 0.361745 0.472391 0.359921 0.469263 0.358380 0.465148 0.357894 0.460299 0.360333 0.456732 0.364722 0.453987 0.368463 0.451609 0.375778 0.450055 0.385213 0.448958 0.384398 0.451154 0.373343 0.453987 0.365699 0.458380 0.359356 0.462313 0.356755 0.466154 0.355778 0.470635 0.356264 0.474604 0.358653 0.475203 0.360157 0.476398 0.361296 0.478229 0.364884 0.480333 0.370741 0.481339 0.375616 0.482161 0.381634 0.482253 0.386676 0.481979 0.389278 0.481339 0.391065
1 0.553995 0.334444 0.559117 0.340458 0.562685 0.346801 0.564789 0.353796 0.565242 0.353204 0.566070 0.352329 0.563417 0.344037 0.559576 0.336394 0.555505 0.332477 0.555578 0.330509 0.555185 0.329370 0.554315 0.327403 0.553081 0.327125 0.553292 0.328394 0.552185 0.330213 0.547758 0.329792 0.545672 0.329727 0.542469 0.332977 0.540794 0.338083 0.539854 0.343144 0.540794 0.350315 0.542771 0.357486 0.545617 0.363537 0.548151 0.367324 0.550729 0.370056 0.552917 0.370185 0.555789 0.371389 0.551599 0.368185 0.547820 0.364204 0.543630 0.356218 0.541682 0.349597 0.541151 0.344556 0.541151 0.340051 0.542745 0.335630 0.545224 0.333532 0.546997 0.332588 0.550245 0.332491 0.552669 0.333954
1 0.564331 0.334769 0.567898 0.339972 0.570917 0.347454 0.572107 0.352005 0.573544 0.352782 0.573112 0.348917 0.569089 0.337532 0.563143 0.329565 0.557745 0.325171 0.552258 0.324037 0.548141 0.324847 0.543477 0.328750 0.540549 0.333306 0.538169 0.339319 0.536797 0.347292 0.537255 0.355259 0.538445 0.362088 0.540823 0.370870 0.540091 0.372657 0.540549 0.374773 0.541281 0.375583 0.542013 0.374935 0.543109 0.371843 0.541005 0.365667 0.538719 0.356884 0.538445 0.346315 0.539724 0.339157 0.542469 0.332977 0.545672 0.329727 0.549146 0.327611 0.553081 0.327125 0.557104 0.328588 0.561130 0.331028
17 0.573544 0.352782 0.577656 0.355593 0.582003 0.360509 0.585404 0.367819 0.588091 0.376394 0.589198 0.384403 0.589198 0.389602 0.588169 0.393116 0.586193 0.395787 0.583268 0.398176 0.580896 0.398319 0.577576 0.397898 0.573940 0.395648 0.569828 0.382856 0.569750 0.378218 0.569117 0.373861 0.567932 0.370630 0.566349 0.367255 0.564294 0.363884 0.562398 0.364444 0.561922 0.364444 0.562477 0.360088 0.563424 0.356292 0.565242 0.353204 0.567063 0.351796 0.570224 0.351236
16 0.370172 0.332083 0.372917 0.335824 0.374839 0.340218 0.376594 0.343750 0.380193 0.348079 0.381568 0.351653 0.382628 0.356546 0.384352 0.357616 0.384990 0.352412 0.385581 0.345037 0.380289 0.341269 0.373940 0.332806 0.370878 0.326046 0.369076 0.330944
16 0.393695 0.385935 0.385146 0.379120 0.383664 0.363319 0.384352 0.357616 0.384990 0.352412 0.385581 0.345037 0.388437 0.345782 0.390979 0.344657 0.393099 0.341269 0.395849 0.336944 0.398495 0.332806 0.399836 0.330616 0.403328 0.331935 0.417193 0.333250 0.425130 0.333815 0.435078 0.337579 0.436826 0.338727 0.438242 0.343074 0.436826 0.342509 0.435714 0.341810 0.434612 0.341662 0.434138 0.342792 0.433417 0.343921 0.432391 0.345046 0.431130 0.346310 0.429544 0.348546 0.426781 0.350935 0.425203 0.353329 0.422909 0.356148 0.421880 0.358255 0.421089 0.361343 0.420378 0.365426 0.419849 0.370296 0.419956 0.381213 0.421224 0.390620 0.421859 0.393440 0.423237 0.396454 0.423552 0.397579 0.421859 0.397579 0.419214 0.396639
16 0.445164 0.348662 0.438242 0.343074 0.436826 0.342509 0.435714 0.341810 0.434612 0.341662 0.434138 0.342792 0.433417 0.343921 0.432391 0.345046 0.431130 0.346310 0.429544 0.348546 0.426781 0.350935 0.425203 0.353329 0.422909 0.356148 0.421880 0.358255 0.421089 0.361343 0.420378 0.365426 0.419849 0.370296 0.419956 0.381213 0.421224 0.390620 0.421859 0.393440 0.423237 0.396454 0.423552 0.397579 0.425341 0.397074 0.428760 0.396338 0.434477 0.393139 0.439344 0.392764 0.443630 0.394532 0.445841 0.396356 0.444104 0.392824 0.443234 0.390292 0.443471 0.386921 0.443917 0.385255 0.442339 0.381477 0.440836 0.375981 0.440359 0.370639 0.440594 0.362356 0.441385 0.358556 0.442096 0.355472
16 0.433000 0.435588 0.436430 0.434065 0.442797 0.434065 0.453451 0.437764 0.453818 0.440162 0.456354 0.441556 0.457578 0.437199 0.457615 0.427532 0.456560 0.418074 0.456560 0.414824 0.456536 0.410838 0.452245 0.406463 0.450034 0.406046 0.447820 0.401139 0.445208 0.397338 0.443557 0.396208 0.439122 0.395361 0.436276 0.395361 0.430508 0.398032 0.424263 0.402681 0.418961 0.408023 0.416357 0.411671 0.415013 0.414759
16 0.489589 0.295889 0.497180 0.290014 0.500977 0.285440 0.503547 0.282394 0.505263 0.281088 0.506365 0.281088 0.506854 0.283917 0.514789 0.295935 0.521844 0.305838 0.526607 0.318074 0.530893 0.326347 0.534565 0.336796 0.536771 0.344417 0.535055 0.349204 0.529299 0.358782 0.526607 0.366185 0.522320 0.376852 0.518279 0.383384 0.513503 0.386648 0.511789 0.387306 0.510076 0.386648 0.506768 0.380556 0.499544 0.366403 0.489258 0.345722 0.486685 0.340282 0.479706 0.333750 0.477255 0.331356 0.476276 0.330264 0.476154 0.328306 0.477133 0.323954 0.483258 0.308931
16 0.458510 0.340625 0.458406 0.336676 0.459146 0.334417 0.460310 0.332347 0.462003 0.330653 0.463484 0.330278 0.469836 0.331032 0.473753 0.331407 0.475128 0.328208 0.476154 0.328306 0.476276 0.330264 0.477255 0.331356 0.479706 0.333750 0.486685 0.340282 0.489258 0.345722 0.499544 0.366403 0.503143 0.373347 0.503143 0.398898 0.496898 0.401907 0.491182 0.406801 0.486208 0.413574 0.482810 0.421306 0.482917 0.422792 0.479687 0.423741 0.482247 0.419528 0.484169 0.414481 0.484904 0.408620 0.486091 0.395944 0.485727 0.385694 0.485117 0.375519 0.483458 0.367227 0.481086 0.361468 0.478003 0.359079 0.474604 0.358653 0.470635 0.356264 0.466154 0.355778 0.462313 0.356755 0.460849 0.357259 0.460576 0.354833 0.460766 0.351898
16 0.463661 0.373218 0.463346 0.368435 0.466224 0.365824 0.470018 0.363713 0.474286 0.361745 0.475849 0.363583 0.478503 0.368139 0.480148 0.375292 0.480578 0.380838 0.478932 0.377912 0.475823 0.374495 0.471615 0.371407 0.465943 0.371731
16 0.464060 0.376773 0.465156 0.388481 0.465888 0.395963 0.466346 0.399537 0.466922 0.402662 0.468185 0.408741 0.470562 0.418662 0.472565 0.419361 0.476958 0.418074 0.480727 0.414972 0.481906 0.409620 0.482547 0.401602 0.481987 0.393181 0.481339 0.391065 0.480424 0.389926 0.480487 0.386042 0.478109 0.380347 0.474818 0.375958 0.469510 0.373032 0.467042 0.373032 0.463922 0.374852
16 0.525854 0.412426 0.529029 0.407347 0.533263 0.400384 0.537812 0.394593 0.537677 0.397394 0.538729 0.397245 0.538872 0.394361 0.541518 0.389282 0.544164 0.387968 0.546599 0.387588 0.547339 0.384954 0.550302 0.378370 0.552737 0.375171 0.554964 0.372611 0.555789 0.371389 0.556260 0.370935 0.557440 0.369676 0.561922 0.364444 0.562398 0.364444 0.564294 0.363884 0.566349 0.367255 0.567932 0.370630 0.569117 0.373861 0.569750 0.378218 0.569828 0.382856 0.566333 0.374935 0.565328 0.374935 0.564688 0.376722 0.569242 0.387051 0.569016 0.391259 0.567586 0.397579 0.565375 0.403208 0.563773 0.407704 0.562747 0.409407 0.560547 0.412051 0.555013 0.416829 0.549487 0.421194 0.546112 0.421722 0.535315 0.422662 0.530977 0.423227 0.528542 0.421722 0.525685 0.414384
16 0.529891 0.424407 0.530977 0.423227 0.535315 0.422662 0.546112 0.421722 0.549487 0.421194 0.555013 0.416829 0.560547 0.412051 0.560638 0.417264 0.559008 0.418370 0.556263 0.421949 0.555349 0.441296 0.553648 0.437412 0.550367 0.433083 0.544862 0.428005 0.541266 0.427630 0.534596 0.433083 0.531422 0.440046 0.529516 0.449079 0.529159 0.457435 0.527422 0.453782 0.525995 0.450269 0.525284 0.445773 0.526042 0.443259 0.527888 0.435486 0.528982 0.429778 0.529117 0.426981 0.528708 0.424310
16 0.536120 0.360833 0.538445 0.362088 0.540823 0.370870 0.540091 0.372657 0.540549 0.374773 0.541281 0.375583 0.542013 0.374935 0.543109 0.371843 0.541005 0.365667 0.540555 0.363523 0.550729 0.370056 0.547857 0.370657 0.544034 0.373583 0.541023 0.378676 0.538773 0.385245 0.537812 0.391440 0.537812 0.394593 0.533263 0.400384 0.529029 0.407347 0.525854 0.412426 0.525685 0.414384 0.528542 0.421722 0.530977 0.423227 0.529891 0.424407 0.528708 0.424310 0.528094 0.423463 0.526659 0.422977 0.525086 0.423218 0.523719 0.425282 0.522560 0.425667 0.521768 0.423843 0.518711 0.411671 0.517768 0.410282 0.516266 0.410565 0.515526 0.406801 0.512138 0.401157 0.508328 0.398523 0.507237 0.398708 0.506768 0.380556 0.510076 0.386648 0.511789 0.387306 0.513503 0.386648 0.518279 0.383384 0.522320 0.376852 0.526607 0.366185 0.529299 0.358782 0.532534 0.360704
16 0.553880 0.372259 0.554964 0.372611 0.552737 0.375171 0.550302 0.378370 0.547339 0.384954 0.546599 0.387588 0.544164 0.387968 0.541518 0.389282 0.538872 0.394361 0.539276 0.389116 0.541198 0.381634 0.544125 0.375778 0.547510 0.372528 0.549906 0.371551 0.552779 0.371796
16 0.463951 0.278440 0.471784 0.278440 0.481096 0.276750 0.484589 0.275995 0.489776 0.276750 0.491576 0.278255 0.491997 0.281074 0.490940 0.289542 0.489589 0.295889 0.483258 0.308931 0.477133 0.323954 0.476154 0.328306 0.475128 0.328208 0.473753 0.331407 0.469836 0.331032 0.463484 0.330278 0.462003 0.330653 0.460310 0.332347 0.459146 0.334417 0.458406 0.336676 0.456120 0.300755 0.457760 0.297653 0.461422 0.285778 0.463432 0.278949
16 0.439513 0.254227 0.451156 0.269468 0.458034 0.279815 0.461422 0.285778 0.457760 0.297653 0.456120 0.300755 0.458406 0.336676 0.458510 0.340625 0.456234 0.340569 0.453029 0.340569 0.451198 0.341380 0.446995 0.345125 0.443706 0.340889 0.438857 0.330634 0.431406 0.316259 0.424526 0.306287 0.419448 0.299894 0.417542 0.297634 0.419341 0.294236 0.421445 0.286847 0.424844 0.277431 0.428560 0.270264 0.433305 0.261833 0.435206 0.257856 0.437862 0.254602
16 0.413464 0.304352 0.413591 0.333097 0.417193 0.333250 0.425130 0.333815 0.434055 0.334620 0.437961 0.328958 0.431406 0.316259 0.424526 0.306287 0.419448 0.299894 0.417542 0.297634
16 0.403229 0.323102 0.409604 0.310981 0.413464 0.304352 0.413591 0.333097 0.403328 0.331935 0.399836 0.330616 0.400716 0.327912 0.400979 0.327870
5 0.458737 0.362486 0.460299 0.360333 0.461438 0.359856 0.462122 0.362653 0.462737 0.365810 0.460690 0.367509 0.458000 0.371727 0.458240 0.373273 0.460294 0.371306 0.462745 0.368917 0.463346 0.368435 0.463661 0.373218 0.461279 0.375144 0.456706 0.381162 0.453961 0.388000 0.450055 0.385213 0.451609 0.375778 0.453987 0.368463 0.456732 0.364722
5 0.439693 0.444486 0.462237 0.469889 0.472273 0.482699 0.471536 0.474426 0.468966 0.465500 0.464068 0.452440 0.459781 0.444819 0.456354 0.441556 0.453818 0.440162 0.450807 0.438653 0.447208 0.438653 0.443609 0.439218
5 0.459224 0.343907 0.460766 0.351898 0.460576 0.354833 0.460849 0.357259 0.458380 0.359356 0.453987 0.365699 0.451154 0.373343 0.448958 0.384398 0.446609 0.383657 0.444578 0.384250 0.443917 0.385255 0.442339 0.381477 0.440836 0.375981 0.440359 0.370639 0.440594 0.362356 0.441385 0.358556 0.442096 0.355472 0.445164 0.348662 0.446995 0.345125 0.451198 0.341380 0.453029 0.340569 0.456234 0.340569 0.458510 0.340625
5 0.457591 0.418935 0.460125 0.421005 0.465156 0.423116 0.468112 0.423435 0.469141 0.428069 0.468599 0.428056 0.462354 0.431106 0.457578 0.437199 0.457615 0.427532 0.456560 0.418074
5 0.454112 0.397009 0.455424 0.397940 0.457846 0.398361 0.460318 0.398333 0.463977 0.405167 0.467362 0.415245 0.469008 0.418662 0.467875 0.418231 0.464792 0.413736 0.460208 0.409097 0.457044 0.407116 0.454516 0.405431 0.454034 0.404602 0.451948 0.402301 0.453120 0.396472
5 0.520419 0.418296 0.521768 0.423843 0.520901 0.424542 0.520661 0.425810 0.522401 0.435083 0.524378 0.443375 0.523310 0.445324 0.522510 0.447440 0.520711 0.445560 0.513831 0.436903 0.512138 0.431449 0.511292 0.423921 0.512456 0.415833 0.514466 0.411880 0.516266 0.410565 0.517768 0.410282 0.518711 0.411671
5 0.513969 0.466162 0.521167 0.478958 0.529633 0.491185 0.536617 0.499088 0.537979 0.501481 0.543008 0.501972 0.544107 0.503111 0.545563 0.502606 0.546112 0.500653 0.545076 0.497620 0.539784 0.487463 0.531740 0.475796 0.529305 0.471657 0.528120 0.470019 0.520818 0.461366 0.516901 0.458542 0.515630 0.458352 0.514677 0.458731 0.512880 0.461931
5 0.511734 0.479009 0.519510 0.488278 0.524724 0.493481 0.527560 0.495106 0.531219 0.496574 0.533414 0.495435 0.529633 0.491185 0.521167 0.478958 0.513969 0.466162 0.512880 0.461931 0.510656 0.459296 0.507057 0.451394 0.504940 0.449324 0.502294 0.449889 0.501344 0.451958 0.501237 0.454778 0.505682 0.467764 0.508424 0.473875
5 0.509990 0.476250 0.511734 0.479009 0.519510 0.488278 0.524724 0.493481 0.527560 0.495106 0.531219 0.496574 0.533414 0.495435 0.536617 0.499088 0.537979 0.501481 0.533221 0.500347 0.521971 0.494977 0.514013 0.489611 0.508341 0.483921 0.506969 0.480505 0.506237 0.477417 0.507154 0.475704 0.508424 0.473875
16 0.556263 0.421949 0.559008 0.418370 0.564771 0.414792 0.573094 0.411542 0.579039 0.409912 0.585260 0.409750 0.589193 0.412190 0.592120 0.415116 0.593768 0.422111 0.593674 0.429755 0.593167 0.436380 0.592456 0.437361 0.594906 0.451699 0.590583 0.453236 0.588521 0.453745 0.582805 0.458634 0.576560 0.465972 0.564813 0.476509 0.559521 0.481028 0.557956 0.482176 0.559281 0.472685 0.559099 0.459023 0.558094 0.450569 0.555349 0.441296
5 0.544862 0.428005 0.550367 0.433083 0.553648 0.437412 0.555349 0.441296 0.558094 0.450569 0.559099 0.459023 0.559281 0.472685 0.557956 0.482176 0.555870 0.488403 0.554599 0.492917 0.551849 0.496306 0.549732 0.497810 0.548779 0.495931 0.547721 0.495176 0.546557 0.495551 0.545076 0.497620 0.539784 0.487463 0.531740 0.475796 0.529305 0.471657 0.528987 0.459616 0.529516 0.449079 0.531422 0.440046 0.534596 0.433083 0.541266 0.427630
16 0.491510 0.499856 0.493615 0.491727 0.497456 0.484898 0.499833 0.481644 0.502578 0.479042 0.506237 0.477417 0.506969 0.480505 0.508341 0.483921 0.514013 0.489611 0.521971 0.494977 0.533221 0.500347 0.537979 0.501481 0.543008 0.501972 0.544107 0.503111 0.543008 0.504736 0.539990 0.506037 0.536789 0.506523 0.531208 0.511889 0.528281 0.517583 0.525445 0.526199 0.525401 0.531713 0.525401 0.537731 0.525401 0.540935 0.529206 0.548269 0.518521 0.535667 0.506456 0.521745 0.493331 0.506491 0.490898 0.500477
16 0.530714 0.550852 0.542982 0.564375 0.546380 0.549759 0.549638 0.539426 0.552049 0.534144 0.554174 0.528097 0.554174 0.524319 0.555305 0.521551 0.556625 0.517907 0.562951 0.514958 0.568089 0.514255 0.569703 0.511903 0.566315 0.505880 0.561766 0.500991 0.560284 0.496097 0.558484 0.488569 0.557956 0.484995 0.557956 0.482176 0.555870 0.488403 0.554599 0.492917 0.551849 0.496306 0.549732 0.497810 0.548779 0.495931 0.547721 0.495176 0.546557 0.495551 0.545076 0.497620 0.546112 0.500653 0.545563 0.502606 0.544107 0.503111 0.543008 0.504736 0.539990 0.506037 0.536789 0.506523 0.531208 0.511889 0.528281 0.517583 0.525445 0.526199 0.525401 0.531713 0.525401 0.537731 0.525401 0.540935 0.529206 0.548269
16 0.457578 0.437199 0.462354 0.431106 0.468599 0.428056 0.475701 0.428056 0.480232 0.429361 0.483172 0.428056 0.484885 0.431542 0.485620 0.436546 0.492477 0.450264 0.493703 0.458532 0.496518 0.474861 0.498234 0.483352 0.497456 0.484898 0.493615 0.491727 0.491510 0.499856 0.490898 0.500477 0.493331 0.506491 0.481945 0.493366 0.472273 0.482699 0.471536 0.474426 0.468966 0.465500 0.464068 0.452440 0.459781 0.444819 0.456354 0.441556
16 0.486208 0.413574 0.491182 0.406801 0.496898 0.401907 0.503143 0.398898 0.508328 0.398523 0.512138 0.401157 0.515526 0.406801 0.516266 0.410565 0.514466 0.411880 0.512456 0.415833 0.511292 0.423921 0.512138 0.431449 0.513831 0.436903 0.520711 0.445560 0.522510 0.447440 0.521982 0.457602 0.523674 0.459671 0.524203 0.451394 0.526956 0.457412 0.528120 0.470019 0.520818 0.461366 0.516901 0.458542 0.515630 0.458352 0.514677 0.458731 0.512880 0.461931 0.510656 0.459296 0.507057 0.451394 0.504940 0.449324 0.502294 0.449889 0.501344 0.451958 0.501237 0.454778 0.505682 0.467764 0.508424 0.473875 0.507154 0.475704 0.506237 0.477417 0.502578 0.479042 0.499833 0.481644 0.498234 0.483352 0.496518 0.474861 0.493703 0.458532 0.492477 0.450264 0.485620 0.436546 0.484885 0.431542 0.483172 0.428056 0.482810 0.421306
16 0.352674 0.266588 0.356909 0.268847 0.362518 0.273926 0.368656 0.280509 0.370242 0.280889 0.373102 0.282769 0.374901 0.285968 0.370667 0.293495 0.366328 0.302148 0.365904 0.305537 0.366328 0.310426 0.368339 0.319083 0.370878 0.326046 0.364422 0.341662 0.361672 0.342412 0.359026 0.343356 0.356484 0.345236 0.338070 0.323412 0.331826 0.315509 0.343362 0.283144 0.346536 0.274301 0.350982 0.267907
16 0.376594 0.343750 0.380193 0.348079 0.381568 0.351653 0.382628 0.356546 0.383664 0.363319 0.385146 0.379120 0.371917 0.363884 0.356484 0.345236 0.359026 0.343356 0.361672 0.342412 0.364422 0.341662 0.368635 0.341116
16 0.395878 0.236417 0.397995 0.236662 0.400318 0.237634 0.401482 0.238481 0.400388 0.242005 0.399773 0.242977 0.398612 0.243829 0.397245 0.244921 0.396151 0.247227 0.389250 0.259861 0.381734 0.273954 0.380914 0.273468
16 0.412117 0.218824 0.413776 0.218824 0.415438 0.219528 0.416701 0.220370 0.417570 0.221356 0.418995 0.223463 0.421604 0.228806 0.424133 0.237796 0.425557 0.243000 0.427216 0.246935 0.429352 0.251009 0.431643 0.255787 0.432513 0.258741 0.433305 0.261833 0.428560 0.270264 0.424844 0.277431 0.421445 0.286847 0.420734 0.278699 0.417492 0.266329 0.412828 0.256491 0.407057 0.249181 0.401997 0.244685 0.399625 0.244125 0.398612 0.243829 0.399773 0.242977 0.400388 0.242005 0.401482 0.238481 0.404526 0.232319 0.405870 0.229926 0.407768 0.227116 0.411089 0.220231
16 0.378216 0.280176 0.381734 0.273954 0.389250 0.259861 0.396151 0.247227 0.397245 0.244921 0.398612 0.243829 0.399625 0.244125 0.401997 0.244685 0.407057 0.249181 0.412828 0.256491 0.417492 0.266329 0.420734 0.278699 0.421445 0.286847 0.419341 0.294236 0.409604 0.310981 0.400716 0.327912 0.398495 0.332806 0.395849 0.336944 0.393099 0.341269 0.390979 0.344657 0.388437 0.345782 0.385581 0.345037 0.380289 0.341269 0.373940 0.332806 0.370878 0.326046 0.368339 0.319083 0.366328 0.310426 0.365904 0.305537 0.366328 0.302148 0.370667 0.293495 0.374901 0.285968 0.376161 0.283694
16 0.585958 0.636500 0.595591 0.644963 0.599719 0.650611 0.602997 0.654185 0.606385 0.656819 0.611995 0.661148 0.619510 0.669611 0.623424 0.673750 0.624060 0.677894 0.623424 0.681653 0.620674 0.693319 0.616969 0.701597 0.614641 0.711005 0.599505 0.675259 0.585008 0.636500
16 0.633893 0.707639 0.629870 0.716292 0.624367 0.728523 0.624896 0.731722 0.625003 0.736801 0.630464 0.750708 0.633956 0.759361 0.637555 0.764819 0.642422 0.769148 0.645068 0.770273 0.648138 0.770273 0.657982 0.748449 0.681773 0.697931 0.700156 0.658269 0.708518 0.639829 0.703807 0.630722 0.696398 0.619338 0.694664 0.618699 0.689859 0.610361 0.682906 0.614579 0.682271 0.613167 0.683456 0.611907 0.688831 0.607542 0.684727 0.600370 0.682589 0.599111 0.679898 0.600523 0.678799 0.602500 0.677687 0.605718 0.676893 0.607407 0.674766 0.613319 0.671677 0.617815 0.667326 0.622593 0.664404 0.625398 0.661951 0.627935 0.660299 0.631718 0.654604 0.648880 0.655948 0.649574 0.657367 0.651398 0.658320 0.655898 0.659122 0.661597 0.658310 0.672644 0.655747 0.686639 0.651536 0.696556 0.646052 0.704028 0.641385 0.707769 0.636719 0.708259
16 0.624594 0.683356 0.628344 0.688560 0.630721 0.693597 0.632367 0.699454 0.633284 0.703681 0.633893 0.707639 0.629870 0.716292 0.624367 0.728523 0.624896 0.731722 0.625003 0.736801 0.622435 0.732431 0.614641 0.711005 0.616969 0.701597 0.620674 0.693319 0.623424 0.681653
16 0.612547 0.654296 0.621237 0.646329 0.629836 0.638523 0.636237 0.630718 0.638523 0.626486 0.638799 0.628764 0.637701 0.631204 0.637518 0.633153 0.637245 0.635269 0.637060 0.637546 0.637792 0.639333 0.643281 0.641935 0.647672 0.645676 0.654604 0.648880 0.655948 0.649574 0.657367 0.651398 0.658320 0.655898 0.659122 0.661597 0.658310 0.672644 0.655747 0.686639 0.651536 0.696556 0.646052 0.704028 0.641385 0.707769 0.636719 0.708259 0.633893 0.707639 0.633284 0.703681 0.632367 0.699454 0.630721 0.693597 0.628344 0.688560 0.627547 0.683241 0.624060 0.677894 0.623424 0.673750 0.619510 0.669611 0.611995 0.661148 0.606385 0.656819 0.608979 0.656407
16 0.720797 0.571708 0.730365 0.577333 0.731154 0.582940 0.730680 0.586750 0.719453 0.613722 0.708518 0.639829 0.703807 0.630722 0.701305 0.626722 0.697888 0.603519 0.698513 0.602648 0.701294 0.599278 0.702794 0.597944 0.703719 0.594963 0.703500 0.593241 0.702219 0.592375 0.700013 0.593319 0.690354 0.597551 0.684727 0.600370 0.682589 0.599111 0.679898 0.600523 0.678799 0.602500 0.670966 0.606287 0.671852 0.600847 0.672919 0.592315 0.673656 0.583079 0.673727 0.575310 0.696549 0.585880 0.706591 0.592315 0.712948 0.594130 0.712875 0.597657 0.713562 0.598991 0.714924 0.598991 0.715880 0.597292 0.716497 0.595463 0.719026 0.583560
16 0.636320 0.484407 0.653516 0.491889 0.685716 0.506199 0.686776 0.505875 0.687508 0.507014 0.688422 0.507824 0.692539 0.509778 0.705253 0.515792 0.708911 0.518560 0.711107 0.517745 0.720557 0.522852 0.721089 0.521907 0.722148 0.522296 0.722880 0.522671 0.724893 0.521532 0.725104 0.523421 0.725214 0.525681 0.725214 0.528120 0.725844 0.532069 0.726805 0.532639 0.727224 0.535273 0.724362 0.542981 0.722497 0.555019 0.720797 0.571708 0.719026 0.583560 0.716497 0.595463 0.715880 0.597292 0.714924 0.598991 0.713562 0.598991 0.712875 0.597657 0.712948 0.594130 0.706591 0.592315 0.696549 0.585880 0.673727 0.575310 0.673458 0.558009 0.671719 0.548741 0.670164 0.545815 0.668609 0.545324 0.646391 0.541667 0.645659 0.540366 0.644013 0.540366 0.625216 0.537421 0.626807 0.519551 0.629661 0.503370 0.634857 0.485093
16 0.639315 0.562421 0.637721 0.574829 0.637109 0.587236 0.637721 0.597037 0.640539 0.611620 0.652784 0.612708 0.655969 0.614231 0.660133 0.616412 0.661479 0.622069 0.662703 0.624681 0.664404 0.625398 0.667326 0.622593 0.669682 0.613796 0.670349 0.609032 0.670966 0.606287 0.671852 0.600847 0.672919 0.592315 0.673656 0.583079 0.673727 0.575310 0.673458 0.558009 0.671719 0.548741 0.670164 0.545815 0.668609 0.545324 0.646391 0.541667 0.645659 0.540366 0.645021 0.540736 0.643122 0.543264 0.641224 0.549444
16 0.593263 0.531000 0.609180 0.533273 0.613753 0.534574 0.617047 0.535551 0.625216 0.537421 0.644013 0.540366 0.645021 0.540736 0.643122 0.543264 0.641224 0.549444 0.639315 0.562421 0.637721 0.574829 0.637109 0.587236 0.637721 0.597037 0.640539 0.611620 0.637995 0.611755 0.637263 0.604111 0.634336 0.592241 0.631224 0.566546 0.629760 0.564106 0.625370 0.553699 0.622534 0.545731 0.620523 0.541991 0.619424 0.541343 0.618237 0.542153 0.615310 0.545731 0.601130 0.556463 0.588417 0.565569 0.585490 0.566384 0.585854 0.558903 0.589331 0.541829 0.590521 0.534838 0.591526 0.531745
16 0.627648 0.506250 0.629661 0.503370 0.626807 0.519551 0.625216 0.537421 0.617047 0.535551 0.613753 0.534574 0.609180 0.533273 0.600818 0.532412 0.607805 0.527144 0.610927 0.524810 0.615698 0.518921 0.618388 0.515870 0.621701 0.511528 0.626346 0.508255
16 0.582643 0.571329 0.585490 0.566384 0.588417 0.565569 0.601130 0.556463 0.615310 0.545731 0.618237 0.542153 0.619424 0.541343 0.620523 0.541991 0.622534 0.545731 0.625370 0.553699 0.629760 0.564106 0.631224 0.566546 0.634336 0.592241 0.637263 0.604111 0.637995 0.611755 0.637620 0.615505 0.638523 0.626486 0.636237 0.630718 0.629836 0.638523 0.621237 0.646329 0.612547 0.654296 0.608979 0.656407 0.606385 0.656819 0.602997 0.654185 0.599719 0.650611 0.593542 0.623009
16 0.650865 0.647319 0.654604 0.648880 0.660299 0.631718 0.661951 0.627935 0.664404 0.625398 0.662703 0.624681 0.661479 0.622069 0.660133 0.616412 0.655969 0.614231 0.652784 0.612708 0.640539 0.611620 0.637995 0.611755 0.637620 0.615505 0.638523 0.626486 0.638799 0.628764 0.637701 0.631204 0.637518 0.633153 0.637245 0.635269 0.637060 0.637546 0.637792 0.639333 0.643281 0.641935 0.647672 0.645676
16 0.556625 0.517907 0.562951 0.514958 0.568089 0.514255 0.573703 0.515097 0.578841 0.519176 0.583346 0.524796 0.586984 0.531681 0.589039 0.538431 0.589331 0.541829 0.585854 0.558903 0.585490 0.566384 0.582643 0.571329 0.584526 0.579977 0.581237 0.594338 0.576984 0.614745 0.567354 0.593088 0.548648 0.571162 0.542982 0.564375 0.546380 0.549759 0.549638 0.539426 0.552049 0.534144 0.554174 0.528097 0.554174 0.524319 0.555305 0.521551
16 0.596659 0.646977 0.595591 0.644963 0.585958 0.636500 0.585008 0.636500 0.576984 0.614745 0.581237 0.594338 0.584526 0.579977 0.593542 0.623009 0.599719 0.650611
16 0.590583 0.453236 0.595557 0.451542 0.602544 0.449097 0.606990 0.448157 0.608789 0.447593 0.615667 0.441949 0.622122 0.437056 0.635987 0.427833 0.639797 0.429343 0.642760 0.433856 0.646964 0.441366 0.651354 0.458731 0.652625 0.471583 0.652055 0.480407 0.651042 0.486481 0.649674 0.490005 0.636320 0.484407 0.634857 0.485093 0.629661 0.503370 0.626346 0.508255 0.621701 0.511528 0.618388 0.515870 0.615698 0.518921 0.610927 0.524810 0.611042 0.520444 0.610672 0.506523 0.607984 0.491713 0.603211 0.478657 0.600023 0.473426 0.595495 0.461894
16 0.559521 0.481028 0.564813 0.476509 0.576560 0.465972 0.582805 0.458634 0.588521 0.453745 0.590583 0.453236 0.595495 0.461894 0.600023 0.473426 0.603211 0.478657 0.607984 0.491713 0.610672 0.506523 0.611042 0.520444 0.610927 0.524810 0.607805 0.527144 0.600818 0.532412 0.593263 0.531000 0.591526 0.531745 0.590521 0.534838 0.589331 0.541829 0.589039 0.538431 0.586984 0.531681 0.583346 0.524796 0.578841 0.519176 0.573703 0.515097 0.568089 0.514255 0.569703 0.511903 0.566315 0.505880 0.561766 0.500991 0.560284 0.496097 0.558484 0.488569 0.557956 0.484995 0.557956 0.482176
5 0.622109 0.420074 0.627406 0.421481 0.632388 0.425134 0.635234 0.428083 0.622122 0.437056 0.615667 0.441949 0.615073 0.442421 0.614440 0.439894 0.613966 0.435111 0.613888 0.431880 0.614440 0.428648 0.615391 0.425417 0.617286 0.422181
