0 0.418461 0.853968 0.404031 0.865125 0.399482 0.869866 0.396344 0.884921 0.392109 0.900259 0.390854 0.910856 0.391953 0.917829 0.395404 0.927310 0.401836 0.939301 0.401208 0.948222 0.403091 0.953523 0.409836 0.957426 0.400737 0.976389 0.393052 0.975551 0.391953 0.980014 0.391169 0.990333 0.391406 1.000000 0.428539 1.000000 0.443716 0.971926 0.447323 0.964954 0.448578 0.958264 0.449362 0.954079 0.457049 0.959935 0.468500 0.964398 0.466617 0.967185 0.465518 0.968301 0.467005 1.000000 0.492961 1.000000 0.489518 0.966352 0.487794 0.961611 0.485284 0.963282 0.483716 0.959935 0.483276 0.956898 0.490805 0.949227 0.496937 0.940722 0.498193 0.936315 0.504922 0.948278 0.504594 0.950958 0.504984 0.953634 0.507148 0.954333 0.516828 0.965486 0.523164 0.974690 0.524404 0.978981 0.525393 0.981769 0.525784 0.989440 0.525784 1.000000 0.551453 1.000000 0.552167 0.993764 0.556026 0.976694 0.556732 0.968972 0.556732 0.964815 0.554630 0.955028 0.545016 0.935454 0.528026 0.908991 0.514789 0.908792 0.502130 0.902324 0.499432 0.888574 0.497331 0.884199 0.512091 0.877116 0.527086 0.861500 0.529344 0.886708 0.549312 0.874468 0.551667 0.871231 0.550034 0.869949 0.549312 0.860912 0.552388 0.848338 0.552938 0.836708 0.549846 0.829292 0.544953 0.822819 0.538427 0.811222 0.537690 0.807343 0.534615 0.805421 0.530427 0.805421 0.526773 0.805032 0.512544 0.815880 0.506302 0.821903 0.488138 0.842148 0.445708 0.871537 0.428344 0.862394
5 0.640477 0.580639 0.631797 0.591236 0.620654 0.606435 0.620396 0.612884 0.611276 0.624083 0.627167 0.655528 0.651602 0.702699 0.659245 0.716023 0.690070 0.679287 0.682906 0.667148 0.676466 0.653745 0.674044 0.646236 0.658393 0.615370 0.645385 0.590588
5 0.611276 0.624083 0.627167 0.655528 0.651602 0.702699 0.659245 0.716023 0.654747 0.719486 0.648904 0.725083 0.641258 0.732278 0.627271 0.744773 0.626232 0.741995 0.601255 0.693278 0.581831 0.654736 0.589990 0.642472 0.599583 0.629412 0.604380 0.624347 0.610062 0.626481
5 0.581831 0.654736 0.601255 0.693278 0.626232 0.741995 0.627271 0.744773 0.619190 0.752139 0.612357 0.757106 0.604865 0.764074 0.600268 0.768454 0.596242 0.772028 0.588630 0.744370 0.577201 0.703546 0.572169 0.683042 0.568927 0.670921 0.575638 0.662352
5 0.602221 0.486921 0.598833 0.488986 0.586638 0.497417 0.568057 0.509634 0.538346 0.529935 0.522281 0.541116 0.529125 0.552292 0.539763 0.569606 0.550737 0.558463 0.565852 0.543333 0.578057 0.531588 0.587687 0.521833 0.592615 0.515264 0.600901 0.498741
5 0.592716 0.444157 0.594224 0.442704 0.596987 0.446917 0.598029 0.449597 0.599909 0.455704 0.600883 0.456958 0.604016 0.461273 0.605578 0.462134 0.605417 0.463870 0.600193 0.468880 0.601172 0.473194 0.599727 0.476681 0.598979 0.477176 0.600052 0.480579 0.599026 0.481245 0.597576 0.480898 0.595156 0.475912 0.591091 0.462319 0.588802 0.456111 0.592055 0.453356 0.592951 0.447384
5 0.586680 0.421505 0.587799 0.423694 0.588695 0.427278 0.588807 0.431259 0.590151 0.438028 0.592391 0.440616 0.592951 0.447384 0.592055 0.453356 0.588802 0.456111 0.586930 0.450963 0.570380 0.462662 0.553734 0.473329 0.504474 0.507569 0.498109 0.495356 0.500906 0.493963 0.510872 0.485403 0.525206 0.473856 0.549729 0.453356 0.580745 0.427676
5 0.520195 0.449009 0.491305 0.469736 0.488828 0.476069 0.498109 0.495356 0.500906 0.493963 0.510872 0.485403 0.525206 0.473856 0.549729 0.453356 0.580745 0.427676 0.586680 0.421505 0.587799 0.423694 0.591495 0.420509 0.594630 0.418917 0.596982 0.419713 0.597430 0.419116 0.597318 0.418519 0.596198 0.418120 0.595526 0.415931 0.593063 0.415532 0.594630 0.412745 0.594294 0.412148 0.592727 0.413940 0.591271 0.401597 0.591943 0.400204 0.591271 0.398412 0.591437 0.397394 0.583549 0.403634 0.549086 0.428278
5 0.426354 0.259292 0.421854 0.262449 0.421560 0.268375 0.436708 0.294528 0.469096 0.350037 0.492547 0.389421 0.494102 0.386431 0.495268 0.385736 0.496823 0.387810 0.494102 0.399329 0.494102 0.407847 0.495526 0.406505 0.500062 0.402667 0.498549 0.400167 0.500333 0.399403 0.501682 0.399977 0.503680 0.400361 0.505732 0.399208 0.507138 0.400745 0.508648 0.400458 0.509784 0.399690 0.511620 0.398250 0.511026 0.394023 0.512049 0.391722 0.514211 0.387019 0.515938 0.387111 0.518370 0.386250 0.519990 0.383944 0.520906 0.382120 0.502258 0.358352 0.480292 0.331681 0.469065 0.317745 0.443901 0.286606 0.427063 0.264065
5 0.472500 0.430708 0.479057 0.425801 0.496445 0.414088 0.507948 0.405255 0.526362 0.391722 0.535307 0.386755 0.534807 0.384227 0.536982 0.378722 0.538654 0.376644 0.538404 0.372625 0.536807 0.368500 0.534388 0.375208 0.531872 0.377102 0.530034 0.377792 0.528003 0.380718 0.526938 0.380028 0.526938 0.378306 0.528003 0.376588 0.526745 0.375208 0.525195 0.376931 0.524711 0.381060 0.523065 0.384847 0.520906 0.382120 0.519990 0.383944 0.518370 0.386250 0.515938 0.387111 0.514211 0.387019 0.512049 0.391722 0.511026 0.394023 0.511620 0.398250 0.509784 0.399690 0.508648 0.400458 0.507138 0.400745 0.505732 0.399208 0.503680 0.400361 0.501682 0.399977 0.500333 0.399403 0.498549 0.400167 0.500062 0.402667 0.495526 0.406505 0.494102 0.407847 0.492266 0.408611 0.488021 0.412546 0.483958 0.416667 0.481745 0.413426 0.476349 0.425208
5 0.426354 0.259292 0.421854 0.262449 0.421560 0.268375 0.418180 0.272426 0.417081 0.273407 0.415667 0.273407 0.414328 0.272009 0.413938 0.272847 0.413073 0.272009 0.411971 0.273546 0.411893 0.275222 0.410557 0.276620 0.408182 0.274343 0.411466 0.266338 0.413654 0.265046 0.413779 0.263310 0.402216 0.240153 0.382247 0.199264 0.371201 0.176597 0.365513 0.165000 0.367659 0.164111 0.372922 0.163315 0.374937 0.163116 0.380198 0.171676 0.383365 0.176718 0.375740 0.181606 0.398924 0.207597 0.412758 0.232046 0.426198 0.255102
5 0.569984 0.351005 0.573115 0.356417 0.574956 0.361921 0.559815 0.370843 0.544258 0.381250 0.535307 0.386755 0.534807 0.384227 0.536982 0.378722 0.538654 0.376644 0.538404 0.372625 0.536807 0.368500 0.533034 0.360241 0.524807 0.347338 0.510484 0.329273 0.496161 0.305356 0.477193 0.271810 0.469896 0.259028 0.475833 0.249722 0.480932 0.243199 0.481924 0.247083 0.482182 0.255833 0.482182 0.259981 0.481406 0.264125 0.482052 0.265278 0.483737 0.265046 0.485034 0.262514 0.485940 0.256755 0.487625 0.256528 0.488531 0.267120 0.488143 0.273111 0.486846 0.274722 0.488789 0.276102 0.490216 0.276102 0.491510 0.274954 0.493065 0.271495 0.494750 0.277023 0.494490 0.282782 0.494362 0.287157 0.496693 0.290153 0.498508 0.286931 0.499544 0.282551 0.502005 0.287157 0.501875 0.294759 0.501617 0.296144 0.501227 0.298444 0.501357 0.299829 0.502911 0.300977 0.504336 0.300977 0.505763 0.298213 0.507057 0.295222 0.509260 0.301208 0.509260 0.308347 0.507576 0.310884 0.509000 0.313417 0.511203 0.313417 0.513664 0.309963 0.514573 0.308120 0.516128 0.310884 0.515997 0.320097 0.514961 0.322861 0.515091 0.325852 0.517552 0.325852 0.519883 0.324009 0.521437 0.320097 0.523771 0.324009 0.523383 0.333685 0.522865 0.335759 0.522992 0.338523 0.524937 0.338523 0.526620 0.336449 0.528047 0.332074 0.531026 0.334606 0.530896 0.345662 0.530247 0.347273 0.530247 0.350727 0.532451 0.350727 0.534523 0.348426 0.536596 0.344509 0.538411 0.350727 0.539188 0.359019 0.537503 0.361324 0.537115 0.365009 0.540742 0.363856 0.542427 0.366852 0.546055 0.366620 0.548128 0.362935 0.547091 0.353954 0.545539 0.348801 0.556724 0.367176 0.561661 0.359259 0.566888 0.353241
5 0.432781 0.093319 0.446904 0.113815 0.458174 0.131319 0.472427 0.155505 0.491083 0.185907 0.500411 0.200648 0.498339 0.204102 0.497302 0.206866 0.496396 0.208940 0.495359 0.211935 0.493544 0.212856 0.492195 0.211250 0.488615 0.203333 0.484453 0.198519 0.479130 0.187333 0.474000 0.178042 0.467612 0.170991 0.456484 0.156019 0.440224 0.131074 0.425320 0.108019 0.427354 0.105954 0.429544 0.101380
5 0.397966 0.130546 0.409008 0.146903 0.424565 0.171292 0.436937 0.187023 0.444573 0.197278 0.459880 0.223833 0.460406 0.221306 0.462086 0.218079 0.463776 0.216926 0.473362 0.227972 0.478935 0.222431 0.484065 0.218648 0.487549 0.215204 0.491130 0.212625 0.492195 0.211250 0.488615 0.203333 0.484453 0.198519 0.479130 0.187333 0.474000 0.178042 0.467612 0.170991 0.456484 0.156019 0.440224 0.131074 0.425320 0.108019 0.427354 0.105954 0.424935 0.100620 0.419997 0.102514 0.416224 0.103718 0.413128 0.109222 0.410128 0.111458 0.408190 0.114042 0.402190 0.116278 0.396385 0.124190 0.396385 0.127634
5 0.482276 0.238421 0.481156 0.241009 0.480932 0.243199 0.475833 0.249722 0.469896 0.259028 0.467159 0.260319 0.465255 0.260519 0.463240 0.256935 0.462456 0.257931 0.462344 0.259523 0.461224 0.260319 0.461000 0.267486 0.439612 0.248176 0.414531 0.224093 0.398924 0.207597 0.375740 0.181606 0.383365 0.176718 0.385237 0.174681 0.384151 0.170958 0.385328 0.169167 0.388003 0.172153 0.390008 0.171259 0.388922 0.169167 0.391508 0.167236 0.394195 0.167398 0.396279 0.163079 0.399214 0.158616 0.396448 0.145819 0.402302 0.152366 0.404138 0.150139 0.421125 0.169329 0.436937 0.187023 0.444573 0.197278 0.459880 0.223833 0.460406 0.221306 0.462086 0.218079 0.463776 0.216926 0.473362 0.227972
5 0.335417 0.169060 0.333339 0.173912 0.332299 0.174375 0.346333 0.205333 0.360760 0.234676 0.375706 0.263324 0.386362 0.284347 0.387401 0.283657 0.388310 0.282037 0.390651 0.281116 0.391039 0.276032 0.395328 0.271639 0.397018 0.268407 0.390260 0.256856 0.384023 0.246458 0.380122 0.238602 0.370378 0.221968 0.364008 0.210417 0.361669 0.205333 0.358419 0.197477 0.349583 0.180611 0.342826 0.166287 0.338406 0.166287
5 0.388922 0.169167 0.382870 0.160597 0.383914 0.145269 0.385922 0.142593 0.390437 0.140954 0.393115 0.141699 0.394872 0.137833 0.397966 0.130546 0.409008 0.146903 0.424565 0.171292 0.436937 0.187023 0.421125 0.169329 0.404138 0.150139 0.402302 0.152366 0.396448 0.145819 0.399214 0.158616 0.396279 0.163079 0.394195 0.167398 0.391508 0.167236
2 0.553815 0.516995 0.552135 0.517394 0.550568 0.514208 0.549448 0.512218 0.546984 0.510426 0.544521 0.510426 0.544409 0.508833 0.545865 0.508634 0.548552 0.507440 0.552359 0.506046 0.555047 0.506046 0.558966 0.503458 0.560534 0.501866 0.561766 0.503259 0.561206 0.505250 0.565237 0.504255 0.568820 0.500671 0.569604 0.482556 0.571396 0.470412 0.573299 0.472801 0.573635 0.477181 0.576659 0.477778 0.576099 0.484546 0.577219 0.487134 0.575427 0.488727 0.574419 0.501468 0.573187 0.503458 0.565013 0.509231 0.559078 0.511222
5 0.508625 0.214264 0.505615 0.212032 0.502521 0.219319 0.501432 0.220060 0.506690 0.226889 0.526375 0.256843 0.536122 0.272241 0.544154 0.282648 0.552138 0.294690 0.557849 0.305856 0.558573 0.308181 0.569344 0.317556 0.559917 0.301671 0.549034 0.283014 0.530508 0.251000 0.518458 0.230500
5 0.580630 0.328120 0.579081 0.336894 0.577242 0.344120 0.576081 0.344120 0.575693 0.341370 0.573177 0.345324 0.569984 0.351005 0.566888 0.353241 0.561661 0.359259 0.556724 0.367176 0.545539 0.348801 0.528747 0.316009 0.522302 0.308560 0.508810 0.282440 0.504766 0.270449 0.500914 0.268144 0.493461 0.259370 0.487076 0.249907 0.480932 0.243199 0.481156 0.241009 0.482276 0.238421 0.473362 0.227972 0.478935 0.222431 0.484065 0.218648 0.487549 0.215204 0.491130 0.212625 0.493544 0.212856 0.495359 0.211935 0.501432 0.220060 0.506690 0.226889 0.526375 0.256843 0.536122 0.272241 0.544154 0.282648 0.552138 0.294690 0.557849 0.305856 0.558573 0.308181 0.569344 0.317556 0.570430 0.316028 0.573099 0.318968 0.572451 0.320259 0.577581 0.323852 0.579826 0.325917
5 0.545539 0.348801 0.547091 0.353954 0.548128 0.362935 0.546055 0.366620 0.542427 0.366852 0.540742 0.363856 0.537115 0.365009 0.537503 0.361324 0.539188 0.359019 0.538411 0.350727 0.536596 0.344509 0.534523 0.348426 0.532451 0.350727 0.530247 0.350727 0.530247 0.347273 0.530896 0.345662 0.531026 0.334606 0.528047 0.332074 0.526620 0.336449 0.524937 0.338523 0.522992 0.338523 0.522865 0.335759 0.523383 0.333685 0.523771 0.324009 0.521437 0.320097 0.519883 0.324009 0.517552 0.325852 0.515091 0.325852 0.514961 0.322861 0.515997 0.320097 0.516128 0.310884 0.514573 0.308120 0.513664 0.309963 0.511203 0.313417 0.509000 0.313417 0.507576 0.310884 0.509260 0.308347 0.509260 0.301208 0.507057 0.295222 0.505763 0.298213 0.504336 0.300977 0.502911 0.300977 0.501357 0.299829 0.501227 0.298444 0.501617 0.296144 0.501875 0.294759 0.502005 0.287157 0.499544 0.282551 0.498508 0.286931 0.496693 0.290153 0.494362 0.287157 0.494490 0.282782 0.494750 0.277023 0.493065 0.271495 0.491510 0.274954 0.490216 0.276102 0.488789 0.276102 0.486846 0.274722 0.488143 0.273111 0.488531 0.267120 0.487625 0.256528 0.485940 0.256755 0.485034 0.262514 0.483737 0.265046 0.482052 0.265278 0.481406 0.264125 0.482182 0.259981 0.482182 0.255833 0.481924 0.247083 0.480932 0.243199 0.487076 0.249907 0.493461 0.259370 0.500914 0.268144 0.504766 0.270449 0.508810 0.282440 0.522302 0.308560 0.528747 0.316009
5 0.421560 0.268375 0.418180 0.272426 0.417081 0.273407 0.415667 0.273407 0.414328 0.272009 0.413938 0.272847 0.417661 0.280343 0.426279 0.295130 0.440607 0.320231 0.450234 0.336519 0.451737 0.343199 0.455182 0.346653 0.458474 0.349324 0.476185 0.378093 0.485383 0.392995 0.485187 0.394880 0.484516 0.395917 0.483542 0.399880 0.480937 0.405199 0.478284 0.409875 0.476599 0.408495 0.470120 0.414023 0.469214 0.405037 0.467010 0.403194 0.466104 0.408264 0.464292 0.408264 0.461958 0.411718 0.460016 0.408954 0.456776 0.416556 0.467565 0.437102 0.472167 0.434278 0.473505 0.433088 0.472500 0.430708 0.476349 0.425208 0.481745 0.413426 0.483958 0.416667 0.488021 0.412546 0.492266 0.408611 0.494102 0.407847 0.494102 0.399329 0.496823 0.387810 0.495268 0.385736 0.494102 0.386431 0.492547 0.389421 0.469096 0.350037 0.436708 0.294528
5 0.469896 0.259028 0.477193 0.271810 0.496161 0.305356 0.510484 0.329273 0.492581 0.306565 0.467323 0.275421 0.461000 0.267486 0.461224 0.260319 0.462344 0.259523 0.462456 0.257931 0.463240 0.256935 0.465255 0.260519 0.467159 0.260319
5 0.426198 0.255102 0.426354 0.259292 0.427063 0.264065 0.443901 0.286606 0.469065 0.317745 0.480292 0.331681 0.502258 0.358352 0.523065 0.384847 0.524711 0.381060 0.525195 0.376931 0.526745 0.375208 0.528003 0.376588 0.526938 0.378306 0.526938 0.380028 0.528003 0.380718 0.530034 0.377792 0.531872 0.377102 0.534388 0.375208 0.536807 0.368500 0.533034 0.360241 0.524807 0.347338 0.510484 0.329273 0.492581 0.306565 0.467323 0.275421 0.461000 0.267486 0.439612 0.248176 0.436063 0.244796 0.432773 0.245657 0.432289 0.249273 0.431320 0.251162 0.430547 0.253398 0.430258 0.254778 0.429482 0.255639 0.425612 0.252194 0.426096 0.253917
5 0.456776 0.416556 0.460016 0.408954 0.461958 0.411718 0.464292 0.408264 0.466104 0.408264 0.467010 0.403194 0.469214 0.405037 0.470120 0.414023 0.476599 0.408495 0.478284 0.409875 0.480937 0.405199 0.483542 0.399880 0.484516 0.395917 0.485187 0.394880 0.485383 0.392995 0.476185 0.378093 0.458474 0.349324 0.455182 0.346653 0.451737 0.343199 0.450234 0.336519 0.440607 0.320231 0.426279 0.295130 0.417661 0.280343 0.413938 0.272847 0.413073 0.272009 0.411971 0.273546 0.411893 0.275222 0.410557 0.276620 0.408182 0.274343 0.400755 0.275431 0.397018 0.268407 0.395328 0.271639 0.391039 0.276032 0.390651 0.281116 0.388310 0.282037 0.387401 0.283657 0.386362 0.284347 0.390169 0.291880 0.418583 0.344097 0.440880 0.386199
5 0.488828 0.476069 0.467565 0.437102 0.472167 0.434278 0.473505 0.433088 0.472500 0.430708 0.479057 0.425801 0.496445 0.414088 0.507948 0.405255 0.526362 0.391722 0.535307 0.386755 0.544258 0.381250 0.559815 0.370843 0.574956 0.361921 0.580172 0.372861 0.578487 0.376458 0.584328 0.385245 0.585115 0.393431 0.591742 0.396426 0.591437 0.397394 0.583549 0.403634 0.549086 0.428278 0.520195 0.449009 0.491305 0.469736
5 0.586930 0.450963 0.588802 0.456111 0.591091 0.462319 0.595156 0.475912 0.597576 0.480898 0.599026 0.481245 0.600052 0.480579 0.603888 0.479565 0.604487 0.482227 0.604336 0.483829 0.602221 0.486921 0.598833 0.488986 0.586638 0.497417 0.568057 0.509634 0.538346 0.529935 0.522281 0.541116 0.511547 0.521134 0.504951 0.508875 0.504474 0.507569 0.553734 0.473329 0.570380 0.462662
5 0.426198 0.255102 0.412758 0.232046 0.398924 0.207597 0.414531 0.224093 0.436063 0.244796 0.432773 0.245657 0.432289 0.249273 0.431320 0.251162 0.430547 0.253398 0.430258 0.254778 0.429482 0.255639 0.425612 0.252194 0.426096 0.253917
5 0.382870 0.160597 0.381013 0.162903 0.378844 0.163417 0.378555 0.164060 0.377398 0.167014 0.380198 0.171676 0.383365 0.176718 0.385237 0.174681 0.384151 0.170958 0.385328 0.169167 0.388003 0.172153 0.390008 0.171259 0.388922 0.169167
5 0.674044 0.646236 0.670661 0.634306 0.665510 0.615194 0.660471 0.592898 0.659687 0.581352 0.652969 0.563838 0.662823 0.548907 0.686448 0.604444 0.701453 0.642866 0.708284 0.655009 0.690070 0.679287 0.682906 0.667148 0.676466 0.653745
5 0.652969 0.563838 0.640477 0.580639 0.645385 0.590588 0.658393 0.615370 0.674044 0.646236 0.670661 0.634306 0.665510 0.615194 0.660471 0.592898 0.659687 0.581352
5 0.679674 0.588699 0.686448 0.604444 0.701453 0.642866 0.708284 0.655009 0.713044 0.649412 0.705878 0.636278 0.690424 0.608606
5 0.339948 0.157917 0.342826 0.166287 0.349583 0.180611 0.358419 0.197477 0.361669 0.205333 0.364008 0.210417 0.370378 0.221968 0.380122 0.238602 0.384023 0.246458 0.390260 0.256856 0.397018 0.268407 0.400755 0.275431 0.408182 0.274343 0.411466 0.266338 0.413654 0.265046 0.413779 0.263310 0.402216 0.240153 0.382247 0.199264 0.371201 0.176597 0.365513 0.165000 0.363255 0.160389 0.360411 0.154292 0.357917 0.167176 0.352911 0.159009 0.345359 0.163986 0.343297 0.159648 0.341823 0.158287
5 0.495359 0.211935 0.501432 0.220060 0.502521 0.219319 0.505615 0.212032 0.508625 0.214264 0.512055 0.199097 0.509461 0.197162 0.509964 0.186310 0.509964 0.181250 0.505448 0.171588 0.478013 0.128463 0.470820 0.114782 0.461534 0.099319 0.450495 0.081773 0.443552 0.070917 0.442966 0.070917 0.443049 0.074338 0.442883 0.077162 0.442883 0.079838 0.442130 0.080435 0.438281 0.073745 0.437529 0.075972 0.436776 0.079394 0.434685 0.082667 0.433682 0.085046 0.430503 0.080880 0.429333 0.085046 0.432781 0.093319 0.446904 0.113815 0.458174 0.131319 0.472427 0.155505 0.491083 0.185907 0.500411 0.200648 0.498339 0.204102 0.497302 0.206866 0.496396 0.208940
