0 0.424505 0.460509 0.414435 0.442472 0.411539 0.436981 0.414536 0.434009 0.423984 0.430722 0.430680 0.430102 0.437234 0.429856 0.438174 0.430537 0.438661 0.432583 0.439987 0.435991 0.444971 0.435866 0.445008 0.435866 0.440930 0.428370 0.431620 0.416593 0.430331 0.414361 0.429180 0.412625 0.429599 0.411759 0.430922 0.409528 0.431445 0.406426 0.431828 0.400046 0.431865 0.395333 0.432143 0.393167 0.433328 0.391676 0.438836 0.388269 0.442193 0.385583 0.443219 0.385301 0.444188 0.385106 0.444997 0.385106 0.446565 0.385778 0.449589 0.392792 0.450240 0.392792 0.450505 0.391250 0.450289 0.388463 0.450346 0.386458 0.450883 0.385389 0.452125 0.383861 0.454018 0.380120 0.462187 0.377852 0.463401 0.380593 0.463820 0.382667 0.465174 0.384741 0.466201 0.386065 0.466432 0.387560 0.466432 0.388972 0.466786 0.390519 0.466065 0.391523 0.465057 0.395537 0.464734 0.396903 0.465703 0.398264 0.469372 0.401704 0.471510 0.405579 0.473771 0.401921 0.478242 0.393782 0.484823 0.387144 0.488323 0.387227 0.492617 0.391625 0.496724 0.392454 0.500224 0.400421 0.501203 0.413366 0.501951 0.416102 0.501904 0.417843 0.501344 0.421329 0.499664 0.425977 0.497891 0.430954 0.496023 0.433278 0.494500 0.433407 0.490677 0.426806 0.489583 0.419597 0.488331 0.417088 0.487526 0.417088 0.486229 0.420069 0.479547 0.431782 0.479081 0.434523 0.478940 0.435602 0.480294 0.436514 0.483935 0.436514 0.487995 0.437759 0.490982 0.438921 0.493828 0.437759 0.495089 0.439005 0.497401 0.444481 0.504414 0.463116 0.504919 0.467616 0.505135 0.483810 0.502172 0.494731 0.496607 0.506301 0.490607 0.508611 0.489451 0.511824 0.487424 0.515037 0.487786 0.523394 0.486190 0.529338 0.478505 0.537889 0.466823 0.515926 0.466945 0.512787 0.469758 0.506898 0.469633 0.498569 0.466945 0.482796 0.466945 0.480796 0.467133 0.476574 0.465948 0.474130 0.462448 0.475130 0.459573 0.475463 0.455888 0.474019 0.454763 0.475463 0.454076 0.482352 0.447266 0.502676 0.437466 0.485426 0.434953 0.481009 0.439529 0.466741 0.440089 0.465662 0.441768 0.465329 0.444940 0.464333 0.449747 0.455370 0.449794 0.453134 0.448068 0.453134 0.444661 0.455537 0.442607 0.457528 0.439948 0.459273 0.426273 0.458856
5 0.477503 0.324000 0.475451 0.321028 0.475341 0.319106 0.475341 0.318722 0.505474 0.320644 0.505745 0.322273 0.505529 0.323810 0.504719 0.325250 0.504609 0.325347 0.486628 0.324963
5 0.477503 0.324000 0.461031 0.323319 0.460578 0.322032 0.460549 0.319944 0.460880 0.318713 0.461211 0.318495 0.475341 0.318722 0.475341 0.319106 0.475451 0.321028
5 0.436055 0.381190 0.420245 0.358079 0.414818 0.349491 0.414555 0.348546 0.414555 0.348213 0.416044 0.347542 0.412547 0.342157 0.412359 0.341157 0.412779 0.340486 0.417242 0.338870 0.417242 0.338870 0.420703 0.337185 0.423206 0.335255 0.426914 0.334968 0.429133 0.336472 0.431995 0.336829 0.436070 0.342157 0.450036 0.363389 0.454018 0.380120 0.452125 0.383861 0.450883 0.385389 0.450346 0.386458 0.450289 0.388463 0.450505 0.391250 0.450240 0.392792 0.449589 0.392792 0.446565 0.385778 0.444997 0.385106 0.444188 0.385106 0.443219 0.385301 0.442193 0.385583
5 0.394219 0.217222 0.393516 0.218324 0.391458 0.215227 0.390586 0.215227 0.390133 0.216032 0.389159 0.218449 0.388565 0.218944 0.388146 0.220000 0.387797 0.221736 0.386648 0.223097 0.385115 0.225019 0.382464 0.224583 0.380547 0.224523 0.378805 0.226384 0.378315 0.227190 0.377758 0.227500 0.376852 0.227500 0.376677 0.228426 0.376747 0.229046 0.385807 0.244352 0.416883 0.266231 0.441505 0.283852 0.404161 0.231597
5 0.375932 0.240523 0.375755 0.231343 0.375234 0.229861 0.375208 0.229259 0.375547 0.229028 0.376677 0.228426 0.376747 0.229046 0.385807 0.244352 0.382539 0.242444 0.381677 0.244495 0.377234 0.241495
5 0.420703 0.337185 0.404068 0.307292 0.399792 0.304167 0.397292 0.302588 0.417242 0.338870
5 0.436615 0.326389 0.437586 0.328167 0.437260 0.340745 0.436070 0.342157 0.431995 0.336829 0.429133 0.336472 0.426914 0.334968 0.423206 0.335255 0.420703 0.337185 0.404068 0.307292
5 0.414818 0.349491 0.414190 0.350588 0.413945 0.352199 0.414258 0.353315 0.414885 0.354306 0.415096 0.355296 0.415932 0.360505 0.416036 0.362981 0.415234 0.362546 0.415026 0.362546 0.414747 0.363231 0.414747 0.364963 0.414224 0.364532 0.413318 0.363972 0.410180 0.365648 0.409760 0.367194 0.410039 0.368250 0.411680 0.371287 0.411680 0.371968 0.410911 0.372032 0.408786 0.367815 0.408227 0.368065 0.408122 0.368870 0.409378 0.375130 0.409307 0.375440 0.404602 0.366949 0.402997 0.363602 0.402232 0.363727 0.402161 0.366269 0.402128 0.368560 0.402091 0.370481 0.401081 0.370792 0.400487 0.369986 0.399966 0.370111 0.399896 0.370792 0.401221 0.372773 0.401221 0.373394 0.401289 0.375069 0.400000 0.376370 0.397490 0.378662 0.396617 0.378167 0.391122 0.368046 0.390586 0.368745 0.392609 0.373208 0.391599 0.374074 0.389958 0.372588 0.389505 0.373148 0.388531 0.379407 0.387937 0.380333 0.387797 0.380894 0.387102 0.383870 0.385880 0.383370 0.385008 0.383681 0.384346 0.384921 0.384276 0.385231 0.387971 0.393662 0.403313 0.422417 0.411539 0.436981 0.414536 0.434009 0.423984 0.430722 0.430680 0.430102 0.437234 0.429856 0.438174 0.430537 0.438661 0.432583 0.439987 0.435991 0.444971 0.435866 0.445008 0.435866 0.440930 0.428370 0.431620 0.416593 0.430331 0.414361 0.429180 0.412625 0.429599 0.411759 0.430922 0.409528 0.431445 0.406426 0.431828 0.400046 0.431865 0.395333 0.432143 0.393167 0.433328 0.391676 0.438836 0.388269 0.442193 0.385583 0.436055 0.381190 0.420245 0.358079
5 0.392240 0.364630 0.393542 0.363333 0.395677 0.359630 0.400078 0.362454 0.401250 0.363102 0.404115 0.361435 0.409922 0.355046 0.412526 0.351528 0.414555 0.348546 0.414555 0.348213 0.416044 0.347542 0.412547 0.342157 0.412359 0.341157 0.412779 0.340486 0.417242 0.338870 0.417242 0.338870 0.397292 0.302588 0.378034 0.291171 0.394669 0.326282 0.404109 0.345273 0.404328 0.346579 0.403820 0.347588 0.401885 0.349185 0.399388 0.357792 0.398177 0.358329 0.397875 0.357255 0.397346 0.353759 0.393487 0.356852 0.392581 0.356852
5 0.370828 0.248903 0.370182 0.249491 0.369714 0.250417 0.369193 0.250463 0.367526 0.247593 0.365911 0.247361 0.361667 0.248056 0.358438 0.248981 0.357135 0.249815 0.365078 0.266403 0.367490 0.261296 0.371576 0.259199 0.373034 0.258597 0.373083 0.255542 0.373112 0.254245 0.373188 0.253134 0.373164 0.253134
5 0.466823 0.515926 0.466945 0.512787 0.469758 0.506898 0.469633 0.498569 0.466945 0.482796 0.466945 0.480796 0.467133 0.476574 0.465948 0.474130 0.462448 0.475130 0.459573 0.475463 0.455888 0.474019 0.454763 0.475463 0.454076 0.482352 0.447266 0.502676 0.448328 0.505231 0.451888 0.512454 0.458930 0.524106 0.459969 0.522958 0.464242 0.518583
5 0.497401 0.444481 0.495089 0.439005 0.493828 0.437759 0.490982 0.438921 0.487995 0.437759 0.483935 0.436514 0.480294 0.436514 0.478940 0.435602 0.479081 0.434523 0.479547 0.431782 0.486229 0.420069 0.490677 0.426806 0.494500 0.433407 0.501674 0.446204
5 0.494500 0.433407 0.496023 0.433278 0.497891 0.430954 0.499664 0.425977 0.501344 0.421329 0.501904 0.417843 0.501951 0.416102 0.501203 0.413366 0.500224 0.400421 0.496724 0.392454 0.492617 0.391625 0.488323 0.387227 0.484823 0.387144 0.478242 0.393782 0.473771 0.401921 0.466786 0.390519 0.466432 0.388972 0.466432 0.387560 0.466201 0.386065 0.465174 0.384741 0.463820 0.382667 0.463401 0.380593 0.462187 0.377852 0.461065 0.375366 0.461065 0.373620 0.461953 0.373042 0.462326 0.371713 0.462326 0.370218 0.461906 0.365903 0.462187 0.363500 0.461953 0.362171 0.462839 0.360926 0.464474 0.360514 0.487109 0.362917 0.519313 0.412204 0.522703 0.417495 0.531305 0.435231 0.533620 0.433171 0.540341 0.443324 0.540776 0.445125 0.539297 0.451204 0.535716 0.462088 0.533690 0.463505 0.529208 0.473144 0.524365 0.479954 0.521474 0.481241 0.519523 0.481241 0.513232 0.473014 0.504630 0.456051 0.501674 0.446204
5 0.487109 0.362917 0.492206 0.363588 0.492875 0.365519 0.513536 0.398380 0.517719 0.407454 0.522703 0.417495 0.519313 0.412204
5 0.535703 0.510046 0.538318 0.507051 0.538648 0.505120 0.539492 0.503194 0.540786 0.500032 0.541570 0.498319 0.542656 0.496657 0.544555 0.496389 0.546573 0.497194 0.548833 0.500032 0.550370 0.502495 0.550732 0.505282 0.552448 0.503889 0.558828 0.499583 0.562812 0.495639 0.565435 0.491356 0.567966 0.482250 0.569352 0.477106 0.569471 0.476088 0.569383 0.475074 0.565716 0.470574 0.563404 0.478667 0.561307 0.481880 0.556826 0.483681 0.554294 0.488819 0.552922 0.491264 0.550753 0.488949 0.543003 0.489449 0.538745 0.496505 0.532745 0.507000 0.528680 0.509065 0.524130 0.509407 0.519245 0.511898 0.520721 0.514870 0.523250 0.517657 0.524245 0.518194 0.526836 0.517602 0.534849 0.511977 0.533732 0.510181 0.532721 0.509870 0.532617 0.509000 0.532513 0.508259 0.532513 0.507639 0.533385 0.506944
5 0.559479 0.510972 0.559635 0.503051 0.559669 0.501750 0.558828 0.499583 0.552448 0.503889 0.550732 0.505282 0.550885 0.506250 0.555938 0.516116
5 0.434953 0.481009 0.424505 0.460509 0.426273 0.458856 0.439948 0.459273 0.442607 0.457528 0.444661 0.455537 0.448068 0.453134 0.449794 0.453134 0.449747 0.455370 0.444940 0.464333 0.441768 0.465329 0.440089 0.465662 0.439529 0.466741
5 0.515312 0.532083 0.517312 0.535343 0.517732 0.535653 0.519333 0.534847 0.520589 0.535588 0.522297 0.534722 0.526552 0.531870 0.530943 0.528278 0.533385 0.524583 0.533958 0.520833 0.534661 0.518981 0.535651 0.517685 0.536406 0.517222 0.534849 0.512968 0.526836 0.517602 0.524245 0.518194 0.523250 0.517657 0.520721 0.514870 0.519245 0.511898 0.515703 0.512315 0.520896 0.520949 0.520461 0.522236
5 0.391122 0.368046 0.392240 0.364630 0.393542 0.363333 0.395677 0.359630 0.400078 0.362454 0.401250 0.363102 0.404115 0.361435 0.409922 0.355046 0.412526 0.351528 0.414555 0.348546 0.414818 0.349491 0.414190 0.350588 0.413945 0.352199 0.414258 0.353315 0.414885 0.354306 0.415096 0.355296 0.415932 0.360505 0.416036 0.362981 0.415234 0.362546 0.415026 0.362546 0.414747 0.363231 0.414747 0.364963 0.414224 0.364532 0.413318 0.363972 0.410180 0.365648 0.409760 0.367194 0.410039 0.368250 0.411680 0.371287 0.411680 0.371968 0.410911 0.372032 0.408786 0.367815 0.408227 0.368065 0.408122 0.368870 0.409378 0.375130 0.409307 0.375440 0.404602 0.366949 0.402997 0.363602 0.402232 0.363727 0.402161 0.366269 0.402128 0.368560 0.402091 0.370481 0.401081 0.370792 0.400487 0.369986 0.399966 0.370111 0.399896 0.370792 0.401221 0.372773 0.401221 0.373394 0.401289 0.375069 0.400000 0.376370 0.397490 0.378662 0.396617 0.378167
5 0.331505 0.244412 0.334583 0.252037 0.349508 0.282875 0.359258 0.302120 0.369471 0.319736 0.379039 0.337889 0.385773 0.349588 0.388568 0.353657 0.392581 0.356852 0.393487 0.356852 0.397346 0.353759 0.397875 0.357255 0.398177 0.358329 0.399388 0.357792 0.401885 0.349185 0.403820 0.347588 0.404328 0.346579 0.404109 0.345273 0.394669 0.326282 0.378034 0.291171 0.365078 0.266403 0.357135 0.249815 0.353685 0.241741 0.351943 0.238481 0.350635 0.238954 0.347693 0.248486 0.344492 0.241509 0.343706 0.241509 0.342724 0.242435 0.337888 0.248944 0.334818 0.244185 0.332201 0.242329 0.331482 0.242676
5 0.441505 0.283852 0.404161 0.231597 0.394219 0.217222 0.386917 0.206116 0.387141 0.205120 0.387477 0.204722 0.386917 0.203528 0.386917 0.202333 0.393299 0.194968 0.400354 0.191782 0.405281 0.186208 0.405841 0.185213 0.407521 0.184417 0.413232 0.182824 0.414128 0.183620 0.420174 0.190986 0.417823 0.192778 0.418159 0.194370 0.420734 0.198153 0.435404 0.220449 0.444807 0.234782 0.460596 0.256278 0.467091 0.263444 0.474930 0.277380 0.475042 0.279769 0.467763 0.283949 0.452646 0.288130 0.445190 0.289282
5 0.436615 0.326389 0.404068 0.307292 0.399792 0.304167 0.397292 0.302588 0.378034 0.291171 0.365078 0.266403 0.367490 0.261296 0.371576 0.259199 0.373034 0.258597 0.373083 0.255542 0.373112 0.254245 0.373188 0.253134 0.373164 0.253134 0.373435 0.249907 0.373432 0.245894 0.373771 0.245060 0.375333 0.245523 0.375932 0.245569 0.375776 0.243532 0.375542 0.242005 0.375411 0.241125 0.375568 0.240616 0.375932 0.240523 0.377234 0.241495 0.381677 0.244495 0.382539 0.242444 0.385807 0.244352 0.416883 0.266231 0.441505 0.283852 0.445190 0.289282 0.444557 0.291296 0.443047 0.292389 0.440674 0.294056 0.438174 0.296944 0.434677 0.299389 0.433740 0.300722 0.433740 0.303833 0.434677 0.310495
5 0.539297 0.451204 0.542672 0.449028 0.550107 0.441477 0.562667 0.430037 0.566727 0.426704 0.567039 0.425815 0.565352 0.422148 0.567164 0.422148 0.566352 0.419815 0.562542 0.413153 0.565414 0.408819 0.567227 0.407486 0.567414 0.406042 0.567352 0.404153 0.566164 0.402491 0.566102 0.400935 0.565164 0.399380 0.564352 0.398046 0.563664 0.398380 0.562167 0.398824 0.545672 0.372500 0.533193 0.370130 0.520896 0.370426 0.519641 0.371468 0.518555 0.372208 0.514539 0.371468 0.510943 0.369088 0.509188 0.364926 0.492206 0.363588 0.492875 0.365519 0.513536 0.398380 0.517719 0.407454 0.522703 0.417495 0.531305 0.435231 0.533620 0.433171 0.540341 0.443324 0.540776 0.445125
5 0.612745 0.629245 0.614708 0.621042 0.616201 0.617556 0.619375 0.615398 0.621661 0.614986 0.625674 0.616060 0.630109 0.622782 0.648685 0.658875 0.661286 0.684181 0.694794 0.747074 0.679542 0.765889
5 0.334583 0.252037 0.332526 0.251319 0.328570 0.252926 0.327667 0.255741 0.327271 0.258250 0.324898 0.259958 0.324503 0.261366 0.331565 0.277838 0.341906 0.302352 0.359706 0.339218 0.376544 0.371866 0.382534 0.382514 0.384453 0.381106 0.385867 0.379199 0.386771 0.377690 0.386828 0.375782 0.387109 0.373574 0.388747 0.372167 0.389766 0.369755 0.391122 0.368046 0.392240 0.364630 0.392581 0.356852 0.388568 0.353657 0.385773 0.349588 0.379039 0.337889 0.369471 0.319736 0.359258 0.302120 0.349508 0.282875
5 0.524365 0.479954 0.522341 0.484579 0.518802 0.489398 0.511714 0.501931 0.504776 0.511824 0.502823 0.514398 0.500292 0.516454 0.499859 0.520565 0.498703 0.521852 0.496607 0.521722 0.493062 0.519407 0.491617 0.520181 0.489521 0.522236 0.487786 0.523394 0.487424 0.515037 0.489451 0.511824 0.490607 0.508611 0.496607 0.506301 0.502172 0.494731 0.505135 0.483810 0.504919 0.467616 0.504414 0.463116 0.497401 0.444481 0.501674 0.446204 0.504630 0.456051 0.513232 0.473014 0.519523 0.481241 0.521474 0.481241
5 0.466823 0.515926 0.478505 0.537889 0.474570 0.548884 0.473320 0.549662 0.458930 0.524106 0.459969 0.522958 0.464242 0.518583
5 0.522341 0.484579 0.526943 0.490843 0.528784 0.489949 0.536563 0.478944 0.548190 0.467944 0.559229 0.457532 0.559732 0.453370 0.559648 0.445491 0.564417 0.440731 0.565586 0.439394 0.565922 0.438056 0.562667 0.430037 0.550107 0.441477 0.542672 0.449028 0.539297 0.451204 0.535716 0.462088 0.533690 0.463505 0.529208 0.473144 0.524365 0.479954
5 0.518802 0.489398 0.521711 0.495991 0.522583 0.505449 0.524130 0.509407 0.528680 0.509065 0.532745 0.507000 0.538745 0.496505 0.543003 0.489449 0.541841 0.485148 0.536563 0.478944 0.528784 0.489949 0.526943 0.490843 0.522341 0.484579
5 0.543003 0.489449 0.550753 0.488949 0.552922 0.491264 0.554294 0.488819 0.556826 0.483681 0.561307 0.481880 0.563404 0.478667 0.565716 0.470574 0.566656 0.462477 0.568029 0.463245 0.568607 0.461833 0.569547 0.459903 0.569693 0.458875 0.561018 0.444097 0.559648 0.445491 0.559732 0.453370 0.559229 0.457532 0.548190 0.467944 0.536563 0.478944 0.541841 0.485148
5 0.602469 0.845116 0.593430 0.853097 0.592133 0.853579 0.570779 0.780620 0.585112 0.811472
5 0.420174 0.190986 0.423531 0.181634 0.424021 0.179468 0.424370 0.178907 0.426773 0.181819 0.426984 0.181139 0.427018 0.180394 0.421823 0.171097 0.422276 0.167255 0.422729 0.166699 0.423219 0.166634 0.425799 0.170602 0.429737 0.161245 0.430086 0.160250 0.430888 0.160190 0.434339 0.164593 0.435070 0.161306 0.434966 0.158889 0.435177 0.157403 0.435698 0.156968 0.447203 0.174630 0.480638 0.229731 0.494688 0.251361 0.501102 0.263755 0.501693 0.265676 0.501693 0.267102 0.501625 0.269083 0.501799 0.272060 0.491549 0.286750 0.488445 0.293630 0.484089 0.292139 0.481578 0.288856 0.475042 0.279769 0.474930 0.277380 0.467091 0.263444 0.460596 0.256278 0.444807 0.234782 0.435404 0.220449 0.420734 0.198153 0.418159 0.194370 0.417823 0.192778
5 0.515703 0.512315 0.520896 0.520949 0.520461 0.522236 0.515312 0.532083 0.513539 0.535463 0.509456 0.540120 0.505057 0.544708 0.500727 0.552435 0.497039 0.555907 0.492773 0.558606 0.493062 0.561046 0.492268 0.561690 0.487932 0.559894 0.485544 0.564005 0.483232 0.567218 0.475693 0.555106 0.477068 0.555106 0.480068 0.553329 0.489440 0.545551 0.488878 0.542778 0.488253 0.540333 0.491750 0.538333 0.495875 0.537778 0.499685 0.535667 0.501310 0.533444 0.505997 0.528449
5 0.524130 0.509407 0.519245 0.511898 0.515703 0.512315 0.505997 0.528449 0.501310 0.533444 0.499685 0.535667 0.495875 0.537778 0.491750 0.538333 0.488253 0.540333 0.488878 0.542778 0.489440 0.545551 0.480068 0.553329 0.477068 0.555106 0.475693 0.555106 0.473320 0.549662 0.474570 0.548884 0.478505 0.537889 0.486190 0.529338 0.487786 0.523394 0.489521 0.522236 0.491617 0.520181 0.493062 0.519407 0.496607 0.521722 0.498703 0.521852 0.499859 0.520565 0.500292 0.516454 0.502823 0.514398 0.504776 0.511824 0.511714 0.501931 0.518802 0.489398 0.521711 0.495991 0.522583 0.505449
5 0.555938 0.516116 0.559479 0.510972 0.563370 0.505630 0.563648 0.505130 0.564349 0.505130 0.572844 0.520231 0.597953 0.565120 0.631229 0.623528 0.640656 0.641616 0.653211 0.664931 0.659698 0.679120 0.667167 0.689079 0.681542 0.712556 0.698016 0.741764 0.694794 0.747074 0.661286 0.684181 0.648685 0.658875 0.630109 0.622782 0.625674 0.616060 0.621661 0.614986 0.619375 0.615398 0.616201 0.617556 0.614708 0.621042 0.612745 0.629245
5 0.647841 0.803440 0.602469 0.845116 0.585112 0.811472 0.570779 0.780620 0.539763 0.668745 0.538083 0.663171 0.515352 0.627537 0.488591 0.578167 0.490719 0.572394 0.493630 0.568213 0.502138 0.561250 0.504826 0.561250 0.505721 0.560852 0.501690 0.551694 0.503594 0.550898 0.510424 0.561250 0.512216 0.560852 0.512776 0.558662 0.505057 0.544708 0.509456 0.540120 0.513539 0.535463 0.519862 0.544806 0.519862 0.544806 0.520133 0.545500 0.521490 0.548125 0.522242 0.549250 0.524742 0.553963 0.529326 0.563130 0.533862 0.571991 0.534904 0.574602 0.552961 0.610880 0.572161 0.647977
2 0.524742 0.553963 0.525180 0.553708 0.524909 0.552259 0.524487 0.551241 0.524185 0.550759 0.524667 0.549903 0.525000 0.549102 0.525000 0.548083 0.524185 0.547977 0.523130 0.548727 0.522242 0.549250 0.521490 0.548125 0.521805 0.543745 0.522437 0.541171 0.523312 0.540528 0.524156 0.540046 0.524638 0.538921 0.524849 0.538227 0.525482 0.538227 0.525932 0.539083 0.525964 0.540370 0.526505 0.540583 0.526565 0.541977 0.526354 0.543153 0.526625 0.543852 0.526867 0.544333 0.527258 0.545352 0.526836 0.546583 0.527591 0.547171 0.527922 0.545833 0.527831 0.545509 0.528674 0.544495 0.531146 0.538546 0.532229 0.535708 0.532833 0.535282 0.533797 0.537852 0.534250 0.538227 0.535484 0.536407 0.536148 0.535282 0.536419 0.532921 0.536448 0.532171 0.537052 0.531370 0.536810 0.525852 0.536810 0.521782 0.536875 0.518796 0.536927 0.518148 0.538359 0.515046 0.538919 0.514227 0.539401 0.511444 0.538648 0.508926 0.538318 0.507051 0.538648 0.505120 0.539492 0.503194 0.540786 0.500032 0.541570 0.498319 0.542656 0.496657 0.544555 0.496389 0.546573 0.497194 0.548833 0.500032 0.550370 0.502495 0.550732 0.505282 0.550885 0.506250 0.550279 0.509352 0.550036 0.512088 0.549737 0.514551 0.549013 0.515301 0.548169 0.515782 0.545820 0.526065 0.545188 0.526389 0.543862 0.525958 0.543349 0.530514 0.547477 0.537796 0.547146 0.540264 0.545638 0.542889 0.545578 0.544921 0.545849 0.548028 0.545909 0.549958 0.545125 0.552315 0.545036 0.553921 0.544312 0.554565 0.543138 0.555259 0.543258 0.556491 0.542534 0.557083 0.541721 0.557616 0.541690 0.559171 0.540245 0.566347 0.539643 0.568171 0.538919 0.568815 0.538406 0.568815 0.538195 0.567741 0.538135 0.566454 0.538378 0.565278 0.538529 0.564259 0.538589 0.560347 0.539583 0.556116 0.540216 0.553384 0.539703 0.552958 0.539010 0.555741 0.538648 0.558315 0.538167 0.558958 0.537714 0.559065 0.537411 0.558208 0.536990 0.557296 0.536117 0.556708 0.535365 0.555366 0.534701 0.554028 0.534581 0.551671 0.533948 0.551833 0.533526 0.551616 0.533224 0.551134 0.532773 0.547120 0.532229 0.548296 0.532229 0.549370 0.533044 0.552796 0.534490 0.555208 0.534581 0.556602 0.533737 0.557671 0.531779 0.558153 0.531508 0.558903 0.530844 0.560565 0.530422 0.561634 0.529326 0.563130
2 0.536875 0.518796 0.536250 0.518750 0.535469 0.519583 0.534531 0.521343 0.534089 0.526019 0.533359 0.531898 0.532229 0.535708 0.531146 0.538546 0.528674 0.544495 0.527831 0.545509 0.527922 0.545833 0.527591 0.547171 0.526836 0.546583 0.527258 0.545352 0.526867 0.544333 0.526625 0.543852 0.526354 0.543153 0.526565 0.541977 0.526505 0.540583 0.525964 0.540370 0.525932 0.539083 0.529115 0.532824 0.531823 0.528426 0.533385 0.524583 0.533958 0.520833 0.534661 0.518981 0.535651 0.517685 0.536406 0.517222 0.536927 0.518148 0.536953 0.518148
5 0.555938 0.516116 0.550885 0.506250 0.550279 0.509352 0.550036 0.512088 0.549737 0.514551 0.549013 0.515301 0.548169 0.515782 0.545820 0.526065 0.545188 0.526389 0.543862 0.525958 0.543349 0.530514 0.547477 0.537796 0.547146 0.540264 0.545638 0.542889 0.545578 0.544921 0.545849 0.548028 0.545909 0.549958 0.545125 0.552315 0.545036 0.553921 0.544312 0.554565 0.543138 0.555259 0.543258 0.556491 0.542534 0.557083 0.541721 0.557616 0.541690 0.559171 0.540245 0.566347 0.539643 0.568171 0.538919 0.568815 0.538406 0.568815 0.538195 0.567741 0.538135 0.566454 0.538378 0.565278 0.538529 0.564259 0.538589 0.560347 0.539583 0.556116 0.540216 0.553384 0.539703 0.552958 0.539010 0.555741 0.538648 0.558315 0.538167 0.558958 0.537714 0.559065 0.537411 0.558208 0.536990 0.557296 0.536117 0.556708 0.535365 0.555366 0.534701 0.554028 0.534581 0.551671 0.533948 0.551833 0.533526 0.551616 0.533224 0.551134 0.532773 0.547120 0.532229 0.548296 0.532229 0.549370 0.533044 0.552796 0.534490 0.555208 0.534581 0.556602 0.533737 0.557671 0.531779 0.558153 0.531508 0.558903 0.530844 0.560565 0.530422 0.561634 0.529326 0.563130 0.534141 0.572685 0.535128 0.571227 0.535656 0.569343 0.535883 0.567731 0.536487 0.567194 0.536792 0.567986 0.537320 0.569343 0.542841 0.576324 0.543070 0.578343 0.542539 0.579028 0.541482 0.578880 0.538984 0.577009 0.534898 0.574588 0.552961 0.610880 0.572161 0.647977 0.647841 0.803440 0.679542 0.765889 0.612745 0.629245
