8 0.397375 0.251875 0.401383 0.260769 0.403221 0.265213 0.401057 0.264875 0.399333 0.267731 0.397195 0.264412 0.393125 0.254583
6 0.464620 0.517569 0.464089 0.524306 0.461224 0.515324 0.461357 0.513028 0.463867 0.491583 0.466167 0.488856 0.468016 0.492079 0.465052 0.513708
14 0.288990 0.275556 0.299039 0.277481 0.306656 0.279153 0.314943 0.286806 0.316242 0.286806 0.317503 0.287343 0.318654 0.288796 0.319883 0.291796 0.320258 0.294574 0.318247 0.292903 0.315354 0.291671 0.316289 0.295398 0.316339 0.299958 0.316099 0.305356 0.315065 0.311148 0.317253 0.312028 0.320091 0.313287 0.320417 0.314713 0.319120 0.316560 0.317706 0.318931 0.300044 0.292699
6 0.436615 0.475657 0.454693 0.494380 0.451383 0.480694 0.448828 0.470611 0.444661 0.465935 0.443612 0.466037 0.441188 0.468028 0.439086 0.470181 0.437359 0.473838
5 0.334010 0.122213 0.336391 0.117500 0.340307 0.111662 0.343471 0.106949 0.344635 0.105278 0.345039 0.113213 0.346182 0.123819 0.346411 0.129056 0.340826 0.125940
14 0.624055 0.467597 0.626549 0.468644 0.635911 0.476991 0.651302 0.490477 0.660104 0.498671 0.661534 0.501491 0.662552 0.505565 0.662669 0.508912 0.663161 0.510282 0.656578 0.535593 0.655552 0.534931 0.654245 0.536921 0.653172 0.537583 0.652099 0.538083 0.650836 0.538000 0.643510 0.506139 0.622839 0.470556
14 0.579185 0.418097 0.571724 0.423426 0.563044 0.429250 0.557047 0.433458 0.552411 0.437426 0.550945 0.439597 0.549552 0.442389 0.548750 0.445421 0.548193 0.448343 0.545609 0.450713 0.543797 0.453435 0.542583 0.455880 0.542182 0.458097 0.542167 0.461028 0.542492 0.464116 0.543781 0.470565 0.545034 0.474801 0.546648 0.477019 0.549268 0.478380 0.551203 0.478028 0.553708 0.476449 0.557255 0.478380 0.560240 0.479102 0.563346 0.478741 0.568388 0.475227 0.577505 0.467986 0.589698 0.457301 0.588849 0.453713 0.591602 0.449935 0.592927 0.454208 0.601120 0.443486 0.599771 0.440602 0.598641 0.436944 0.598034 0.434935 0.594141 0.429745 0.585258 0.417644 0.580063 0.418079
14 0.562276 0.608995 0.560922 0.612421 0.559464 0.611958 0.558318 0.609690 0.556286 0.605384 0.555974 0.603440 0.556026 0.601773 0.556365 0.600431 0.563745 0.588259 0.563068 0.585806 0.562833 0.581593 0.563068 0.578352 0.563406 0.577009 0.567305 0.569032 0.576367 0.553616 0.584154 0.539917 0.595815 0.519745 0.596568 0.518833 0.596508 0.516907 0.597802 0.515032 0.599549 0.513745 0.601328 0.513315 0.603617 0.513690 0.607385 0.516745 0.611180 0.521778 0.614646 0.529653 0.616641 0.536009 0.618487 0.543264 0.618487 0.544500 0.617336 0.545741 0.613328 0.552495 0.603339 0.570694 0.591656 0.591602 0.583490 0.605958 0.582060 0.608065 0.580701 0.609616 0.579203 0.610046 0.577703 0.610171 0.575018 0.609056 0.567383 0.619532 0.566510 0.619653 0.565990 0.617731 0.565258 0.614074 0.563409 0.610231 0.562818 0.609366
4 0.566594 0.503986 0.568214 0.501176 0.571914 0.498074 0.575945 0.495856 0.580599 0.495194 0.587122 0.496894 0.593036 0.503731 0.600448 0.513431 0.599549 0.513745 0.597802 0.515032 0.596508 0.516907 0.596568 0.518833 0.595815 0.519745 0.584154 0.539917 0.576367 0.553616 0.567305 0.569032 0.565422 0.572773 0.562979 0.568301 0.563901 0.558694 0.563539 0.558532 0.577128 0.536440 0.575029 0.536764 0.566714 0.515454
6 0.483388 0.507088 0.484870 0.503889 0.485938 0.503519 0.487214 0.505741 0.488344 0.508495 0.490451 0.510699 0.503672 0.531019 0.509714 0.539167 0.510268 0.540912 0.511716 0.544315 0.513208 0.547218 0.515076 0.549870 0.516823 0.553472 0.523958 0.564306 0.529323 0.572130 0.535859 0.583657 0.546536 0.598519 0.549479 0.601528 0.554557 0.609306 0.568333 0.630231 0.570625 0.634907 0.572187 0.639120 0.575260 0.642130 0.577057 0.644444 0.587422 0.663426 0.594714 0.678472 0.600495 0.690046 0.602656 0.694907 0.605130 0.707130 0.604271 0.713611 0.603958 0.716574 0.601641 0.708704 0.600443 0.699259 0.597760 0.693843 0.589193 0.679167 0.576016 0.655741 0.571823 0.649167 0.568594 0.645833 0.564870 0.638009 0.562396 0.633287 0.547057 0.608704 0.533854 0.590787 0.529062 0.583889 0.522865 0.574028 0.514193 0.560787 0.510182 0.554907 0.507865 0.550509 0.507005 0.548565 0.497396 0.533426 0.493437 0.526713 0.490773 0.521838 0.488344 0.517903 0.485911 0.514028 0.483878 0.510884 0.482586 0.509949 0.482263 0.508944 0.482466 0.508014
14 0.289664 0.168375 0.302659 0.168190 0.314768 0.167634 0.324576 0.185153 0.316766 0.188375 0.304708 0.194815 0.301333 0.196704 0.295711 0.198593 0.299648 0.174130 0.299042 0.173199 0.298195 0.173343 0.297792 0.174847 0.293815 0.195120 0.287982 0.198356 0.288542 0.177944
14 0.484552 0.464736 0.493516 0.463750 0.498216 0.463134 0.502331 0.462949 0.503518 0.463495 0.504354 0.464755 0.506029 0.463727 0.507253 0.463611 0.509055 0.463954 0.510727 0.466588 0.504214 0.478685 0.513109 0.486153 0.512724 0.492333 0.511758 0.499315 0.511177 0.501944 0.510276 0.504694 0.509633 0.505606 0.500943 0.508241 0.490388 0.509042 0.488937 0.471435 0.487805 0.470287 0.486995 0.470861 0.488344 0.508495 0.487214 0.505741 0.485938 0.503519 0.484870 0.503889 0.483388 0.507088 0.480365 0.472667 0.482034 0.465481 0.484180 0.474278 0.485159 0.474194 0.485487 0.471458 0.485487 0.469134
14 0.552906 0.678838 0.559495 0.687079 0.570651 0.701273 0.573227 0.705278 0.574042 0.707310 0.574161 0.708704 0.562495 0.728764 0.551768 0.729676 0.549617 0.724370
14 0.545503 0.670380 0.550323 0.675949 0.549555 0.684481 0.547187 0.717653 0.546018 0.713875 0.546680 0.707366 0.547029 0.698440 0.546333 0.688153 0.544971 0.679722 0.543823 0.674389
14 0.573604 0.718037 0.575375 0.719565 0.576729 0.721648 0.578943 0.721926 0.580930 0.728509 0.582578 0.734315 0.581901 0.737370 0.579531 0.744130 0.578776 0.746398 0.576172 0.750426 0.573073 0.748991 0.571432 0.747741 0.564922 0.738574 0.565076 0.735838 0.567708 0.729912 0.572187 0.720556
6 0.414849 0.412435 0.423073 0.423565 0.421333 0.432454 0.413036 0.426074
14 0.404297 0.397833 0.404227 0.396843 0.404891 0.394426 0.404995 0.390213 0.406667 0.383083 0.412768 0.360833 0.420674 0.330801 0.422698 0.325222 0.424302 0.322991 0.425661 0.321935 0.428625 0.321130 0.433802 0.306505 0.436029 0.306505 0.438742 0.307417 0.440883 0.309560 0.442419 0.312986 0.444135 0.317593 0.444346 0.319574 0.442568 0.325898 0.441484 0.328148 0.433229 0.314755 0.431693 0.318935 0.434372 0.323912 0.435729 0.326296 0.436073 0.334005 0.436073 0.338528 0.435935 0.339954 0.435727 0.342806 0.436388 0.355694 0.437034 0.360634 0.437292 0.362306 0.436432 0.363690 0.435677 0.366009 0.435419 0.368319 0.434635 0.368333 0.425417 0.412500 0.424844 0.413333 0.424375 0.414213 0.424661 0.416157 0.423362 0.417977 0.421227 0.419486 0.419974 0.419417 0.414849 0.412435 0.414427 0.411713 0.408750 0.403796 0.410594 0.398634 0.417734 0.377157 0.421049 0.366014 0.419482 0.365370 0.413576 0.383852 0.408935 0.397403 0.407448 0.402037
14 0.437708 0.360866 0.438854 0.359060 0.440286 0.357162 0.442995 0.348134 0.443878 0.343181 0.443513 0.339801 0.440000 0.333657 0.436878 0.328185 0.436937 0.334023 0.436906 0.339810 0.436878 0.342810 0.436906 0.346398 0.437089 0.351218 0.437599 0.359093
6 0.386656 0.398324 0.400990 0.417412 0.402240 0.416079 0.407448 0.402037 0.403206 0.396449 0.400313 0.392727 0.393451 0.383514 0.389302 0.377069 0.387115 0.374153 0.382427 0.378042 0.380526 0.386421 0.380081 0.388787
1 0.390846 0.403944 0.395107 0.414065 0.398148 0.420329 0.401060 0.426764 0.404646 0.433722 0.405128 0.434903 0.406635 0.440366 0.409648 0.447597 0.411818 0.451292 0.412729 0.453838 0.413404 0.453602 0.412753 0.451106 0.411844 0.449389 0.409578 0.444574 0.407104 0.438602 0.406453 0.435824 0.405826 0.433606 0.401602 0.425759 0.398010 0.418347 0.395234 0.412130 0.393005 0.406750
8 0.294398 0.205366 0.305208 0.203593 0.328576 0.200481 0.344570 0.198704 0.354443 0.197259 0.354943 0.198259 0.355065 0.199704 0.355065 0.202815 0.354505 0.203259 0.331635 0.205810 0.317016 0.208032 0.293148 0.211255
8 0.418490 0.326852 0.418651 0.328458 0.414047 0.349653 0.408435 0.372894 0.403206 0.396449 0.400313 0.392727 0.402318 0.383597 0.407732 0.359620 0.412961 0.337384 0.414815 0.327014 0.415443 0.326412 0.416901 0.325093
14 0.497844 0.357444 0.502237 0.365130 0.506417 0.359051 0.507729 0.357083 0.508753 0.354884 0.509685 0.351986 0.509984 0.350222 0.506193 0.344755 0.505617 0.343579 0.506010 0.342833 0.507122 0.341977 0.508599 0.341435 0.510167 0.341435 0.515714 0.351898 0.517594 0.351708 0.519370 0.352208 0.521849 0.353995 0.534664 0.376935 0.536948 0.381028 0.537646 0.383319 0.538000 0.385097 0.539302 0.386903 0.540609 0.387843 0.541794 0.391190 0.541760 0.397329 0.540086 0.404824 0.537612 0.409847 0.534497 0.415338 0.531312 0.418782 0.529336 0.419931 0.525461 0.420431 0.523042 0.417060 0.511143 0.398199 0.504807 0.387167 0.503409 0.384181 0.502990 0.382769 0.502568 0.380278 0.502469 0.375542 0.499807 0.370588 0.496581 0.366505 0.496219 0.363921 0.496219 0.361125 0.496781 0.358616
8 0.520695 0.301111 0.524836 0.311944 0.531656 0.330028 0.535964 0.340787 0.539870 0.342731 0.527474 0.310648 0.522839 0.302824
14 0.555234 0.349537 0.556427 0.351884 0.558414 0.361306 0.557125 0.364403 0.556216 0.367009 0.555870 0.369856 0.555729 0.371843 0.557297 0.376491 0.562109 0.387894 0.564096 0.391301 0.565456 0.394403 0.566815 0.398676 0.567966 0.400847 0.569117 0.405250 0.574521 0.417458 0.577273 0.417954 0.580063 0.418079 0.585258 0.417644 0.582992 0.414236 0.580203 0.409833 0.573299 0.401343 0.570128 0.395949 0.567409 0.391491 0.563852 0.381199 0.563922 0.373204 0.564445 0.373204 0.567268 0.379403 0.569708 0.387273 0.570930 0.390495 0.577206 0.398370 0.587385 0.411074 0.593904 0.419625 0.584073 0.399481 0.572219 0.374755 0.571557 0.371968 0.572148 0.368370 0.573229 0.364778 0.573719 0.363287 0.572943 0.364306 0.566979 0.368333 0.566432 0.366667 0.563177 0.357685 0.563802 0.357315 0.562422 0.352083 0.561354 0.352083 0.560599 0.348519 0.558568 0.342315 0.556302 0.335926 0.554531 0.338565 0.552891 0.340833 0.552396 0.342037 0.552865 0.344028
14 0.369875 0.305444 0.360922 0.321093 0.360883 0.323676 0.376456 0.318056 0.384359 0.315981 0.385328 0.325370 0.385005 0.329102 0.383190 0.328815 0.382302 0.329963 0.381695 0.333144 0.387505 0.331278 0.388594 0.338736 0.392990 0.337083 0.396297 0.327764 0.394724 0.323176 0.393313 0.314926 0.392789 0.306250 0.393352 0.299653 0.394685 0.293269 0.396339 0.289542 0.399039 0.286458 0.401461 0.285167 0.402510 0.285167 0.402388 0.282301 0.404487 0.265306 0.401057 0.264875 0.396862 0.271685 0.394362 0.276060 0.391859 0.274338 0.389763 0.273477 0.389203 0.273431 0.388396 0.273431 0.386781 0.273787 0.385289 0.275796 0.384245 0.278009 0.374810 0.296671
1 0.432867 0.287801 0.437372 0.286597 0.442867 0.285347 0.443307 0.285741 0.442997 0.286782 0.445776 0.287361 0.448367 0.288324 0.450779 0.289505 0.458219 0.290792 0.461234 0.290736 0.461172 0.292593 0.458219 0.292662 0.452888 0.291648 0.450297 0.291005 0.448128 0.289931 0.446018 0.289130 0.443365 0.288699 0.442010 0.288486 0.441708 0.287843 0.441617 0.287148 0.436586 0.288218 0.433331 0.289181 0.432820 0.289181
14 0.454609 0.278843 0.454497 0.287019 0.457109 0.290505 0.461234 0.290736 0.461310 0.284116 0.464625 0.286190 0.470458 0.289176 0.475966 0.292829 0.487961 0.302454 0.488146 0.305606 0.490201 0.302204 0.490854 0.302120 0.491367 0.302370 0.498508 0.317306 0.500701 0.317306 0.499674 0.314069 0.493794 0.304778 0.487307 0.293657 0.482826 0.285611 0.480214 0.281046 0.475406 0.275653 0.474005 0.274907 0.472138 0.275319 0.470646 0.276648 0.463203 0.265370 0.462781 0.264806 0.461982 0.264926 0.460758 0.266171 0.458878 0.268958 0.456471 0.273236 0.455529 0.275398 0.455208 0.276898
14 0.475706 0.273722 0.474711 0.275329 0.475406 0.275653 0.480214 0.281046 0.482826 0.285611 0.487307 0.293657 0.488753 0.296162 0.490289 0.293699 0.492581 0.291449 0.491526 0.288773 0.490622 0.286736 0.494036 0.285046 0.490755 0.282269 0.485703 0.277917 0.483932 0.277222 0.480859 0.275370 0.477365 0.270398
1 0.453273 0.392657 0.458333 0.400093 0.462448 0.405880 0.462893 0.406861 0.463943 0.408435 0.465193 0.410731 0.467370 0.414306 0.474167 0.427130 0.473177 0.426852 0.470417 0.421898 0.465677 0.413102 0.462578 0.408148 0.455417 0.397546 0.452708 0.393472 0.450930 0.388907
1 0.449792 0.388009 0.452526 0.394583 0.454245 0.399815 0.457109 0.409352 0.458490 0.413472 0.459922 0.418519 0.461042 0.423657 0.461693 0.427037 0.462760 0.432315 0.462656 0.441435 0.463568 0.441435 0.463255 0.432315 0.462813 0.429074 0.461432 0.421713 0.458568 0.411065 0.454740 0.399120 0.452708 0.393472 0.450313 0.387454
6 0.440625 0.402037 0.442578 0.400694 0.446693 0.398194 0.447057 0.400278 0.447839 0.401389 0.448177 0.401574 0.449557 0.399676 0.449531 0.396806 0.452526 0.394583 0.454245 0.399815 0.450182 0.402500 0.446198 0.404861 0.442839 0.407407 0.440208 0.408935 0.440492 0.406843 0.438305 0.405269 0.438411 0.403935 0.439323 0.402963
14 0.480401 0.264801 0.481328 0.264213 0.482839 0.266991 0.483411 0.266713 0.487057 0.273796 0.488091 0.275755 0.488000 0.276560 0.488664 0.277843 0.489445 0.278329 0.491104 0.278060 0.493214 0.276130 0.495964 0.275602 0.497422 0.276111 0.500339 0.280185 0.500833 0.281528 0.500521 0.282824 0.500521 0.283935 0.499870 0.285278 0.496562 0.284398 0.493880 0.283194 0.490573 0.280463 0.488099 0.278056 0.485625 0.276250 0.484193 0.275972 0.481536 0.274398 0.480521 0.272824 0.477940 0.269032
14 0.460453 0.335528 0.460690 0.333306 0.461341 0.330389 0.462591 0.327750 0.460370 0.316894 0.459714 0.312301 0.460255 0.310426 0.462289 0.307898 0.463297 0.306824 0.464266 0.306037 0.465193 0.305606 0.467292 0.306389 0.469625 0.307319 0.472638 0.312032 0.473302 0.313319 0.474026 0.318833 0.474349 0.335926 0.471693 0.333102 0.470781 0.333148 0.468521 0.337838
6 0.483758 0.341282 0.479979 0.335329 0.481922 0.330241 0.485542 0.325056 0.492130 0.335519 0.492060 0.338870 0.493102 0.342403 0.494708 0.345620 0.499549 0.352319 0.504417 0.358051 0.506417 0.359051 0.502237 0.365130 0.497844 0.357444 0.496781 0.358616 0.496219 0.361125 0.496219 0.363921 0.496581 0.366505 0.495260 0.362306 0.497214 0.356204 0.496745 0.354815 0.491432 0.350509 0.488508 0.347972 0.485510 0.343759 0.486484 0.343796 0.490344 0.344222 0.488932 0.341856
8 0.435990 0.381852 0.434688 0.395278 0.434375 0.399676 0.435078 0.401713 0.435781 0.403148 0.437344 0.404630 0.437917 0.395139 0.438646 0.394676 0.439089 0.394861 0.438411 0.403935 0.439323 0.402963 0.440625 0.402037 0.441635 0.388500 0.441878 0.383412 0.440305 0.380972 0.438974 0.380042 0.437198 0.380185
14 0.460672 0.419014 0.465031 0.417338 0.465469 0.419301 0.467336 0.429588 0.466589 0.431250 0.465935 0.432741 0.466682 0.437639 0.466497 0.441787 0.466451 0.443421 0.463568 0.441435 0.463255 0.432315 0.462813 0.429074 0.461432 0.421713
4 0.566594 0.503986 0.568214 0.501176 0.571914 0.498074 0.575945 0.495856 0.580599 0.495194 0.587122 0.496894 0.593036 0.503731 0.600448 0.513431 0.599549 0.513745 0.597802 0.515032 0.596508 0.516907 0.596568 0.518833 0.595815 0.519745 0.584154 0.539917 0.576367 0.553616 0.567305 0.569032 0.565422 0.572773 0.562979 0.568301 0.563901 0.558694 0.563539 0.558532 0.577128 0.536440 0.575029 0.536764 0.566714 0.515454
14 0.370625 0.171713 0.371128 0.169569 0.372177 0.166773 0.373224 0.164264 0.375846 0.161824 0.380122 0.160032 0.381253 0.161537 0.383443 0.166509 0.386146 0.169088 0.388768 0.168514 0.392583 0.169806 0.394169 0.175532 0.396737 0.181255 0.402953 0.194810 0.401479 0.197579 0.394010 0.206208 0.388365 0.212759 0.387302 0.200838 0.385930 0.194384 0.382422 0.182333 0.379115 0.172153 0.376896 0.169426 0.374555 0.169500
6 0.569826 0.485843 0.571740 0.491153 0.573701 0.491981 0.578776 0.486713 0.577201 0.484597 0.578255 0.481898 0.580607 0.484597 0.588495 0.476718 0.600909 0.463856 0.608378 0.455727 0.604549 0.449500 0.594609 0.464602 0.592695 0.465681 0.592414 0.469995 0.591341 0.471407 0.585602 0.473398 0.579299 0.475139 0.573414 0.481787
6 0.608068 0.445384 0.616617 0.436204 0.619362 0.437495 0.621581 0.442014 0.611979 0.452051
14 0.453930 0.421796 0.460026 0.419028 0.461042 0.423657 0.461693 0.427037 0.462760 0.432315 0.462656 0.441435 0.459872 0.440556
14 0.479552 0.429009 0.480526 0.432111 0.482026 0.440847 0.482026 0.444009 0.481643 0.448532 0.481154 0.452005 0.479831 0.455352 0.477880 0.451792 0.474753 0.448060 0.472698 0.446065 0.471112 0.436856 0.469245 0.425157 0.473177 0.426852 0.474167 0.427130
14 0.620195 0.476139 0.626708 0.487866 0.635112 0.502366 0.643385 0.517963 0.646823 0.536028 0.638529 0.528514 0.623685 0.514995 0.619318 0.510796 0.618307 0.509370 0.617714 0.507634 0.618708 0.505398 0.624919 0.505829 0.627336 0.501741 0.624273 0.493491 0.622052 0.489907 0.619672 0.486319 0.618138 0.485102 0.617372 0.485532 0.618865 0.483023
8 0.259284 0.228495 0.285714 0.251375 0.312893 0.275366 0.344789 0.304347 0.355354 0.313454 0.361526 0.318843 0.360922 0.321093 0.360883 0.323676 0.359083 0.324551 0.356641 0.323861 0.338203 0.307255 0.322057 0.293440 0.319883 0.291796 0.318654 0.288796 0.317503 0.287343 0.316242 0.286806 0.314943 0.286806 0.306656 0.279153 0.286365 0.261625 0.271187 0.247778
14 0.569661 0.344722 0.570799 0.343389 0.571086 0.341250 0.573443 0.336806 0.578203 0.329884 0.579214 0.330398 0.585224 0.344588 0.586185 0.345870 0.587917 0.345097 0.589456 0.345014 0.591523 0.346208 0.595753 0.354157 0.606477 0.376810 0.619169 0.403736 0.621383 0.409296 0.621862 0.412116 0.621815 0.414421 0.624411 0.417843 0.625469 0.420153 0.625372 0.421861 0.620516 0.429468 0.616617 0.436204 0.608068 0.445384 0.604167 0.439042 0.602773 0.435023 0.600755 0.428611 0.597245 0.423912 0.593904 0.419625 0.584073 0.399481 0.572219 0.374755 0.571557 0.371968 0.572148 0.368370 0.573229 0.364778 0.573719 0.363287 0.574427 0.362037 0.574714 0.360741 0.573464 0.357917 0.571927 0.356296 0.569271 0.350556 0.568177 0.347731 0.568750 0.346435
6 0.650836 0.538000 0.652299 0.543708 0.652961 0.546806 0.651286 0.555852 0.647240 0.538074 0.646823 0.536028 0.643385 0.517963 0.635112 0.502366 0.626708 0.487866 0.620195 0.476139 0.608378 0.455727 0.604549 0.449500 0.601120 0.443486 0.599771 0.440602 0.598641 0.436944 0.598034 0.434935 0.594141 0.429745 0.585258 0.417644 0.582992 0.414236 0.580203 0.409833 0.573299 0.401343 0.570128 0.395949 0.567409 0.391491 0.563852 0.381199 0.563922 0.373204 0.564445 0.373204 0.567268 0.379403 0.569708 0.387273 0.570930 0.390495 0.577206 0.398370 0.587385 0.411074 0.593904 0.419625 0.597245 0.423912 0.600755 0.428611 0.602773 0.435023 0.604167 0.439042 0.608068 0.445384 0.611979 0.452051 0.622839 0.470556 0.643510 0.506139
14 0.624122 0.544366 0.621719 0.545370 0.620000 0.547361 0.618099 0.550694 0.617214 0.553102 0.616875 0.555787 0.616693 0.556528 0.612135 0.558056 0.609297 0.559769 0.607865 0.562222 0.607005 0.566991 0.607812 0.574444 0.608776 0.578148 0.609687 0.579861 0.610651 0.580648 0.614349 0.579259 0.616771 0.578194 0.621224 0.585463 0.623750 0.588426 0.625651 0.589074 0.630807 0.588148 0.637057 0.585694 0.639661 0.577546 0.643307 0.569352 0.651302 0.556019 0.647240 0.538074 0.630542 0.542722 0.626414 0.543292
6 0.324576 0.185153 0.314344 0.166796 0.303281 0.146134 0.302349 0.143648 0.304495 0.140079 0.310096 0.148542 0.311682 0.152111 0.311216 0.152856 0.318031 0.165963 0.327638 0.183375 0.328513 0.185153 0.326326 0.188375
14 0.322737 0.174505 0.322857 0.171986 0.324456 0.166310 0.326383 0.160736 0.330141 0.150718 0.331677 0.148264 0.334174 0.147662 0.335297 0.148032 0.337534 0.150208 0.338706 0.149421 0.340271 0.149514 0.341286 0.150444 0.345729 0.155731 0.350997 0.162051 0.359187 0.172773 0.345383 0.173824 0.342695 0.174824 0.339133 0.177042 0.334135 0.178931 0.327638 0.183375
14 0.344635 0.105278 0.344427 0.096343 0.345573 0.092130 0.347422 0.088287 0.350365 0.085417 0.354792 0.084028 0.357344 0.084537 0.359661 0.085972 0.362109 0.088935 0.364245 0.092917 0.364740 0.094954 0.364792 0.101250 0.365521 0.102130 0.366042 0.113194 0.361875 0.115602 0.359714 0.118796 0.357214 0.124491 0.355703 0.131343 0.355208 0.135926 0.355417 0.141019 0.355854 0.144741 0.350240 0.134981 0.346411 0.129056 0.346182 0.123819 0.345039 0.113213
14 0.426917 0.169829 0.427523 0.173343 0.427844 0.177644 0.427724 0.183884 0.426474 0.188833 0.425063 0.192273 0.422521 0.196435 0.420786 0.197435 0.420625 0.190264 0.423690 0.168106 0.425547 0.168824
14 0.389625 0.224292 0.390557 0.226949 0.391258 0.228940 0.393966 0.226875 0.397802 0.223343 0.405750 0.216588 0.406727 0.216278 0.408016 0.216958 0.409880 0.218153 0.409133 0.211931 0.409133 0.207782 0.409273 0.204463 0.404513 0.210852 0.395924 0.219731 0.390557 0.224130
14 0.322510 0.143569 0.318310 0.141083 0.316490 0.140750 0.314438 0.143986 0.313643 0.147139 0.312802 0.151204 0.312617 0.155435 0.318031 0.165963 0.325544 0.156431 0.326245 0.157343 0.326385 0.158588 0.319805 0.167218 0.324141 0.167352 0.324456 0.166310 0.326383 0.160736 0.330141 0.150718 0.331677 0.148264 0.334174 0.147662 0.335297 0.148032 0.337534 0.150208 0.338706 0.149421 0.340271 0.149514 0.339630 0.147537 0.326557 0.145431 0.322872 0.142671
5 0.311354 0.144306 0.316068 0.132778 0.318758 0.137653 0.322872 0.142671 0.322510 0.143569 0.318310 0.141083 0.316490 0.140750 0.314438 0.143986 0.313643 0.147139 0.312802 0.151204 0.312617 0.155435 0.311216 0.152856 0.311682 0.152111 0.310096 0.148542
8 0.407385 0.284995 0.412758 0.287218 0.417258 0.289995 0.417695 0.292435 0.417523 0.296056 0.416799 0.298199 0.416138 0.299537 0.415294 0.299912 0.414299 0.299162 0.413547 0.299056 0.413094 0.298843 0.412682 0.299005 0.410854 0.298102 0.409115 0.291204 0.407839 0.287130
8 0.621224 0.585463 0.625859 0.595741 0.635698 0.615968 0.633721 0.621917 0.626404 0.606870 0.624349 0.602838 0.625776 0.602778 0.625854 0.598704 0.622430 0.598486 0.613268 0.580894 0.613740 0.579509 0.614349 0.579259 0.616771 0.578194
14 0.614229 0.514995 0.623685 0.514995 0.638529 0.528514 0.646823 0.536028 0.647240 0.538074 0.630542 0.542722 0.626414 0.543292 0.612432 0.524597 0.611693 0.523009 0.614583 0.521343 0.614062 0.518519 0.612474 0.518380
14 0.391818 0.230352 0.393451 0.235662 0.395365 0.234000 0.395971 0.234667 0.399518 0.247111 0.401898 0.245287 0.406286 0.243046 0.407266 0.237819 0.408107 0.235079 0.409227 0.232259 0.411326 0.230269 0.413659 0.230519 0.414688 0.226449 0.414594 0.223213 0.413474 0.221889 0.411992 0.220120 0.411643 0.221171 0.410771 0.221296 0.408680 0.219625 0.407146 0.218444 0.405961 0.218199 0.403346 0.220366 0.398430 0.225264 0.393654 0.229231
6 0.603216 0.697532 0.603844 0.693630 0.605622 0.692079 0.612281 0.694801 0.613617 0.696250 0.609492 0.708130 0.604753 0.705093
8 0.564271 0.519037 0.563656 0.521023 0.562930 0.522097 0.561719 0.522241 0.560625 0.521713 0.559609 0.519583 0.559461 0.516431 0.560073 0.508157 0.560773 0.499903 0.560911 0.496481 0.565211 0.491273
14 0.379414 0.140810 0.380529 0.138667 0.381552 0.137704 0.383000 0.137329 0.385471 0.138509 0.387880 0.140060 0.389839 0.138028 0.391828 0.137435 0.393755 0.137435 0.398802 0.140694 0.395932 0.140130 0.395781 0.140454 0.396562 0.141898 0.400872 0.142972 0.405604 0.146718 0.399005 0.145380 0.397740 0.144310 0.396745 0.144417 0.396443 0.145755 0.396654 0.147792 0.398945 0.149236 0.410635 0.153000 0.416487 0.154935 0.422898 0.161889 0.414349 0.158519 0.413630 0.159157 0.413000 0.163806 0.418693 0.166218 0.421862 0.167463 0.419599 0.184806 0.419081 0.188903 0.418802 0.198361 0.416839 0.198611 0.414180 0.196954 0.414552 0.194708 0.413711 0.191144 0.410445 0.179278 0.408812 0.179111 0.403167 0.185338 0.404201 0.190866 0.400982 0.186134 0.397107 0.178500 0.393560 0.170204 0.388768 0.168514 0.386146 0.169088 0.383443 0.166509 0.382273 0.162347 0.382154 0.160625 0.378924 0.157616 0.377516 0.149153 0.377393 0.146500 0.385365 0.155648 0.386240 0.159935 0.387479 0.163176 0.390107 0.164731 0.392732 0.164083 0.394555 0.161231 0.396013 0.156435 0.395284 0.150727 0.394190 0.146838 0.392294 0.144894 0.389888 0.144894 0.388573 0.145931 0.386604 0.148523 0.379430 0.142463
13 0.396297 0.327764 0.397578 0.330648 0.399609 0.333843 0.401172 0.335093 0.406328 0.332639 0.406667 0.325694 0.406484 0.324861 0.410599 0.318241 0.408542 0.305278 0.406250 0.292685 0.405495 0.288796 0.402510 0.285167 0.401461 0.285167 0.399039 0.286458 0.396339 0.289542 0.394685 0.293269 0.393352 0.299653 0.392789 0.306250 0.393313 0.314926 0.394724 0.323176
8 0.289245 0.217963 0.292344 0.202361 0.293815 0.195120 0.297792 0.174847 0.298195 0.173343 0.299042 0.173199 0.299648 0.174130 0.295711 0.198593 0.294398 0.205366 0.293148 0.211255 0.291023 0.223472 0.290714 0.226917
8 0.566714 0.515454 0.566503 0.489907 0.565211 0.491273 0.564271 0.519037 0.564130 0.535278 0.564516 0.537134 0.565281 0.537444 0.566458 0.537315 0.566852 0.536889 0.567023 0.535338 0.566823 0.524477
8 0.415828 0.276843 0.420365 0.276843 0.427161 0.276356 0.447125 0.275644 0.455529 0.275398 0.455208 0.276898 0.454609 0.278843 0.432969 0.279769 0.423464 0.280139 0.417578 0.280185
13 0.541760 0.397329 0.542901 0.393347 0.544992 0.389444 0.546701 0.387148 0.548721 0.385352 0.552013 0.384560 0.555477 0.384009 0.557333 0.384236 0.559354 0.385292 0.562109 0.387894 0.564096 0.391301 0.565456 0.394403 0.566815 0.398676 0.567966 0.400847 0.569117 0.405250 0.569812 0.412250 0.569708 0.419690 0.568349 0.422727 0.566292 0.427000 0.563044 0.429250 0.557047 0.433458 0.552411 0.437426 0.551615 0.438653 0.547711 0.435926 0.542237 0.427250 0.540250 0.420866 0.538924 0.413241 0.540086 0.404824
5 0.259284 0.228495 0.258591 0.224907 0.268964 0.219241 0.270081 0.237898
5 0.379784 0.260801 0.381432 0.260241 0.381307 0.257907 0.380120 0.251907 0.378810 0.247019 0.377372 0.246912 0.376060 0.246245 0.374122 0.243912 0.373247 0.241690 0.373935 0.238801 0.372560 0.235134 0.370813 0.232694 0.368812 0.229806 0.369562 0.228139 0.369875 0.221583 0.370312 0.207810 0.371622 0.203481 0.373935 0.193593 0.373997 0.185708 0.373810 0.178819 0.373435 0.174269 0.371560 0.171713 0.370625 0.171713 0.369625 0.173824 0.368437 0.176153 0.367063 0.179153 0.364375 0.183597 0.361503 0.189597 0.359815 0.193370 0.358440 0.197259 0.358003 0.200259 0.357690 0.204255 0.356878 0.208810 0.356503 0.210144 0.356003 0.210032 0.355815 0.209144 0.356378 0.206588 0.356878 0.203593 0.357065 0.199815 0.357315 0.197926 0.358315 0.194593 0.361440 0.187708 0.363812 0.182819 0.366562 0.178486 0.367875 0.175491 0.369000 0.173269 0.370000 0.171380 0.360815 0.172713 0.345383 0.173824 0.342695 0.174824 0.339133 0.177042 0.334135 0.178931 0.327638 0.183375 0.328513 0.185153 0.326326 0.188375 0.324576 0.185153 0.316766 0.188375 0.304708 0.194815 0.301333 0.196704 0.295711 0.198593 0.294398 0.205366 0.305208 0.203593 0.328576 0.200481 0.344570 0.198704 0.354443 0.197259 0.354943 0.198259 0.355065 0.199704 0.355065 0.202815 0.354505 0.203259 0.331635 0.205810 0.317016 0.208032 0.293148 0.211255 0.291023 0.223472 0.290714 0.226917 0.290901 0.238690 0.290339 0.243356 0.287901 0.253352 0.312893 0.275366 0.320979 0.282907 0.320776 0.240236 0.322188 0.238875 0.324484 0.238514 0.328607 0.239880 0.330456 0.239880 0.336862 0.238838 0.340831 0.241907 0.342276 0.250792 0.343260 0.271032 0.344008 0.278343 0.348292 0.275366 0.361305 0.265819 0.374693 0.256148
5 0.366042 0.113194 0.368029 0.112898 0.369841 0.112898 0.372422 0.114264 0.374654 0.116616 0.376641 0.120769 0.379047 0.129074 0.379500 0.135954 0.379534 0.139426 0.379430 0.142463 0.369669 0.134653 0.373956 0.122009 0.372352 0.120148 0.367193 0.133537 0.361349 0.146731 0.355854 0.144741 0.355417 0.141019 0.355208 0.135926 0.355703 0.131343 0.357214 0.124491 0.359714 0.118796 0.361875 0.115602
10 0.478932 0.251065 0.479773 0.248810 0.481854 0.245704 0.485258 0.242384 0.487216 0.241366 0.488664 0.241796 0.489206 0.243028 0.489146 0.244796 0.487427 0.247310 0.490771 0.254648 0.493935 0.261079 0.496589 0.265792 0.497492 0.265097 0.498547 0.264773 0.499029 0.264829 0.499148 0.266222 0.498818 0.267991 0.497341 0.270667 0.496315 0.272435 0.494690 0.274361 0.493214 0.276130 0.491104 0.278060 0.489445 0.278329 0.488664 0.277843 0.488000 0.276560 0.488091 0.275755 0.488568 0.274769 0.488359 0.272824 0.487109 0.269491 0.480781 0.254907 0.479875 0.253542 0.478909 0.252468
1 0.512786 0.298611 0.512708 0.297269 0.512813 0.295046 0.514089 0.296019 0.514323 0.299583 0.515312 0.304861 0.516615 0.312037 0.518411 0.321759 0.520234 0.331852 0.518516 0.330741 0.516823 0.321898 0.514479 0.308704
2 0.322872 0.142671 0.318758 0.137653 0.314401 0.129968 0.312065 0.125940 0.310706 0.123148 0.310531 0.121722 0.311089 0.119060 0.321128 0.117819 0.327997 0.118875 0.333190 0.121722 0.340826 0.125940 0.346411 0.129056 0.350240 0.134981 0.355854 0.144741 0.361349 0.146731 0.367451 0.149023 0.374878 0.152866 0.375714 0.153796 0.375714 0.155037 0.375534 0.155861 0.373750 0.158704 0.361797 0.157315 0.340271 0.149514 0.339573 0.147435 0.326557 0.145431
5 0.286333 0.261620 0.306656 0.279153 0.299039 0.277481 0.299039 0.277481 0.288990 0.275556 0.285286 0.269986 0.271187 0.247778
10 0.419591 0.214356 0.428073 0.233884 0.430336 0.229648 0.435664 0.220852 0.439258 0.214588 0.440385 0.213241 0.432211 0.213796 0.426633 0.213486
3 0.488516 0.398472 0.495148 0.410315 0.499768 0.418778 0.500563 0.418694 0.502427 0.404093 0.508122 0.415046 0.522776 0.442509 0.519323 0.426495 0.503549 0.396458 0.504807 0.387167 0.503409 0.384181 0.502990 0.382769 0.502568 0.380278 0.495802 0.367088 0.494427 0.364444 0.492656 0.361759 0.490990 0.369213 0.489695 0.376005 0.489695 0.376625 0.487919 0.388093 0.487083 0.392546 0.486719 0.394676 0.487005 0.395833
3 0.555234 0.349537 0.553349 0.358579 0.549622 0.368852 0.548237 0.365579 0.549430 0.359310 0.549068 0.355005 0.548677 0.353755 0.547474 0.351620
7 0.443276 0.171898 0.445005 0.162097 0.445383 0.159319 0.445813 0.151750 0.446461 0.147917 0.448130 0.147148 0.452281 0.159606 0.456326 0.170343 0.461932 0.182514 0.465706 0.191426 0.466945 0.193824 0.464628 0.207625 0.463594 0.206898 0.461346 0.208097 0.448104 0.216787 0.446799 0.215606 0.440427 0.209227 0.439740 0.208866 0.438935 0.209727 0.437909 0.207153 0.437104 0.204208 0.436604 0.200023 0.437799 0.195148 0.440878 0.182491
10 0.398802 0.140694 0.410586 0.144653 0.417307 0.147560 0.419174 0.148222 0.419922 0.145236 0.424542 0.146977 0.425427 0.147889 0.425195 0.153949 0.431448 0.160583 0.435836 0.165398 0.439990 0.171537 0.440784 0.172037 0.441622 0.170458 0.442182 0.170375 0.442930 0.170875 0.443276 0.171898 0.440878 0.182491 0.438357 0.180083 0.433596 0.169463 0.433958 0.166806 0.433411 0.165787 0.422898 0.161889 0.416487 0.154935 0.410635 0.153000 0.398945 0.149236 0.396654 0.147792 0.396443 0.145755 0.396745 0.144417 0.397740 0.144310 0.399005 0.145380 0.405604 0.146718 0.400872 0.142972 0.396562 0.141898 0.395781 0.140454 0.395932 0.140130
10 0.251406 0.217352 0.257404 0.179810 0.268589 0.181810 0.268029 0.202088 0.268477 0.208991 0.260229 0.209880 0.259417 0.211542 0.259104 0.213542 0.259604 0.215431 0.260854 0.216319 0.268664 0.214875 0.268964 0.219241 0.258591 0.224907 0.259284 0.228495
2 0.414180 0.196954 0.413846 0.199069 0.412979 0.200255 0.412003 0.201458 0.404513 0.210852 0.395924 0.219731 0.390557 0.224130 0.389625 0.224292 0.389065 0.220977 0.388365 0.212759 0.394010 0.206208 0.401479 0.197579 0.403828 0.192778 0.404201 0.190866 0.403167 0.185338 0.408812 0.179111 0.410445 0.179278 0.413711 0.191144 0.414552 0.194708
2 0.526714 0.448944 0.528359 0.423986 0.529385 0.422329 0.530646 0.422079 0.534518 0.426644 0.540073 0.435356 0.543013 0.439505 0.548750 0.445421 0.548193 0.448343 0.545609 0.450713 0.543797 0.453435 0.542583 0.455880 0.542182 0.458097 0.542167 0.461028 0.542492 0.464116 0.543781 0.470565 0.545034 0.474801 0.546648 0.477019 0.549268 0.478380 0.551203 0.478028 0.553708 0.476449 0.557255 0.478380 0.560240 0.479102 0.561823 0.478935 0.561250 0.487870 0.560250 0.488829 0.557677 0.491894 0.555049 0.485903 0.553112 0.485394 0.551583 0.481884 0.550010 0.482384 0.552068 0.490847 0.542109 0.478519 0.536917 0.471102 0.532820 0.465005 0.530729 0.461884 0.526714 0.458907
3 0.519323 0.426495 0.519406 0.425718 0.528201 0.426796 0.526714 0.448944 0.524036 0.446569 0.522776 0.442509
2 0.506417 0.359051 0.504417 0.358051 0.499549 0.352319 0.494708 0.345620 0.493102 0.342403 0.492060 0.338870 0.492302 0.333171 0.493346 0.328519 0.493833 0.326352 0.495896 0.319218 0.497951 0.319532 0.500563 0.320218 0.501953 0.320231 0.503021 0.321620 0.514062 0.328194 0.518516 0.330741 0.520234 0.331852 0.535964 0.340787 0.539870 0.342731 0.542656 0.344231 0.543305 0.345310 0.543469 0.348153 0.543177 0.350310 0.543211 0.351787 0.542846 0.359333 0.541250 0.377634 0.540917 0.378616 0.539299 0.380176 0.536177 0.378278 0.534664 0.376935 0.521849 0.353995 0.519370 0.352208 0.517594 0.351708 0.515714 0.351898 0.510167 0.341435 0.508599 0.341435 0.507122 0.341977 0.506010 0.342833 0.505617 0.343579 0.506193 0.344755 0.509984 0.350222 0.509685 0.351986 0.508753 0.354884 0.507729 0.357083
2 0.320979 0.282907 0.320776 0.240236 0.322188 0.238875 0.324484 0.238514 0.328607 0.239880 0.330456 0.239880 0.336862 0.238838 0.340831 0.241907 0.342276 0.250792 0.343260 0.271032 0.345349 0.291273 0.345948 0.299241 0.345521 0.301481 0.344789 0.304347 0.325315 0.286759 0.326990 0.282171 0.330336 0.274981 0.333125 0.270208 0.338146 0.260792 0.337344 0.259486 0.336438 0.259181 0.335531 0.260417 0.332005 0.267130 0.327023 0.276222 0.323818 0.285208
2 0.333414 0.303398 0.325479 0.319579 0.332755 0.322370 0.342401 0.325875 0.343547 0.317245 0.343820 0.312426 0.338203 0.307255
2 0.322203 0.296986 0.322250 0.315319 0.329578 0.299972 0.323138 0.294435
1 0.370625 0.171713 0.369625 0.173824 0.368437 0.176153 0.367063 0.179153 0.364375 0.183597 0.361503 0.189597 0.359815 0.193370 0.358440 0.197259 0.358003 0.200259 0.357690 0.204255 0.356878 0.208810 0.356503 0.210144 0.356003 0.210032 0.355815 0.209144 0.356378 0.206588 0.356878 0.203593 0.357065 0.199815 0.357315 0.197926 0.358315 0.194593 0.361440 0.187708 0.363812 0.182819 0.366562 0.178486 0.367875 0.175491 0.369000 0.173269 0.370000 0.171380 0.371128 0.169569
2 0.411206 0.266616 0.411203 0.263394 0.412516 0.259060 0.419701 0.247398 0.427044 0.235380 0.428073 0.233884 0.430336 0.229648 0.435664 0.220852 0.439258 0.214588 0.440385 0.213241 0.450148 0.224431 0.454664 0.229458 0.465680 0.249898 0.465880 0.252162 0.465917 0.255009 0.465729 0.257222 0.462714 0.257486 0.462888 0.258796 0.465755 0.258519 0.465044 0.260463 0.464281 0.262139 0.462781 0.264806 0.461982 0.264926 0.460758 0.266171 0.458878 0.268958 0.456471 0.273236 0.455529 0.275398 0.447125 0.275644 0.427161 0.276356 0.420365 0.276843 0.415828 0.276843
2 0.473133 0.250069 0.473273 0.252111 0.473133 0.253912 0.472656 0.255171 0.469219 0.246653 0.465729 0.250866 0.465680 0.249898 0.454664 0.229458 0.461604 0.237481
2 0.461354 0.208148 0.448104 0.216787 0.449219 0.217833 0.452003 0.219912 0.460797 0.230236 0.472453 0.243000 0.470081 0.223796 0.468083 0.214389 0.466354 0.208819 0.463594 0.206898
3 0.504740 0.418287 0.511552 0.425162 0.516237 0.430051 0.508122 0.415046 0.502427 0.404093 0.501180 0.414167
1 0.543177 0.350310 0.544661 0.350880 0.546276 0.353102 0.547187 0.355046 0.547656 0.357486 0.547474 0.359477 0.546987 0.362296 0.545451 0.366648 0.540917 0.378616 0.538000 0.385097 0.539302 0.386903 0.544276 0.375745 0.546414 0.370023 0.548237 0.365579 0.549430 0.359310 0.549068 0.355005 0.548677 0.353755 0.546594 0.350329 0.545422 0.348847 0.544612 0.348477 0.543469 0.348153
10 0.352680 0.306463 0.350945 0.304528 0.350060 0.302162 0.350099 0.300227 0.351875 0.293917 0.354174 0.289185 0.356352 0.286171 0.358570 0.284954 0.362766 0.284954 0.364862 0.287319 0.368807 0.295273 0.370432 0.294574 0.371430 0.295116 0.371729 0.297306 0.371880 0.298060 0.370674 0.297690 0.369982 0.297954 0.369771 0.298218 0.371971 0.301810 0.369875 0.305444 0.366016 0.312208 0.367492 0.306852 0.367008 0.306000 0.366255 0.305620 0.365383 0.306958 0.362883 0.315000 0.358602 0.309477 0.355409 0.307977
2 0.322250 0.315319 0.321109 0.317509 0.325479 0.319579 0.333414 0.303398 0.329578 0.299972
2 0.422898 0.161889 0.433411 0.165787 0.433958 0.166806 0.433255 0.172222 0.426917 0.169829 0.425547 0.168824 0.423690 0.168106 0.420625 0.190264 0.420786 0.197435 0.420703 0.201852 0.419792 0.209352 0.419010 0.212917 0.417839 0.209815 0.418672 0.202315 0.418802 0.198361 0.419081 0.188903 0.419599 0.184806 0.421862 0.167463 0.418693 0.166218 0.413000 0.163806 0.413630 0.159157 0.414349 0.158519
10 0.426643 0.187898 0.435326 0.185792 0.436161 0.187528 0.437799 0.195148 0.436604 0.200023 0.437909 0.207153 0.432500 0.205560 0.429956 0.201037 0.426260 0.196264 0.425063 0.192273 0.426474 0.188833
10 0.469036 0.415231 0.467370 0.414306 0.474167 0.427130 0.482240 0.429880 0.483326 0.431528 0.485018 0.433833 0.487719 0.434481 0.489133 0.433764 0.490948 0.436273 0.491833 0.439500 0.491430 0.444306 0.490948 0.447315 0.489214 0.445310 0.486914 0.441940 0.485622 0.440505 0.484411 0.439282 0.483365 0.439426 0.482026 0.444009 0.481643 0.448532 0.483667 0.452329 0.485333 0.451912 0.486505 0.453255 0.487286 0.454690 0.488122 0.453843 0.488971 0.452051 0.489453 0.449106 0.490867 0.450398 0.492120 0.456194 0.493893 0.460426 0.494849 0.461889 0.498216 0.463134 0.502331 0.462949 0.503549 0.462269 0.504630 0.461153 0.505052 0.459250 0.501531 0.451810 0.502370 0.450944 0.501917 0.448838 0.503206 0.448093 0.504008 0.448653 0.511922 0.457329 0.513594 0.456894 0.514815 0.458009 0.515651 0.458009 0.521667 0.450185 0.518755 0.445426 0.517883 0.445241 0.516174 0.446046 0.513141 0.449083 0.512096 0.451500 0.511924 0.453931 0.505802 0.446713 0.509549 0.444602 0.518984 0.435491 0.516237 0.430051 0.511552 0.425162 0.504677 0.428051 0.503492 0.429495 0.502990 0.426829 0.503177 0.425162 0.504740 0.418287 0.501180 0.414167 0.500563 0.418694 0.499768 0.418778 0.497734 0.419000 0.496479 0.417699 0.493378 0.415407 0.492750 0.413296 0.491635 0.404125 0.489857 0.400903 0.489755 0.406917 0.491495 0.421602 0.491289 0.423278 0.490729 0.422968 0.489404 0.421171 0.487174 0.418940 0.485711 0.419185 0.484104 0.420551 0.483320 0.420630 0.475372 0.417593
5 0.349417 0.160227 0.361797 0.157315 0.373750 0.158704 0.376250 0.161389 0.373359 0.163981 0.372177 0.166773 0.371128 0.169569 0.370000 0.171380 0.360815 0.172713 0.359187 0.172773 0.350997 0.162051
9 0.386042 0.197083 0.387302 0.200838 0.388365 0.212759 0.389065 0.220977 0.386510 0.214306 0.383281 0.215741 0.384245 0.218565 0.388646 0.230694 0.386471 0.231958 0.382602 0.233199 0.379849 0.233074 0.377930 0.232144 0.375872 0.231958 0.374549 0.232764 0.372560 0.235134 0.370813 0.232694 0.368812 0.229806 0.369562 0.228139 0.369875 0.221583 0.370312 0.207810 0.371622 0.203481 0.373935 0.193593 0.374714 0.187500 0.377201 0.184958 0.378820 0.187301 0.380034 0.188199 0.381047 0.191079 0.381958 0.193421 0.384391 0.194500
10 0.385365 0.155648 0.386240 0.159935 0.387479 0.163176 0.390107 0.164731 0.392732 0.164083 0.394555 0.161231 0.396013 0.156435 0.395284 0.150727 0.394190 0.146838 0.392294 0.144894 0.389888 0.144894 0.388573 0.145931 0.386604 0.148523 0.386341 0.149315 0.385430 0.151120
9 0.385565 0.233940 0.385599 0.237352 0.385008 0.244167 0.383578 0.245222 0.383266 0.247824 0.382742 0.250611 0.381870 0.252222 0.380302 0.252843 0.380120 0.251907 0.378810 0.247019 0.377372 0.246912 0.376060 0.246245 0.374122 0.243912 0.373247 0.241690 0.373935 0.238801 0.373016 0.236421 0.374375 0.234625 0.375419 0.233940 0.376396 0.233880 0.377617 0.234250 0.379638 0.234560 0.382672 0.234500
3 0.540086 0.404824 0.538924 0.413241 0.540250 0.420866 0.542237 0.427250 0.547711 0.435926 0.551615 0.438653 0.550945 0.439597 0.549552 0.442389 0.548750 0.445421 0.543760 0.440329 0.541320 0.427560 0.535081 0.427560 0.534518 0.426644 0.530646 0.422079 0.529385 0.422329 0.528359 0.423986 0.528201 0.426796 0.519406 0.425718 0.519323 0.426495 0.503549 0.396458 0.504807 0.387167 0.511143 0.398199 0.523042 0.417060 0.525461 0.420431 0.529336 0.419931 0.531312 0.418782 0.534497 0.415338 0.537612 0.409847
7 0.270081 0.237898 0.268029 0.202088 0.269000 0.171468 0.270292 0.162537 0.290094 0.163324 0.289664 0.168375 0.288542 0.177944 0.287982 0.198356 0.288419 0.212602 0.290714 0.226917 0.290901 0.238690 0.290339 0.243356 0.287901 0.253352 0.285714 0.251375
3 0.522122 0.314139 0.522018 0.312528 0.522680 0.310671 0.524109 0.310176 0.524836 0.311944 0.531656 0.330028 0.535964 0.340787 0.520234 0.331852 0.518411 0.321759 0.518078 0.319843 0.519820 0.316185 0.522193 0.315750
10 0.494036 0.285046 0.497240 0.285926 0.499948 0.286852 0.506458 0.290741 0.507656 0.291574 0.507682 0.293380 0.508151 0.295787 0.508698 0.296898 0.509844 0.297731 0.511771 0.298611 0.512786 0.298611 0.514479 0.308704 0.516823 0.321898 0.514062 0.328194 0.503021 0.321620 0.501953 0.320231 0.500701 0.317306 0.499674 0.314069 0.500786 0.311759 0.499883 0.309509 0.496268 0.301583 0.494188 0.296875 0.492471 0.294782 0.489898 0.297972 0.488753 0.296162 0.490289 0.293699 0.492581 0.291449 0.491526 0.288773 0.490622 0.286736
10 0.516224 0.297454 0.522122 0.314139 0.522193 0.315750 0.519820 0.316185 0.518078 0.319843 0.516615 0.312037 0.515312 0.304861 0.514323 0.299583 0.514089 0.296019
3 0.527474 0.310648 0.529505 0.313889 0.530625 0.315463 0.535391 0.319352 0.542901 0.329574 0.543750 0.334259 0.546594 0.350329 0.545422 0.348847 0.544612 0.348477 0.543469 0.348153 0.543305 0.345310 0.542656 0.344231 0.539870 0.342731
3 0.541641 0.321991 0.541302 0.320185 0.541380 0.319120 0.542786 0.318241 0.555417 0.311852 0.553880 0.316343 0.552422 0.318889 0.551458 0.320972 0.551302 0.321991 0.556302 0.335926 0.554531 0.338565 0.552891 0.340833 0.552396 0.342037 0.552865 0.344028 0.555234 0.349537 0.547474 0.351620 0.546594 0.350329 0.543750 0.334259
2 0.555417 0.311852 0.556745 0.306713 0.557813 0.305324 0.561641 0.301204 0.562604 0.300694 0.562943 0.301296 0.561250 0.306574 0.559930 0.309167 0.559469 0.310884 0.559956 0.317329 0.566784 0.335898 0.568177 0.338981 0.569141 0.342222 0.569661 0.344722 0.568750 0.346435 0.568177 0.347731 0.569271 0.350556 0.571927 0.356296 0.573464 0.357917 0.574714 0.360741 0.574427 0.362037 0.572943 0.364306 0.566979 0.368333 0.566432 0.366667 0.563177 0.357685 0.563802 0.357315 0.562422 0.352083 0.561354 0.352083 0.560599 0.348519 0.558568 0.342315 0.556302 0.335926 0.551302 0.321991 0.551458 0.320972 0.552422 0.318889 0.553880 0.316343
2 0.348292 0.275366 0.344661 0.282032 0.350794 0.290282 0.352529 0.292505 0.354174 0.289185 0.356352 0.286171 0.358570 0.284954 0.362766 0.284954 0.364862 0.287319 0.368807 0.295273 0.370432 0.294574 0.371430 0.295116 0.371729 0.297306 0.371880 0.298060 0.370674 0.297690 0.369982 0.297954 0.369771 0.298218 0.371971 0.301810 0.374810 0.296671 0.384245 0.278009 0.385289 0.275796 0.386781 0.273787 0.388396 0.273431 0.385016 0.268171 0.384281 0.266130 0.379784 0.260801 0.374693 0.256148 0.361305 0.265819
2 0.419479 0.441204 0.418854 0.444630 0.417526 0.451667 0.419141 0.452361 0.421719 0.439815 0.424740 0.424861 0.427682 0.411806 0.428802 0.408611 0.430703 0.398472 0.431276 0.398472 0.433516 0.387824 0.434089 0.384259 0.434740 0.384630 0.435443 0.382454 0.434557 0.379537 0.434557 0.377130 0.436276 0.368333 0.434635 0.368333 0.425417 0.412500 0.424844 0.413333 0.424375 0.414213 0.424661 0.416157
1 0.419010 0.212917 0.423008 0.212310 0.429805 0.212065 0.438612 0.211880 0.439216 0.211880 0.440385 0.213241 0.432211 0.213796 0.426633 0.213486 0.419591 0.214356
2 0.431276 0.398472 0.432753 0.398667 0.433323 0.401778 0.428716 0.427699 0.425477 0.427218 0.428802 0.408611 0.430703 0.398472
10 0.429430 0.423593 0.435802 0.422630 0.437745 0.421958 0.439365 0.416870 0.440128 0.410083 0.440208 0.408935 0.442839 0.407407 0.444010 0.415620 0.444549 0.421861 0.443956 0.426949 0.440130 0.428657 0.431432 0.433056 0.425758 0.432903 0.423167 0.432329 0.424409 0.426662 0.425477 0.427218 0.428716 0.427699
2 0.442010 0.288486 0.435464 0.294921 0.432794 0.297926 0.430143 0.300176 0.428122 0.302213 0.428177 0.302917 0.428284 0.308759 0.431068 0.314495 0.433802 0.306505 0.436029 0.306505 0.438742 0.307417 0.440883 0.309560 0.442419 0.312986 0.444135 0.317593 0.444346 0.319574 0.442568 0.325898 0.441484 0.328148 0.453214 0.350495 0.457086 0.357523 0.457974 0.340241 0.457427 0.337481 0.449682 0.335042 0.449401 0.333463 0.449682 0.332745 0.457206 0.334648 0.445911 0.292269 0.446234 0.291264 0.446961 0.290546 0.447849 0.290546 0.448646 0.291667 0.450625 0.300000 0.452971 0.301949 0.462289 0.307898 0.463297 0.306824 0.464266 0.306037 0.465193 0.305606 0.461276 0.303935 0.461068 0.303426 0.461172 0.292593 0.458219 0.292662 0.452888 0.291648 0.450297 0.291005 0.448128 0.289931 0.446018 0.289130 0.443365 0.288699
2 0.442997 0.286782 0.447396 0.282315 0.450937 0.278981 0.454609 0.278843 0.454497 0.287019 0.457109 0.290505 0.450779 0.289505 0.448367 0.288324 0.445776 0.287361
2 0.408984 0.266898 0.408354 0.270491 0.408927 0.272421 0.409260 0.274028 0.409471 0.276171 0.409320 0.279491 0.408776 0.282972 0.407385 0.284995 0.412758 0.287218 0.417258 0.289995 0.417695 0.292435 0.417523 0.296056 0.418490 0.297500 0.419427 0.300787 0.419818 0.301204 0.420833 0.300278 0.423307 0.298009 0.425885 0.296343 0.423513 0.291875 0.420380 0.285769 0.417578 0.280185 0.415828 0.276843 0.411206 0.266616 0.410284 0.265458
2 0.404487 0.265306 0.404818 0.264769 0.408984 0.266898 0.408099 0.271713 0.407422 0.277407 0.406797 0.281343 0.407839 0.287130 0.409115 0.291204 0.411042 0.299074 0.413594 0.312963 0.415104 0.320833 0.414714 0.322176 0.412943 0.320556 0.410599 0.318241 0.408542 0.305278 0.406250 0.292685 0.405495 0.288796 0.402510 0.285167 0.402388 0.282301
2 0.435729 0.326296 0.440000 0.333657 0.445521 0.343380 0.450286 0.351898 0.451693 0.353056 0.454349 0.354907 0.457086 0.357523 0.453214 0.350495 0.441484 0.328148 0.433229 0.314755 0.431693 0.318935 0.434372 0.323912
2 0.417523 0.296056 0.418490 0.297500 0.419427 0.300787 0.419818 0.301204 0.420833 0.300278 0.423307 0.298009 0.425885 0.296343 0.426953 0.296157 0.427865 0.296806 0.428177 0.302917 0.428229 0.312269 0.425521 0.316111 0.422286 0.322958 0.419302 0.331778 0.414047 0.349653 0.418576 0.328694 0.418490 0.326852 0.416901 0.325093 0.415443 0.326412 0.420000 0.305579 0.420130 0.303079 0.416794 0.303171 0.415294 0.299912 0.416138 0.299537 0.416799 0.298199
2 0.414815 0.327014 0.412961 0.337384 0.407732 0.359620 0.402318 0.383597 0.400313 0.392727 0.393451 0.383514 0.397044 0.377458 0.403346 0.366176 0.408198 0.340704 0.402458 0.337468 0.400219 0.336801 0.398258 0.337301 0.399609 0.333843 0.401172 0.335093 0.406328 0.332639 0.406508 0.328264
2 0.380526 0.386421 0.380081 0.388787 0.386656 0.398324 0.383229 0.406574 0.371409 0.399977 0.355961 0.375380 0.360398 0.359028 0.382206 0.351917 0.382906 0.351241 0.382797 0.347495 0.381859 0.339713 0.381497 0.334338 0.381695 0.333144 0.387505 0.331278 0.388594 0.338736 0.392990 0.337083 0.398258 0.337301 0.400219 0.336801 0.402458 0.337468 0.408198 0.340704 0.403346 0.366176 0.400917 0.370449 0.400109 0.368597 0.398258 0.365727 0.393990 0.366421 0.391878 0.365542 0.390055 0.365356 0.387505 0.363273 0.384615 0.362903 0.381070 0.363829 0.378000 0.365356 0.374328 0.368227 0.370422 0.371514 0.368208 0.373921 0.367398 0.375310 0.367659 0.380079 0.373938 0.388690 0.378260 0.387995
7 0.319120 0.316560 0.332755 0.322370 0.343161 0.326097 0.344331 0.328611 0.344583 0.330185 0.343919 0.334264 0.334919 0.344528 0.317706 0.318931
1 0.381307 0.257907 0.383646 0.256481 0.391719 0.251759 0.395781 0.248704 0.399518 0.247111 0.401898 0.245287 0.406286 0.243046 0.409844 0.240694 0.410469 0.242315 0.410729 0.243472 0.400260 0.249907 0.393125 0.254583 0.384922 0.259676 0.380781 0.261944 0.379784 0.260801 0.381432 0.260241
2 0.358602 0.309477 0.355409 0.307977 0.352680 0.306463 0.346518 0.303106 0.346266 0.305606 0.355354 0.313454 0.361526 0.318843 0.362883 0.315000
1 0.398740 0.419870 0.400990 0.417412 0.402240 0.416079 0.407448 0.402037 0.408935 0.397403 0.413576 0.383852 0.419482 0.365370 0.421049 0.366014 0.417734 0.377157 0.410594 0.398634 0.408750 0.403796 0.404490 0.416009 0.402940 0.418616 0.399625 0.421722
1 0.412979 0.200255 0.414659 0.202912 0.416945 0.207644 0.417839 0.209815 0.419010 0.212917 0.428073 0.233884 0.427044 0.235380 0.417836 0.214819 0.414477 0.206935 0.413404 0.204366 0.412003 0.201458
1 0.440385 0.213241 0.450148 0.224431 0.461604 0.237481 0.477576 0.254907 0.478383 0.256912 0.478383 0.263509 0.476568 0.267023 0.477940 0.269032 0.480401 0.264801 0.481044 0.262792 0.481125 0.258565 0.480763 0.255407 0.479875 0.253542 0.478909 0.252468 0.478932 0.251065 0.472453 0.243000 0.460797 0.230236 0.452003 0.219912 0.449219 0.217833 0.446799 0.215606 0.440427 0.209227 0.439740 0.208866 0.438935 0.209727 0.438651 0.210949 0.438612 0.211880 0.439216 0.211880
10 0.420380 0.285769 0.420682 0.283412 0.421193 0.281963 0.422760 0.280144 0.423464 0.280139 0.425773 0.280144 0.430021 0.279875 0.431589 0.281481 0.432823 0.284269 0.433034 0.286787 0.432734 0.290157 0.432253 0.291713 0.433096 0.293588 0.433245 0.296000 0.432794 0.297926 0.430143 0.300176 0.428122 0.302213 0.427865 0.296806 0.426953 0.296157 0.425885 0.296343 0.423513 0.291875
2 0.383229 0.406574 0.389380 0.410366 0.395107 0.414065 0.398148 0.420329 0.397318 0.421204 0.382029 0.411384 0.379768 0.409833 0.371409 0.399977
10 0.390482 0.425458 0.391810 0.423144 0.393320 0.421014 0.394674 0.420181 0.395794 0.420088 0.397318 0.421204 0.397185 0.421722 0.397094 0.423009 0.397427 0.423866 0.398148 0.423653 0.398268 0.425690 0.397331 0.429532 0.397409 0.430458 0.402878 0.437958 0.409648 0.447597 0.411818 0.451292 0.412729 0.453838 0.413404 0.453602 0.412753 0.451106 0.416677 0.457356 0.414323 0.460741 0.404896 0.446912 0.393596 0.430417
2 0.344583 0.330185 0.356768 0.325611 0.360883 0.323676 0.376456 0.318056 0.384359 0.315981 0.385328 0.325370 0.385005 0.329102 0.383190 0.328815 0.382302 0.329963 0.381497 0.334338 0.381859 0.339713 0.382797 0.347495 0.382906 0.351241 0.382206 0.351917 0.347914 0.363435 0.340031 0.352685 0.334919 0.344528 0.343919 0.334264
10 0.483758 0.341282 0.479854 0.340708 0.477786 0.338565 0.477891 0.325556 0.477786 0.312824 0.485469 0.319722 0.487708 0.321157 0.487969 0.320093 0.488146 0.305606 0.490201 0.302204 0.490854 0.302120 0.491367 0.302370 0.498508 0.317306 0.500701 0.317306 0.501953 0.320231 0.500563 0.320218 0.497951 0.319532 0.495896 0.319218 0.493833 0.326352 0.493346 0.328519 0.492302 0.333171 0.492130 0.335519 0.485542 0.325056 0.481922 0.330241 0.479979 0.335329
3 0.475885 0.380231 0.475104 0.382639 0.473292 0.388875 0.467109 0.412222 0.467370 0.414306 0.469036 0.415231 0.476406 0.410509 0.477526 0.406111 0.486510 0.400694 0.488151 0.402083 0.488516 0.398472 0.487005 0.395833 0.486719 0.394676 0.487083 0.392546 0.485862 0.385611 0.484635 0.378333 0.489479 0.359120 0.480052 0.367176
10 0.435443 0.382454 0.435990 0.381852 0.437198 0.380185 0.438974 0.380042 0.440305 0.380972 0.441878 0.383412 0.441635 0.388500 0.444219 0.389148 0.448049 0.389148 0.449792 0.388009 0.452286 0.385273 0.449664 0.380329 0.446557 0.377028 0.443896 0.373514 0.441193 0.370218 0.441393 0.368421 0.442000 0.367417 0.443047 0.366991 0.443734 0.368421 0.446315 0.371435 0.447284 0.374588 0.448130 0.375736 0.449745 0.376741 0.454021 0.383269 0.455109 0.382333 0.454826 0.380759 0.455190 0.378606 0.455714 0.377028 0.455917 0.376310 0.455552 0.373014 0.454479 0.372083 0.455391 0.369769 0.458833 0.361139 0.457625 0.358708 0.457344 0.358542 0.457086 0.357523 0.454349 0.354907 0.451693 0.353056 0.448453 0.353148 0.445872 0.353435 0.444581 0.353792 0.442904 0.357111 0.440573 0.361565 0.439453 0.362903 0.438932 0.363231 0.437888 0.362903 0.437292 0.362306 0.436432 0.363690 0.435677 0.366009 0.435419 0.368319 0.436276 0.368333 0.434557 0.377130 0.434557 0.379537
3 0.447375 0.411505 0.457893 0.411449 0.458490 0.413472 0.460026 0.419028 0.452396 0.422662 0.443956 0.426949 0.444549 0.421861 0.444349 0.418991 0.445268 0.417167
3 0.493437 0.526713 0.492208 0.528426 0.491125 0.529968 0.491641 0.545556 0.497201 0.554352 0.503977 0.565694 0.510932 0.555986 0.510182 0.554907 0.507865 0.550509 0.507005 0.548565 0.497396 0.533426
3 0.519760 0.503477 0.515589 0.519755 0.510268 0.540912 0.511716 0.544315 0.513208 0.547218 0.515076 0.549870 0.523570 0.538505 0.523990 0.539088 0.523151 0.552361 0.526370 0.550287 0.526510 0.547468 0.529685 0.547551 0.532294 0.547745 0.527320 0.536370 0.527539 0.534815 0.528852 0.534620 0.534766 0.548056 0.544898 0.549125 0.546206 0.547051 0.533604 0.535102 0.537010 0.523403 0.531599 0.529463 0.528703 0.525644 0.533698 0.519421 0.538758 0.514074 0.532820 0.508130 0.529977 0.504116 0.523352 0.498815 0.522583 0.499532 0.521495 0.504264 0.520245 0.503259
3 0.490388 0.509042 0.496083 0.515782 0.504359 0.523139 0.516638 0.511278 0.517573 0.511750 0.515589 0.519755 0.515036 0.521954 0.505026 0.528597 0.504224 0.527176 0.501154 0.526935 0.490451 0.510699
3 0.526370 0.550287 0.526828 0.552199 0.530977 0.552199 0.534219 0.552199 0.534880 0.553560 0.525992 0.561495 0.523552 0.563662 0.522870 0.562731 0.523151 0.552361
2 0.537010 0.523403 0.545227 0.514694 0.543943 0.507681 0.538758 0.514074 0.533693 0.519366 0.528703 0.525644 0.531536 0.529259
3 0.542109 0.478519 0.545505 0.495926 0.547135 0.504181 0.553698 0.496435 0.552068 0.490847
3 0.542109 0.478519 0.545505 0.495926 0.547135 0.504181 0.548638 0.510319 0.553169 0.533787 0.560307 0.538736 0.577128 0.536440 0.559742 0.564764 0.542115 0.567921 0.533484 0.569500 0.533604 0.567991 0.543568 0.551787 0.544898 0.549125 0.546206 0.547051 0.549536 0.536227 0.545227 0.514694 0.543943 0.507681 0.536917 0.471102
3 0.547865 0.528046 0.545076 0.537463 0.542914 0.543972 0.533604 0.535102 0.537010 0.523403 0.545227 0.514694
3 0.584716 0.627505 0.587893 0.629032 0.589091 0.630144 0.589716 0.634773 0.589742 0.644958 0.589091 0.648523 0.587573 0.652537 0.584953 0.653556 0.583747 0.656819 0.577057 0.644444 0.575260 0.642130 0.573289 0.640222 0.575961 0.636741 0.579029 0.636306 0.578992 0.631968
3 0.515651 0.458009 0.504214 0.478685 0.518349 0.490583 0.526294 0.475861 0.529977 0.479431 0.532651 0.483593 0.533404 0.486718 0.533070 0.491773 0.532318 0.494153 0.530896 0.496977 0.529977 0.504116 0.532820 0.508130 0.538758 0.514074 0.543943 0.507681 0.536917 0.471102 0.532820 0.465005 0.530729 0.461884 0.526714 0.458907 0.526714 0.448944 0.524036 0.446569 0.521667 0.450185
10 0.524279 0.479523 0.525974 0.479023 0.529977 0.479431 0.532651 0.483593 0.533404 0.486718 0.533070 0.491773 0.532318 0.494153 0.530896 0.496977 0.529977 0.504116 0.523352 0.498815 0.522583 0.499532 0.521495 0.504264 0.520245 0.503259 0.519760 0.503477 0.520768 0.494440 0.520286 0.492144 0.519841 0.490708 0.519437 0.488130
3 0.558659 0.614616 0.559740 0.614616 0.562354 0.616782 0.565526 0.615481 0.565990 0.617731 0.566510 0.619653 0.567383 0.619532 0.572359 0.612755 0.577867 0.617343 0.579167 0.620255 0.580143 0.621431 0.582096 0.620935 0.586977 0.625028 0.586490 0.626204 0.578992 0.631968 0.579029 0.636306 0.575961 0.636741 0.573289 0.640222 0.572187 0.639120 0.570625 0.634907 0.568333 0.630231 0.558586 0.615417
7 0.464089 0.524306 0.466958 0.518176 0.472172 0.519421 0.482797 0.532486 0.487190 0.538375 0.497201 0.554352 0.509195 0.574431 0.518716 0.589866 0.524971 0.596750 0.526651 0.600648 0.529219 0.612102 0.528331 0.617741 0.527211 0.631269 0.526044 0.640227 0.526044 0.644708 0.527724 0.650514 0.528984 0.652838 0.529896 0.655648 0.528237 0.654829 0.523617 0.652838 0.493422 0.570032 0.466630 0.532505
1 0.555359 0.502935 0.559130 0.518981 0.562255 0.538426 0.564729 0.538148 0.564516 0.537134 0.564130 0.535278 0.561719 0.522241 0.560625 0.521713 0.559609 0.519583 0.559443 0.516389 0.559870 0.510741 0.557263 0.500764
2 0.596922 0.643764 0.601484 0.630694 0.607135 0.613935 0.607984 0.613556 0.610026 0.613009 0.611979 0.617546 0.620260 0.638657 0.620729 0.640648 0.617570 0.648176 0.615286 0.643657 0.617083 0.639954 0.609792 0.621852 0.607005 0.630046 0.606482 0.629144 0.595932 0.647236
3 0.510932 0.555986 0.503977 0.565694 0.509195 0.574431 0.518716 0.589866 0.521339 0.586935 0.531234 0.595648 0.544427 0.607412 0.547057 0.608704 0.533854 0.590787 0.523099 0.581019 0.522865 0.574028 0.514193 0.560787
3 0.523151 0.552361 0.522870 0.562731 0.516823 0.553472 0.515076 0.549870 0.523570 0.538505 0.523990 0.539088
1 0.527724 0.650514 0.528711 0.646093 0.530000 0.641509 0.533417 0.635370 0.534359 0.633139 0.536695 0.628926 0.539240 0.622912 0.541609 0.618329 0.546143 0.610644 0.546182 0.608273 0.544427 0.607412 0.539727 0.616157 0.535719 0.624278 0.533836 0.629111 0.531534 0.632458 0.530490 0.634630 0.527490 0.642250 0.526687 0.647148
10 0.543823 0.674389 0.552031 0.655574 0.552896 0.643477 0.552083 0.636435 0.548680 0.632204 0.548680 0.640736 0.548073 0.646398 0.545617 0.660120 0.543198 0.670949
2 0.547135 0.504181 0.560250 0.488829 0.575977 0.472403 0.589698 0.457301 0.591057 0.461708 0.573414 0.481787 0.555359 0.502935 0.548638 0.510319
2 0.369669 0.134653 0.363831 0.147625 0.361349 0.146731 0.367193 0.133537 0.372352 0.120148 0.373956 0.122009
5 0.424870 0.463981 0.423458 0.467574 0.422315 0.470685 0.429185 0.479898 0.431716 0.477111 0.433594 0.472269 0.435339 0.463704 0.437240 0.461157 0.437448 0.457731 0.436484 0.455509 0.434609 0.453935 0.432370 0.454630 0.430234 0.456204 0.427474 0.458935
1 0.574607 0.707875 0.571068 0.695676 0.569812 0.693630 0.566154 0.679065 0.567583 0.678444 0.568349 0.677329 0.568628 0.676153 0.569292 0.677639 0.574102 0.692079 0.574206 0.694250 0.576924 0.703917
1 0.578490 0.709630 0.583073 0.724685 0.588581 0.743227 0.586120 0.747037 0.580930 0.728509 0.576411 0.713296 0.577901 0.710741
14 0.452396 0.422662 0.461602 0.454023 0.464326 0.464116 0.457109 0.466903 0.450417 0.465787 0.450729 0.469491 0.448490 0.464676 0.447370 0.463611 0.445234 0.463750 0.443099 0.464306 0.438828 0.459861 0.437240 0.461157 0.437448 0.457731 0.436484 0.455509 0.434609 0.453935 0.432370 0.454630 0.430234 0.456204 0.427474 0.458935 0.424870 0.463981 0.423490 0.457454 0.423724 0.455000 0.424245 0.451574 0.424245 0.449491 0.423281 0.449259 0.422109 0.450139 0.422187 0.439583 0.422474 0.438380 0.423281 0.437917 0.426016 0.437176 0.426901 0.436389 0.428359 0.434769 0.431432 0.433056 0.440130 0.428657
1 0.466630 0.532505 0.460417 0.512731 0.452990 0.483403 0.450688 0.473176 0.450729 0.469491 0.448490 0.464676 0.447370 0.463611 0.445234 0.463750 0.443099 0.464306 0.438539 0.468819 0.436440 0.472718 0.433359 0.480597 0.432427 0.484083 0.430966 0.490926 0.430128 0.497481 0.429846 0.504954 0.430081 0.512583 0.430128 0.513412 0.430990 0.512546 0.430826 0.508431 0.431060 0.500801 0.431664 0.493333 0.433487 0.484370 0.434469 0.481051 0.437359 0.473838 0.439086 0.470181 0.441188 0.468028 0.443612 0.466037 0.445435 0.465949 0.447299 0.466199 0.448513 0.469356 0.451383 0.480694 0.454693 0.494380 0.458521 0.508981 0.461047 0.517995 0.465281 0.531046
3 0.620195 0.476139 0.618865 0.483023 0.617372 0.485532 0.612612 0.487829 0.610232 0.489407 0.609185 0.490694 0.603740 0.484097 0.595906 0.503532 0.593008 0.499380 0.601036 0.480134 0.593661 0.471333 0.600909 0.463856 0.608378 0.455727
2 0.589698 0.457301 0.588849 0.453713 0.591602 0.449935 0.592927 0.454208 0.601120 0.443486 0.604549 0.449500 0.594609 0.464602 0.592695 0.465681 0.591057 0.461708
2 0.579299 0.475139 0.591057 0.461708 0.592695 0.465681 0.592414 0.469995 0.591341 0.471407 0.585602 0.473398
2 0.556365 0.600431 0.558958 0.577708 0.559742 0.564764 0.563539 0.558532 0.563901 0.558694 0.561188 0.583708 0.560164 0.594259
2 0.548979 0.566648 0.548872 0.600921 0.546536 0.598519 0.545885 0.597398 0.545990 0.567208
3 0.467898 0.469083 0.472560 0.470458 0.477133 0.471292 0.480365 0.472667 0.483388 0.507088 0.482466 0.508014 0.482263 0.508944 0.482586 0.509949 0.483878 0.510884 0.485247 0.522713 0.482182 0.520347 0.477812 0.504597
2 0.609591 0.519454 0.611971 0.513569 0.615599 0.504750 0.618708 0.505398 0.624919 0.505829 0.627336 0.501741 0.624273 0.493491 0.622052 0.489907 0.619672 0.486319 0.618138 0.485102 0.617372 0.485532 0.612612 0.487829 0.610232 0.489407 0.609185 0.490694 0.607409 0.491486 0.605432 0.491056 0.603810 0.491398 0.603000 0.492602 0.602638 0.497880 0.599669 0.505986 0.598992 0.507190 0.605542 0.515250 0.607385 0.516745
3 0.583198 0.482046 0.595281 0.480806 0.601036 0.480134 0.598174 0.486912 0.583831 0.488310 0.580607 0.484597
3 0.610294 0.586120 0.610529 0.591269 0.611555 0.598486 0.613005 0.598458 0.621193 0.598380 0.622430 0.598486 0.613268 0.580894 0.613740 0.579509 0.610651 0.580648 0.609687 0.579861 0.609802 0.582333 0.611456 0.583769
7 0.609687 0.579861 0.609802 0.582333 0.611456 0.583769 0.608872 0.588787 0.606349 0.590431 0.605039 0.590431 0.601966 0.589500 0.599549 0.587292 0.598174 0.586361 0.596542 0.585199 0.595888 0.584384 0.603339 0.570694 0.607865 0.562222 0.607005 0.566991 0.607812 0.574444 0.608776 0.578148
2 0.572359 0.612755 0.577867 0.617343 0.579167 0.620255 0.580143 0.621431 0.582096 0.620935 0.589836 0.619148 0.600357 0.616426 0.607984 0.613556 0.615214 0.611639 0.626404 0.606870 0.624349 0.602838 0.609760 0.602130 0.595984 0.602130 0.588276 0.602130 0.585828 0.601713 0.583490 0.605958 0.582060 0.608065 0.580701 0.609616 0.579203 0.610046 0.577703 0.610171 0.575018 0.609056
10 0.566154 0.679065 0.562943 0.676065 0.561120 0.671759 0.560885 0.668380 0.562500 0.662593 0.564531 0.656991 0.565703 0.657778 0.568828 0.661806 0.569844 0.661157 0.570911 0.661898 0.580729 0.674769 0.588099 0.684306 0.581615 0.695648 0.569531 0.678472 0.569292 0.677639 0.568628 0.676153 0.568349 0.677329 0.567583 0.678444
3 0.576016 0.655741 0.575844 0.668343 0.580729 0.674769 0.588099 0.684306 0.590125 0.680759 0.589193 0.679167
10 0.598393 0.695037 0.594628 0.703838 0.591177 0.709787 0.600312 0.723421 0.603958 0.716574 0.601641 0.708704 0.600443 0.699259
2 0.625859 0.595741 0.629687 0.592375 0.633964 0.589361 0.636625 0.588144 0.635253 0.595384 0.635013 0.599403 0.629164 0.602486
3 0.589682 0.639181 0.593563 0.641352 0.596922 0.643764 0.595932 0.647236 0.591935 0.654981 0.595047 0.660931 0.593745 0.660884 0.592807 0.660190 0.592052 0.659866 0.586948 0.660144 0.586401 0.661347 0.583747 0.656819 0.584953 0.653556 0.587573 0.652537 0.589091 0.648523 0.589742 0.644958
1 0.587797 0.598366 0.597510 0.598366 0.613005 0.598458 0.621193 0.598380 0.625854 0.598704 0.625776 0.602778 0.609760 0.602130 0.595984 0.602130 0.588276 0.602130 0.585828 0.601713
2 0.529685 0.547551 0.536638 0.548130 0.544898 0.549125 0.543568 0.551787 0.542995 0.552778 0.534219 0.552199 0.530977 0.552199 0.526828 0.552199 0.526370 0.550287 0.526510 0.547468
1 0.450625 0.300000 0.454357 0.314981 0.459245 0.335185 0.458073 0.334898 0.457206 0.334648 0.445911 0.292269 0.446234 0.291264 0.446961 0.290546 0.447849 0.290546 0.448646 0.291667
1 0.467552 0.340278 0.457427 0.337481 0.449682 0.335042 0.449401 0.333463 0.449682 0.332745 0.458073 0.334898 0.468521 0.337838
1 0.368112 0.138111 0.372865 0.142407 0.376966 0.146028 0.385299 0.155333 0.385430 0.151120 0.386341 0.149315 0.386654 0.148620 0.379430 0.142463 0.369669 0.134653
3 0.621648 0.666546 0.607698 0.683102 0.610411 0.686315 0.616828 0.678333 0.619510 0.675120
1 0.459872 0.440556 0.453930 0.421796 0.452396 0.422662 0.453177 0.425324 0.461602 0.454023 0.471815 0.492884 0.482797 0.532486 0.487190 0.538375 0.477812 0.504597 0.465060 0.458597 0.461003 0.444995
1 0.488344 0.508495 0.486995 0.470861 0.487805 0.470287 0.488937 0.471435 0.490451 0.510699
1 0.578776 0.486713 0.584901 0.494037 0.593036 0.503731 0.600448 0.513431 0.601328 0.513315 0.603617 0.513690 0.605542 0.515250 0.595906 0.503532 0.593008 0.499380 0.580607 0.484597 0.578255 0.481898 0.577201 0.484597
17 0.529896 0.655648 0.532969 0.657222 0.536667 0.659630 0.539557 0.662083 0.541016 0.663981 0.541583 0.666574 0.543198 0.670949 0.543823 0.674389 0.544971 0.679722 0.546333 0.688153 0.547029 0.698440 0.546680 0.707366 0.546018 0.713875 0.537526 0.691667 0.528854 0.668102 0.523617 0.652838 0.528237 0.654829
2 0.548799 0.611333 0.548680 0.632204 0.548680 0.640736 0.548073 0.646398 0.545617 0.660120 0.543198 0.670949 0.541583 0.666574 0.545698 0.644125 0.546182 0.608273 0.547057 0.608704
2 0.555122 0.621602 0.552573 0.649287 0.551659 0.662694 0.549555 0.684481 0.547187 0.717653 0.549617 0.724370 0.553344 0.672722 0.557583 0.625551
3 0.592760 0.685324 0.581354 0.705472 0.577901 0.710741 0.572187 0.720556 0.567708 0.729912 0.565076 0.735838 0.564604 0.745532 0.561620 0.743926 0.561924 0.738894 0.559844 0.742588 0.556682 0.741458 0.551768 0.729676 0.562495 0.728764 0.574607 0.707875 0.590125 0.680759
3 0.593161 0.675102 0.598156 0.666722 0.591935 0.654981 0.596042 0.647037 0.606482 0.629144 0.610276 0.634593 0.614753 0.642625 0.622013 0.656963 0.621005 0.659329 0.619141 0.659491 0.619312 0.662847 0.605987 0.681273 0.600714 0.671731 0.595701 0.680468 0.594714 0.678472
1 0.436878 0.328185 0.436937 0.334023 0.436906 0.339810 0.436878 0.342810 0.436906 0.346398 0.437089 0.351218 0.437599 0.359093 0.437630 0.360593 0.437961 0.361560 0.438654 0.362093 0.439589 0.361236 0.441667 0.357380 0.443776 0.352986 0.446068 0.348167 0.446638 0.348810 0.446518 0.349773 0.442904 0.357111 0.440573 0.361565 0.439453 0.362903 0.438932 0.363231 0.437888 0.362903 0.437292 0.362306 0.437034 0.360634 0.436388 0.355694 0.435727 0.342806 0.435935 0.339954 0.436073 0.338528 0.436073 0.334005 0.435729 0.326296
3 0.468521 0.337838 0.470781 0.333148 0.471693 0.333102 0.474349 0.335926 0.473880 0.308843 0.467292 0.306389 0.461276 0.303935 0.461068 0.303426 0.461172 0.292593 0.461234 0.290736 0.461310 0.284116 0.464625 0.286190 0.470458 0.289176 0.475966 0.292829 0.487961 0.302454 0.488146 0.305606 0.487969 0.320093 0.487708 0.321157 0.485469 0.319722 0.477786 0.312824 0.477891 0.325556 0.477786 0.338565 0.479854 0.340708 0.483122 0.343361 0.491432 0.350509 0.496745 0.354815 0.497214 0.356204 0.494427 0.364444 0.492656 0.361759 0.490990 0.369213 0.489695 0.376005 0.489695 0.376625 0.487919 0.388093 0.487031 0.392454 0.485862 0.385611 0.484635 0.378333 0.489479 0.359120 0.480052 0.367176 0.475885 0.380231 0.475495 0.378102 0.466849 0.382546 0.464974 0.381343 0.464792 0.378287 0.464245 0.377731 0.463359 0.378102 0.462917 0.379583 0.461615 0.378056 0.465104 0.373472 0.473047 0.364398 0.472292 0.362639 0.467396 0.368750 0.463047 0.373843 0.461016 0.375694 0.460781 0.373704 0.459922 0.372917 0.458385 0.372917 0.457266 0.374352 0.454479 0.372083 0.455391 0.369769 0.461302 0.355185 0.467552 0.340278
1 0.470651 0.257579 0.472161 0.259954 0.474583 0.264167 0.475417 0.265278 0.476172 0.266481 0.476568 0.267023 0.477940 0.269032 0.480521 0.272824 0.481536 0.274398 0.484193 0.275972 0.485625 0.276250 0.488099 0.278056 0.490573 0.280463 0.493880 0.283194 0.496562 0.284398 0.499870 0.285278 0.504635 0.287731 0.511875 0.292639 0.518880 0.297778 0.523021 0.301111 0.528281 0.309352 0.530573 0.313380 0.531224 0.314722 0.535964 0.318194 0.541641 0.321991 0.541953 0.323704 0.535391 0.319352 0.530625 0.315463 0.529505 0.313889 0.527474 0.310648 0.522839 0.302824 0.516224 0.297454 0.506458 0.290741 0.499948 0.286852 0.497240 0.285926 0.494036 0.285046 0.490755 0.282269 0.485703 0.277917 0.483932 0.277222 0.480859 0.275370 0.475781 0.268194 0.471510 0.261157 0.469740 0.258472 0.469349 0.257963 0.465755 0.258519 0.462888 0.258796 0.462714 0.257486 0.465729 0.257222 0.469948 0.256560
3 0.457109 0.466903 0.465331 0.468403 0.471815 0.492884 0.478997 0.518852 0.477497 0.517736 0.473211 0.515815 0.467805 0.514389 0.465052 0.513708 0.468016 0.492079 0.466167 0.488856 0.463867 0.491583 0.461357 0.513028 0.460469 0.512778 0.452990 0.483403 0.450688 0.473176 0.450729 0.469491 0.450417 0.465787
10 0.546167 0.576903 0.535859 0.583657 0.545885 0.597398
2 0.606349 0.590431 0.606349 0.592000 0.605628 0.594903 0.604844 0.596185 0.604060 0.597810 0.603536 0.598509 0.597510 0.598366 0.594646 0.598509 0.593469 0.596532 0.592750 0.592347 0.592685 0.589676 0.595888 0.584384 0.596542 0.585199 0.598174 0.586361 0.599549 0.587292 0.601966 0.589500 0.605039 0.590431
3 0.583198 0.482046 0.588495 0.476718 0.593661 0.471333 0.593661 0.471333 0.601036 0.480134
3 0.598174 0.486912 0.583831 0.488310 0.593008 0.499380
10 0.507542 0.289560 0.507880 0.286505 0.509729 0.281736 0.512203 0.277431 0.514599 0.274560 0.516891 0.272477 0.519781 0.271273 0.521578 0.271319 0.523141 0.273171 0.524807 0.276597 0.524937 0.278958 0.524755 0.281875 0.523844 0.284653 0.521813 0.285347 0.516005 0.288449 0.514911 0.289282 0.513687 0.291319 0.513010 0.293634 0.511875 0.292639
3 0.463464 0.409759 0.465469 0.419301 0.467336 0.429588 0.466589 0.431250 0.465935 0.432741 0.466682 0.437639 0.466497 0.441787 0.466451 0.443421 0.463568 0.441435 0.462656 0.441435 0.459872 0.440556 0.461003 0.444995 0.465060 0.458597 0.465745 0.459241 0.466674 0.458963 0.466875 0.456444 0.467682 0.454727 0.468284 0.454653 0.469898 0.455162 0.472560 0.470458 0.477133 0.471292 0.474424 0.460255 0.482034 0.465481 0.484180 0.474278 0.485159 0.474194 0.485487 0.471458 0.485487 0.469134 0.484552 0.464736 0.481380 0.457931 0.477880 0.451792 0.474753 0.448060 0.472698 0.446065 0.471112 0.436856 0.469234 0.425134 0.473177 0.426852 0.470417 0.421898 0.467630 0.416759 0.465677 0.413102
3 0.452273 0.385222 0.450313 0.387454 0.450930 0.388907 0.453273 0.392657 0.454745 0.392190 0.456016 0.392380 0.456721 0.391750 0.456651 0.391185 0.457187 0.389954 0.460109 0.389866 0.462247 0.401694 0.462208 0.402773 0.462893 0.406861 0.463943 0.408435 0.465193 0.410731 0.467370 0.414306 0.467109 0.412222 0.465596 0.402843 0.464669 0.401125 0.464224 0.400120 0.461805 0.388213 0.462766 0.387796 0.465297 0.395491 0.465992 0.395491 0.466562 0.394329 0.465786 0.392514 0.463786 0.387144 0.466810 0.386417 0.475104 0.382639 0.475885 0.380231 0.475495 0.378102 0.466849 0.382546 0.464974 0.381343 0.464792 0.378287 0.464245 0.377731 0.463359 0.378102 0.462917 0.379583 0.461615 0.378056 0.465104 0.373472 0.473047 0.364398 0.472292 0.362639 0.467396 0.368750 0.463047 0.373843 0.461016 0.375694 0.460781 0.373704 0.459922 0.372917 0.458385 0.372917 0.457266 0.374352 0.455552 0.373014 0.455917 0.376310 0.455714 0.377028 0.455190 0.378606 0.454826 0.380759 0.455109 0.382333 0.453984 0.383222 0.449745 0.376741 0.448130 0.375736 0.447284 0.374588 0.446315 0.371435 0.443734 0.368421 0.443047 0.366991 0.442000 0.367417 0.441393 0.368421 0.441193 0.370218 0.443896 0.373514 0.446557 0.377028 0.449664 0.380329
3 0.380526 0.386421 0.382427 0.378042 0.387115 0.374153 0.389302 0.377069 0.392919 0.374384 0.393677 0.372764 0.393990 0.371329 0.400917 0.370449 0.400109 0.368597 0.398258 0.365727 0.393990 0.366421 0.391878 0.365542 0.390055 0.365356 0.387505 0.363273 0.384615 0.362903 0.381070 0.363829 0.378000 0.365356 0.374328 0.368227 0.370422 0.371514 0.368208 0.373921 0.367398 0.375310 0.367659 0.380079 0.373938 0.388690 0.378260 0.387995
3 0.398148 0.423653 0.398268 0.425690 0.397331 0.429532 0.397409 0.430458 0.402878 0.437958 0.409648 0.447597 0.406635 0.440366 0.405128 0.434903 0.404646 0.433722 0.401060 0.426764 0.399143 0.422472
3 0.402940 0.418616 0.408818 0.415412 0.414427 0.411713 0.414849 0.412435 0.413036 0.426074 0.421333 0.432454 0.420185 0.437722 0.419479 0.441204 0.411539 0.434130 0.409578 0.444574 0.407104 0.438602 0.406453 0.435824 0.405826 0.433606 0.401602 0.425759 0.399625 0.421722
1 0.423169 0.527181 0.424393 0.523477 0.427648 0.517134 0.430128 0.513412 0.430990 0.512546 0.433221 0.510977 0.436242 0.509819 0.441919 0.509171 0.450383 0.509866 0.455732 0.511171 0.459529 0.512514 0.460703 0.516690 0.455641 0.515139 0.451544 0.513583 0.446995 0.512995 0.443831 0.512889 0.438333 0.513472 0.434844 0.514537 0.432169 0.516208 0.430453 0.518352 0.428102 0.522528 0.427500 0.525315 0.426747 0.527671
3 0.409578 0.444574 0.411539 0.434130 0.419479 0.441204 0.418854 0.444630 0.417526 0.451667 0.419141 0.452361 0.421716 0.439792 0.421987 0.439579 0.422187 0.439583 0.422109 0.450139 0.419513 0.453486 0.416677 0.457356 0.412753 0.451106 0.411844 0.449389
3 0.411456 0.301227 0.411901 0.299792 0.412682 0.299005 0.413094 0.298843 0.413547 0.299056 0.414299 0.299162 0.415294 0.299912 0.416794 0.303171 0.420130 0.303079 0.420000 0.305579 0.415443 0.326412 0.414815 0.327014 0.406508 0.328264 0.406667 0.325694 0.406484 0.324861 0.410599 0.318241 0.412943 0.320556 0.414714 0.322176 0.415104 0.320833 0.413594 0.312963
3 0.547865 0.528046 0.545076 0.537463 0.542914 0.543972 0.533604 0.535102 0.537010 0.523403 0.545227 0.514694
1 0.372560 0.235134 0.374549 0.232764 0.375872 0.231958 0.377930 0.232144 0.379849 0.233074 0.382602 0.233199 0.386471 0.231958 0.390167 0.229852 0.393966 0.226875 0.397802 0.223343 0.405750 0.216588 0.406727 0.216278 0.408016 0.216958 0.409870 0.218056 0.410130 0.219398 0.410208 0.220880 0.408680 0.219625 0.407146 0.218444 0.405961 0.218199 0.403346 0.220366 0.398430 0.225264 0.393654 0.229231 0.389365 0.232144 0.385565 0.233940 0.382672 0.234500 0.379638 0.234560 0.377617 0.234250 0.376396 0.233880 0.375419 0.233940 0.374375 0.234625 0.373016 0.236421
10 0.405729 0.246759 0.405109 0.251366 0.406365 0.253148 0.415398 0.254338 0.419701 0.247398 0.427044 0.235380 0.417836 0.214819 0.411573 0.215463 0.411682 0.216079 0.411992 0.220120 0.413474 0.221889 0.413474 0.221889 0.414594 0.223213 0.414688 0.226449 0.413659 0.230519 0.411326 0.230269 0.409227 0.232259 0.408107 0.235079 0.407266 0.237819 0.406286 0.243046 0.409844 0.240694 0.410469 0.242315 0.410729 0.243472
