0 0.750250 0.499074 0.768276 0.520625 0.771076 0.532227 0.767344 0.546597 0.769521 0.556542 0.770763 0.565440 0.767469 0.572898 0.763242 0.579255 0.760755 0.583398 0.758859 0.598815 0.755378 0.611139 0.751896 0.614236 0.750187 0.614236 0.746177 0.627773 0.742539 0.632417 0.736292 0.632690 0.733898 0.639380 0.720875 0.628269 0.724510 0.622690 0.726253 0.614676 0.725909 0.604843 0.722865 0.594398 0.717828 0.586935 0.714719 0.577819 0.711581 0.572898 0.703622 0.570412 0.698773 0.569199 0.694081 0.567648 0.688362 0.567648 0.686279 0.571958 0.678818 0.585829 0.675182 0.596329 0.668747 0.592019 0.681242 0.562125 0.687305 0.543889 0.695635 0.527255 0.705674 0.526426 0.711086 0.526907 0.709591 0.519106 0.704206 0.506347 0.716669 0.478870 0.732622 0.504574
2 0.373732 0.308019 0.370112 0.305449 0.364336 0.301454 0.358930 0.296796 0.349766 0.288301 0.347339 0.285588 0.345073 0.283551 0.343797 0.282671 0.342625 0.282162 0.338385 0.281713 0.336563 0.282315 0.336224 0.285370 0.335753 0.288417 0.336143 0.293991 0.336034 0.304620 0.332859 0.304620 0.333604 0.286093 0.334570 0.279653 0.334661 0.279028 0.336982 0.278532 0.338068 0.277634 0.339258 0.279000 0.345539 0.281486 0.355901 0.290412 0.367893 0.301167 0.375453 0.306926 0.375130 0.307884
5 0.502615 0.445759 0.496552 0.448731 0.489815 0.452185 0.485021 0.456333 0.483078 0.456792 0.476599 0.451727 0.464523 0.443574 0.451167 0.432861 0.448859 0.431366 0.449354 0.428440 0.449638 0.426185 0.446255 0.419319 0.441516 0.409852 0.438146 0.402852 0.438146 0.400412 0.440492 0.391958 0.440828 0.379014 0.441878 0.364917 0.439635 0.359944 0.436589 0.354954 0.432938 0.349792 0.428940 0.344606 0.425451 0.340481 0.418349 0.330806 0.415161 0.327236 0.416510 0.321731 0.418182 0.315787 0.419607 0.313852 0.420526 0.313718 0.423453 0.314454 0.425125 0.316088 0.428539 0.323204 0.437214 0.328264 0.430164 0.330194 0.430164 0.333083 0.434096 0.331880 0.438841 0.329954 0.447721 0.332671 0.451076 0.337648 0.453758 0.344394 0.463750 0.347593 0.465635 0.348167 0.467385 0.346611 0.470135 0.347944 0.472323 0.352606 0.474320 0.354940 0.478633 0.354940 0.482068 0.355718 0.484568 0.355718 0.488130 0.357162 0.490940 0.358273 0.491753 0.359606 0.493940 0.363162 0.495878 0.367824 0.496878 0.372602 0.497471 0.374083 0.501810 0.387671 0.503768 0.397000 0.504818 0.407667 0.507654 0.414324 0.512461 0.418583 0.512008 0.426574 0.510062 0.431917 0.512008 0.435375 0.512305 0.438852 0.510659 0.442306 0.509753 0.446292 0.507966 0.449491 0.505711 0.448963
5 0.458281 0.206843 0.460958 0.210560 0.462714 0.214426 0.466313 0.220375 0.468570 0.228106 0.469667 0.234162 0.465818 0.238620 0.459128 0.249477 0.456927 0.255278 0.455362 0.257060 0.450930 0.256167 0.445911 0.251259 0.442984 0.250218 0.440052 0.248241 0.441393 0.242935 0.443820 0.236838 0.447836 0.230889 0.452268 0.225088 0.455112 0.221519 0.456284 0.219588 0.455948 0.212597 0.455948 0.209921 0.456367 0.207394 0.457286 0.206500
5 0.458185 0.255616 0.462523 0.255616 0.469391 0.255616 0.474596 0.256259 0.479078 0.254847 0.482836 0.254074 0.488547 0.254074 0.498089 0.255231 0.501849 0.255616 0.499753 0.252403 0.498669 0.248162 0.496789 0.241352 0.496789 0.240194 0.501487 0.234028 0.502284 0.233000 0.505247 0.239810 0.508065 0.248551 0.509273 0.254292 0.509057 0.257250 0.508260 0.260847 0.506815 0.268301 0.505948 0.273569 0.504865 0.273958 0.501021 0.271694 0.497495 0.270056 0.495659 0.283000 0.494570 0.286120 0.491810 0.287162 0.487372 0.287162 0.484698 0.286708 0.482357 0.286120 0.479513 0.283440 0.476083 0.280319 0.469411 0.276968 0.465849 0.274412 0.461911 0.272523 0.458966 0.274653 0.456768 0.274653 0.452229 0.274653 0.448990 0.271889 0.446401 0.270051 0.444846 0.266593 0.442130 0.263366 0.437328 0.261528 0.436036 0.259218 0.438883 0.249088 0.440052 0.248241 0.442984 0.250218 0.445911 0.251259 0.450930 0.256167 0.455362 0.257060 0.456927 0.255278
5 0.422521 0.410926 0.424844 0.400773 0.428909 0.394926 0.430943 0.390106 0.433167 0.382708 0.435974 0.375139 0.437716 0.364301 0.439635 0.359944 0.441878 0.364917 0.440828 0.379014 0.440492 0.391958 0.438146 0.400412 0.438146 0.402852 0.441516 0.409852 0.446255 0.419319 0.449638 0.426185 0.449354 0.428440 0.448859 0.431366
5 0.405531 0.398292 0.406844 0.395630 0.406594 0.391963 0.405906 0.387296 0.405906 0.385074 0.406531 0.380856 0.407969 0.380523 0.410841 0.380523 0.412029 0.380190 0.413154 0.375301 0.413966 0.370745 0.416216 0.361639 0.417839 0.355306 0.419276 0.352088 0.421526 0.351532 0.424401 0.351866 0.426586 0.352755 0.429273 0.352199 0.431211 0.351644 0.432938 0.349792 0.436589 0.354954 0.439635 0.359944 0.437716 0.364301 0.435974 0.375139 0.433167 0.382708 0.430943 0.390106 0.428909 0.394926 0.424844 0.400773 0.422521 0.410926
8 0.340596 0.192875 0.341250 0.194537 0.344646 0.205213 0.349591 0.224852 0.356326 0.246926 0.356646 0.248819 0.353268 0.250250 0.350326 0.238083 0.343805 0.212310 0.339271 0.196065 0.339109 0.194176 0.338888 0.192819 0.339536 0.192352 0.340242 0.192250
8 0.635755 0.453472 0.647000 0.441273 0.654177 0.434505 0.658870 0.429727 0.660112 0.429528 0.661568 0.431718 0.660896 0.433708 0.658432 0.441273 0.653193 0.449412 0.633036 0.465157 0.631357 0.465954 0.629229 0.465338 0.627552 0.465338 0.625201 0.466931 0.624193 0.469139 0.622961 0.472722 0.620385 0.473699 0.615010 0.473917 0.626693 0.462546
8 0.609578 0.488880 0.603878 0.494407 0.596750 0.503157 0.592346 0.507074 0.588549 0.511611 0.587812 0.513940 0.586128 0.516611 0.584625 0.518083 0.582953 0.517782 0.580698 0.519144 0.574000 0.523287 0.569323 0.521056 0.569156 0.518083 0.576513 0.512440 0.586568 0.504634 0.596258 0.493162 0.600883 0.487380 0.603695 0.485491 0.605003 0.483949 0.606753 0.484389
8 0.788482 0.640139 0.800237 0.636556 0.813003 0.633569 0.815242 0.632972 0.815242 0.640139 0.806060 0.641333 0.793406 0.644519 0.790159 0.645514 0.787026 0.642329
11 0.765656 0.595981 0.784625 0.612153 0.799044 0.622648 0.798852 0.627120 0.799333 0.631421 0.800237 0.636556 0.788482 0.640139 0.787026 0.642329 0.783560 0.638130 0.779409 0.634588 0.780307 0.627931 0.778063 0.623662 0.774008 0.620736 0.772661 0.615662 0.768318 0.610069 0.763518 0.604736 0.763518 0.600472
5 0.488276 0.289861 0.492922 0.299991 0.496820 0.305852 0.497719 0.312514 0.496521 0.319176 0.493672 0.320241 0.480122 0.318231 0.473469 0.318231 0.472508 0.318074 0.472245 0.316676 0.473682 0.315491 0.478292 0.311394 0.479648 0.308500 0.479378 0.306574 0.468125 0.306574 0.460940 0.306333 0.455109 0.302477 0.448880 0.312546 0.441867 0.309477 0.435570 0.304944 0.427055 0.297699 0.422365 0.291542 0.419245 0.284454 0.418995 0.279231 0.418995 0.279231 0.417237 0.276407 0.413977 0.274769 0.410797 0.271051 0.407260 0.272671 0.403326 0.272245 0.403010 0.268898 0.403010 0.266667 0.404357 0.265847 0.406776 0.262764 0.406695 0.261255 0.409729 0.256106 0.412404 0.250579 0.414216 0.245870 0.418698 0.236269 0.422148 0.230972 0.424500 0.229019 0.427010 0.232088 0.429833 0.237384 0.439560 0.246310 0.440052 0.248241 0.438883 0.249088 0.436036 0.259218 0.437328 0.261528 0.442130 0.263366 0.444737 0.266389 0.446401 0.270051 0.448990 0.271889 0.452229 0.274653 0.456768 0.274653 0.458966 0.274653 0.461911 0.272523 0.465849 0.274412 0.469411 0.276968 0.476083 0.280319 0.479513 0.283440 0.482357 0.286120 0.484698 0.286708 0.487372 0.287162
5 0.454477 0.312319 0.456753 0.307495 0.461568 0.310296 0.466031 0.310139 0.469794 0.309051 0.472594 0.309051 0.472508 0.310139 0.469531 0.312472 0.468656 0.314963 0.464630 0.313097 0.462703 0.313407 0.461828 0.315120 0.461305 0.318074 0.460779 0.319319 0.459378 0.318852 0.458591 0.316829 0.458677 0.314653
5 0.454477 0.312319 0.458677 0.314653 0.458591 0.316829 0.459378 0.318852 0.460779 0.319319 0.461305 0.318074 0.480122 0.318231 0.483404 0.319148 0.493672 0.320241 0.496521 0.319176 0.498000 0.329583 0.495219 0.332375 0.488831 0.335644 0.487604 0.335796 0.486643 0.332218 0.474562 0.332218 0.471063 0.332065 0.468349 0.331907 0.463273 0.331907 0.460034 0.330662 0.452945 0.331130 0.447721 0.332671 0.438841 0.329954 0.445594 0.323347 0.449883 0.315880 0.451982 0.313389
5 0.448880 0.312546 0.442880 0.322417 0.439203 0.326773 0.437214 0.328264 0.428539 0.323204 0.425125 0.316088 0.425760 0.312657 0.427284 0.309444 0.429591 0.308167 0.432128 0.305343 0.434076 0.304704 0.435570 0.304944 0.441867 0.309477
1 0.353466 0.179106 0.355484 0.183269 0.358146 0.187213 0.359638 0.190870 0.360971 0.193306 0.364076 0.198972 0.365253 0.200898 0.363339 0.202310 0.362625 0.201838 0.360729 0.198398 0.357341 0.192088 0.356292 0.190509 0.354435 0.187356 0.352823 0.184630 0.352096 0.183912 0.351411 0.182981 0.350966 0.181759 0.350805 0.180829 0.350805 0.179755 0.350685 0.178532 0.350766 0.177815 0.351089 0.177458 0.351411 0.177315 0.352016 0.177458 0.352620 0.178032
1 0.403404 0.239704 0.404849 0.240060 0.406190 0.240537 0.407367 0.241134 0.408440 0.242093 0.409112 0.242926 0.409682 0.243880 0.409617 0.245671 0.407904 0.253671 0.406695 0.261255 0.406492 0.262926 0.404357 0.265847 0.405375 0.257046 0.405792 0.254694 0.407349 0.246685 0.407404 0.245208 0.407245 0.244560 0.406674 0.244190 0.406258 0.243819 0.405320 0.243361 0.403294 0.242528 0.400120 0.241046 0.394138 0.239662 0.384826 0.237537 0.383943 0.237352 0.383008 0.237167 0.382487 0.236426 0.382435 0.236144 0.382643 0.235227 0.383060 0.235130 0.384255 0.235130 0.387117 0.236144 0.397208 0.237907 0.402878 0.239384
5 0.341359 0.191556 0.341859 0.190301 0.342161 0.189644 0.342602 0.189167 0.343107 0.188986 0.344146 0.189287 0.345826 0.190181 0.346992 0.191306 0.348073 0.191944 0.349779 0.192102 0.351083 0.192505 0.352120 0.193060 0.353331 0.194898 0.354276 0.196657 0.355174 0.198338 0.356794 0.200968 0.358320 0.202329 0.359039 0.203449 0.359984 0.203847 0.361109 0.203931 0.361870 0.203370 0.363339 0.202310 0.365253 0.200898 0.366862 0.200329 0.367987 0.200093 0.368617 0.200093 0.369695 0.200574 0.370737 0.201056 0.372112 0.204014 0.373555 0.204269 0.374505 0.205046 0.375227 0.205769 0.376620 0.207361 0.377292 0.209685 0.377698 0.210801 0.378148 0.210801 0.378909 0.210324 0.378909 0.209444 0.378148 0.207444 0.377742 0.206486 0.377292 0.205130 0.376932 0.204171 0.376664 0.202731 0.376664 0.201532 0.376841 0.200176 0.377562 0.199051 0.377922 0.198894 0.378776 0.198491 0.382732 0.198977 0.386977 0.199347 0.389760 0.199958 0.392120 0.200505 0.393906 0.200778 0.394917 0.201398 0.395852 0.202574 0.396354 0.203542 0.396708 0.204856 0.397484 0.207412 0.397833 0.212796 0.397987 0.215630 0.398260 0.218116 0.398677 0.219278 0.399128 0.221264 0.400201 0.221894 0.402339 0.223782 0.403971 0.226407 0.404747 0.227440 0.404943 0.229028 0.405255 0.230412 0.405271 0.232167 0.404333 0.232634 0.403971 0.233833 0.404076 0.235315 0.403971 0.237069 0.403659 0.237255 0.403294 0.238644 0.402878 0.239384 0.397208 0.237907 0.387117 0.236144 0.384255 0.235130 0.383060 0.235130 0.382643 0.235227 0.382435 0.236144 0.382487 0.236426 0.383008 0.237167 0.383943 0.237352 0.384826 0.237537 0.394138 0.239662 0.400120 0.241046 0.403294 0.242528 0.405320 0.243361 0.406258 0.243819 0.406674 0.244190 0.407245 0.244560 0.407404 0.245208 0.407349 0.246685 0.405792 0.254694 0.405375 0.257046 0.403091 0.256532 0.401419 0.256657 0.400305 0.257148 0.399680 0.258264 0.399609 0.259500 0.399609 0.260861 0.399331 0.262102 0.398911 0.263463 0.398008 0.265069 0.395779 0.269278 0.393617 0.271880 0.392716 0.273116 0.392508 0.274602 0.392508 0.277324 0.392086 0.279801 0.391250 0.282282 0.390763 0.283264 0.389859 0.284380 0.389161 0.284509 0.388466 0.284380 0.387768 0.283884 0.384945 0.282111 0.384102 0.282005 0.381995 0.283074 0.380177 0.284417 0.378721 0.282782 0.377917 0.279819 0.374242 0.272139 0.374893 0.268403 0.371992 0.256750 0.368844 0.247685 0.365844 0.242889 0.362096 0.243954 0.356646 0.248819 0.356326 0.246926 0.349591 0.224852 0.344646 0.205213 0.341250 0.194537 0.340596 0.192875
5 0.263581 0.220005 0.265643 0.214435 0.267352 0.208491 0.268844 0.204824 0.269911 0.203181 0.270125 0.200903 0.268346 0.198375 0.267352 0.196222 0.267422 0.192935 0.266924 0.190787 0.267492 0.189519 0.271547 0.187625 0.277096 0.186356 0.279232 0.185093 0.280654 0.183829 0.282432 0.183954 0.284924 0.185727 0.288482 0.188509 0.288622 0.190278 0.287911 0.191546 0.287201 0.192176 0.288695 0.194958 0.290828 0.197995 0.295367 0.205824 0.296599 0.206912 0.297828 0.207898 0.299180 0.207898 0.300781 0.207782 0.301393 0.207241 0.300966 0.204949 0.301336 0.203634 0.302745 0.203523 0.305021 0.203852 0.306622 0.205278 0.306253 0.207139 0.303641 0.212097 0.303641 0.215144 0.306081 0.219852 0.307320 0.223745 0.311987 0.225440 0.314177 0.224759 0.316562 0.222051 0.319323 0.220532 0.326273 0.220532 0.329802 0.221708 0.329893 0.225782 0.327227 0.229338 0.325896 0.229843 0.330016 0.235648 0.329732 0.238861 0.326878 0.244616 0.323924 0.251722 0.321635 0.256810 0.320495 0.258843 0.317729 0.257315 0.316115 0.255111 0.314398 0.252065 0.312492 0.247324 0.309732 0.242921 0.308685 0.242250 0.307255 0.242250 0.306586 0.244792 0.305164 0.247764 0.310685 0.260255 0.311607 0.262634 0.310518 0.264866 0.308846 0.266801 0.306714 0.269069 0.304714 0.268736 0.302464 0.269514 0.300716 0.272403 0.299479 0.273472 0.297917 0.269444 0.296237 0.266028 0.291773 0.256495 0.289068 0.251269 0.287427 0.249648 0.286052 0.250667 0.284474 0.250306 0.283320 0.247130 0.279622 0.241056 0.276779 0.237884 0.271372 0.233079 0.267242 0.230037 0.262536 0.226819 0.261971 0.224505 0.262398 0.222218
5 0.262536 0.226819 0.267242 0.230037 0.271372 0.233079 0.276779 0.237884 0.279622 0.241056 0.283320 0.247130 0.284474 0.250306 0.286076 0.250750 0.287427 0.249648 0.289068 0.251269 0.291773 0.256495 0.296237 0.266028 0.295078 0.266806 0.292891 0.265046 0.289870 0.268611 0.284201 0.275282 0.281727 0.277935 0.282057 0.279977 0.283628 0.282898 0.290461 0.293440 0.296633 0.303097 0.302135 0.310972 0.299922 0.314931 0.296875 0.316065 0.293542 0.314259 0.277081 0.298375 0.269531 0.293981 0.266586 0.292620 0.259331 0.285245 0.245339 0.274167 0.237135 0.266389 0.235547 0.265093 0.236068 0.262588 0.237560 0.259009 0.242341 0.250778 0.247633 0.242847 0.249659 0.238153 0.250297 0.234801 0.251406 0.232282 0.253190 0.231514 0.255154 0.232625 0.257615 0.233282 0.258482 0.233370 0.259031 0.230537 0.261250 0.227704
5 0.329841 0.220338 0.329984 0.213912 0.330273 0.210829 0.331357 0.210185 0.333599 0.211088 0.336130 0.212500 0.337792 0.214426 0.339440 0.215338 0.340250 0.213787 0.340128 0.209454 0.339497 0.207347 0.338500 0.206676 0.337062 0.206125 0.336940 0.202347 0.338003 0.198903 0.338247 0.197231 0.339271 0.196065 0.339271 0.196065 0.343805 0.212310 0.350326 0.238083 0.353268 0.250250 0.352258 0.252454 0.348130 0.254565 0.343958 0.257264 0.343372 0.257713 0.344544 0.262468 0.345216 0.267083 0.344630 0.270051 0.343294 0.271838 0.341320 0.271463 0.340453 0.272750 0.339005 0.275449 0.338068 0.277634 0.336982 0.278532 0.334661 0.279028 0.334076 0.279019 0.331836 0.277361 0.328422 0.274046 0.326398 0.271861 0.326760 0.269935 0.329182 0.261773 0.330807 0.256296 0.332125 0.254963 0.330201 0.249218 0.329703 0.245991 0.330779 0.241787 0.329732 0.238861 0.330016 0.235648 0.325896 0.229843 0.327227 0.229338 0.329893 0.225782 0.329802 0.221708
1 0.822846 0.672407 0.839529 0.687537 0.846583 0.693708 0.845576 0.697292 0.822174 0.676588 0.820607 0.675593 0.822062 0.671611
1 0.531003 0.455532 0.534190 0.464528 0.539125 0.480634 0.540687 0.485963 0.540875 0.487630 0.540687 0.488630 0.540000 0.488963 0.538438 0.488963 0.533690 0.473745 0.530753 0.464972 0.529690 0.460639 0.528815 0.457194 0.529065 0.454977 0.529628 0.454310 0.530378 0.454310
2 0.374893 0.268403 0.374242 0.272139 0.373682 0.271144 0.369576 0.263343 0.366729 0.256458 0.365607 0.255542 0.365187 0.256292 0.367893 0.262681 0.370404 0.268319 0.373995 0.275389 0.373807 0.277157 0.372901 0.279634 0.371578 0.282356 0.368234 0.286194 0.362526 0.287806 0.355841 0.290403 0.345539 0.281486 0.339258 0.279000 0.338068 0.277634 0.339005 0.275449 0.340453 0.272750 0.341320 0.271463 0.343294 0.271838 0.344630 0.270051 0.345216 0.267083 0.344544 0.262468 0.343372 0.257713 0.343958 0.257264 0.348130 0.254565 0.352258 0.252454 0.353268 0.250250 0.356646 0.248819 0.362096 0.243954 0.365844 0.242889 0.368844 0.247685 0.371992 0.256750
5 0.528409 0.341579 0.532104 0.334213 0.535464 0.325056 0.537367 0.320676 0.539607 0.324657 0.542414 0.332708 0.545680 0.335935 0.550398 0.338194 0.554211 0.345935 0.557477 0.355292 0.557659 0.364005 0.557841 0.370782 0.557841 0.375296 0.555844 0.381106 0.553872 0.383282 0.552807 0.384995 0.551745 0.391366 0.548935 0.394472 0.546906 0.397398 0.544969 0.400481 0.543513 0.404782 0.541578 0.407370 0.539740 0.407190 0.538385 0.406852 0.537612 0.406157 0.537422 0.403745 0.537781 0.394074 0.536617 0.390630 0.532742 0.384440 0.529451 0.374106 0.529070 0.371519 0.530615 0.367736 0.530906 0.364810 0.527714 0.357944 0.524612 0.349162 0.526740 0.345204
2 0.397510 0.392111 0.391260 0.388523 0.388333 0.387037 0.385417 0.375231 0.383690 0.367935 0.381258 0.359870 0.380557 0.357815 0.380622 0.356153 0.381307 0.355264 0.383932 0.352708 0.386995 0.350491 0.393307 0.347139 0.396956 0.345903 0.396766 0.350282 0.397062 0.355963 0.397062 0.363532 0.396281 0.370921 0.396477 0.382796 0.398023 0.388824
2 0.381258 0.359870 0.383690 0.367935 0.385417 0.375231 0.388333 0.387037 0.382716 0.382236 0.377154 0.379069 0.371070 0.374153 0.366656 0.369912 0.362797 0.366398 0.362445 0.357556 0.366172 0.357556 0.374250 0.357931 0.379870 0.359046 0.380557 0.357815
2 0.333393 0.306523 0.334513 0.312694 0.338422 0.328083 0.338174 0.332384 0.336081 0.332981 0.334995 0.332384 0.331479 0.313491 0.329810 0.304870 0.330471 0.303977 0.332859 0.304620
2 0.502255 0.313231 0.502755 0.316787 0.504604 0.324282 0.506161 0.325431 0.507716 0.324282 0.509659 0.325208 0.514065 0.326583 0.515227 0.327505 0.515620 0.328426 0.514708 0.329806 0.510953 0.332569 0.507586 0.336023 0.504604 0.336023 0.500456 0.338102 0.499424 0.338333 0.498000 0.334880 0.498000 0.329583 0.497740 0.321750 0.496521 0.319176 0.497719 0.312514 0.496820 0.305852 0.498102 0.301856 0.499664 0.301301 0.501599 0.302190 0.501786 0.303523 0.501661 0.306856
5 0.395081 0.283495 0.398839 0.277741 0.407260 0.272671 0.410797 0.271051 0.413977 0.274769 0.417237 0.276407 0.418995 0.279231 0.419245 0.284454 0.422365 0.291542 0.427055 0.297699 0.435570 0.304944 0.434076 0.304704 0.432128 0.305343 0.429591 0.308167 0.427284 0.309444 0.425760 0.312657 0.425125 0.316088 0.423453 0.314454 0.420526 0.313718 0.419607 0.313852 0.418182 0.315787 0.416510 0.321731 0.415161 0.327236 0.418349 0.330806 0.425451 0.340481 0.428940 0.344606 0.432938 0.349792 0.431211 0.351644 0.429273 0.352199 0.426586 0.352755 0.424401 0.351866 0.421526 0.351532 0.419276 0.352088 0.417839 0.355306 0.416216 0.361639 0.413966 0.370745 0.413154 0.375301 0.412029 0.380190 0.410841 0.380523 0.407969 0.380523 0.406531 0.380856 0.405906 0.385074 0.405906 0.387296 0.406594 0.391963 0.406844 0.395630 0.405531 0.398292 0.401792 0.396287 0.399628 0.394630 0.398414 0.392269 0.398023 0.388824 0.396477 0.382796 0.396281 0.370921 0.397062 0.363532 0.397062 0.355963 0.396766 0.350282 0.396956 0.345903 0.396956 0.344176 0.396849 0.341583 0.396766 0.333708 0.395599 0.319426 0.394057 0.304458 0.393760 0.293954 0.394432 0.288449
2 0.530534 0.467056 0.532125 0.471551 0.533690 0.473745 0.538438 0.488963 0.538992 0.491213 0.539354 0.494426 0.538992 0.497000 0.536029 0.495583 0.535089 0.494426 0.533643 0.485046 0.532341 0.481190 0.528510 0.474509 0.526992 0.470269 0.526630 0.467056 0.527497 0.464481 0.529451 0.463454 0.530753 0.464972
2 0.359143 0.348051 0.360312 0.347690 0.360755 0.346329 0.360716 0.343676 0.360112 0.341454 0.360997 0.340593 0.363096 0.340736 0.372341 0.343324 0.376263 0.346056 0.378784 0.348134 0.379857 0.349375 0.380216 0.352236 0.377896 0.353681 0.375357 0.354255 0.370820 0.353389 0.364750 0.352810 0.361354 0.352731
10 0.359065 0.260407 0.361503 0.260903 0.363312 0.262144 0.365122 0.263009 0.366586 0.264741 0.367490 0.265981 0.368326 0.268208 0.368883 0.271181 0.368604 0.274148 0.368117 0.278236 0.367073 0.280338 0.365820 0.282194 0.363383 0.284796 0.361154 0.285417 0.359065 0.285167 0.357044 0.284176 0.354818 0.282444 0.353354 0.281083 0.352240 0.278606 0.351682 0.276009 0.351615 0.273653 0.351753 0.271056 0.352589 0.269074 0.353286 0.267463 0.354331 0.265486 0.355513 0.263134 0.357044 0.261769
5 0.362240 0.318236 0.366878 0.315745 0.369896 0.314977 0.372398 0.312819 0.379193 0.316931 0.379930 0.314750 0.382299 0.315745 0.384742 0.315296 0.385164 0.314301 0.389852 0.317852 0.391685 0.318431 0.393518 0.318236 0.395599 0.319426 0.396766 0.333708 0.396849 0.341583 0.395229 0.342157 0.391719 0.343407 0.387937 0.345616 0.385401 0.346769 0.382862 0.349167 0.380216 0.352236 0.379857 0.349375 0.378784 0.348134 0.376263 0.346056 0.372341 0.343324 0.363096 0.340736 0.360997 0.340593 0.360112 0.341454 0.357935 0.338162 0.358044 0.334134 0.358797 0.331639 0.359854 0.329491 0.360721 0.329102 0.360721 0.325375 0.360216 0.320366
2 0.552404 0.412181 0.553911 0.415306 0.555992 0.419616 0.560008 0.416852 0.562242 0.418458 0.563698 0.420241 0.565604 0.422426 0.566164 0.424227 0.566047 0.427213 0.565937 0.432583 0.565487 0.440745 0.564375 0.440556 0.562016 0.435764 0.559221 0.433176 0.555859 0.431394 0.553174 0.428194 0.550599 0.423231 0.548247 0.420644 0.546674 0.418458 0.545445 0.416255 0.545445 0.413477 0.547128 0.411481 0.549477 0.410889
2 0.558117 0.433829 0.557779 0.436366 0.556781 0.439037 0.555771 0.441269 0.554943 0.445278 0.554023 0.447213 0.551586 0.445579 0.546279 0.437657 0.543388 0.431620 0.538328 0.422116 0.534484 0.414532 0.536443 0.411213 0.539706 0.411514 0.543646 0.413444 0.545445 0.416255 0.546674 0.418458 0.548247 0.420644 0.550599 0.423231 0.553174 0.428194 0.555859 0.431394 0.559221 0.433176
2 0.610177 0.432194 0.609128 0.436727 0.605380 0.442056 0.601333 0.448718 0.597583 0.457778 0.593281 0.466468 0.590719 0.470653 0.587362 0.473051 0.583555 0.473449 0.580630 0.472648 0.581201 0.466282 0.584214 0.461111 0.586792 0.449569 0.587917 0.440190 0.589250 0.430653 0.592172 0.427264 0.596310 0.422894 0.598544 0.415727 0.601346 0.415514 0.605948 0.419699 0.607839 0.424282
2 0.612013 0.420861 0.612401 0.433301 0.612789 0.437907 0.615253 0.442745 0.618232 0.446199 0.623544 0.452648 0.628078 0.455181 0.632482 0.452648 0.632872 0.446657 0.630151 0.443667 0.621859 0.435375 0.615122 0.424778
2 0.580089 0.393792 0.581859 0.396611 0.583539 0.401912 0.584096 0.405727 0.586336 0.419481 0.587081 0.423292 0.588198 0.429259 0.589250 0.430653 0.587917 0.440190 0.586578 0.432690 0.584992 0.423574 0.581917 0.407995 0.580703 0.400208 0.579214 0.395565 0.579026 0.393412 0.579214 0.392917
2 0.589771 0.404565 0.590979 0.409005 0.591464 0.411727 0.592753 0.414019 0.593315 0.417310 0.594443 0.420894 0.594766 0.424329 0.592172 0.427264 0.589250 0.430653 0.588198 0.429259 0.587081 0.423292 0.586336 0.419481 0.584534 0.408718
2 0.599388 0.505171 0.600357 0.509773 0.600250 0.512653 0.599172 0.515718 0.597339 0.519171 0.594857 0.521472 0.591622 0.522241 0.589680 0.523005 0.585042 0.523005 0.581266 0.522815 0.580513 0.521088 0.580698 0.519144 0.582953 0.517782 0.584625 0.518083 0.586128 0.516611 0.587812 0.513940 0.588549 0.511611 0.592346 0.507074 0.596750 0.503157
9 0.353940 0.353958 0.354372 0.349926 0.354479 0.347431 0.354427 0.343782 0.353940 0.342435 0.353023 0.341380 0.352375 0.340995 0.349891 0.341380 0.348326 0.342727 0.346607 0.343926 0.346943 0.346009 0.346109 0.349866 0.345440 0.352102 0.345690 0.353736 0.346862 0.355523 0.349453 0.358046 0.350370 0.358495 0.351542 0.357750 0.352130 0.356269
9 0.300716 0.272403 0.302464 0.269514 0.304714 0.268736 0.306714 0.269069 0.308901 0.269625 0.310711 0.270625 0.315529 0.275380 0.317122 0.278843 0.317628 0.282056 0.316398 0.286431 0.315672 0.289505 0.314154 0.292204 0.311193 0.293241 0.310573 0.290000 0.305313 0.283009 0.302552 0.279352 0.300208 0.275509 0.299479 0.273472
2 0.405461 0.223106 0.408432 0.225894 0.411617 0.229347 0.414156 0.231750 0.414966 0.233093 0.415234 0.236551 0.414641 0.241347 0.414242 0.245181 0.414216 0.245870 0.412404 0.250579 0.409729 0.256106 0.409510 0.252764 0.409987 0.248176 0.411174 0.243662 0.411930 0.240495 0.412146 0.235981 0.411823 0.234542 0.408852 0.232333 0.405641 0.228218 0.404987 0.226736 0.404938 0.224519 0.404987 0.223500
2 0.379193 0.316931 0.372398 0.312819 0.356638 0.305495 0.353818 0.303565 0.350878 0.301972 0.350169 0.299287 0.351875 0.298759 0.360375 0.303759 0.372500 0.309750 0.376995 0.312912 0.378802 0.313681 0.379930 0.314750
2 0.529279 0.443616 0.531870 0.447931 0.536135 0.456106 0.542076 0.467704 0.545839 0.474991 0.544083 0.475440 0.539818 0.472611 0.537893 0.468005 0.533878 0.459380 0.531003 0.455532 0.530378 0.454310 0.528693 0.450903 0.527438 0.448671 0.526435 0.446741 0.527771 0.445250
2 0.629013 0.491972 0.625167 0.492569 0.621068 0.493162 0.616719 0.493162 0.614375 0.490782 0.612117 0.488852 0.609578 0.488880 0.606753 0.484389 0.605003 0.483949 0.603695 0.485491 0.600883 0.487380 0.596258 0.493162 0.586568 0.504634 0.576513 0.512440 0.572346 0.509593 0.570422 0.505875 0.571341 0.504093 0.575440 0.503648 0.577615 0.503648 0.581630 0.501713 0.584138 0.497699 0.586732 0.495912 0.588656 0.493532 0.592253 0.484167 0.595430 0.480301 0.596685 0.476880 0.598693 0.472120 0.600031 0.472120 0.605802 0.473611 0.612828 0.473759 0.615010 0.473917 0.620385 0.473699 0.622961 0.472722 0.624193 0.469139 0.625201 0.466931 0.627552 0.465338 0.629229 0.465338 0.631357 0.465954 0.633036 0.465157 0.653193 0.449412 0.658432 0.441273 0.658823 0.443972 0.656648 0.450514 0.654224 0.455421 0.650208 0.460477 0.646945 0.464792 0.643602 0.473269 0.641745 0.480926 0.639786 0.485431 0.638992 0.488644 0.637979 0.491986 0.636901 0.494681 0.634659 0.496611 0.633070 0.496611 0.631547 0.495972 0.630677 0.494176
2 0.523732 0.364935 0.523154 0.367634 0.522214 0.367120 0.518815 0.363907 0.516576 0.361593 0.510776 0.356056 0.507242 0.352843 0.502536 0.349241 0.501096 0.348083 0.496354 0.347185 0.492161 0.346801 0.486234 0.344745 0.483703 0.343329 0.480812 0.341481 0.478716 0.337625 0.479656 0.337495 0.483703 0.340968 0.488185 0.342634 0.495922 0.344819 0.499247 0.344051 0.503729 0.345977 0.509656 0.350606 0.516307 0.357032 0.521583 0.362685
2 0.454477 0.312319 0.456753 0.307495 0.461568 0.310296 0.466031 0.310139 0.469794 0.309051 0.472594 0.309051 0.472508 0.310139 0.469531 0.312472 0.468656 0.314963 0.472245 0.316676 0.473682 0.315491 0.478292 0.311394 0.479648 0.308500 0.479378 0.306574 0.468125 0.306574 0.460940 0.306333 0.455109 0.302477 0.448880 0.312546 0.442880 0.322417 0.439203 0.326773 0.437214 0.328264 0.430164 0.330194 0.430164 0.333083 0.434096 0.331880 0.438841 0.329954 0.445594 0.323347 0.449883 0.315880 0.451982 0.313389
2 0.571138 0.404722 0.575052 0.403981 0.575617 0.410296 0.576513 0.413282 0.577969 0.415074 0.581328 0.426620 0.582896 0.432394 0.584799 0.437569 0.584911 0.441949 0.583456 0.445134 0.581216 0.446528 0.579648 0.440556 0.576289 0.429606 0.571922 0.418060 0.570914 0.410296 0.570802 0.405718
2 0.335753 0.288417 0.339367 0.286745 0.342331 0.284944 0.345151 0.284560 0.346307 0.284815 0.347609 0.286356 0.350169 0.299287 0.352698 0.308796 0.354073 0.315097 0.356312 0.320750 0.357542 0.321523 0.359711 0.320491 0.360216 0.320366 0.360721 0.325375 0.360721 0.329102 0.359854 0.329491 0.351440 0.329606 0.348766 0.329606 0.345367 0.326648 0.342917 0.324079 0.342411 0.321894 0.343503 0.308116 0.343258 0.306778 0.339490 0.305444 0.337901 0.304403 0.336143 0.293991
2 0.292891 0.265046 0.295078 0.266806 0.297917 0.269444 0.300208 0.275509 0.302552 0.279352 0.305313 0.283009 0.310573 0.290000 0.311672 0.295986 0.313776 0.298685 0.316096 0.300792 0.319445 0.304338 0.325336 0.308463 0.330411 0.312500 0.330130 0.315894 0.329320 0.316472 0.327424 0.316755 0.326130 0.314259 0.324997 0.314736 0.324078 0.315222 0.323810 0.315699 0.324620 0.319157 0.324974 0.321296 0.322625 0.322227 0.318844 0.322509 0.313409 0.320157 0.304951 0.313088 0.302135 0.310972 0.296633 0.303097 0.290461 0.293440 0.283628 0.282898 0.282057 0.279977 0.281727 0.277935 0.284201 0.275282 0.289870 0.268611
2 0.531682 0.409347 0.534484 0.414532 0.538328 0.422116 0.543388 0.431620 0.546279 0.437657 0.548086 0.443574 0.553437 0.466236 0.554987 0.473801 0.554508 0.477421 0.552958 0.480005 0.551698 0.478968 0.547341 0.458329 0.542406 0.439569 0.538922 0.433032 0.535849 0.427060 0.532417 0.419282 0.531672 0.416282 0.529771 0.412394 0.531177 0.411236 0.530365 0.407731 0.531281 0.408458
1 0.375477 0.278083 0.377229 0.295426 0.378802 0.313681 0.376995 0.312912 0.376693 0.310139 0.376563 0.307454 0.373742 0.276926 0.373958 0.276412 0.374826 0.277056
1 0.380177 0.284417 0.384729 0.293287 0.388490 0.300481 0.391815 0.304852 0.394346 0.306907 0.394604 0.309417 0.391990 0.306792 0.387766 0.302421 0.384151 0.295870 0.378273 0.284130 0.375477 0.278083 0.374826 0.277056 0.373995 0.275389 0.370404 0.268319 0.367893 0.262681 0.365187 0.256292 0.365607 0.255542 0.366729 0.256458 0.369576 0.263343 0.373682 0.271144 0.374242 0.272139 0.377917 0.279819 0.378721 0.282782
2 0.360112 0.352718 0.361354 0.352731 0.364750 0.352810 0.370820 0.353389 0.375357 0.354255 0.377896 0.353681 0.380216 0.352236 0.382862 0.349167 0.385401 0.346769 0.387937 0.345616 0.391719 0.343407 0.395229 0.342157 0.396849 0.341583 0.396956 0.344176 0.396956 0.345903 0.393307 0.347139 0.386995 0.350491 0.383932 0.352708 0.381307 0.355264 0.380622 0.356153 0.380557 0.357815 0.379870 0.359046 0.374250 0.357931 0.366172 0.357556 0.362445 0.357556 0.360615 0.357079 0.359966 0.357079 0.360070 0.354486
1 0.400302 0.220759 0.402138 0.215287 0.403471 0.209162 0.403518 0.203199 0.403424 0.194218 0.403839 0.192176 0.404573 0.191116 0.404062 0.181644 0.403880 0.180255 0.399474 0.180500 0.399292 0.182542 0.399839 0.189889 0.400297 0.191606 0.400854 0.192097 0.401289 0.196398 0.401500 0.207454 0.399232 0.217727 0.398677 0.219278 0.399128 0.221264 0.400201 0.221894
2 0.312315 0.263898 0.316583 0.272972 0.319594 0.279218 0.321526 0.281296 0.323609 0.281444 0.325198 0.278028 0.323951 0.273713 0.317786 0.260301 0.317729 0.257315 0.316115 0.255111 0.314398 0.252065 0.312492 0.247324 0.309732 0.242921 0.308685 0.242250 0.307255 0.242250 0.306586 0.244792 0.305164 0.247764 0.310685 0.260255 0.311607 0.262634
1 0.481435 0.341931 0.486599 0.350569 0.490143 0.356153 0.490940 0.358273 0.491753 0.359606 0.493940 0.363162 0.495878 0.367824 0.496878 0.372602 0.497471 0.374083 0.499562 0.380995 0.499966 0.380278 0.499664 0.377574 0.498651 0.373255 0.498143 0.370912 0.497333 0.366954 0.495917 0.362991 0.494297 0.360653 0.492776 0.358310 0.491156 0.354713 0.487815 0.348593 0.485687 0.346250 0.483703 0.343329
2 0.518034 0.327384 0.520159 0.326843 0.521880 0.326662 0.523401 0.328824 0.524513 0.332245 0.525628 0.333324 0.526641 0.335306 0.527247 0.338727 0.528409 0.341579 0.526740 0.345204 0.524612 0.349162 0.527714 0.357944 0.530906 0.364810 0.530615 0.367736 0.529070 0.371519 0.528362 0.372032 0.526539 0.369148 0.523906 0.362491 0.520362 0.357810 0.517729 0.356366 0.516307 0.357032 0.510742 0.351685 0.510742 0.344125 0.510539 0.341065 0.510742 0.337644 0.510904 0.332389 0.514708 0.329806 0.515620 0.328426
2 0.574901 0.387880 0.571271 0.386269 0.566552 0.383685 0.566008 0.380782 0.565099 0.374329 0.562922 0.373037 0.559836 0.371426 0.557841 0.370782 0.557841 0.375296 0.555844 0.381106 0.553872 0.383282 0.552807 0.384995 0.551745 0.391366 0.553484 0.395949 0.559474 0.399171 0.563466 0.400463 0.567641 0.402079 0.571138 0.404722 0.578104 0.403491 0.580714 0.405477 0.581917 0.407995 0.580703 0.400208 0.579214 0.395565 0.579026 0.393412 0.579214 0.392917 0.578711 0.388528 0.577805 0.386269 0.575807 0.385944
9 0.709443 0.598384 0.711190 0.601046 0.711190 0.603931 0.710568 0.607704 0.709693 0.610366 0.708320 0.611694 0.705201 0.612806 0.702953 0.612806 0.699958 0.610588 0.698461 0.607704 0.698086 0.603486 0.698336 0.600380 0.699708 0.598139 0.701081 0.596833 0.702953 0.596389 0.703203 0.596389
2 0.694865 0.572380 0.697021 0.576218 0.699393 0.577560 0.704138 0.580241 0.707591 0.582162 0.711258 0.584463 0.714385 0.587144 0.716435 0.590023 0.720318 0.597310 0.723661 0.604977 0.725388 0.607472 0.725909 0.604843 0.722865 0.594398 0.717828 0.586935 0.714719 0.577819 0.711581 0.572898 0.703622 0.570412 0.698773 0.569199 0.694081 0.567648 0.691844 0.568546
2 0.698956 0.584894 0.701534 0.588046 0.704516 0.591051 0.707174 0.593773 0.711846 0.598931 0.712492 0.600935 0.713458 0.610102 0.713297 0.616407 0.715875 0.617264 0.718776 0.618699 0.718133 0.616833 0.716521 0.613255 0.715313 0.608528 0.714586 0.604519 0.713943 0.599792 0.712089 0.594347 0.709349 0.590907 0.703227 0.585611 0.699198 0.581741 0.698271 0.581852 0.698555 0.584319
2 0.718354 0.619773 0.718823 0.621528 0.718719 0.623009 0.717836 0.623287 0.715339 0.622269 0.712477 0.620787 0.710500 0.618014 0.710268 0.611477 0.710568 0.607704 0.711190 0.603931 0.712784 0.604190 0.713458 0.610102 0.713297 0.616407 0.715875 0.617264 0.718776 0.618699
1 0.797266 0.650000 0.790159 0.645514 0.783560 0.638130 0.779409 0.634588 0.766406 0.622037 0.757609 0.613384 0.756602 0.613782 0.756484 0.615926 0.768437 0.627824 0.782242 0.640657 0.791312 0.649218 0.798479 0.653991 0.798620 0.651574
2 0.505896 0.361014 0.509188 0.365486 0.514799 0.372884 0.518961 0.380111 0.525260 0.394954 0.529466 0.404921 0.530365 0.407731 0.531177 0.411236 0.529771 0.412394 0.526906 0.414523 0.523932 0.404630 0.513831 0.382176 0.505315 0.370130 0.501734 0.365657 0.501734 0.362389 0.503766 0.360495
2 0.593297 0.538245 0.603805 0.525977 0.608510 0.520120 0.610237 0.514264 0.613531 0.508407 0.615099 0.503111 0.615099 0.498648 0.615414 0.495023 0.616719 0.493162 0.614375 0.490782 0.612117 0.488852 0.610865 0.493907 0.609453 0.498926 0.606315 0.502833 0.603177 0.504505 0.601453 0.504505 0.599388 0.505171 0.600357 0.509773 0.600250 0.512653 0.599172 0.515718 0.597339 0.519171 0.594857 0.521472 0.591622 0.522241 0.589680 0.523005 0.585042 0.523005 0.584042 0.525417 0.581846 0.527648 0.581219 0.528764
5 0.835664 0.683847 0.835846 0.681588 0.832578 0.676745 0.830766 0.670296 0.829495 0.666102 0.826409 0.659324 0.823688 0.657065 0.822596 0.652870 0.821508 0.649324 0.819875 0.647389 0.817878 0.647065 0.815701 0.644162 0.814068 0.646741 0.811346 0.646097 0.807534 0.645130 0.806060 0.641333 0.793406 0.644519 0.790159 0.645514 0.797266 0.650000 0.798620 0.651574 0.798479 0.653991 0.791312 0.649218 0.789130 0.648741 0.786555 0.648741 0.783849 0.649227 0.779638 0.649935 0.780182 0.647032 0.780727 0.642708 0.777206 0.639806 0.775302 0.642000 0.774214 0.644870 0.772180 0.649708 0.771380 0.652838 0.771508 0.655968 0.772596 0.659097 0.774086 0.662227 0.775029 0.667778 0.821398 0.703204 0.822560 0.706398 0.823378 0.710981 0.824049 0.718435 0.822016 0.723014 0.812289 0.761796 0.801635 0.811162 0.801635 0.820069 0.802560 0.826491 0.803669 0.832620 0.808531 0.834296 0.810891 0.832620 0.813232 0.829556 0.815737 0.825394 0.821708 0.813389 0.813089 0.796384 0.813867 0.792190 0.819039 0.785222 0.826880 0.803611 0.828914 0.800000 0.830802 0.780190 0.831273 0.775736 0.834104 0.777412 0.835503 0.776282 0.836771 0.741986 0.836771 0.735019 0.835828 0.725824 0.834885 0.719403 0.835503 0.711593 0.835193 0.688171 0.822174 0.676588 0.820607 0.675593 0.822062 0.671611 0.822846 0.672407
