0 0.580279 0.307296 0.581326 0.307037 0.583148 0.307579 0.588008 0.314602 0.592365 0.322880 0.593477 0.325222 0.611401 0.331884 0.613224 0.335306 0.615047 0.335306 0.616466 0.336745 0.617477 0.339083 0.617984 0.340347 0.620010 0.343764 0.621224 0.339986 0.622034 0.340523 0.622339 0.342866 0.622844 0.358347 0.622135 0.365731 0.624768 0.366991 0.626896 0.368611 0.632768 0.369148 0.633781 0.371310 0.635503 0.381931 0.636922 0.387875 0.636719 0.401375 0.636112 0.408398 0.633378 0.414338 0.631453 0.416139 0.629529 0.418477 0.626896 0.422620 0.626086 0.423338 0.625919 0.426306 0.627792 0.433801 0.631776 0.436301 0.632948 0.438384 0.632714 0.441093 0.632831 0.452551 0.631542 0.462130 0.630253 0.464630 0.629198 0.475046 0.625451 0.479421 0.622755 0.481713 0.620763 0.482963 0.618536 0.485046 0.616310 0.487338 0.613932 0.484370 0.612456 0.481398 0.607299 0.464736 0.606362 0.459319 0.605542 0.455361 0.610346 0.440782 0.610112 0.437032 0.609643 0.433907 0.605424 0.416407 0.604721 0.412870 0.602964 0.407037 0.602378 0.404329 0.601674 0.404329 0.600268 0.404329 0.598279 0.404120 0.597388 0.403889 0.594107 0.402639 0.586255 0.420139 0.583208 0.427639 0.583443 0.430556 0.584740 0.436389 0.586208 0.445366 0.585271 0.448486 0.576602 0.462861 0.570742 0.470569 0.568563 0.475755 0.565398 0.478255 0.563526 0.477838 0.560362 0.473880 0.557385 0.466819 0.557151 0.460778 0.557151 0.455153 0.556565 0.443907 0.557122 0.433060 0.557526 0.430181 0.558539 0.425319 0.559349 0.421000 0.560362 0.417759 0.561883 0.416500 0.564008 0.416139 0.568464 0.415778 0.574237 0.402454 0.582237 0.386074 0.582034 0.382833 0.580906 0.381074 0.573378 0.381542 0.566289 0.380611 0.564888 0.380144 0.563401 0.379986 0.561826 0.379986 0.560336 0.380144 0.558849 0.380454 0.557536 0.382319 0.556310 0.384500 0.553247 0.390722 0.551846 0.392593 0.549833 0.393991 0.546508 0.395546 0.544495 0.396634 0.538591 0.401194 0.536396 0.393241 0.536260 0.384324 0.536531 0.380227 0.537211 0.378542 0.537346 0.375889 0.537211 0.372514 0.537211 0.370347 0.537482 0.368417 0.539380 0.362394 0.541005 0.359500 0.543310 0.356847 0.545750 0.354681 0.548464 0.352750 0.551755 0.351685 0.559380 0.350259 0.570312 0.351157 0.570398 0.349431 0.568034 0.344255 0.565122 0.337954 0.564544 0.337690 0.564091 0.335806 0.564242 0.334190 0.565378 0.333116 0.566133 0.331231 0.566740 0.329083 0.567193 0.319667 0.568023 0.316037 0.569688 0.312542 0.572487 0.312005 0.578010 0.309449 0.578615 0.308370
5 0.684971 0.541116 0.690135 0.531042 0.696701 0.517037 0.702477 0.525440 0.702125 0.514394 0.703089 0.515171 0.722255 0.538819 0.749617 0.572833 0.753562 0.579852 0.747690 0.600019 0.749310 0.602537 0.748294 0.605963 0.747690 0.607579 0.745766 0.608843 0.742211 0.609620 0.739586 0.609306 0.735471 0.602926 0.720156 0.584102 0.708516 0.572898 0.702914 0.566361 0.695781 0.556324 0.694974 0.555991
5 0.505273 0.405875 0.495753 0.416824 0.486615 0.406829 0.455799 0.371417 0.430021 0.342046 0.401841 0.309935 0.402219 0.308315 0.402898 0.307782 0.404596 0.307676 0.408695 0.303926 0.421352 0.318093 0.425169 0.317843 0.425169 0.319644 0.425169 0.319644 0.452615 0.348986
5 0.536396 0.393241 0.538591 0.401194 0.524818 0.417940 0.509526 0.433602 0.495911 0.448565 0.493964 0.445782 0.511044 0.426019
5 0.538591 0.401194 0.544495 0.396634 0.546508 0.395546 0.549833 0.393991 0.551846 0.392593 0.553247 0.390722 0.556310 0.384500 0.557536 0.382319 0.558849 0.380454 0.560336 0.380144 0.561826 0.379986 0.563401 0.379986 0.564888 0.380144 0.566289 0.380611 0.548083 0.404727 0.547034 0.406750 0.531367 0.424023 0.524276 0.430713 0.514125 0.440671 0.507474 0.447671 0.501258 0.455454 0.495911 0.448565 0.509526 0.433602 0.524818 0.417940
5 0.566289 0.380611 0.573378 0.381542 0.580906 0.381074 0.554297 0.417329 0.514299 0.471792 0.501258 0.455454 0.507474 0.447671 0.514125 0.440671 0.524276 0.430713 0.531367 0.424023 0.547034 0.406750 0.548083 0.404727
5 0.580906 0.381074 0.582034 0.382833 0.582237 0.386074 0.574237 0.402454 0.568464 0.415778 0.564008 0.416139 0.561883 0.416500 0.560362 0.417759 0.559349 0.421000 0.558539 0.425319 0.557526 0.430181 0.557122 0.433060 0.551349 0.443685 0.546693 0.451245 0.534945 0.466009 0.522792 0.481491 0.514299 0.471792 0.554297 0.417329
5 0.557122 0.433060 0.556565 0.443907 0.557151 0.455153 0.557151 0.460778 0.557385 0.466819 0.537466 0.498898 0.522792 0.481491 0.534945 0.466009 0.546693 0.451245 0.551349 0.443685
5 0.568563 0.475755 0.550284 0.516792 0.537466 0.498898 0.557385 0.466819 0.560362 0.473880 0.563526 0.477838 0.565398 0.478255
5 0.584740 0.436389 0.597388 0.403889 0.594107 0.402639 0.586255 0.420139 0.583208 0.427639 0.583443 0.430556
5 0.597388 0.403889 0.598279 0.404120 0.600268 0.404329 0.601674 0.404329 0.602378 0.404329 0.602964 0.407037 0.604721 0.412870 0.605424 0.416407 0.582810 0.473069 0.559495 0.527435 0.550284 0.516792 0.568563 0.475755 0.570742 0.470569 0.576602 0.462861 0.585271 0.448486 0.586208 0.445366 0.584740 0.436389
5 0.605424 0.416407 0.609643 0.433907 0.610112 0.437032 0.610346 0.440782 0.605542 0.455361 0.606362 0.459319 0.607299 0.464736 0.595115 0.497440 0.576367 0.549097 0.559495 0.527435 0.582810 0.473069
5 0.607299 0.464736 0.612456 0.481398 0.605424 0.509519 0.597458 0.534935 0.588201 0.562014 0.576367 0.549097
5 0.678240 0.480773 0.679544 0.478949 0.680945 0.475833 0.681646 0.476148 0.684182 0.479259 0.686721 0.483306 0.688471 0.484394 0.689523 0.484704 0.690573 0.484394 0.691099 0.484394 0.690922 0.486106 0.687685 0.492949 0.622216 0.639213 0.614091 0.615657
5 0.622216 0.639213 0.628177 0.656667 0.661935 0.588704 0.680914 0.549176 0.698266 0.513264 0.696641 0.512301 0.694742 0.511338 0.693521 0.510375 0.694065 0.509167 0.692708 0.505792 0.692167 0.504106 0.691625 0.497116 0.690404 0.497356 0.686742 0.504588 0.684302 0.500731 0.663289 0.547250
5 0.632448 0.669972 0.671898 0.715282 0.671898 0.718898 0.671628 0.722514 0.671898 0.725403 0.673391 0.726852 0.659292 0.745407
5 0.632448 0.669972 0.628177 0.656667 0.638753 0.635699 0.644310 0.642690 0.645938 0.640278 0.647562 0.640037 0.649596 0.641727 0.650953 0.645824 0.650953 0.649194 0.656510 0.654741 0.657867 0.653051 0.660036 0.653292 0.662070 0.655704 0.662341 0.659319 0.661935 0.661245 0.668034 0.667755 0.670747 0.666065 0.673052 0.667273 0.674135 0.670889 0.674271 0.675227 0.680102 0.681491 0.681456 0.680528 0.682677 0.680528 0.684573 0.681250 0.685523 0.683181 0.686065 0.686551 0.686336 0.688963 0.692031 0.695954 0.693115 0.694745 0.694471 0.694264 0.696370 0.694745 0.697047 0.695954 0.673391 0.726852 0.671898 0.725403 0.671628 0.722514 0.671898 0.718898 0.671898 0.715282
5 0.638753 0.635699 0.646547 0.620324 0.650344 0.626106 0.654003 0.631648 0.656307 0.635264 0.658612 0.638639 0.662273 0.642014 0.676914 0.658162 0.685591 0.668769 0.689253 0.671417 0.691693 0.673829 0.693589 0.671417 0.695893 0.667801 0.707826 0.681782 0.697047 0.695954 0.696370 0.694745 0.694471 0.694264 0.693115 0.694745 0.692031 0.695954 0.686336 0.688963 0.686065 0.686551 0.685523 0.683181 0.684573 0.681250 0.682677 0.680528 0.681456 0.680528 0.680102 0.681491 0.674271 0.675227 0.674135 0.670889 0.673052 0.667273 0.670747 0.666065 0.668034 0.667755 0.661935 0.661245 0.662341 0.659319 0.662070 0.655704 0.660036 0.653292 0.657867 0.653051 0.656510 0.654741 0.650953 0.649194 0.650953 0.645824 0.649596 0.641727 0.647562 0.640037 0.645938 0.640278 0.644310 0.642690
5 0.695893 0.667801 0.699763 0.661463 0.701602 0.660528 0.705190 0.652907 0.716831 0.667222 0.707826 0.681782
5 0.705190 0.652907 0.711315 0.635634 0.719982 0.644657 0.724969 0.651662 0.716831 0.667222
5 0.711315 0.635634 0.715430 0.624120 0.709740 0.623185 0.706589 0.620074 0.705802 0.618051 0.703964 0.611204 0.703964 0.608718 0.685846 0.592065 0.668604 0.575264 0.661935 0.588704 0.646547 0.620324 0.650344 0.626106 0.654003 0.631648 0.656307 0.635264 0.658612 0.638639 0.662273 0.642014 0.676914 0.658162 0.685591 0.668769 0.689253 0.671417 0.691693 0.673829 0.693589 0.671417 0.695893 0.667801 0.699763 0.661463 0.701602 0.660528 0.705190 0.652907
5 0.703964 0.608718 0.700664 0.591792 0.696674 0.570634 0.694974 0.555991 0.684971 0.541116 0.677258 0.556921 0.670448 0.571014 0.685846 0.592065
5 0.695781 0.556324 0.697617 0.571435 0.702125 0.592597 0.704922 0.609769 0.716039 0.620648 0.716120 0.622315 0.715430 0.624120 0.713417 0.629690 0.723219 0.640736 0.728820 0.645875 0.740987 0.623778 0.745977 0.613977 0.742211 0.609620 0.739586 0.609306 0.735471 0.602926 0.720156 0.584102 0.708516 0.572898 0.702914 0.566361
5 0.425169 0.317843 0.421352 0.318093 0.408695 0.303926 0.404596 0.307676 0.402898 0.307782 0.394807 0.285727 0.376826 0.245810 0.381396 0.251852 0.394870 0.270806 0.402253 0.276431 0.407893 0.282139 0.413859 0.287236 0.422526 0.298685 0.429789 0.308065 0.429120 0.309921 0.426081 0.311000
5 0.670214 0.470523 0.671273 0.471769 0.675161 0.476606 0.676974 0.478218 0.678240 0.480773 0.614091 0.615657 0.607505 0.596972 0.629271 0.555056 0.656737 0.498625
5 0.483492 0.432421 0.493964 0.445782 0.511044 0.426019 0.536396 0.393241 0.536260 0.384324 0.536531 0.380227 0.537211 0.378542 0.537346 0.375889 0.537211 0.372514 0.537211 0.370347 0.537482 0.368417 0.536396 0.368657 0.518638 0.389384 0.505273 0.405875 0.495753 0.416824
5 0.401841 0.309935 0.400633 0.311009 0.397297 0.314375 0.396167 0.313431 0.395031 0.313963 0.396466 0.317056 0.395258 0.318403 0.447693 0.386056 0.483492 0.432421 0.495753 0.416824 0.486615 0.406829 0.455799 0.371417 0.430021 0.342046
5 0.632766 0.448440 0.632714 0.441093 0.632948 0.438384 0.633417 0.436051 0.635560 0.436745 0.638380 0.437782 0.640424 0.439167 0.642568 0.441588 0.644609 0.443319 0.646654 0.445569 0.648893 0.448509 0.649964 0.449894 0.652201 0.450069 0.654245 0.450759 0.656581 0.451972 0.659112 0.453699 0.663297 0.456644 0.661156 0.461486 0.660602 0.459343 0.660018 0.456574 0.659336 0.455014 0.653010 0.452593 0.648435 0.452074 0.645904 0.452074 0.638312 0.450000
5 0.564544 0.337690 0.565122 0.337954 0.568034 0.344255 0.570398 0.349431 0.570312 0.351157 0.559380 0.350259 0.551755 0.351685 0.564469 0.338361 0.564469 0.338361
5 0.392815 0.170069 0.387490 0.164157 0.387841 0.162491 0.389247 0.161657 0.393464 0.153324 0.392292 0.151241 0.391354 0.148532 0.391706 0.146449 0.393464 0.146449 0.394753 0.147699 0.398268 0.150407 0.443612 0.195819 0.447596 0.199565 0.466930 0.223523 0.476422 0.235602 0.479466 0.238935 0.485443 0.246019 0.481224 0.250810 0.477125 0.244352 0.477008 0.246435 0.476891 0.250602 0.476656 0.262681 0.473609 0.256019 0.472555 0.250602 0.471852 0.248102 0.469859 0.248519 0.469391 0.250185 0.468594 0.251843 0.445070 0.226241 0.419245 0.196356
5 0.379448 0.188796 0.381372 0.187532 0.381271 0.174394 0.381576 0.174569 0.384612 0.177991 0.385828 0.178894 0.385828 0.177454 0.385422 0.175111 0.384815 0.173671 0.384510 0.172231 0.384510 0.169889 0.391195 0.169352 0.392815 0.170069 0.419245 0.196356 0.445070 0.226241 0.468594 0.251843 0.468128 0.253713 0.468005 0.255602 0.468128 0.257889 0.468128 0.259764 0.467885 0.268926 0.467065 0.273931 0.462497 0.276630 0.464727 0.281833 0.462497 0.283727 0.461565 0.283921 0.455094 0.277569 0.450539 0.271625 0.412885 0.227213 0.389615 0.199667
5 0.364906 0.208671 0.366120 0.205431 0.367844 0.202009 0.370477 0.198407 0.370576 0.196426 0.372299 0.195347 0.372602 0.185444 0.372906 0.181486 0.374021 0.182384 0.389615 0.199667 0.412885 0.227213 0.450539 0.271625 0.455094 0.277569 0.455195 0.279190 0.453982 0.281889 0.452664 0.283690 0.448615 0.286750 0.445779 0.289630 0.442792 0.294741 0.442911 0.292653 0.443034 0.290370 0.442445 0.289106 0.441039 0.289106 0.439984 0.289935 0.439276 0.291394 0.434245 0.285995 0.434437 0.282301 0.434214 0.280829 0.433607 0.279745 0.432250 0.279620 0.431034 0.282301 0.425888 0.276380 0.426112 0.274778 0.425888 0.273032 0.425516 0.271269 0.424755 0.270204 0.423773 0.270602 0.422943 0.271681 0.422487 0.272759 0.417716 0.266440 0.417716 0.264819 0.417271 0.262264 0.416430 0.260917 0.415227 0.262264 0.414315 0.263347 0.409625 0.257819 0.409779 0.254199 0.409555 0.252722 0.408867 0.251769 0.407732 0.251769 0.406831 0.252454 0.406294 0.253787 0.401667 0.248745 0.401594 0.246315 0.401372 0.243903 0.400380 0.242551 0.399174 0.242824 0.398193 0.244171 0.397807 0.245236 0.393422 0.239870 0.393503 0.236773 0.393201 0.235296 0.392591 0.234074 0.391609 0.234611 0.390932 0.235694 0.390253 0.236898 0.385109 0.231120 0.385635 0.228833 0.385331 0.226815 0.384268 0.225069 0.383438 0.225343 0.382536 0.226944 0.382151 0.227625 0.377393 0.222120 0.378141 0.220083 0.377839 0.217940 0.376938 0.216861 0.376026 0.216861 0.374820 0.217940 0.374284 0.218880 0.369979 0.213370 0.370424 0.211894 0.370273 0.209338 0.369372 0.207861 0.368237 0.207718 0.366870 0.209606
5 0.357198 0.206690 0.358247 0.209037 0.362211 0.216394 0.381362 0.249625 0.396055 0.270060 0.407893 0.282139 0.413859 0.287236 0.422526 0.298685 0.429789 0.308065 0.442792 0.294741 0.442911 0.292653 0.443034 0.290370 0.442445 0.289106 0.441039 0.289106 0.439984 0.289935 0.439276 0.291394 0.434245 0.285995 0.434437 0.282301 0.434214 0.280829 0.433607 0.279745 0.432250 0.279620 0.431034 0.282301 0.425888 0.276380 0.426112 0.274778 0.425888 0.273032 0.425516 0.271269 0.424755 0.270204 0.423773 0.270602 0.422943 0.271681 0.422487 0.272759 0.417716 0.266440 0.417716 0.264819 0.417271 0.262264 0.416430 0.260917 0.415227 0.262264 0.414315 0.263347 0.409625 0.257819 0.409779 0.254199 0.409555 0.252722 0.408867 0.251769 0.407732 0.251769 0.406831 0.252454 0.406294 0.253787 0.401667 0.248745 0.401594 0.246315 0.401372 0.243903 0.400380 0.242551 0.399174 0.242824 0.398193 0.244171 0.397807 0.245236 0.393422 0.239870 0.393503 0.236773 0.393201 0.235296 0.392591 0.234074 0.391609 0.234611 0.390932 0.235694 0.390253 0.236898 0.385109 0.231120 0.385635 0.228833 0.385331 0.226815 0.384268 0.225069 0.383438 0.225343 0.382536 0.226944 0.382151 0.227625 0.377393 0.222120 0.378141 0.220083 0.377839 0.217940 0.376938 0.216861 0.376026 0.216861 0.374820 0.217940 0.374284 0.218880 0.369979 0.213370 0.370424 0.211894 0.370273 0.209338 0.369372 0.207861 0.368237 0.207718 0.366870 0.209606 0.364305 0.207995 0.358630 0.206380
5 0.317880 0.203421 0.319799 0.202519 0.334039 0.197296 0.337883 0.195889 0.341497 0.192676 0.344799 0.191551 0.346992 0.191699 0.348680 0.192755 0.350156 0.193727 0.358247 0.209037 0.372193 0.236602 0.394807 0.285727 0.402898 0.307782 0.402219 0.308315 0.401841 0.309935 0.400633 0.311009 0.397297 0.314375 0.396167 0.313431 0.395031 0.313963 0.396466 0.317056 0.395258 0.318403 0.350930 0.259106 0.328062 0.225644
5 0.632831 0.452551 0.631542 0.462130 0.630253 0.464630 0.629198 0.475046 0.625451 0.479421 0.622755 0.481713 0.620763 0.482963 0.618536 0.485046 0.616310 0.487338 0.615021 0.488588 0.597458 0.534935 0.588201 0.562014 0.606508 0.590009 0.607505 0.596972 0.629271 0.555056 0.656737 0.498625 0.670214 0.470523 0.669638 0.468657 0.667956 0.467894 0.664591 0.465949 0.662060 0.463319 0.661380 0.462454 0.660602 0.459343 0.660018 0.456574 0.659336 0.455014 0.653010 0.452593 0.648435 0.452074 0.645904 0.452074 0.638312 0.450000 0.632766 0.448440
1 0.694974 0.555991 0.695781 0.556324 0.697617 0.571435 0.702125 0.592597 0.704922 0.609769 0.706206 0.614597 0.708021 0.620245 0.709534 0.620917 0.711727 0.621319 0.715359 0.621454 0.716039 0.620648 0.716120 0.622315 0.715430 0.624120 0.709740 0.623185 0.706589 0.620074 0.705802 0.618051 0.703964 0.611204 0.703964 0.608718 0.700664 0.591792 0.696674 0.570634
2 0.691727 0.499801 0.692742 0.499500 0.698677 0.507134 0.701219 0.511056 0.702125 0.514394 0.702477 0.525440 0.696701 0.517037 0.698266 0.513264 0.696641 0.512301 0.694742 0.511338 0.693521 0.510375 0.694065 0.509167 0.692708 0.505792 0.692167 0.504106
5 0.397008 0.149009 0.396745 0.147074 0.400143 0.143116 0.404479 0.139782 0.405299 0.133329 0.410805 0.123120 0.412630 0.123935 0.438609 0.149454 0.468526 0.181171 0.496508 0.209667 0.494451 0.213042 0.494297 0.213426 0.489206 0.207708 0.488734 0.208347 0.491193 0.212718 0.489083 0.213963 0.490143 0.218338 0.489320 0.219176 0.484987 0.216468 0.484164 0.219176 0.482529 0.223551 0.481469 0.226056 0.480060 0.228759 0.477250 0.225634 0.476198 0.225625 0.476802 0.230611 0.477237 0.234472 0.477487 0.236667 0.476422 0.235602 0.478234 0.237671 0.449414 0.201630 0.427474 0.179537
5 0.412630 0.123935 0.413461 0.121319 0.414141 0.119069 0.414432 0.116819 0.416185 0.117685 0.418424 0.119417 0.437401 0.138278 0.445674 0.145718 0.460956 0.161981 0.462414 0.163884 0.465529 0.169593 0.473315 0.175995 0.481198 0.181880 0.484898 0.186032 0.489667 0.193296 0.496383 0.199528 0.500276 0.204199 0.497648 0.210773 0.496771 0.213056 0.494297 0.213426 0.496508 0.209667 0.468526 0.181171 0.438609 0.149454
5 0.485443 0.246019 0.497674 0.261440 0.517646 0.284167 0.547372 0.318324 0.564469 0.338361 0.564544 0.337690 0.564091 0.335806 0.564242 0.334190 0.565378 0.333116 0.566133 0.331231 0.566740 0.329083 0.567193 0.319667 0.568023 0.316037 0.569688 0.312542 0.572487 0.312005 0.578010 0.309449 0.578615 0.308370 0.580279 0.307296 0.555771 0.279593 0.530581 0.251486 0.513333 0.231449 0.497448 0.213699 0.496471 0.212921 0.494240 0.213542 0.489206 0.207708 0.488734 0.208347 0.491193 0.212718 0.489083 0.213963 0.490143 0.218338 0.489320 0.219176 0.484987 0.216468 0.484164 0.219176 0.482529 0.223551 0.481469 0.226056 0.480060 0.228759 0.477250 0.225634 0.476198 0.225625 0.477487 0.236667 0.479466 0.238935
5 0.485443 0.246019 0.481224 0.250810 0.477125 0.244352 0.477008 0.246435 0.476891 0.250602 0.476656 0.262681 0.501831 0.292815 0.546591 0.345745 0.551755 0.351685 0.564469 0.338361 0.547372 0.318324 0.517646 0.284167 0.497674 0.261440
5 0.476656 0.262681 0.473609 0.256019 0.472555 0.250602 0.471852 0.248102 0.469859 0.248519 0.469391 0.250185 0.468594 0.251843 0.468128 0.253713 0.468005 0.255602 0.468128 0.257889 0.468128 0.259764 0.467885 0.268926 0.467065 0.273931 0.462497 0.276630 0.464727 0.281833 0.491523 0.313949 0.511453 0.336602 0.516875 0.341421 0.528534 0.357569 0.536396 0.368657 0.537370 0.368380 0.539380 0.362394 0.541005 0.359500 0.543310 0.356847 0.545750 0.354681 0.548464 0.352750 0.551755 0.351685 0.546591 0.345745 0.501831 0.292815
5 0.464727 0.281833 0.462497 0.283727 0.461565 0.283921 0.455094 0.277569 0.455195 0.279190 0.453982 0.281889 0.452664 0.283690 0.448615 0.286750 0.445779 0.289630 0.442792 0.294741 0.440008 0.298042 0.457766 0.319009 0.503724 0.372755 0.518638 0.389384 0.536396 0.368657 0.528534 0.357569 0.516875 0.341421 0.511453 0.336602 0.491523 0.313949
5 0.440008 0.298042 0.429789 0.308065 0.429120 0.309921 0.426081 0.311000 0.425169 0.317843 0.425169 0.319644 0.452615 0.348986 0.505273 0.405875 0.518638 0.389384 0.503724 0.372755 0.457766 0.319009
