5 0.432076 0.380491 0.438021 0.395333 0.438346 0.396245 0.439234 0.396329 0.440307 0.394921 0.443906 0.392819 0.447737 0.390505 0.451930 0.384468 0.456557 0.379968 0.457135 0.379454 0.458219 0.380611 0.459086 0.380995 0.461690 0.378167 0.465232 0.376495 0.468630 0.374315 0.469641 0.373028 0.473763 0.377653 0.474846 0.378167 0.476003 0.377398 0.476438 0.374829 0.477495 0.365986 0.474786 0.361671 0.476469 0.359352 0.474414 0.355616 0.468161 0.360514 0.466107 0.361509 0.465219 0.359764 0.461112 0.364079 0.459807 0.364824 0.458159 0.365130 0.453839 0.369736 0.450815 0.370602 0.448115 0.369065 0.442661 0.373384 0.441094 0.374440 0.437531 0.376843
5 0.528503 0.544579 0.530302 0.541667 0.535862 0.538556 0.541922 0.532667 0.542797 0.532111 0.548294 0.528560 0.550107 0.526671 0.550482 0.526894 0.551294 0.528227 0.553919 0.523449 0.555479 0.521227 0.556604 0.520560 0.554794 0.517116 0.555167 0.516120 0.556417 0.515231 0.559917 0.510120 0.561667 0.508009 0.562354 0.507343 0.562792 0.507120 0.562914 0.506120 0.562977 0.505343 0.563852 0.504787 0.575536 0.524894 0.613711 0.593204 0.631393 0.623417 0.653823 0.664958 0.658573 0.676065 0.659633 0.679398 0.660320 0.679954 0.666320 0.687505 0.681315 0.711389 0.697247 0.740380 0.694216 0.741347 0.666513 0.696569 0.624089 0.617694 0.620042 0.615773 0.616354 0.616542 0.613531 0.618731 0.611000 0.621431 0.608401 0.626051 0.603339 0.631190 0.595091 0.642579 0.590831 0.644065 0.589826 0.644509 0.590995 0.646741 0.630500 0.724106 0.648620 0.754097 0.667193 0.782921 0.647708 0.803509 0.523096 0.556282 0.522859 0.556005 0.520411 0.554528 0.524208 0.555032 0.528401 0.556546 0.532372 0.556884 0.538174 0.555648 0.542526 0.555593 0.548013 0.555144 0.554380 0.552509 0.556651 0.549315 0.557060 0.546736 0.556997 0.534574 0.555831 0.526056 0.555201 0.525435 0.554477 0.525884 0.554128 0.527792 0.554034 0.529583 0.553594 0.531269 0.553120 0.532722 0.552995 0.534519 0.555138 0.540569 0.554917 0.541130 0.553750 0.542815 0.551891 0.543935 0.547096 0.543991 0.534297 0.546065 0.528177 0.545787
5 0.458589 0.391343 0.459456 0.394694 0.463180 0.393449 0.464206 0.393065 0.464799 0.389898 0.465286 0.387977 0.466151 0.386921 0.467878 0.385866 0.470146 0.385000 0.471604 0.385287 0.472146 0.384519 0.473008 0.383176 0.473602 0.381736 0.474250 0.380778 0.475026 0.379769 0.474846 0.378167 0.473763 0.377653 0.469641 0.373028 0.468630 0.374315 0.465232 0.376495 0.461690 0.378167 0.459086 0.380995 0.462247 0.387130 0.462141 0.387963 0.460555 0.388657
5 0.445234 0.406806 0.445703 0.406944 0.449297 0.412315 0.450469 0.413426 0.454010 0.412500 0.454271 0.411690 0.454919 0.413514 0.472508 0.445431 0.472341 0.446940 0.473190 0.449662 0.474599 0.451968 0.479570 0.461505 0.479456 0.463014 0.481547 0.467139 0.487711 0.475273 0.492813 0.484532 0.498034 0.504162 0.497839 0.504773 0.494818 0.513750 0.475339 0.477361 0.445885 0.425139 0.440312 0.415972 0.438984 0.414120
5 0.458589 0.391343 0.459456 0.394694 0.456000 0.394986 0.455729 0.395370 0.455784 0.396042 0.456268 0.397769 0.455945 0.411403 0.454271 0.411111 0.454271 0.411690 0.454010 0.412500 0.450469 0.413426 0.449297 0.412315 0.445703 0.406944 0.445234 0.406806 0.445625 0.406250 0.446224 0.405509 0.447602 0.403884 0.448625 0.402329 0.449797 0.398685 0.451839 0.394917 0.453560 0.395884 0.454422 0.395880 0.454969 0.395648 0.456531 0.394167
5 0.504766 0.542824 0.513581 0.559449 0.513792 0.560009 0.514419 0.560259 0.515289 0.559079 0.517146 0.551278 0.517617 0.548139 0.518437 0.546963 0.521380 0.544398 0.521875 0.538056 0.517104 0.540736 0.510932 0.541972 0.510234 0.540981 0.501302 0.525694 0.502083 0.529491 0.501354 0.530741 0.501328 0.531667 0.506120 0.540787
5 0.521875 0.538056 0.522344 0.532269 0.518948 0.533546 0.518060 0.532755 0.516568 0.532542 0.515195 0.530463 0.514914 0.529458 0.515156 0.528454 0.513594 0.525880 0.506812 0.528903 0.506758 0.527755 0.506706 0.522954 0.503115 0.515537 0.503065 0.518750 0.502234 0.524046 0.501302 0.525694 0.510234 0.540981 0.510932 0.541972 0.517104 0.540736
5 0.536292 0.521477 0.541922 0.532667 0.542797 0.532111 0.548294 0.528560 0.550107 0.526671 0.550482 0.526894 0.551294 0.528227 0.553919 0.523449 0.555479 0.521227 0.556604 0.520560 0.554794 0.517116 0.555167 0.516120 0.556417 0.515231 0.559917 0.510120 0.560336 0.505546 0.560615 0.496667 0.561315 0.495421 0.562203 0.495421 0.563695 0.493347 0.566029 0.491523 0.566169 0.490694 0.556182 0.473685 0.518826 0.412769 0.518271 0.414046 0.516919 0.414417 0.515151 0.414639 0.514557 0.413894 0.513503 0.412097 0.517292 0.428426 0.550289 0.494106 0.549805 0.496255 0.548516 0.498551 0.545852 0.507083 0.545852 0.511028 0.545771 0.512894 0.542828 0.515116 0.537622 0.516838
2 0.526380 0.529954 0.527109 0.532551 0.528120 0.537944 0.528328 0.541972 0.528503 0.544579 0.528177 0.545787 0.523135 0.544329 0.521380 0.544398 0.522344 0.532269
2 0.514010 0.565602 0.514401 0.564560 0.515883 0.562597 0.516766 0.561704 0.517049 0.555315 0.517146 0.551278 0.517617 0.548139 0.518437 0.546963 0.521380 0.544398 0.523135 0.544329 0.528177 0.545787 0.534297 0.546065 0.547096 0.543991 0.551891 0.543935 0.553750 0.542815 0.554917 0.541130 0.555138 0.540569 0.552995 0.534519 0.553120 0.532722 0.553594 0.531269 0.554034 0.529583 0.554128 0.527792 0.554477 0.525884 0.555201 0.525435 0.555831 0.526056 0.556997 0.534574 0.557060 0.546736 0.556651 0.549315 0.554380 0.552509 0.548013 0.555144 0.542526 0.555593 0.538174 0.555648 0.532372 0.556884 0.528401 0.556546 0.524208 0.555032 0.520411 0.554528 0.519341 0.555222 0.517773 0.556440 0.518018 0.558347 0.517432 0.567551 0.517654 0.572278
2 0.512836 0.408551 0.511185 0.406389 0.510167 0.403468 0.509281 0.400764 0.508693 0.398514 0.508693 0.397833 0.509156 0.398282 0.510167 0.398667 0.510846 0.398366 0.512026 0.397981 0.512953 0.399708 0.513378 0.401657 0.514557 0.404060 0.515701 0.405338 0.516841 0.407296 0.517513 0.408944 0.518146 0.410440 0.518695 0.411412 0.518826 0.412769 0.518271 0.414046 0.516919 0.414417 0.515151 0.414639 0.514557 0.413894 0.513503 0.412097
2 0.492813 0.484532 0.487711 0.475273 0.481547 0.467139 0.479456 0.463014 0.479570 0.461505 0.474599 0.451968 0.473190 0.449662 0.472341 0.446940 0.472508 0.445431 0.472734 0.443829 0.473635 0.443736 0.474372 0.442819 0.474992 0.441620 0.475841 0.440921 0.476630 0.440218 0.477427 0.439412 0.478047 0.438306 0.478836 0.437606 0.479664 0.437292 0.480010 0.437236 0.480849 0.437199 0.478357 0.432102 0.477664 0.432213 0.477003 0.431204 0.476844 0.430245 0.476057 0.429685 0.475109 0.428787 0.474763 0.427782 0.474258 0.426944 0.473312 0.426606 0.473375 0.425931 0.473880 0.425870 0.476276 0.425426 0.477570 0.424750 0.478391 0.424134 0.481479 0.436977 0.481448 0.437032 0.482151 0.440042
2 0.494818 0.513750 0.497839 0.504773 0.498034 0.504162 0.503115 0.515537 0.503065 0.518750 0.502234 0.524046 0.501302 0.525694
5 0.648620 0.754097 0.630500 0.724106 0.590995 0.646741 0.589826 0.644509 0.590831 0.644065 0.595091 0.642579 0.603339 0.631190 0.608401 0.626051 0.611000 0.621431 0.613531 0.618731 0.616354 0.616542 0.620042 0.615773 0.624089 0.617694 0.666513 0.696569 0.694216 0.741347 0.673411 0.760440 0.669344 0.760093
5 0.522859 0.556005 0.520411 0.554528 0.519341 0.555222 0.517773 0.556440 0.518018 0.558347 0.517432 0.567551 0.517654 0.572278 0.606469 0.752407 0.629563 0.798028 0.647708 0.803509 0.619352 0.748787 0.523096 0.556282
5 0.433602 0.412190 0.436255 0.417190 0.436932 0.416912 0.438984 0.414120 0.445234 0.406806 0.445625 0.406250 0.446224 0.405509 0.447602 0.403884 0.448625 0.402329 0.449797 0.398685 0.451839 0.394917 0.453560 0.395884 0.454422 0.395880 0.454969 0.395648 0.456531 0.394167 0.458589 0.391343 0.460555 0.388657 0.462141 0.387963 0.462247 0.387130 0.459086 0.380995 0.458219 0.380611 0.457135 0.379454 0.456557 0.379968 0.451930 0.384468 0.447737 0.390505 0.443906 0.392819 0.440307 0.394921 0.439234 0.396329 0.438346 0.396245 0.438021 0.395333 0.434708 0.399269 0.433714 0.398093 0.432255 0.395981 0.428802 0.397917 0.434831 0.408903 0.433464 0.411991
5 0.428802 0.397917 0.434831 0.408903 0.433464 0.411991 0.429484 0.416968 0.421771 0.422222 0.420805 0.422949 0.417888 0.425449 0.415466 0.427398 0.413448 0.423977 0.407591 0.412597 0.413776 0.410042 0.426146 0.400093
5 0.602581 0.845634 0.593846 0.853875 0.583544 0.825208 0.572240 0.781343 0.587464 0.813185
5 0.436594 0.420088 0.438672 0.415694 0.439635 0.415648 0.440312 0.415972 0.445885 0.425139 0.475339 0.477361 0.494818 0.513750 0.501302 0.525694 0.502083 0.529491 0.501354 0.530741 0.501328 0.531667 0.506120 0.540787 0.504766 0.542824 0.503385 0.544120 0.500625 0.546111 0.497318 0.548704 0.485341 0.520208 0.469055 0.482681 0.443648 0.429458 0.440419 0.422046 0.439875 0.421634 0.439479 0.421778 0.438703 0.425069
5 0.629563 0.798028 0.606469 0.752407 0.517654 0.572278 0.514010 0.565602 0.510182 0.557120 0.509591 0.555245 0.509508 0.555019 0.508896 0.555162 0.500977 0.559338 0.499820 0.562282 0.497000 0.565241 0.491432 0.570384 0.519036 0.623000 0.541883 0.661972 0.555794 0.717106 0.572240 0.781343 0.587464 0.813185 0.602581 0.845634 0.608404 0.840060 0.609299 0.839264 0.609747 0.827718 0.610307 0.823537 0.621281 0.796662 0.622401 0.796662 0.625086 0.798852 0.627102 0.799847 0.627773 0.801440
5 0.497318 0.548704 0.485341 0.520208 0.469055 0.482681 0.443648 0.429458 0.440419 0.422046 0.439875 0.421634 0.439479 0.421778 0.438703 0.425069 0.436594 0.420088 0.434846 0.416231 0.434695 0.415907 0.434604 0.415370 0.434086 0.415009 0.433539 0.416884 0.433714 0.420231 0.432456 0.419856 0.432000 0.420787 0.431898 0.421778 0.433156 0.424560 0.430404 0.427537 0.426492 0.425005 0.425484 0.425060 0.424161 0.425866 0.423706 0.426116 0.422888 0.425356 0.422417 0.423051 0.421177 0.423259 0.420646 0.424940 0.420349 0.427352 0.420409 0.428824 0.421411 0.430819 0.423008 0.433546 0.424896 0.437116 0.424966 0.438903 0.422240 0.440185 0.454885 0.503810 0.491432 0.570384 0.497000 0.565241 0.499820 0.562282 0.500977 0.559338
5 0.334641 0.238523 0.338880 0.248333 0.364687 0.301347 0.381909 0.331426 0.394318 0.351218 0.396516 0.351356 0.397424 0.352569 0.398174 0.354986 0.399763 0.355796 0.407029 0.345037 0.406648 0.342620 0.380654 0.289806 0.359036 0.247130 0.357839 0.245139 0.354651 0.238875 0.353883 0.238620 0.350435 0.246394 0.345794 0.239417 0.344865 0.239417 0.341112 0.244218 0.338615 0.239861 0.336341 0.237083 0.334732 0.237083 0.334352 0.237537
5 0.394318 0.351218 0.393839 0.352509 0.393586 0.353333 0.391771 0.354611 0.391518 0.356111 0.393206 0.359639 0.394471 0.359713 0.396964 0.355361 0.397763 0.355810 0.398440 0.357685 0.399115 0.357912 0.399875 0.358963 0.400888 0.360315 0.401732 0.360611 0.404729 0.357310 0.411510 0.351343 0.416336 0.345981 0.417349 0.343505 0.417518 0.341778 0.394302 0.309810 0.380654 0.289806 0.406648 0.342620 0.407029 0.345037 0.399763 0.355796 0.398174 0.354986 0.397424 0.352569 0.396516 0.351356
5 0.338880 0.248333 0.336529 0.247417 0.334932 0.247574 0.332612 0.248593 0.331768 0.249773 0.330474 0.249824 0.330352 0.250523 0.328576 0.255449 0.327068 0.255718 0.326555 0.257005 0.346021 0.297181 0.371932 0.349352 0.380852 0.364296 0.386909 0.374046 0.388716 0.372815 0.389529 0.371102 0.389500 0.369602 0.390313 0.367671 0.391880 0.366546 0.393477 0.364565 0.394081 0.361940 0.394471 0.359713 0.393206 0.359639 0.391518 0.356111 0.391771 0.354611 0.393586 0.353333 0.393839 0.352509 0.394318 0.351218 0.381909 0.331426 0.364687 0.301347
5 0.411510 0.351343 0.412701 0.352995 0.413062 0.354764 0.417341 0.365421 0.416979 0.367352 0.411737 0.371528 0.410380 0.375866 0.408513 0.377690 0.403932 0.378759 0.402667 0.379028 0.402487 0.381065 0.401883 0.382509 0.398659 0.387278 0.395797 0.388347 0.393990 0.387491 0.386909 0.374046 0.388716 0.372815 0.389529 0.371102 0.389500 0.369602 0.390313 0.367671 0.391880 0.366546 0.393477 0.364565 0.394081 0.361940 0.394471 0.359713 0.396964 0.355361 0.397763 0.355810 0.398440 0.357685 0.399115 0.357912 0.399875 0.358963 0.400888 0.360315 0.401732 0.360611 0.404729 0.357310
5 0.359036 0.247130 0.360495 0.246667 0.362005 0.246574 0.363255 0.245000 0.361719 0.241991 0.361589 0.240833 0.360885 0.238843 0.360391 0.236898 0.360391 0.235741 0.360859 0.235185 0.362474 0.235648 0.367214 0.235231 0.366927 0.221065 0.366771 0.212778 0.367135 0.211759 0.367604 0.211806 0.368437 0.219676 0.374479 0.228426 0.376276 0.225926 0.374583 0.213843 0.374167 0.212685 0.374583 0.211204 0.375234 0.211250 0.381094 0.220185 0.421328 0.278519 0.442292 0.308843 0.447188 0.317222 0.446753 0.319074 0.440029 0.325907 0.435055 0.330829 0.433867 0.331731 0.433474 0.331935 0.431536 0.332176 0.430547 0.333426 0.430026 0.333380 0.429896 0.332315 0.429688 0.331713 0.429010 0.331389 0.428385 0.330231 0.427526 0.329491 0.426901 0.329491 0.426719 0.331574 0.427031 0.335463 0.427005 0.337176 0.427865 0.339120 0.428073 0.341111 0.427734 0.343333 0.426693 0.343889 0.422604 0.338889 0.419375 0.343472 0.418724 0.343657 0.417518 0.341778 0.394302 0.309810 0.380654 0.289806
5 0.442292 0.308843 0.444063 0.306528 0.445417 0.305694 0.445807 0.304769 0.446432 0.303333 0.448281 0.303611 0.454792 0.314491 0.455234 0.313935 0.456719 0.300278 0.461719 0.296019 0.461823 0.306481 0.462422 0.307824 0.466042 0.294537 0.470781 0.294583 0.471068 0.293796 0.469323 0.288889 0.454297 0.264583 0.409193 0.198426 0.406562 0.195463 0.400807 0.195000 0.399479 0.195093 0.398646 0.195648 0.394818 0.200370 0.390859 0.202037 0.389036 0.202546 0.385651 0.203056 0.379635 0.208380 0.378802 0.209398 0.379193 0.210509 0.379635 0.211991 0.379401 0.212130 0.379401 0.213102 0.381823 0.217824 0.381302 0.218148 0.380937 0.218657 0.381094 0.220185 0.421328 0.278519
5 0.417341 0.365421 0.420844 0.366569 0.421331 0.368009 0.421654 0.370602 0.421924 0.372713 0.421331 0.373481 0.420682 0.373671 0.419602 0.373481 0.417010 0.375019 0.415284 0.377801 0.414258 0.382218 0.415229 0.384519 0.414797 0.385769 0.413229 0.388657 0.411557 0.390856 0.409180 0.392870 0.409073 0.394889 0.408102 0.396042 0.406698 0.396903 0.405779 0.401032 0.404698 0.403046 0.403997 0.404681 0.403404 0.405162 0.393990 0.387491 0.395797 0.388347 0.398659 0.387278 0.401883 0.382509 0.402487 0.381065 0.402667 0.379028 0.403932 0.378759 0.408513 0.377690 0.410380 0.375866 0.411737 0.371528 0.416979 0.367352
5 0.409193 0.198426 0.414375 0.185000 0.414557 0.184769 0.415000 0.184861 0.416797 0.188241 0.478464 0.282824 0.477917 0.283426 0.475755 0.288287 0.472969 0.293241 0.471458 0.295741 0.470625 0.296389 0.469219 0.297130 0.468906 0.297824 0.469089 0.299259 0.469401 0.300370 0.469089 0.301852 0.463411 0.314120 0.462760 0.315324 0.462109 0.314954 0.461667 0.310093 0.461042 0.310231 0.457031 0.317870 0.455729 0.319815 0.455156 0.319213 0.454453 0.315046 0.453932 0.315556 0.453281 0.316898 0.450859 0.324074 0.450651 0.328194 0.450443 0.330556 0.449818 0.331898 0.448307 0.330833 0.446771 0.328611 0.443984 0.327685 0.441510 0.327685 0.440339 0.326991 0.440029 0.325907 0.446753 0.319074 0.447188 0.317222 0.442292 0.308843 0.444063 0.306528 0.445417 0.305694 0.445807 0.304769 0.446432 0.303333 0.448281 0.303611 0.454792 0.314491 0.455234 0.313935 0.456719 0.300278 0.461719 0.296019 0.461823 0.306481 0.462422 0.307824 0.466042 0.294537 0.470781 0.294583 0.471068 0.293796 0.469323 0.288889 0.454297 0.264583
5 0.416797 0.188241 0.417604 0.187407 0.419583 0.185000 0.421823 0.178426 0.423255 0.173935 0.423698 0.173472 0.425833 0.176944 0.426016 0.176435 0.425573 0.174583 0.420443 0.166296 0.420885 0.162963 0.421198 0.162037 0.421641 0.161991 0.424115 0.165741 0.427917 0.158056 0.428411 0.155556 0.429010 0.155231 0.429349 0.155417 0.433880 0.162500 0.434505 0.159259 0.434505 0.157824 0.434922 0.157130 0.434792 0.156111 0.434583 0.154815 0.434375 0.153981 0.434583 0.152824 0.435026 0.152731 0.441510 0.162917 0.455417 0.184769 0.470599 0.211620 0.489505 0.241296 0.497917 0.255556 0.500313 0.261528 0.500391 0.262639 0.500052 0.263750 0.500417 0.267176 0.500651 0.269444 0.499922 0.276019 0.501354 0.279213 0.501797 0.281343 0.501302 0.283611 0.499974 0.291065 0.499089 0.293380 0.498255 0.293704 0.496406 0.291944 0.494453 0.296667 0.492370 0.298704 0.491432 0.299444 0.490391 0.298657 0.489193 0.297963 0.484661 0.291574 0.482812 0.291991 0.482031 0.291528 0.477917 0.283426 0.478464 0.282824
5 0.492370 0.298704 0.493529 0.300519 0.493258 0.302537 0.490018 0.311079 0.488669 0.313958 0.485443 0.315185 0.483203 0.315602 0.475331 0.320199 0.470255 0.325097 0.467664 0.327019 0.462695 0.332009 0.461292 0.335176 0.460589 0.335847 0.459724 0.333931 0.458159 0.334792 0.457133 0.334889 0.455568 0.334310 0.450651 0.328194 0.450859 0.324074 0.453281 0.316898 0.453932 0.315556 0.454453 0.315046 0.455156 0.319213 0.455729 0.319815 0.457031 0.317870 0.461042 0.310231 0.461667 0.310093 0.462109 0.314954 0.462760 0.315324 0.463411 0.314120 0.469089 0.301852 0.469401 0.300370 0.469089 0.299259 0.468906 0.297824 0.469219 0.297130 0.470625 0.296389 0.471458 0.295741 0.472969 0.293241 0.475755 0.288287 0.477917 0.283426 0.482031 0.291528 0.482812 0.291991 0.484661 0.291574 0.489193 0.297963 0.490391 0.298657 0.491432 0.299444
5 0.430815 0.352000 0.432404 0.353671 0.433466 0.354394 0.434516 0.354185 0.435362 0.351602 0.436734 0.349597 0.437943 0.349662 0.439315 0.350667 0.440081 0.349019 0.441615 0.344074 0.443430 0.341565 0.444151 0.339704 0.448534 0.339755 0.450492 0.338583 0.452219 0.334856 0.453195 0.334856 0.454641 0.336347 0.455581 0.336014 0.457133 0.334889 0.455568 0.334310 0.450651 0.328194 0.450443 0.330556 0.449818 0.331898 0.448307 0.330833 0.446771 0.328611 0.443984 0.327685 0.441510 0.327685 0.440339 0.326991 0.440029 0.325907 0.435055 0.330829 0.433867 0.331731 0.433474 0.331935 0.431536 0.332176 0.430547 0.333426 0.430026 0.333380 0.429896 0.332315 0.429688 0.331713 0.429010 0.331389 0.428385 0.330231 0.427526 0.329491 0.426901 0.329491 0.426719 0.331574 0.427031 0.335463 0.427005 0.337176 0.427865 0.339120 0.428073 0.341111 0.427734 0.343333 0.426693 0.343889
5 0.438021 0.395333 0.434708 0.399269 0.433714 0.398093 0.432255 0.395981 0.428802 0.397917 0.426146 0.400093 0.413776 0.410042 0.407591 0.412597 0.403404 0.405162 0.403997 0.404681 0.404698 0.403046 0.405779 0.401032 0.406698 0.396903 0.408102 0.396042 0.409073 0.394889 0.409180 0.392870 0.411557 0.390856 0.413229 0.388657 0.415500 0.395079 0.416526 0.395755 0.418253 0.392681 0.420792 0.390375 0.422680 0.388935 0.426299 0.386921 0.429107 0.383079 0.432076 0.380491
5 0.435362 0.351602 0.437617 0.355606 0.436711 0.356722 0.436326 0.358148 0.435872 0.359139 0.434375 0.360625 0.432979 0.365398 0.428760 0.370852 0.427471 0.371412 0.426461 0.370111 0.424997 0.368435 0.423115 0.367940 0.420844 0.366569 0.417341 0.365421 0.413062 0.354764 0.412701 0.352995 0.411510 0.351343 0.416336 0.345981 0.417349 0.343505 0.417518 0.341778 0.418724 0.343657 0.419375 0.343472 0.422604 0.338889 0.426693 0.343889 0.430815 0.352000 0.432404 0.353671 0.433466 0.354394 0.434516 0.354185
5 0.483203 0.315602 0.481594 0.325000 0.480299 0.331338 0.476844 0.333352 0.469401 0.342222 0.458753 0.352843 0.456224 0.356111 0.454896 0.356667 0.452734 0.353148 0.452943 0.352546 0.455568 0.344870 0.455135 0.343046 0.453732 0.340458 0.454641 0.336347 0.455581 0.336014 0.457133 0.334889 0.458159 0.334792 0.459724 0.333931 0.460589 0.335847 0.461292 0.335176 0.462695 0.332009 0.467664 0.327019 0.470255 0.325097 0.475331 0.320199
5 0.469401 0.342222 0.473734 0.350153 0.474849 0.350153 0.475581 0.349097 0.478789 0.337819 0.483844 0.334037 0.487161 0.332407 0.489247 0.330259 0.490328 0.326847 0.491130 0.324926 0.490992 0.324245 0.485443 0.315185 0.483203 0.315602 0.481594 0.325000 0.480299 0.331338 0.476844 0.333352
5 0.413229 0.388657 0.415500 0.395079 0.416526 0.395755 0.418253 0.392681 0.420792 0.390375 0.422680 0.388935 0.426299 0.386921 0.429107 0.383079 0.432076 0.380491 0.437531 0.376843 0.441094 0.374440 0.442661 0.373384 0.448115 0.369065 0.450815 0.370602 0.453839 0.369736 0.458159 0.365130 0.457727 0.361194 0.456430 0.359176 0.450654 0.356199 0.450490 0.361671 0.445469 0.366856 0.444065 0.367912 0.436326 0.358148 0.435872 0.359139 0.434375 0.360625 0.432979 0.365398 0.428760 0.370852 0.427471 0.371412 0.426461 0.370111 0.424997 0.368435 0.423115 0.367940 0.420844 0.366569 0.421331 0.368009 0.421654 0.370602 0.421924 0.372713 0.421331 0.373481 0.420682 0.373671 0.419602 0.373481 0.417010 0.375019 0.415284 0.377801 0.414258 0.382218 0.415229 0.384519 0.414797 0.385769
5 0.452734 0.353148 0.450654 0.356199 0.450490 0.361671 0.445469 0.366856 0.444065 0.367912 0.436326 0.358148 0.436711 0.356722 0.437617 0.355606 0.435362 0.351602 0.436734 0.349597 0.437943 0.349662 0.439315 0.350667 0.440081 0.349019 0.441615 0.344074 0.443430 0.341565 0.444151 0.339704 0.448534 0.339755 0.450492 0.338583 0.452219 0.334856 0.453195 0.334856 0.454641 0.336347 0.453732 0.340458 0.455135 0.343046 0.455568 0.344870
5 0.487161 0.332407 0.489674 0.339190 0.489023 0.341431 0.485008 0.347653 0.481461 0.350556 0.479734 0.361259 0.478521 0.364745 0.477495 0.365986 0.474786 0.361671 0.476469 0.359352 0.474414 0.355616 0.468161 0.360514 0.466107 0.361509 0.465219 0.359764 0.461112 0.364079 0.459807 0.364824 0.458159 0.365130 0.457727 0.361194 0.456430 0.359176 0.450654 0.356199 0.452734 0.353148 0.454896 0.356667 0.456224 0.356111 0.458753 0.352843 0.469401 0.342222 0.473734 0.350153 0.474849 0.350153 0.475581 0.349097 0.478789 0.337819 0.483844 0.334037
5 0.513594 0.525880 0.515156 0.528454 0.514914 0.529458 0.515195 0.530463 0.516568 0.532542 0.518060 0.532755 0.518948 0.533546 0.522344 0.532269 0.526380 0.529954 0.532266 0.524861 0.535969 0.521560 0.536292 0.521477 0.537622 0.516838 0.542828 0.515116 0.545771 0.512894 0.545852 0.511028 0.545852 0.507083 0.548516 0.498551 0.549805 0.496255 0.550289 0.494106 0.517292 0.428426 0.523773 0.459477 0.536771 0.506204 0.537219 0.508847 0.537419 0.511287 0.536453 0.513227 0.532641 0.519889 0.531773 0.520639 0.530518 0.520639 0.529086 0.519958 0.528529 0.519833
5 0.503115 0.515537 0.506706 0.522954 0.506758 0.527755 0.506812 0.528903 0.513594 0.525880 0.528529 0.519833 0.529086 0.519958 0.530518 0.520639 0.531773 0.520639 0.532641 0.519889 0.536453 0.513227 0.537419 0.511287 0.537219 0.508847 0.536771 0.506204 0.523773 0.459477 0.517292 0.428426 0.513503 0.412097 0.512836 0.408551 0.511185 0.406389 0.510167 0.403468 0.509281 0.400764 0.508693 0.398514 0.506974 0.392296 0.501305 0.373287 0.499253 0.363880 0.498714 0.362921 0.498336 0.362921 0.497794 0.371944 0.490883 0.366375 0.490128 0.365991 0.489370 0.366569 0.489318 0.367625 0.490612 0.369736 0.491854 0.375690 0.489586 0.377130 0.487859 0.373194 0.487372 0.369352 0.487211 0.368199 0.486401 0.368296 0.486023 0.369162 0.486456 0.379431 0.479380 0.382407 0.478411 0.380648 0.477005 0.373097 0.476734 0.372519 0.476438 0.374829 0.476003 0.377398 0.474846 0.378167 0.475026 0.379769 0.475339 0.385454 0.475128 0.385778 0.474286 0.383741 0.473927 0.383560 0.473388 0.384519 0.472448 0.386065 0.471065 0.386056 0.469930 0.386250 0.469661 0.387019 0.474521 0.406986 0.478391 0.424134 0.481479 0.436977 0.481448 0.437032 0.482151 0.440042 0.492813 0.484532 0.498034 0.504162
5 0.476734 0.372519 0.477495 0.365986 0.478521 0.364745 0.485344 0.367505 0.486023 0.369162 0.486247 0.374153 0.485333 0.373593 0.483977 0.373144 0.480854 0.374995 0.479247 0.376509 0.478411 0.380648 0.477005 0.373097
5 0.489247 0.330259 0.493857 0.338926 0.497044 0.344662 0.497125 0.347028 0.497206 0.349319 0.496641 0.351185 0.495391 0.352620 0.497206 0.359792 0.497648 0.361801 0.497086 0.371407 0.490883 0.366375 0.490128 0.365991 0.489370 0.366569 0.489318 0.367625 0.490612 0.369736 0.491854 0.375690 0.489586 0.377130 0.487859 0.373194 0.487372 0.369352 0.487211 0.368199 0.486401 0.368296 0.486023 0.369162 0.485344 0.367505 0.478521 0.364745 0.479734 0.361259 0.481461 0.350556 0.485008 0.347653 0.489023 0.341431 0.489674 0.339190 0.487161 0.332407
5 0.472508 0.445431 0.454919 0.413514 0.454271 0.411690 0.454271 0.411111 0.455945 0.411403 0.456268 0.397769 0.455784 0.396042 0.455729 0.395370 0.456000 0.394986 0.459456 0.394694 0.463180 0.393449 0.464206 0.393065 0.464799 0.389898 0.465286 0.387977 0.466151 0.386921 0.467878 0.385866 0.470146 0.385000 0.471604 0.385287 0.472146 0.384519 0.473008 0.383176 0.473602 0.381736 0.474250 0.380778 0.475026 0.379769 0.475339 0.385454 0.475128 0.385778 0.474286 0.383741 0.473927 0.383560 0.473388 0.384519 0.472448 0.386065 0.471065 0.386056 0.469930 0.386250 0.469661 0.387019 0.474521 0.406986 0.478391 0.424134 0.477570 0.424750 0.476276 0.425426 0.473880 0.425870 0.473375 0.425931 0.473312 0.426606 0.474258 0.426944 0.474763 0.427782 0.475109 0.428787 0.476057 0.429685 0.476844 0.430245 0.477003 0.431204 0.477664 0.432213 0.478357 0.432102 0.480849 0.437199 0.480010 0.437236 0.479664 0.437292 0.478836 0.437606 0.478047 0.438306 0.477427 0.439412 0.476630 0.440218 0.475841 0.440921 0.474992 0.441620 0.474372 0.442819 0.473635 0.443736 0.472734 0.443829
