0 0.455159 0.302847 0.462542 0.308375 0.467206 0.317356 0.469409 0.329333 0.470445 0.342921 0.491953 0.362731 0.501539 0.370333 0.508794 0.379083 0.515570 0.393662 0.515466 0.409995 0.513615 0.432153 0.509339 0.444819 0.504805 0.456106 0.498068 0.464167 0.487703 0.469926 0.478763 0.473148 0.480047 0.452282 0.491706 0.434083 0.493430 0.429319 0.489750 0.409185 0.481148 0.401954 0.477661 0.400227 0.475719 0.399190 0.473503 0.402648 0.469914 0.399722 0.469435 0.395574 0.469435 0.393685 0.468943 0.392491 0.465846 0.391981 0.464109 0.391981 0.462271 0.397486 0.454716 0.407116 0.449302 0.411236 0.447852 0.412273 0.447372 0.418125 0.445818 0.421394 0.444198 0.435583 0.443135 0.455023 0.450883 0.473931 0.454174 0.485634 0.453680 0.497861 0.451841 0.508343 0.446516 0.517648 0.443523 0.526079 0.441969 0.526769 0.426784 0.524694 0.423586 0.501296 0.422911 0.460690 0.425333 0.425426 0.418052 0.375514 0.396674 0.375514 0.374326 0.444588 0.366529 0.431528 0.360089 0.419806 0.358133 0.404602 0.357536 0.391014 0.358883 0.373949 0.363224 0.367037 0.381646 0.330829
2 0.630982 0.556523 0.614109 0.556648 0.620159 0.566759 0.635206 0.567403 0.654245 0.568551 0.663763 0.569056 0.666911 0.572782 0.671589 0.578088 0.676510 0.585333 0.687766 0.601250 0.692443 0.600894 0.682279 0.586625 0.672638 0.572569 0.664693 0.564176 0.659286 0.558153 0.641135 0.557486
18 0.536807 0.527264 0.542063 0.521042 0.547747 0.515491 0.561805 0.501273 0.567771 0.493713 0.572271 0.488764 0.597701 0.528750 0.601177 0.534935 0.621273 0.568583 0.623367 0.573491 0.620987 0.622301 0.588891 0.661875 0.586760 0.658685 0.586648 0.604551 0.561568 0.567917 0.536039 0.534870
18 0.536039 0.534870 0.533909 0.530750 0.517654 0.551500 0.499919 0.569343 0.497411 0.572019 0.500672 0.605329 0.535409 0.640491 0.573083 0.677926 0.588891 0.661875 0.586760 0.658685 0.586648 0.604551 0.561568 0.567917
18 0.471609 0.510079 0.492997 0.518440 0.498260 0.521426 0.510578 0.559051 0.499919 0.569343 0.497411 0.572019 0.500672 0.605329 0.439076 0.542324 0.448148 0.539088 0.458120 0.534954 0.463706 0.527801 0.464867 0.520894 0.467331 0.515653
18 0.533461 0.493356 0.542523 0.508120 0.536807 0.527264 0.533909 0.530750 0.517654 0.551500 0.510578 0.559051 0.498260 0.521426 0.492997 0.518440 0.471609 0.510079 0.512703 0.457347
18 0.341224 0.216852 0.354789 0.230431 0.376167 0.249088 0.376297 0.282944 0.375130 0.292389 0.375622 0.325208 0.366826 0.322310 0.352070 0.318625 0.337846 0.281463 0.330490 0.275269 0.318810 0.264583 0.311943 0.246319 0.308396 0.236713 0.305812 0.226926 0.312297 0.221764 0.324201 0.214019 0.334901 0.207079
18 0.338128 0.212403 0.351953 0.203856 0.361672 0.199153 0.368099 0.205778 0.371987 0.211921 0.380896 0.217009 0.377872 0.236213 0.376167 0.249088 0.354789 0.230431 0.341224 0.216852
18 0.469719 0.333810 0.478443 0.331171 0.482714 0.326773 0.487271 0.319088 0.488599 0.314644 0.488617 0.307458 0.487445 0.298755 0.483602 0.287329 0.474826 0.268662 0.487354 0.271639 0.492484 0.271829 0.497560 0.279028 0.508359 0.278356 0.510789 0.275477 0.512680 0.276245 0.526940 0.283810 0.526867 0.297949 0.525424 0.353750 0.507357 0.374417 0.505852 0.375759 0.501539 0.370333 0.491953 0.362731 0.470445 0.342921
18 0.475370 0.277690 0.476742 0.283495 0.477227 0.291745 0.476135 0.299273 0.473354 0.305583 0.471378 0.307806 0.467948 0.309023 0.462542 0.308375 0.467206 0.317356 0.469409 0.329333 0.474893 0.327685 0.479807 0.324093 0.483818 0.318139 0.485490 0.311199 0.485560 0.303824 0.484552 0.297875 0.482914 0.292171 0.478273 0.282505
18 0.453794 0.263245 0.465648 0.266199 0.470711 0.268773 0.475370 0.277690 0.476742 0.283495 0.477227 0.291745 0.476135 0.299273 0.473354 0.305583 0.471378 0.307806 0.467948 0.309023 0.462542 0.308375 0.455159 0.302847 0.453286 0.296532 0.451625 0.287921 0.452276 0.267745
18 0.186727 0.258718 0.194672 0.256824 0.198544 0.256824 0.200479 0.251148 0.203469 0.247019 0.207932 0.232912 0.214029 0.207963 0.203083 0.207792 0.200276 0.205384 0.201156 0.201426 0.204060 0.200394 0.214115 0.201426 0.216922 0.199190 0.219826 0.191963 0.224372 0.173556 0.227383 0.167875 0.232680 0.168000 0.266807 0.178097 0.279284 0.182380 0.295523 0.189935 0.300557 0.208255 0.303872 0.219704 0.305812 0.226926 0.308396 0.236713 0.311943 0.246319 0.303099 0.260500 0.287836 0.288250 0.276909 0.314153 0.272724 0.324046 0.252786 0.319778 0.223706 0.306977 0.194169 0.269403
18 0.266807 0.178097 0.278005 0.169935 0.271958 0.168343 0.270169 0.165954 0.271622 0.160778 0.272966 0.159384 0.282596 0.159981 0.292674 0.164958 0.299393 0.167944 0.303872 0.167944 0.308240 0.172921 0.309471 0.181681 0.310703 0.191833 0.311375 0.209153 0.303872 0.219704 0.300557 0.208255 0.295523 0.189935 0.279284 0.182380
18 0.352070 0.318625 0.333779 0.349491 0.318865 0.368296 0.305857 0.384333 0.296836 0.391421 0.270128 0.363366 0.267005 0.347023 0.270474 0.333454 0.318810 0.264583 0.330490 0.275269 0.337846 0.281463
18 0.329167 0.355556 0.342971 0.383685 0.354612 0.406162 0.358625 0.408657 0.360089 0.419806 0.366529 0.431528 0.374326 0.444588 0.373674 0.473588 0.347789 0.446829 0.296836 0.391421 0.305857 0.384333 0.318865 0.368296
18 0.358625 0.408657 0.358133 0.404602 0.357536 0.391014 0.358883 0.373949 0.363224 0.367037 0.366826 0.322310 0.352070 0.318625 0.333779 0.349491 0.329167 0.355556 0.342971 0.383685 0.354612 0.406162
18 0.515570 0.393662 0.533797 0.387338 0.550776 0.384065 0.569763 0.418713 0.576620 0.436111 0.560310 0.495736 0.557049 0.497968 0.533461 0.493356 0.507784 0.449491 0.509339 0.444819 0.513615 0.432153 0.515466 0.409995
5 0.671055 0.701551 0.671518 0.706269 0.672469 0.713259 0.673417 0.714463 0.676943 0.716389 0.679924 0.718319 0.679346 0.716431 0.679388 0.713991 0.679370 0.707792 0.676820 0.705741 0.673935 0.704204
5 0.720573 0.676713 0.722542 0.684880 0.725953 0.694833 0.728977 0.704218 0.732646 0.702958 0.731875 0.697810 0.727818 0.685106 0.724664 0.672634 0.722943 0.666264
18 0.467331 0.515653 0.512703 0.457347 0.507784 0.449491 0.504805 0.456106 0.498068 0.464167 0.487703 0.469926 0.478763 0.473148 0.480047 0.452282 0.491706 0.434083 0.493430 0.429319 0.489750 0.409185 0.481148 0.401954 0.477661 0.400227 0.475719 0.399190 0.473503 0.402648 0.469914 0.399722 0.469435 0.395574 0.469435 0.393685 0.468943 0.392491 0.465846 0.391981 0.464109 0.391981 0.462271 0.397486 0.454716 0.407116 0.449302 0.411236 0.447852 0.412273 0.447372 0.418125 0.445818 0.421394 0.444198 0.435583 0.443135 0.455023 0.450883 0.473931 0.454174 0.485634 0.453680 0.497861 0.451841 0.508343 0.446516 0.517648 0.443523 0.526079 0.441969 0.526769 0.426784 0.524694 0.425219 0.514912 0.420951 0.515162 0.420813 0.522745 0.439076 0.542324 0.448148 0.539088 0.458120 0.534954 0.463706 0.527801 0.464867 0.520894
18 0.747299 0.654542 0.760302 0.642995 0.765487 0.638565 0.767880 0.633954 0.769276 0.628106 0.770971 0.625801 0.775359 0.634134 0.778250 0.638741 0.781341 0.630588 0.784232 0.627042 0.789318 0.629699 0.792109 0.636968 0.784732 0.647074 0.804172 0.716380 0.812049 0.752894 0.812846 0.758384 0.811750 0.770440 0.809060 0.776111 0.796096 0.785153 0.769776 0.797560 0.767383 0.782847 0.768977 0.780190 0.756216 0.737648 0.747440 0.708046 0.739565 0.690144 0.734331 0.672282 0.735661 0.667403 0.738565 0.662384 0.744589 0.657111
5 0.669797 0.726801 0.682831 0.726245 0.682831 0.726245 0.680841 0.721676 0.679924 0.718319 0.676943 0.716389 0.673417 0.714463 0.672469 0.713259 0.671518 0.706269 0.671055 0.701551 0.667438 0.699477 0.662253 0.697963 0.660979 0.699417 0.660367 0.700898 0.660201 0.701986 0.660818 0.703926 0.661622 0.705546 0.662151 0.707981 0.657089 0.711144 0.653641 0.714806 0.655164 0.716486 0.658833 0.722894 0.661409 0.727019
18 0.523266 0.390954 0.530638 0.378870 0.545242 0.359852 0.550156 0.351755 0.563026 0.340574 0.569893 0.331963 0.574810 0.331190 0.572568 0.335046 0.573292 0.340315 0.575604 0.348412 0.582036 0.362551 0.587893 0.376171 0.588617 0.376685 0.590641 0.374630 0.591003 0.375403 0.589990 0.378231 0.591146 0.385042 0.597508 0.391597 0.591797 0.399435 0.592810 0.402648 0.591508 0.406245 0.589049 0.407662 0.587026 0.406375 0.572711 0.423597 0.571917 0.424111 0.569763 0.418713 0.550776 0.384065 0.533797 0.387338
2 0.616875 0.627227 0.626021 0.637986 0.639318 0.655935 0.635279 0.651718 0.628643 0.648042 0.620180 0.645648 0.615755 0.646417 0.613401 0.647616 0.609505 0.653255 0.608109 0.656417 0.605273 0.659750 0.603880 0.663856 0.603831 0.668384 0.602581 0.670352 0.600945 0.671977 0.599888 0.674713 0.599313 0.681120 0.599695 0.683773 0.595242 0.672259 0.592703 0.668069 0.591070 0.670972 0.592794 0.680810 0.595424 0.688713 0.597240 0.695162 0.594273 0.694866 0.592604 0.696352 0.591943 0.695829 0.573083 0.677926 0.588891 0.661875
5 0.771380 0.823546 0.772599 0.823787 0.772734 0.827644 0.772870 0.838245 0.782224 0.844032 0.783174 0.848611 0.785073 0.851500 0.786698 0.856565 0.788867 0.870301 0.790630 0.877292 0.789138 0.879458 0.786156 0.876083 0.782768 0.876810 0.781411 0.878255 0.780464 0.887412 0.772464 0.901394 0.763016 0.921565 0.751221 0.944458 0.745932 0.955546 0.744169 0.958921 0.742138 0.960847 0.739969 0.961574 0.737255 0.960366 0.735766 0.960847 0.733867 0.960366 0.732510 0.959644 0.731021 0.957958 0.730750 0.952894 0.729529 0.950727 0.731292 0.940361 0.728445 0.938194 0.730341 0.927106 0.737255 0.930000 0.738883 0.926384 0.739154 0.920361 0.737529 0.916264 0.736307 0.913370 0.733055 0.911440 0.734138 0.903486 0.736984 0.899875 0.737120 0.898426 0.739833 0.899630 0.739969 0.895051 0.744714 0.894088 0.745932 0.872880 0.752305 0.846611 0.759219 0.840583 0.759760 0.835764 0.761253 0.836968 0.767896 0.829255
2 0.743151 0.601435 0.751198 0.596250 0.756169 0.592981 0.758792 0.602894 0.748638 0.609000 0.736495 0.616764 0.727365 0.622389 0.725104 0.623569 0.721581 0.614356 0.735742 0.604819
2 0.731224 0.639653 0.738565 0.662384 0.735661 0.667403 0.734331 0.672282 0.730255 0.659435 0.726542 0.644602 0.728107 0.642273 0.730091 0.640222
2 0.736146 0.637176 0.740672 0.650630 0.742448 0.651218 0.744589 0.657111 0.747299 0.654542 0.739987 0.635639 0.737513 0.636611
2 0.734372 0.649407 0.738565 0.662384 0.744589 0.657111 0.742448 0.651218 0.740672 0.650630 0.740099 0.649032
2 0.699794 0.615583 0.702831 0.616190 0.705482 0.626847 0.706693 0.631407 0.697846 0.626463 0.693896 0.619046
2 0.725651 0.642968 0.721690 0.637565 0.716099 0.634866 0.715495 0.634537 0.718461 0.646889 0.719078 0.649352 0.722526 0.656713 0.724609 0.647824
2 0.750810 0.651273 0.747685 0.640417 0.744417 0.630074 0.743888 0.627167 0.745763 0.624519 0.747781 0.623491 0.754995 0.647681
18 0.311375 0.209153 0.313940 0.203870 0.315198 0.202319 0.318393 0.202838 0.321878 0.209032 0.324201 0.214019 0.312297 0.221764 0.305812 0.226926 0.303872 0.219704
18 0.272724 0.324046 0.275258 0.326523 0.270474 0.333454 0.267005 0.347023 0.270049 0.363292 0.223706 0.306977 0.252786 0.319778
18 0.318810 0.264583 0.275258 0.326523 0.272724 0.324046 0.276909 0.314153 0.287789 0.288208 0.303099 0.260500 0.311943 0.246319
5 0.698836 0.601889 0.697010 0.594810 0.691518 0.590282 0.683693 0.583903 0.682768 0.586106 0.688120 0.594528 0.692602 0.601208
5 0.681557 0.555056 0.681943 0.559403 0.683680 0.566384 0.683875 0.570847 0.684130 0.576454 0.684518 0.581602 0.682279 0.586625 0.672638 0.572569 0.664693 0.564176 0.659286 0.558153 0.641135 0.557486 0.651609 0.547306 0.655362 0.545569 0.666695 0.547940 0.676578 0.552745
5 0.631599 0.567245 0.635206 0.567403 0.654245 0.568551 0.663763 0.569056 0.666911 0.572782 0.671589 0.578088 0.676510 0.585333 0.679156 0.588981 0.678240 0.589130 0.673768 0.583829 0.665016 0.581181 0.656122 0.580324 0.637128 0.577931 0.624292 0.576903
5 0.697846 0.626463 0.703154 0.638236 0.707549 0.652574 0.708661 0.659694 0.708049 0.666028 0.705547 0.671958 0.702708 0.678685 0.702766 0.681852 0.704211 0.682347 0.707437 0.677301 0.707216 0.684421 0.704656 0.688380 0.703378 0.689565 0.701362 0.680495 0.698081 0.669741 0.699497 0.663560 0.701427 0.654176 0.699174 0.650972 0.698401 0.653718 0.695505 0.666995 0.695633 0.670769 0.697242 0.676722 0.699982 0.685806 0.698036 0.688083 0.695758 0.682856 0.693784 0.678130 0.692562 0.675833 0.692885 0.673218 0.692753 0.671481 0.692753 0.669773 0.692365 0.669088 0.693268 0.669199 0.694380 0.664157 0.694992 0.659806 0.694102 0.657333 0.692711 0.656838 0.691487 0.661782 0.689930 0.668704 0.687846 0.668630 0.688102 0.663940 0.675398 0.661611 0.676187 0.658065 0.678456 0.660523 0.680956 0.661120 0.690573 0.661292 0.691630 0.655565 0.676354 0.654889 0.672779 0.651787 0.672240 0.648755 0.680763 0.653255 0.681292 0.650435 0.681917 0.648213 0.682445 0.646676 0.683456 0.645051 0.683792 0.642829 0.683841 0.641458 0.666195 0.633083 0.679273 0.637185 0.684659 0.638468 0.684706 0.635731 0.684898 0.631884 0.669417 0.627185 0.669464 0.624023 0.670378 0.623681 0.670859 0.623681 0.670885 0.618551 0.673945 0.620727 0.678286 0.624389 0.681680 0.624981 0.685018 0.623991 0.693083 0.619444 0.693896 0.619046
5 0.631516 0.588185 0.638625 0.596079 0.643560 0.600556 0.658943 0.600963 0.668211 0.600509 0.670591 0.598792 0.672974 0.598792 0.676643 0.599935 0.677005 0.601657 0.681729 0.601333 0.673104 0.590361 0.668099 0.590361 0.657250 0.590361 0.645677 0.590361 0.638945 0.590361 0.633104 0.588676
5 0.666146 0.679259 0.666344 0.683171 0.666492 0.686204 0.665547 0.687588 0.662542 0.685606 0.656646 0.682644 0.654198 0.682245 0.651081 0.681060 0.648521 0.678685 0.647130 0.677301 0.643164 0.675394 0.640661 0.688903 0.639315 0.690356 0.645232 0.691125 0.653357 0.691468 0.655904 0.691806 0.663310 0.694116 0.671435 0.698046 0.673604 0.698847 0.678099 0.698847 0.683336 0.695963 0.690982 0.693972 0.696758 0.693231 0.697299 0.693009 0.696190 0.690968 0.692956 0.682093 0.691378 0.676343 0.690492 0.671907 0.675776 0.670796 0.673646 0.670537 0.677372 0.677954 0.682604 0.683787 0.686219 0.688338 0.686331 0.689130 0.683716 0.688833 0.680378 0.686856 0.676706 0.684875 0.676099 0.681741 0.673456 0.680375 0.668646 0.679171 0.666870 0.679171
5 0.655326 0.495583 0.659497 0.500532 0.666286 0.510917 0.668044 0.514843 0.670846 0.520069 0.671737 0.522782 0.663586 0.528801 0.652294 0.537421 0.639792 0.535602 0.638385 0.538519 0.637344 0.541019 0.637604 0.542778 0.638229 0.543981 0.643307 0.544491 0.639516 0.547403 0.630982 0.556523 0.614109 0.556648 0.601177 0.534935 0.610471 0.528750 0.624497 0.521343 0.643760 0.507588 0.654307 0.520481 0.654987 0.519454 0.657404 0.514458 0.648310 0.502431
5 0.677836 0.540079 0.680042 0.544782 0.680859 0.548630 0.673570 0.544653 0.666016 0.539907 0.669052 0.537319 0.674802 0.532458
18 0.575424 0.440644 0.581112 0.441093 0.588891 0.447782 0.594570 0.441329 0.603404 0.436958 0.618901 0.428986 0.638133 0.420319 0.637805 0.416005 0.637805 0.414014 0.638969 0.409954 0.643268 0.409375 0.650219 0.437417 0.658667 0.465847 0.660474 0.478694 0.657620 0.492926 0.648310 0.502431 0.657404 0.514458 0.654987 0.519454 0.654307 0.520481 0.643760 0.507588 0.624497 0.521343 0.610471 0.528750 0.601177 0.534935 0.597701 0.528750 0.572271 0.488764 0.567771 0.493713 0.564076 0.481968
6 0.677005 0.601657 0.681729 0.601333 0.687016 0.601231 0.687766 0.601250 0.692443 0.600894 0.696688 0.601912 0.699060 0.605102 0.699922 0.608870 0.698341 0.609699 0.688320 0.610657 0.682221 0.610639 0.666224 0.611310 0.656875 0.611088 0.654669 0.610278 0.653630 0.609829 0.653214 0.606505 0.655721 0.606917 0.663318 0.606000 0.670398 0.604968 0.675419 0.604852 0.677349 0.603486
2 0.718487 0.624190 0.710849 0.619287 0.715203 0.634574 0.723437 0.638236 0.721065 0.631903
2 0.580953 0.413921 0.593094 0.427477 0.601807 0.437731 0.594570 0.441329 0.581638 0.425685 0.576596 0.418870
2 0.796279 0.688972 0.798281 0.690454 0.800062 0.693620 0.802398 0.701139 0.805513 0.707171 0.810076 0.712116 0.812411 0.714588 0.813747 0.714588 0.814917 0.713699 0.816807 0.711125 0.817419 0.708556 0.819812 0.709444 0.821313 0.715579 0.820479 0.725468 0.819643 0.741093 0.816474 0.744852 0.814026 0.745644 0.810688 0.746634 0.804172 0.716380
2 0.803727 0.779676 0.821029 0.779181 0.821531 0.789963 0.819862 0.792435 0.805732 0.795005 0.798164 0.796389 0.793948 0.800111 0.780984 0.808120 0.764299 0.816981 0.759560 0.819227 0.760396 0.816361 0.763344 0.812898 0.764622 0.810426 0.764568 0.802315 0.769776 0.797560 0.796096 0.785153
2 0.749435 0.815074 0.730018 0.826449 0.729685 0.828523 0.733690 0.833667 0.745708 0.827537 0.754443 0.823083 0.759560 0.819227 0.753773 0.819523 0.749714 0.817745
2 0.747099 0.826745 0.750380 0.830898 0.751383 0.831986 0.755276 0.828722 0.765458 0.820116 0.772411 0.812801 0.764299 0.816981 0.759560 0.819227 0.754443 0.823083
2 0.728383 0.807079 0.745878 0.808042 0.746958 0.810551 0.747747 0.814690 0.747333 0.815870 0.738854 0.815204 0.729047 0.815352 0.728341 0.815352 0.727927 0.813727 0.727594 0.812546 0.727552 0.809519
2 0.665568 0.765935 0.678633 0.771310 0.687646 0.776347 0.697945 0.781838 0.701698 0.786690 0.707208 0.796486 0.708799 0.799463 0.713172 0.806880 0.716651 0.812750 0.720263 0.817301 0.721156 0.819671 0.714365 0.813250 0.710865 0.807907 0.709417 0.804843 0.701182 0.791384 0.696401 0.785157 0.686995 0.780019 0.670581 0.772296 0.665188 0.766759
2 0.650453 0.751162 0.664138 0.756995 0.663917 0.754032 0.674708 0.759667 0.676099 0.764417 0.675544 0.765995 0.662302 0.761449 0.656740 0.759074 0.650286 0.752644
2 0.734229 0.964616 0.734229 0.969130 0.734229 0.973972 0.733505 0.976875 0.732052 0.977519 0.730781 0.973648 0.729148 0.967843 0.728060 0.965903 0.726607 0.963968 0.726245 0.960741 0.727333 0.957194 0.730602 0.960421 0.731021 0.957958
2 0.786432 0.805000 0.788326 0.818481 0.788190 0.835597 0.788190 0.842102 0.786698 0.841620 0.785750 0.836079 0.783852 0.829810 0.783716 0.822338 0.786021 0.818241 0.783852 0.805708
2 0.745932 0.872880 0.744714 0.894088 0.739969 0.895051 0.737664 0.895051 0.738747 0.871917
2 0.739560 0.864926 0.740375 0.858903 0.741458 0.853838 0.742544 0.851431 0.746339 0.841787 0.747831 0.836486 0.748779 0.828532 0.750380 0.830898 0.751383 0.831986 0.755557 0.835042 0.753388 0.845403 0.752305 0.846611 0.745932 0.872880 0.741052 0.872157
2 0.624292 0.576903 0.637128 0.577931 0.656122 0.580324 0.665016 0.581181 0.673768 0.583829 0.678240 0.589130 0.687016 0.601231 0.681729 0.601333 0.673104 0.590361 0.668099 0.590361 0.657250 0.590361 0.645677 0.590361 0.638945 0.590361 0.633104 0.588676 0.629156 0.587394 0.626151 0.586991 0.622646 0.586991 0.623281 0.576731
2 0.631516 0.588185 0.638625 0.596079 0.643560 0.600556 0.658943 0.600963 0.668211 0.600509 0.670591 0.598792 0.672974 0.598792 0.676643 0.599935 0.677349 0.603486 0.675419 0.604852 0.670398 0.604968 0.663318 0.606000 0.655721 0.606917 0.645487 0.606000 0.631841 0.601421 0.622206 0.597699 0.622646 0.586991 0.626151 0.586991 0.629156 0.587394
2 0.656875 0.611088 0.670885 0.618551 0.673945 0.620727 0.678286 0.624389 0.681680 0.624981 0.685018 0.623991 0.693083 0.619444 0.701763 0.614495 0.699922 0.608870 0.698341 0.609699 0.688320 0.610657 0.682221 0.610639 0.666224 0.611310
2 0.622206 0.597699 0.626911 0.603847 0.636479 0.609917 0.651000 0.617782 0.669417 0.627185 0.669464 0.624023 0.670378 0.623681 0.670859 0.623681 0.670885 0.618551 0.656875 0.611088 0.654669 0.610278 0.653630 0.609829 0.653214 0.606505 0.645487 0.606000 0.631841 0.601421
2 0.669417 0.627185 0.684898 0.631884 0.684706 0.635731 0.684659 0.638468 0.679273 0.637185 0.666195 0.633083 0.654271 0.628894 0.645232 0.623935 0.632393 0.612653 0.626911 0.603847 0.636479 0.609917 0.651000 0.617782
2 0.632393 0.612653 0.651289 0.638125 0.680763 0.653255 0.681292 0.650435 0.681917 0.648213 0.682445 0.646676 0.683456 0.645051 0.683792 0.642829 0.683841 0.641458 0.666195 0.633083 0.654271 0.628894 0.645232 0.623935
2 0.651289 0.638125 0.663055 0.652671 0.675398 0.661611 0.676187 0.658065 0.676354 0.654889 0.672779 0.651787 0.672240 0.648755
2 0.676354 0.654889 0.691630 0.655565 0.690573 0.661292 0.680956 0.661120 0.678456 0.660523 0.676187 0.658065
2 0.663055 0.652671 0.672396 0.666111 0.687846 0.668630 0.688102 0.663940 0.675398 0.661611
2 0.621549 0.610514 0.631070 0.629065 0.635445 0.636931 0.641125 0.646245 0.654529 0.664444 0.672396 0.666111 0.663055 0.652671 0.651289 0.638125 0.632393 0.612653 0.626911 0.603847 0.622206 0.597699
2 0.639344 0.696014 0.652362 0.697597 0.661089 0.698824 0.660979 0.699417 0.660367 0.700898 0.660201 0.701986 0.653417 0.702542 0.646742 0.701056 0.642013 0.699968 0.640734 0.700366 0.634669 0.706495 0.632818 0.708111 0.627531 0.705639 0.618073 0.702074 0.611297 0.701097 0.606570 0.700306 0.599003 0.699315 0.595888 0.700009 0.592604 0.696352 0.594273 0.694866 0.604622 0.695856 0.616250 0.697440 0.624482 0.699810 0.630602 0.701792 0.632661 0.702481 0.634776 0.702088
2 0.688773 0.558657 0.688049 0.560843 0.688294 0.563940 0.691362 0.574787 0.693977 0.584148 0.697951 0.599704 0.702831 0.616190 0.705482 0.626847 0.711547 0.647736 0.713883 0.655667 0.718937 0.671782 0.721622 0.660440 0.716497 0.638500 0.710849 0.619287 0.703703 0.593815 0.694703 0.560880
5 0.616250 0.697440 0.617823 0.697875 0.619266 0.693773 0.620805 0.689241 0.621815 0.688903 0.624315 0.691894 0.630036 0.693519 0.634411 0.691806 0.639315 0.690356 0.640661 0.688903 0.643164 0.675394 0.642779 0.666931 0.640904 0.660523 0.639318 0.655935 0.635279 0.651718 0.628643 0.648042 0.620180 0.645648 0.615755 0.646417 0.613401 0.647616 0.609505 0.653255 0.608109 0.656417 0.605273 0.659750 0.603880 0.663856 0.603831 0.668384 0.602581 0.670352 0.600945 0.671977 0.599888 0.674713 0.599313 0.681120 0.599695 0.683773 0.602195 0.690185 0.604622 0.695856
2 0.642779 0.666931 0.644628 0.671269 0.649133 0.675620 0.654474 0.678093 0.661430 0.680269 0.665823 0.682644 0.666435 0.683333 0.666492 0.686204 0.665547 0.687588 0.662542 0.685606 0.656646 0.682644 0.654198 0.682245 0.651081 0.681060 0.648521 0.678685 0.647130 0.677301 0.643164 0.675394
2 0.692753 0.671481 0.692885 0.673218 0.692562 0.675833 0.693784 0.678130 0.695758 0.682856 0.698956 0.690394 0.702763 0.697352 0.706174 0.703546 0.706893 0.705269 0.707109 0.709037 0.698237 0.721296 0.693818 0.725444 0.690370 0.730620 0.689617 0.732343 0.689185 0.736046 0.686852 0.753157 0.686060 0.753287 0.685487 0.752583 0.684984 0.749773 0.686492 0.738023 0.689294 0.730236 0.692310 0.724042 0.695255 0.719125 0.701109 0.711079 0.705672 0.705144 0.703122 0.700926 0.700427 0.697671 0.696190 0.690968 0.692956 0.682093 0.691378 0.676343 0.690492 0.671907 0.692174 0.671741
2 0.695505 0.666995 0.698401 0.653718 0.699174 0.650972 0.701427 0.654176 0.699497 0.663560 0.698081 0.669741 0.701362 0.680495 0.704195 0.693315 0.709174 0.706056 0.710250 0.710699 0.710891 0.713569 0.704130 0.719403 0.695120 0.727528 0.689841 0.733593 0.689617 0.732343 0.690370 0.730620 0.693818 0.725444 0.698237 0.721296 0.707109 0.709037 0.706893 0.705269 0.706174 0.703546 0.702521 0.694227 0.697242 0.676722 0.695633 0.670769
2 0.673646 0.670537 0.677372 0.677954 0.682604 0.683787 0.686219 0.688338 0.686331 0.689130 0.683716 0.688833 0.680378 0.686856 0.676706 0.684875 0.676099 0.681741 0.673456 0.680375 0.668646 0.679171 0.666870 0.679171 0.666146 0.679259 0.661289 0.673880 0.654557 0.668843 0.666115 0.669514
2 0.652294 0.537421 0.663586 0.528801 0.675078 0.520463 0.676458 0.520556 0.677578 0.529028 0.674802 0.532458 0.669052 0.537319 0.666016 0.539907 0.657443 0.544528 0.651609 0.547306 0.641135 0.557486 0.630982 0.556523 0.639516 0.547403 0.648424 0.540588
2 0.652294 0.537421 0.639792 0.535602 0.638385 0.538519 0.637344 0.541019 0.637604 0.542778 0.638229 0.543981 0.643307 0.544491 0.648424 0.540588
2 0.666016 0.539907 0.673570 0.544653 0.682125 0.549583 0.687458 0.551995 0.697776 0.557847 0.702115 0.562403 0.704799 0.567810 0.710747 0.582278 0.716938 0.602144 0.729091 0.634060 0.730542 0.637796 0.727177 0.640449 0.725359 0.643352 0.721065 0.631903 0.713693 0.610000 0.706755 0.591769 0.702500 0.578250 0.698375 0.565611 0.694703 0.560880 0.688773 0.558657 0.676578 0.552745 0.666695 0.547940 0.655362 0.545569 0.657443 0.544528
2 0.716406 0.600324 0.726745 0.595417 0.733490 0.592824 0.741068 0.589907 0.743151 0.601435 0.731510 0.606713 0.720208 0.610648 0.716938 0.602144
2 0.724839 0.653426 0.730237 0.665690 0.737635 0.683593 0.739565 0.690144 0.747440 0.708046 0.756216 0.737648 0.768977 0.780190 0.767383 0.782847 0.765258 0.782722 0.758854 0.761806 0.750437 0.732537 0.744255 0.711352 0.735716 0.690968 0.729536 0.675736 0.723951 0.659981 0.724167 0.658065
2 0.731021 0.800111 0.731633 0.803815 0.726245 0.807773 0.721146 0.808602 0.717875 0.807773 0.713172 0.806880 0.708799 0.799463 0.719419 0.804273 0.725602 0.803468
2 0.686995 0.780019 0.691917 0.789060 0.698536 0.796380 0.704490 0.801819 0.709417 0.804843 0.703878 0.795884 0.700427 0.794009 0.694198 0.786690 0.691359 0.782435
2 0.661409 0.727019 0.680753 0.725972 0.682831 0.726245 0.683977 0.728949 0.683826 0.731546 0.683732 0.732593 0.684786 0.734139 0.685250 0.735574 0.684940 0.736676 0.670227 0.736676 0.662620 0.735352 0.661813 0.732315 0.661659 0.730167
2 0.670227 0.736676 0.685052 0.740819 0.685310 0.743880 0.684792 0.744648 0.670661 0.740662 0.662216 0.737907 0.662620 0.735352
2 0.670661 0.740662 0.684516 0.747523 0.684984 0.749773 0.685487 0.752583 0.686060 0.753287 0.686852 0.753157 0.687299 0.754940 0.688133 0.760972 0.688357 0.763444 0.680294 0.759926 0.677458 0.758343 0.664099 0.752963 0.660484 0.748213 0.658424 0.743861 0.657146 0.739213 0.655477 0.731699 0.657201 0.733676 0.659370 0.736347 0.660547 0.737824 0.661484 0.738324 0.662216 0.737907
2 0.655477 0.731699 0.657146 0.739213 0.658424 0.743861 0.660484 0.748213 0.664099 0.752963 0.663917 0.754032 0.664138 0.756995 0.659698 0.754889 0.656799 0.750199 0.654224 0.741157 0.653203 0.728750
2 0.644867 0.709046 0.650081 0.710194 0.655164 0.716486 0.658833 0.722894 0.661409 0.727019 0.661659 0.730167 0.661813 0.732315 0.662620 0.735352 0.662216 0.737907 0.661484 0.738324 0.660547 0.737824 0.659370 0.736347 0.657201 0.733676 0.655477 0.731699 0.653203 0.728750 0.651432 0.724495 0.650208 0.719347 0.649565 0.717060 0.645703 0.715343 0.640875 0.712940
2 0.639732 0.724597 0.637284 0.727958 0.637117 0.729046 0.638898 0.728847 0.646018 0.725583 0.650208 0.719347 0.649565 0.717060 0.647076 0.715796 0.642904 0.720542
2 0.644867 0.709046 0.651284 0.702046 0.646742 0.701056 0.639375 0.708796 0.632294 0.717722 0.627659 0.724245 0.623862 0.727792 0.626372 0.729509 0.632294 0.723787 0.640875 0.712940
2 0.640148 0.707685 0.634669 0.706495 0.632818 0.708111 0.617039 0.709403 0.613500 0.709861 0.611893 0.711255 0.609641 0.713204 0.611695 0.716042 0.617490 0.715810 0.621802 0.715468 0.626503 0.715583 0.628109 0.713866 0.635190 0.712606 0.636711 0.712065 0.639375 0.708796
2 0.617490 0.715810 0.630180 0.720958 0.627659 0.724245 0.623862 0.727792 0.611695 0.716042
2 0.632294 0.723787 0.639732 0.724597 0.637284 0.727958 0.637117 0.729046 0.638898 0.728847 0.646018 0.725583 0.651914 0.725829 0.653203 0.728750 0.654224 0.741157 0.655617 0.746773 0.642057 0.744806 0.635036 0.737708 0.626372 0.729509
2 0.658945 0.486796 0.666552 0.494764 0.668839 0.497917 0.668372 0.500403 0.668044 0.514843 0.670846 0.520069 0.671219 0.512769 0.672013 0.504306 0.672013 0.501231 0.671313 0.493769 0.670799 0.491611 0.667112 0.488787 0.659878 0.481653
2 0.660474 0.478694 0.672448 0.486250 0.675052 0.487917 0.677786 0.498519 0.679271 0.508380 0.681146 0.530046 0.677578 0.529028 0.676458 0.520556 0.675078 0.520463 0.671313 0.493769 0.670799 0.491611 0.667112 0.488787 0.659878 0.481653
2 0.681146 0.530046 0.696276 0.536236 0.704469 0.540574 0.702552 0.551792 0.692966 0.547023 0.681948 0.541940 0.677836 0.540079 0.674802 0.532458 0.677578 0.529028
2 0.639315 0.690356 0.645232 0.691125 0.653357 0.691468 0.655904 0.691806 0.663310 0.694116 0.671435 0.698046 0.677638 0.702750 0.683312 0.706167 0.683888 0.709588 0.682831 0.709759 0.679370 0.707792 0.676820 0.705741 0.673935 0.704204 0.671055 0.701551 0.667438 0.699477 0.662253 0.697963 0.656867 0.695824 0.653021 0.695310 0.644076 0.695481 0.640471 0.695741 0.639344 0.696014 0.637729 0.695310 0.635711 0.694630 0.634651 0.693944 0.634411 0.691806
2 0.738419 0.633333 0.743737 0.630870 0.744076 0.633509 0.743815 0.635222 0.739987 0.635639 0.737513 0.636611 0.734049 0.637815 0.730091 0.640222 0.728107 0.642273 0.726544 0.644639 0.725242 0.650194 0.724167 0.658065 0.722943 0.666264 0.720573 0.676713 0.718354 0.686208 0.718042 0.689741 0.716596 0.696264 0.713982 0.702819 0.711276 0.708875 0.710250 0.710699 0.709174 0.706056 0.712396 0.699500 0.716315 0.686639 0.718937 0.671782 0.721622 0.660440 0.725359 0.643352 0.727177 0.640449 0.730542 0.637796
5 0.718354 0.686208 0.720867 0.691171 0.723443 0.698611 0.726854 0.703875 0.728977 0.704218 0.732646 0.702958 0.736315 0.699296 0.737990 0.696667 0.744255 0.711352 0.750437 0.732537 0.752214 0.740264 0.751828 0.746787 0.751635 0.747819 0.752794 0.750449 0.752922 0.755370 0.750862 0.758574 0.749125 0.759833 0.751378 0.772194 0.742945 0.785810 0.739276 0.794167 0.731021 0.800111 0.725602 0.803468 0.719419 0.804273 0.708799 0.799463 0.707208 0.796486 0.701698 0.786690 0.697945 0.781838 0.687781 0.746218 0.689185 0.736046 0.689617 0.732343 0.689841 0.733593 0.695120 0.727528 0.704130 0.719403 0.710891 0.713569 0.710250 0.710699 0.711276 0.708875 0.713982 0.702819 0.716596 0.696264 0.718042 0.689741
5 0.703378 0.689565 0.704901 0.689583 0.709133 0.688731 0.713747 0.686250 0.716344 0.683343 0.716875 0.683088 0.716315 0.686639 0.712396 0.699500 0.709174 0.706056 0.704195 0.693315
5 0.677638 0.702750 0.678099 0.698847 0.683336 0.695963 0.690982 0.693972 0.696758 0.693231 0.697299 0.693009 0.700427 0.697671 0.703122 0.700926 0.705672 0.705144 0.701109 0.711079 0.695255 0.719125 0.692310 0.724042 0.689294 0.730236 0.686492 0.738023 0.686245 0.739921 0.685250 0.735574 0.684786 0.734139 0.683977 0.728949 0.682831 0.726245 0.680841 0.721676 0.679346 0.716431 0.679388 0.713991 0.679370 0.707792 0.682831 0.709759 0.683888 0.709588 0.683312 0.706167
5 0.752156 0.756884 0.757781 0.762528 0.760320 0.766880 0.762135 0.772366 0.762318 0.778333 0.763951 0.795588 0.764526 0.802213 0.764609 0.810403 0.763344 0.812898 0.760396 0.816361 0.759560 0.819227 0.753773 0.819523 0.749714 0.817745 0.749435 0.815074 0.747333 0.815870 0.747747 0.814690 0.746958 0.810551 0.745878 0.808042 0.736177 0.806861 0.734648 0.797523 0.739276 0.794167 0.742945 0.785810 0.751378 0.772194 0.749125 0.759833 0.750862 0.758574
2 0.735419 0.688347 0.733677 0.688940 0.735687 0.694894 0.736490 0.698394 0.733094 0.703653 0.731971 0.697509 0.727818 0.685106 0.724664 0.672634 0.722943 0.666264 0.723005 0.664352 0.723880 0.660417 0.729714 0.675046
2 0.728977 0.704218 0.725953 0.694833 0.722542 0.684880 0.720573 0.676713 0.718354 0.686208 0.720867 0.691171 0.723443 0.698611 0.726854 0.703875
2 0.708177 0.665602 0.711326 0.664921 0.712513 0.664810 0.713201 0.667255 0.711576 0.671139 0.709703 0.672250 0.707437 0.677301 0.706578 0.678361 0.704211 0.682347 0.702766 0.681852 0.702708 0.678685 0.705547 0.671958
2 0.505852 0.375759 0.507357 0.374417 0.516997 0.363255 0.522279 0.365602 0.522880 0.381176 0.522641 0.384593 0.526000 0.386509 0.523266 0.390954 0.515570 0.393662 0.508794 0.379083 0.508794 0.379083
2 0.684198 0.573792 0.693771 0.582042 0.697010 0.594810 0.691518 0.590282 0.683693 0.583903 0.685010 0.580468
2 0.626021 0.637986 0.639318 0.655935 0.643307 0.662366 0.647005 0.666208 0.654943 0.668866 0.666115 0.669514 0.675776 0.670796 0.690492 0.671907 0.692174 0.671741 0.692753 0.671481 0.692753 0.669773 0.692365 0.669088 0.687846 0.668630 0.672396 0.666111 0.654529 0.664444 0.641125 0.646245 0.630823 0.632324 0.620987 0.622301 0.616875 0.627227
2 0.592794 0.680810 0.591070 0.670972 0.592703 0.668069 0.595242 0.672259 0.599695 0.683773 0.602195 0.690185 0.604622 0.695856 0.597240 0.695162 0.595424 0.688713
5 0.699945 0.630134 0.701557 0.628060 0.706823 0.631343 0.719109 0.671773 0.717305 0.679931 0.717305 0.684412 0.716276 0.688644 0.716034 0.686431 0.715747 0.684810 0.711451 0.688097 0.707284 0.689255 0.703378 0.691106 0.702938 0.689694 0.704104 0.688370 0.706437 0.686213 0.707044 0.681398 0.706578 0.678361 0.709703 0.672250 0.711576 0.671139 0.713201 0.667255 0.712513 0.664810 0.711326 0.664921 0.708177 0.665602 0.708646 0.659259 0.707419 0.652028 0.704057 0.640662
5 0.666435 0.683333 0.666146 0.679259 0.661289 0.673880 0.654943 0.668866 0.647005 0.666208 0.643307 0.662366 0.639318 0.655935 0.640904 0.660523 0.642779 0.666931 0.644628 0.671269 0.649133 0.675620 0.654474 0.678093 0.661430 0.680269 0.665823 0.682644
