0 0.427516 0.123023 0.420036 0.135542 0.418346 0.136653 0.418805 0.144347 0.419586 0.146954 0.419927 0.149037 0.419927 0.151032 0.419799 0.153750 0.419859 0.155986 0.420359 0.163287 0.418346 0.163569 0.415750 0.166662 0.415805 0.167440 0.413581 0.168370 0.409266 0.169653 0.409266 0.170000 0.408352 0.176394 0.407346 0.183292 0.404906 0.192208 0.403685 0.201366 0.404763 0.214819 0.406688 0.225398 0.409568 0.237463 0.414604 0.245227 0.417180 0.247019 0.421323 0.248611 0.423451 0.251199 0.426362 0.253583 0.429273 0.261148 0.432062 0.263681 0.433578 0.265352 0.434013 0.266894 0.434302 0.270106 0.435169 0.272676 0.436904 0.275245 0.438922 0.276338 0.446513 0.278394 0.446583 0.280194 0.445789 0.283662 0.446078 0.287222 0.451773 0.280296 0.457169 0.272833 0.459719 0.273097 0.459844 0.277546 0.462508 0.277745 0.463016 0.277630 0.463016 0.277630 0.464815 0.269102 0.465266 0.267236 0.463753 0.256847 0.462878 0.256847 0.460427 0.252644 0.457977 0.248597 0.452990 0.240972 0.451023 0.236588 0.450276 0.230727 0.452073 0.208875 0.456122 0.205407 0.461818 0.204343 0.465414 0.204875 0.469518 0.217634 0.470060 0.222935 0.466943 0.242699 0.465721 0.252343 0.472010 0.256843 0.476659 0.258176 0.479206 0.258176 0.483703 0.252579 0.484904 0.250449 0.483956 0.248319 0.485070 0.246171 0.486701 0.243250 0.488951 0.242185 0.491497 0.236324 0.491948 0.230991 0.491198 0.221931 0.491049 0.220065 0.491497 0.219532 0.492099 0.215801 0.492846 0.211273 0.492698 0.208875 0.491948 0.206208 0.489849 0.206741 0.488951 0.207273 0.488500 0.207273 0.485352 0.191019 0.479505 0.181426 0.479505 0.174764 0.481005 0.168634 0.482805 0.167833 0.485802 0.170764 0.488651 0.173963 0.490747 0.176361 0.494047 0.183556 0.496594 0.193417 0.496146 0.198213 0.495995 0.202213 0.496745 0.214204 0.498844 0.212606 0.500492 0.208343 0.501542 0.205144 0.503641 0.198745 0.504990 0.192884 0.506039 0.188088 0.505888 0.179560 0.505289 0.174764 0.503341 0.167833 0.502440 0.164634 0.501992 0.159838 0.501242 0.155574 0.498094 0.148111 0.494346 0.141986 0.491948 0.139051 0.491198 0.134787 0.488201 0.131856 0.483404 0.134523 0.481456 0.133722 0.473659 0.137986 0.472161 0.123329 0.468562 0.109736 0.459120 0.107074
1 0.387005 0.287287 0.389227 0.299491 0.391057 0.301931 0.389620 0.292514 0.385698 0.273569 0.383148 0.259741 0.380729 0.248347 0.379466 0.242722 0.378198 0.243500 0.382055 0.263042 0.385867 0.281880
2 0.429273 0.261148 0.423898 0.264134 0.414380 0.270704 0.408638 0.274088 0.411878 0.276569 0.415008 0.275995 0.416370 0.279421 0.412117 0.282704 0.409711 0.284699 0.409711 0.290690 0.408346 0.293685 0.397513 0.285269 0.393964 0.282569 0.388326 0.285528 0.388844 0.287995 0.393596 0.291065 0.396568 0.294042 0.398240 0.294426 0.399646 0.294231 0.402182 0.292505 0.403263 0.292889 0.403370 0.294042 0.401266 0.296440 0.400672 0.297403 0.398620 0.296440 0.396242 0.295481 0.394622 0.294907 0.392193 0.294329 0.397937 0.313245 0.399242 0.315088 0.406326 0.311102 0.412096 0.306838 0.412318 0.287444 0.411643 0.286870 0.411526 0.285662 0.411924 0.285662 0.412453 0.285796 0.412935 0.286514 0.413016 0.287093 0.413016 0.288597 0.413016 0.293514 0.414214 0.293324 0.414060 0.306347 0.420857 0.302875 0.432279 0.295681 0.441388 0.291310 0.438922 0.276338 0.436904 0.275245 0.435169 0.272676 0.434302 0.270106 0.434013 0.266894 0.433578 0.265352 0.432062 0.263681
7 0.473703 0.279556 0.473703 0.281935 0.472365 0.290111 0.470943 0.292491 0.472893 0.296204 0.473411 0.295815 0.474349 0.296139 0.475260 0.296417 0.476224 0.296741 0.476484 0.296787 0.479935 0.293681 0.485789 0.288181 0.488969 0.285500 0.493318 0.282824 0.496643 0.281046 0.494039 0.274352 0.492667 0.274472 0.488698 0.276537 0.479891 0.276880
6 0.501396 0.489088 0.499596 0.503486 0.499344 0.505866 0.497234 0.523838 0.493557 0.518333 0.495810 0.503417 0.496370 0.500032 0.497526 0.487194 0.499654 0.485644
1 0.358432 0.263296 0.368638 0.272370 0.374703 0.277519 0.377172 0.278856 0.379846 0.281588 0.387005 0.287287 0.387122 0.289769 0.377672 0.283370 0.367719 0.275639 0.362365 0.269991 0.359721 0.265231
3 0.583609 0.334912 0.585221 0.345375 0.577190 0.334968 0.573737 0.330611 0.569906 0.319685 0.568740 0.316806 0.570490 0.320028 0.572115 0.322917 0.574549 0.325139 0.576487 0.329801 0.577174 0.330912 0.578737 0.331023 0.582672 0.334579
3 0.564820 0.315486 0.562393 0.319204 0.560555 0.322625 0.558294 0.325745 0.560198 0.338014 0.569036 0.343250 0.571937 0.334787 0.565365 0.315278
6 0.471469 0.314690 0.481924 0.320338 0.487026 0.322866 0.489367 0.326880 0.491208 0.328370 0.492422 0.329116 0.491516 0.331426 0.489953 0.335208 0.487612 0.331491 0.481255 0.327329 0.474229 0.323907 0.472055 0.322569 0.471701 0.316208
6 0.463867 0.299713 0.451193 0.327315 0.445487 0.338801 0.437781 0.345352 0.436583 0.342468 0.438091 0.339444 0.444680 0.325852 0.445297 0.324634 0.445677 0.323958 0.449070 0.316051 0.453266 0.316153 0.453451 0.315037 0.452831 0.311468 0.454836 0.312037 0.456589 0.309694 0.457151 0.307352 0.457656 0.305458 0.460039 0.295088
6 0.603708 0.382537 0.603708 0.390625 0.606323 0.399398 0.613096 0.412130 0.624807 0.428472 0.637096 0.448602 0.638839 0.454625 0.647742 0.470968 0.665841 0.505037 0.679872 0.533421 0.685487 0.565769 0.694583 0.616694 0.697292 0.632352 0.699432 0.628255 0.691437 0.579551 0.684643 0.543060 0.681393 0.524940 0.670979 0.504620 0.657247 0.479574 0.643581 0.453352 0.641122 0.447949 0.639971 0.442167 0.632094 0.430606 0.619727 0.412491 0.610620 0.401565 0.606719 0.388574 0.604841 0.383310
6 0.522482 0.503468 0.519599 0.508407 0.525214 0.515977 0.525523 0.519102 0.527365 0.522222 0.527198 0.528764 0.529523 0.529750 0.530065 0.530394 0.531406 0.530773 0.538279 0.542644 0.542536 0.550389 0.543987 0.554343 0.557633 0.577056 0.568956 0.597875 0.580667 0.615079 0.596055 0.642606 0.599732 0.651722 0.602635 0.657056 0.608055 0.664972 0.618313 0.685792 0.630508 0.708843 0.631570 0.711769 0.631570 0.713491 0.631570 0.717620 0.634766 0.730866 0.636701 0.727083 0.638346 0.726222 0.636604 0.721060 0.635443 0.718134 0.634958 0.711079 0.622667 0.682005 0.610667 0.656542 0.609120 0.653616 0.605924 0.650690 0.601667 0.639509 0.587344 0.615593 0.577471 0.600282 0.563247 0.575681 0.550182 0.553139 0.547375 0.545569 0.540214 0.533528
8 0.385023 0.236255 0.385414 0.238343 0.385122 0.239644 0.384583 0.240597 0.383076 0.240685 0.376430 0.244417 0.367979 0.249977 0.359828 0.254662 0.354555 0.257787 0.352146 0.254315 0.360898 0.249366 0.372458 0.242796 0.373630 0.242185 0.376268 0.240537 0.380341 0.237819 0.384146 0.235560
8 0.385068 0.326157 0.393898 0.334199 0.400141 0.340116 0.400070 0.341352 0.400070 0.343694 0.399307 0.345792 0.398682 0.347269 0.397781 0.347884 0.395909 0.346037 0.389599 0.340856 0.388349 0.335065 0.385021 0.330380 0.381552 0.328403 0.378708 0.328898 0.369484 0.319282 0.365948 0.315704 0.358180 0.302389 0.371427 0.313981 0.378154 0.320514 0.379854 0.323065
8 0.348190 0.249796 0.352146 0.254315 0.354555 0.257787 0.359721 0.265231 0.365409 0.275491 0.358466 0.267611 0.351357 0.258838 0.347286 0.254014
8 0.651701 0.591815 0.657315 0.603690 0.660411 0.610606 0.663120 0.616796 0.673089 0.639648 0.678219 0.651347 0.676766 0.654787 0.676185 0.655130 0.669797 0.642398 0.664089 0.630356 0.659055 0.618486 0.660120 0.617278 0.660120 0.613495 0.656635 0.613324 0.648604 0.595810 0.648526 0.593759 0.649156 0.592986
6 0.429552 0.372444 0.424565 0.383495 0.420154 0.393394 0.419773 0.388324 0.419138 0.379875 0.421768 0.377398 0.426456 0.373398 0.430266 0.369181
13 0.592656 0.393977 0.590440 0.393306 0.587536 0.394685 0.583086 0.398468 0.582794 0.403458 0.582313 0.408792 0.581344 0.412574 0.580086 0.416361 0.577375 0.419287 0.576409 0.421866 0.577471 0.429611 0.579214 0.435287 0.584536 0.443546 0.589474 0.447676 0.594021 0.443546 0.605151 0.437009 0.606701 0.434083 0.607859 0.429264 0.607763 0.418944 0.606893 0.412921 0.605924 0.408620 0.604182 0.402597 0.599924 0.396750 0.597117 0.393995 0.595656 0.394324
8 0.358638 0.150713 0.356635 0.149704 0.355089 0.161917 0.352669 0.181875 0.355378 0.182736 0.357701 0.158477
14 0.619409 0.340403 0.621234 0.343745 0.624122 0.350556 0.626005 0.355231 0.627117 0.356315 0.629711 0.355731 0.631615 0.356329 0.633406 0.360111 0.641021 0.377824 0.655352 0.409875 0.660727 0.424009 0.661062 0.428190 0.663078 0.431176 0.665094 0.435356 0.656583 0.447102 0.646729 0.459444 0.643581 0.453352 0.641122 0.447949 0.639971 0.442167 0.632094 0.430606 0.623440 0.410074 0.611906 0.382403 0.612242 0.380213 0.612242 0.377824 0.614495 0.372440 0.615247 0.371398 0.609643 0.360394 0.609143 0.356824 0.609810 0.354296 0.611401 0.353106 0.612242 0.350157 0.616161 0.344185
3 0.479750 0.414611 0.479422 0.420417 0.479049 0.424815 0.477513 0.426921 0.485677 0.425000 0.485659 0.424037 0.486091 0.420681 0.487656 0.416935 0.488521 0.417032 0.487549 0.418662 0.486737 0.420870 0.486359 0.422889 0.486253 0.424903 0.491211 0.423630 0.490935 0.422514 0.491729 0.420986 0.492380 0.420458 0.491922 0.418472 0.491328 0.417319 0.491273 0.415685 0.488729 0.415546 0.487602 0.416051 0.482943 0.415398 0.478685 0.413912
11 0.438922 0.276338 0.441742 0.293046 0.443693 0.290861 0.446294 0.290088 0.445789 0.283662 0.445365 0.280000 0.445000 0.277870
11 0.429190 0.302954 0.428109 0.302185 0.426544 0.300556 0.426057 0.299690 0.420857 0.302875 0.419255 0.303722 0.419362 0.307560 0.419849 0.311593 0.420549 0.315167 0.423734 0.321185 0.424320 0.322361 0.424948 0.321060 0.427318 0.319199 0.429932 0.317713 0.430581 0.317394 0.429716 0.310935 0.429125 0.305829
14 0.469911 0.429329 0.466599 0.430551 0.465224 0.431329 0.464536 0.432218 0.464161 0.433662 0.463073 0.433963 0.459648 0.434208 0.462974 0.443463 0.460602 0.448657 0.461680 0.456829 0.462490 0.457403 0.461625 0.460190 0.462424 0.461333 0.468326 0.467949 0.469409 0.438065
14 0.485677 0.425000 0.477513 0.426921 0.470701 0.428829 0.469966 0.446116 0.468977 0.468722 0.471365 0.471986 0.470513 0.468954 0.469547 0.464481 0.469547 0.461384 0.470128 0.459495 0.472451 0.457602 0.472643 0.457773 0.472352 0.458806 0.470609 0.460181 0.470224 0.461213 0.470224 0.463449 0.470513 0.465861 0.471831 0.470458 0.472951 0.468051 0.474273 0.465755 0.475180 0.465074 0.474641 0.466523 0.472263 0.472380 0.474917 0.470829 0.475477 0.466648 0.481341 0.471977 0.486055 0.471310 0.483203 0.465653 0.484995 0.464458 0.487875 0.470648 0.503229 0.468324 0.497513 0.446287 0.495755 0.439977 0.495703 0.440551 0.491383 0.435653 0.487440 0.430375 0.486253 0.427977
14 0.508690 0.259185 0.505234 0.262162 0.501724 0.266866 0.501453 0.268597 0.503073 0.272630 0.500266 0.276565 0.501831 0.280981 0.505341 0.287315 0.504154 0.291444 0.504154 0.296819 0.504531 0.300657 0.505935 0.304787 0.508042 0.307190 0.512846 0.307620 0.515031 0.308954 0.515031 0.313176 0.514156 0.316620 0.513469 0.317398 0.514167 0.323269 0.515758 0.323546 0.516190 0.320088 0.517107 0.319324 0.518081 0.319032 0.523911 0.321338 0.526081 0.321412 0.532102 0.299852 0.533794 0.299546 0.531229 0.294639 0.530797 0.293352 0.529419 0.289560 0.527745 0.286491 0.526815 0.284486 0.523943 0.280708 0.519005 0.272375 0.518667 0.271431 0.515813 0.272954 0.513544 0.268440 0.513253 0.266620 0.511245 0.266949 0.510031 0.266949 0.509893 0.266370 0.512180 0.265542 0.510391 0.262069 0.509336 0.259444
6 0.537036 0.298662 0.539630 0.307139 0.533859 0.324833 0.529344 0.324981 0.526917 0.327213 0.526081 0.321412 0.532102 0.299852 0.534362 0.299255 0.534695 0.300148
14 0.501349 0.320949 0.500349 0.315509 0.500911 0.314731 0.501599 0.313620 0.502786 0.311398 0.503974 0.310065 0.505909 0.308509 0.508221 0.307843 0.509784 0.308620 0.512221 0.317176 0.513469 0.317398 0.514167 0.323269 0.518292 0.323931 0.520539 0.325708 0.522164 0.326486 0.524539 0.342370 0.521914 0.342481 0.518354 0.342037 0.516417 0.341704 0.514667 0.342370 0.511792 0.345259 0.503669 0.355810 0.502794 0.357032 0.501734 0.350593 0.500984 0.338593 0.501089 0.334120 0.503169 0.330597 0.504357 0.329819 0.503982 0.324375 0.505651 0.318681 0.504589 0.317569 0.503839 0.317569 0.502464 0.321565
8 0.418945 0.346866 0.424211 0.369375 0.421031 0.375639 0.420805 0.374435 0.414805 0.347704
5 0.367302 0.166741 0.365326 0.170806 0.363234 0.179134 0.363401 0.183000 0.360721 0.184181 0.355378 0.182736 0.357701 0.158477 0.358638 0.150713 0.358375 0.158958 0.358812 0.163315 0.361177 0.166426 0.363276 0.166583 0.365641 0.165963 0.366339 0.165648
5 0.368393 0.112769 0.371753 0.116551 0.374216 0.121329 0.375560 0.125306 0.372029 0.137954 0.370367 0.139352 0.367914 0.144486 0.363451 0.142153 0.362312 0.142310 0.360299 0.144954 0.359424 0.147134 0.358638 0.150713 0.356635 0.149704 0.355089 0.161917 0.353414 0.175889 0.352638 0.175028 0.351865 0.178639 0.350607 0.179329 0.345961 0.173481 0.349445 0.165222 0.349107 0.164551 0.356375 0.144486 0.363484 0.125454
17 0.556375 0.659296 0.560247 0.660153 0.564021 0.662389 0.564021 0.662389 0.570602 0.668412 0.573409 0.671681 0.577086 0.684931 0.578536 0.700412 0.578536 0.713833 0.577375 0.722606 0.568570 0.695426
5 0.372424 0.099630 0.368393 0.112769 0.371753 0.116551 0.374216 0.121329 0.375560 0.125306 0.372029 0.137954 0.374107 0.137648 0.374107 0.137648 0.377956 0.125306 0.381302 0.115940 0.380633 0.115046 0.379995 0.116310 0.377128 0.113764 0.377497 0.111870 0.376622 0.110657 0.375492 0.109324 0.375247 0.106435 0.374878 0.104644 0.374562 0.103648
5 0.392378 0.095296 0.390419 0.097051 0.385734 0.103894 0.382305 0.111625 0.380633 0.115046 0.381302 0.115940 0.377956 0.125306 0.374107 0.137648 0.375617 0.137329 0.382268 0.138731 0.383979 0.138838 0.386906 0.131995 0.391255 0.125157 0.393263 0.122185 0.391971 0.098000
5 0.349445 0.165222 0.345961 0.173481 0.350607 0.179329 0.351865 0.178639 0.352638 0.175028 0.353414 0.175889 0.352669 0.181875 0.349885 0.181120 0.347352 0.180759 0.345227 0.182380 0.344112 0.187241 0.339961 0.185620 0.344318 0.179287 0.344318 0.173870 0.349107 0.164551
2 0.402135 0.330694 0.401036 0.338625 0.400073 0.339194 0.400141 0.340116 0.393898 0.334199 0.385068 0.326157 0.398495 0.330310
2 0.355458 0.288009 0.357589 0.291273 0.366461 0.302269 0.373708 0.310597 0.375146 0.311486 0.373740 0.305907 0.373201 0.301861 0.373141 0.300051 0.370622 0.292694 0.366906 0.288222 0.360792 0.288116
2 0.342005 0.254509 0.342841 0.275181 0.353297 0.286032 0.356776 0.284704 0.363849 0.285023 0.368344 0.286620 0.371820 0.290352 0.373320 0.293440 0.376378 0.308574 0.378354 0.315819 0.379794 0.318806 0.382190 0.321468 0.387646 0.323597 0.399693 0.327009 0.402354 0.327370 0.402880 0.318764 0.401711 0.317185 0.399242 0.315088 0.397937 0.313245 0.395344 0.310718 0.392836 0.307208 0.393120 0.303981 0.391057 0.301931 0.389227 0.299491 0.388404 0.298657 0.387792 0.299329 0.387424 0.300991 0.381260 0.293856 0.370945 0.281898 0.365409 0.275491 0.358466 0.267611 0.351357 0.258838 0.347286 0.254014 0.344674 0.251537 0.342758 0.252694
10 0.504909 0.515352 0.504424 0.517176 0.502156 0.521884 0.500372 0.525148 0.500104 0.528602 0.512091 0.547130 0.514568 0.551074 0.514276 0.548667 0.515245 0.545741 0.516891 0.545398 0.520180 0.545227 0.520664 0.541611 0.516742 0.525792 0.505198 0.513745
14 0.430266 0.369181 0.429552 0.372444 0.431005 0.377273 0.431174 0.379782 0.429479 0.381894 0.428461 0.384806 0.427841 0.386111 0.427964 0.389278 0.428612 0.390694 0.433831 0.415444 0.435875 0.424333 0.437893 0.420894 0.438971 0.417630 0.440130 0.419556 0.442875 0.417116 0.446419 0.413903 0.453576 0.414676 0.459648 0.434208 0.463073 0.433963 0.460245 0.417477 0.455990 0.414301 0.459026 0.412116 0.458016 0.408009 0.456857 0.404532 0.453893 0.410574 0.452302 0.409032 0.455411 0.402991 0.441279 0.404954 0.442341 0.399620 0.446503 0.392394 0.444760 0.392222 0.444664 0.387921 0.449794 0.386370 0.451633 0.383102 0.447099 0.370477 0.442182 0.369449 0.439732 0.361630 0.437263 0.361736 0.437263 0.361736
5 0.408174 0.113481 0.404529 0.120681 0.403516 0.124824 0.402807 0.130764 0.403112 0.136523 0.404630 0.142829 0.408781 0.136167 0.419414 0.119241 0.420833 0.116722 0.422250 0.119782 0.421643 0.122125 0.420833 0.124282 0.417794 0.128602 0.417716 0.130981 0.419477 0.132069 0.420615 0.134093 0.426302 0.125366 0.427516 0.123023 0.422047 0.112403 0.420023 0.109162 0.416581 0.108079 0.414250 0.108079 0.411719 0.109162
2 0.591076 0.633634 0.586672 0.673713 0.584685 0.686801 0.582594 0.705093 0.579833 0.731264 0.578060 0.724718 0.580570 0.700185 0.582159 0.683977 0.583820 0.671639 0.587318 0.645384 0.589391 0.631102
2 0.582914 0.619588 0.582396 0.643079 0.581490 0.652755 0.580581 0.658051 0.579026 0.665421 0.575232 0.678551 0.574143 0.674542 0.579078 0.651347 0.580167 0.628894 0.580667 0.615079
2 0.581656 0.575708 0.580638 0.605273 0.583260 0.609157 0.583760 0.598273 0.584260 0.583722 0.584510 0.577060 0.583859 0.575481
2 0.562810 0.553366 0.562909 0.558009 0.580521 0.559731 0.581102 0.556458 0.572294 0.554569
8 0.564323 0.312083 0.574531 0.342565 0.577857 0.349759 0.580242 0.351046 0.579375 0.347958 0.573737 0.330611 0.569906 0.319685 0.568740 0.316806
2 0.599690 0.568273 0.598688 0.576153 0.598688 0.576153 0.596094 0.594889 0.595091 0.602028 0.591828 0.606194 0.595174 0.585819 0.596945 0.571796
8 0.396992 0.231894 0.407615 0.264310 0.409120 0.263713 0.404102 0.248843 0.397745 0.230407
1 0.511417 0.438440 0.510823 0.439301 0.506880 0.434505 0.500495 0.426852 0.495109 0.421255 0.491922 0.418472 0.491328 0.417319 0.491273 0.415685 0.494135 0.418662 0.503424 0.429417 0.509310 0.435944
7 0.641172 0.602296 0.642365 0.602759 0.643544 0.602083 0.644932 0.599472 0.645141 0.594134 0.643716 0.591602 0.642680 0.585616 0.642680 0.581236 0.642680 0.577324 0.639451 0.582634 0.631299 0.595412 0.631880 0.598338 0.634591 0.599542 0.635849 0.599370 0.637880 0.599884
1 0.473909 0.474014 0.472740 0.474116 0.474648 0.478931 0.491781 0.499037 0.495810 0.503417 0.496370 0.500032 0.490034 0.493722 0.475141 0.476403
1 0.505466 0.478431 0.513273 0.512102 0.516156 0.521926 0.516742 0.525792 0.520664 0.541611 0.522503 0.539546 0.520505 0.529657 0.519083 0.525343 0.512984 0.499509 0.506839 0.474319 0.500622 0.448870 0.495273 0.429324 0.493682 0.423810 0.493536 0.422384 0.493320 0.420856 0.492380 0.420458 0.491729 0.420986 0.490935 0.422514 0.497513 0.446287 0.503659 0.469819
1 0.527081 0.473153 0.527273 0.512037 0.525919 0.509991 0.525339 0.485903 0.525919 0.485370 0.526112 0.481931 0.525435 0.481069 0.525630 0.472810
2 0.554779 0.515685 0.551682 0.526694 0.547703 0.528745 0.544510 0.531843 0.540214 0.533528 0.537021 0.527847 0.541083 0.526472 0.548344 0.522000 0.549794 0.520449 0.548924 0.514602 0.549698 0.514431 0.550568 0.518731 0.552310 0.517352
1 0.485008 0.384009 0.493229 0.386231 0.498852 0.388009 0.498852 0.392898 0.494789 0.392009 0.491854 0.390898 0.485917 0.390454 0.484794 0.390231 0.485659 0.387995
14 0.435211 0.354125 0.428086 0.358731 0.426789 0.361032 0.428992 0.368176 0.436951 0.359958 0.437932 0.359056 0.436557 0.356083
4 0.601505 0.521375 0.602201 0.515338 0.604208 0.511472 0.608724 0.507606 0.612823 0.506565 0.616503 0.506565 0.620435 0.507458 0.622776 0.508796 0.627667 0.512847 0.631474 0.517866 0.635240 0.526343 0.634068 0.527977 0.632896 0.529463 0.632563 0.531991 0.632060 0.533477 0.623695 0.546565 0.601362 0.580764 0.598688 0.576153 0.599690 0.568273 0.603872 0.562324 0.609643 0.550282 0.610036 0.546949
8 0.414805 0.347704 0.420805 0.374435 0.421167 0.376750 0.419036 0.378750 0.418729 0.375056 0.416885 0.376343 0.416255 0.375958 0.414042 0.356375 0.413432 0.347958
11 0.496344 0.266556 0.496344 0.270861 0.494505 0.273954 0.492667 0.274472 0.488698 0.276537 0.479891 0.276880 0.474956 0.276708 0.470891 0.273782 0.468471 0.272236 0.466794 0.270079 0.465471 0.262431 0.467891 0.259505 0.471667 0.264667 0.475536 0.267417 0.483859 0.268106 0.489667 0.265699 0.494117 0.264148 0.495474 0.264319
8 0.414214 0.293324 0.414026 0.313986 0.413419 0.328819 0.412529 0.328824 0.412529 0.328824 0.412734 0.309102 0.413016 0.296699 0.413016 0.293514
6 0.394141 0.356736 0.407055 0.368866 0.409536 0.377204 0.402323 0.371042 0.396221 0.364014 0.392685 0.359329
8 0.400070 0.343694 0.407055 0.368866 0.413635 0.391120 0.414518 0.390264 0.414919 0.389694 0.414357 0.386699 0.408578 0.366870 0.403766 0.350606 0.401276 0.342046 0.401036 0.338625 0.400073 0.339194 0.400154 0.340620
6 0.367573 0.241255 0.354857 0.251903 0.352146 0.254315 0.348190 0.249796 0.347286 0.254014 0.344292 0.248690 0.357628 0.238241 0.363898 0.232917 0.367573 0.237236 0.367177 0.238847
14 0.394299 0.141028 0.391721 0.139819 0.382268 0.138731 0.375617 0.137329 0.372029 0.137954 0.370367 0.139352 0.367914 0.144486 0.363451 0.142153 0.362312 0.142310 0.360299 0.144954 0.359424 0.147134 0.358638 0.150713 0.358375 0.158958 0.358812 0.163315 0.361177 0.166426 0.363276 0.166583 0.365641 0.165963 0.366339 0.165648 0.367302 0.166741 0.368003 0.170472 0.370190 0.174676 0.371940 0.176699 0.375005 0.175764 0.376544 0.174977 0.378557 0.169995 0.379784 0.169370 0.381094 0.169843 0.381620 0.168287 0.382846 0.166880 0.383896 0.166106 0.383089 0.163403 0.383539 0.161898 0.384669 0.160088 0.385745 0.158782 0.389135 0.155671 0.391224 0.154444 0.390174 0.152681 0.392865 0.153157 0.396198 0.150245 0.398513 0.148134 0.403313 0.144806 0.400680 0.142468 0.398148 0.140667
14 0.393997 0.082338 0.392378 0.086296 0.392073 0.089176 0.392174 0.092778 0.392378 0.095296 0.391971 0.098000 0.394299 0.141028 0.398148 0.140667 0.400680 0.142468 0.403313 0.144806 0.404630 0.142829 0.403112 0.136523 0.402807 0.130764 0.403516 0.124824 0.404529 0.120681 0.408174 0.113481 0.411719 0.109162 0.413289 0.108458 0.412721 0.090977 0.412388 0.088060 0.412042 0.086764 0.409055 0.080931 0.406453 0.077926 0.404305 0.076505 0.401307 0.076505 0.398089 0.078125 0.396164 0.079616
14 0.375930 0.189130 0.360721 0.184181 0.349885 0.181120 0.347352 0.180759 0.345227 0.182380 0.344112 0.187241 0.339961 0.185620 0.333073 0.183639 0.332466 0.198403 0.331758 0.207944 0.341784 0.211546 0.346138 0.212444 0.346846 0.208125 0.352010 0.213884 0.352518 0.212986 0.355758 0.215866 0.354948 0.217306 0.359404 0.223426 0.362036 0.224685 0.380367 0.230810 0.386138 0.232250 0.387859 0.230088 0.391404 0.232250 0.392518 0.226125 0.392721 0.222528 0.393531 0.218926 0.394240 0.214963 0.394086 0.212639 0.394172 0.208282 0.394346 0.197546 0.392909 0.196134 0.390721 0.195819 0.389320 0.193338 0.380307 0.190227
14 0.692961 0.609449 0.684177 0.608556 0.680414 0.608704 0.677570 0.609005 0.675219 0.609917 0.668956 0.617329 0.667365 0.621194 0.666445 0.624319 0.673089 0.639648 0.678219 0.651347 0.679578 0.653907 0.681333 0.653907 0.685099 0.651829 0.696307 0.634134 0.697292 0.632352 0.694583 0.616694
14 0.696307 0.608704 0.700154 0.609005 0.701326 0.609894 0.703411 0.622315 0.699432 0.628255
14 0.391237 0.162690 0.391016 0.167407 0.388096 0.166421 0.385792 0.169310 0.383622 0.173894 0.385792 0.178231 0.392208 0.186648 0.392909 0.196134 0.390721 0.195819 0.389320 0.193338 0.380307 0.190227 0.375930 0.189130 0.375495 0.179176 0.376544 0.174977 0.378557 0.169995 0.379784 0.169370 0.381094 0.169843 0.381620 0.168287 0.382846 0.166880 0.383896 0.166106 0.385557 0.165481 0.388445 0.163778
14 0.691630 0.552333 0.699018 0.594458 0.696992 0.596255 0.694029 0.595356 0.691437 0.579551 0.686862 0.555009 0.689706 0.555009
14 0.683417 0.554296 0.685487 0.565769 0.691393 0.598972 0.684138 0.598051 0.671440 0.601505 0.660427 0.603579 0.658227 0.602657 0.656930 0.598972 0.656023 0.594829 0.653044 0.591144 0.649156 0.592986 0.645141 0.594134 0.643716 0.591602 0.642680 0.585616 0.642680 0.581236 0.642680 0.577324 0.646263 0.571250 0.651701 0.571250 0.653622 0.565597 0.657052 0.560245 0.660016 0.559296 0.662331 0.558139
14 0.650378 0.529019 0.655229 0.528569 0.657487 0.529463 0.660583 0.530208 0.663344 0.532884 0.680992 0.551324 0.683417 0.554296 0.662331 0.558139 0.649245 0.538602 0.647836 0.535468 0.646112 0.533032 0.648956 0.531250
6 0.533859 0.324833 0.535956 0.330167 0.536771 0.333287 0.537448 0.335556 0.536927 0.337361 0.536406 0.339306 0.535956 0.341005 0.535760 0.343412 0.535859 0.345648 0.536826 0.348574 0.543794 0.358898 0.540214 0.362681 0.539341 0.363542 0.539052 0.367329 0.538760 0.369394 0.537406 0.371111 0.533148 0.354940 0.532443 0.349389 0.529682 0.340023 0.528427 0.340616 0.526917 0.327213 0.529344 0.324981
14 0.516406 0.467861 0.515471 0.470310 0.522482 0.503468 0.523206 0.503468 0.525919 0.509991 0.525339 0.485903 0.523375 0.480708 0.518133 0.467958 0.517432 0.467384
14 0.530018 0.472306 0.534919 0.471894 0.540846 0.472306 0.542667 0.472722 0.543599 0.474630 0.543927 0.475542 0.546867 0.474630 0.549013 0.475046 0.548594 0.477532 0.544813 0.483593 0.543740 0.486579 0.543693 0.488153 0.543927 0.489398 0.551253 0.495375 0.549526 0.507819 0.548406 0.513296 0.547615 0.515782 0.546820 0.517111 0.545000 0.517194 0.544159 0.516282 0.543086 0.515782 0.540799 0.516861 0.530206 0.516861 0.527273 0.512037 0.527172 0.475046 0.529552 0.474880
14 0.595128 0.356662 0.597148 0.361282 0.598828 0.369843 0.597036 0.373028 0.595805 0.377208 0.595805 0.379995 0.604182 0.402597 0.605924 0.408620 0.612826 0.428171 0.615737 0.427972 0.617193 0.428968 0.620773 0.427176 0.624807 0.428472 0.613096 0.412130 0.606323 0.399398 0.603708 0.390625 0.603708 0.382537 0.604841 0.383310 0.606719 0.388574 0.610620 0.401565 0.619727 0.412491 0.632094 0.430606 0.623440 0.410074 0.611906 0.382403 0.612242 0.380213 0.612242 0.377824 0.614495 0.372440 0.610648 0.376750 0.607971 0.371250 0.604792 0.361287 0.603622 0.357718 0.598021 0.343551 0.595128 0.346250 0.593466 0.348565 0.593393 0.350620
1 0.577742 0.617000 0.573813 0.624287 0.569544 0.630981 0.568292 0.634551 0.567036 0.636185 0.565865 0.637968 0.565365 0.638713 0.567117 0.640370 0.564602 0.642435 0.563690 0.642727 0.562182 0.647940 0.562911 0.648273 0.568802 0.638384 0.572849 0.630042 0.579164 0.619292 0.579758 0.616884
14 0.493320 0.420856 0.495109 0.421255 0.498958 0.425231 0.505617 0.443250 0.502440 0.448898 0.509021 0.466120 0.505258 0.467755 0.500622 0.448870 0.495273 0.429324 0.493682 0.423810 0.493536 0.422384
14 0.507302 0.439222 0.510823 0.439301 0.518435 0.440634 0.518578 0.442819 0.518578 0.446676 0.518578 0.450014 0.518219 0.452199 0.516951 0.456347 0.513029 0.446310 0.511346 0.442579 0.510318 0.444083 0.508544 0.443412
14 0.457214 0.225093 0.458417 0.219875 0.460341 0.217347 0.462935 0.215116 0.464440 0.215116 0.466448 0.216898 0.467870 0.218833 0.470060 0.222935 0.466943 0.242699 0.466195 0.248273 0.465695 0.243519 0.464523 0.240245 0.462852 0.238463 0.460570 0.236917
14 0.548234 0.348602 0.553083 0.356931 0.550492 0.362727 0.549487 0.364218 0.543794 0.358898 0.540214 0.362681 0.539341 0.363542 0.539052 0.367329 0.538760 0.369394 0.542505 0.376213 0.542841 0.379796 0.541945 0.384176 0.541721 0.386565 0.544297 0.390944 0.542617 0.392736 0.544409 0.397912 0.545641 0.395880 0.548664 0.398468 0.547320 0.401852 0.550456 0.405435 0.561427 0.421958 0.567026 0.429125 0.571841 0.425981 0.574753 0.423593 0.576409 0.421866 0.577375 0.419287 0.580086 0.416361 0.581344 0.412574 0.582313 0.408792 0.582794 0.403458 0.583086 0.398468 0.579008 0.392736 0.578560 0.388755 0.577328 0.386366 0.575333 0.382801 0.572240 0.377597 0.565380 0.363028 0.562870 0.359310 0.560279 0.357972 0.558604 0.357972 0.557352 0.355593 0.555760 0.354995 0.554674 0.349347 0.553169 0.347412 0.551328 0.346667 0.548987 0.347708
14 0.657797 0.489824 0.654120 0.499116 0.659328 0.504333 0.661104 0.507875 0.661586 0.509833 0.662505 0.512514 0.663344 0.515042 0.663594 0.516676 0.661586 0.520394 0.655313 0.519352 0.655229 0.522028 0.656065 0.525597 0.663344 0.532884 0.680992 0.551324 0.683417 0.554296 0.679872 0.533421 0.665841 0.505037
14 0.499602 0.420333 0.500388 0.419144 0.501576 0.418921 0.505823 0.418699 0.508362 0.417380 0.509669 0.416884 0.511583 0.417546 0.512891 0.418208 0.514010 0.419787 0.515503 0.423602 0.515878 0.424435 0.523531 0.422111 0.525023 0.428417 0.517792 0.431153 0.517206 0.432009 0.512508 0.432009 0.505349 0.431370 0.503424 0.429417
6 0.622299 0.485231 0.610552 0.494898 0.608990 0.496449 0.610240 0.502894 0.616049 0.497449 0.614677 0.495454 0.615674 0.492343 0.618487 0.495676 0.629797 0.484454 0.646417 0.468681 0.643729 0.463796 0.634044 0.474014 0.631109 0.477903 0.630797 0.481014 0.630047 0.482676 0.626672 0.483454 0.625297 0.483454
14 0.623695 0.546565 0.601362 0.580764 0.599182 0.583917 0.598388 0.586361 0.597883 0.588801 0.597810 0.593301 0.598315 0.596255 0.598823 0.597028 0.589930 0.608852 0.590365 0.613222 0.593182 0.620546 0.594919 0.620546 0.596148 0.616690 0.598315 0.621574 0.599690 0.625944 0.599617 0.627616 0.599255 0.628769 0.600411 0.628769 0.601786 0.627227 0.603667 0.624528 0.608508 0.618875 0.612919 0.620931 0.614076 0.620162 0.616607 0.618231 0.626870 0.602037 0.639451 0.582634 0.649208 0.566569 0.651016 0.564769 0.651451 0.562454 0.654487 0.559884 0.652497 0.547856 0.649245 0.538602 0.647836 0.535468 0.646112 0.533032 0.644523 0.530356 0.641513 0.527681 0.639086 0.526194 0.637497 0.525829 0.635240 0.526343 0.634068 0.527977 0.632896 0.529463 0.632563 0.531991 0.632060 0.533477
14 0.617193 0.428968 0.605151 0.437009 0.593536 0.443546 0.589474 0.447676 0.587247 0.451116 0.586086 0.454898 0.585409 0.456792 0.582698 0.459546 0.581536 0.461440 0.579698 0.464708 0.579313 0.468662 0.579794 0.472449 0.582698 0.483806 0.585794 0.486556 0.588505 0.486731 0.591990 0.485523 0.596055 0.488792 0.599247 0.488620 0.604279 0.486384 0.611828 0.481222 0.620443 0.474514 0.627505 0.467287 0.627221 0.465116 0.629414 0.461630 0.630208 0.461880 0.630990 0.465394 0.637378 0.457824 0.638839 0.454625 0.637096 0.448602 0.624807 0.428472 0.620773 0.427176
14 0.682010 0.500884 0.691630 0.552333 0.689706 0.555009 0.686862 0.555009 0.684643 0.543060 0.681393 0.524940 0.670979 0.504620 0.660073 0.484625 0.661771 0.481852 0.663443 0.482296 0.670049 0.488542
3 0.506284 0.471796 0.510888 0.470907 0.513062 0.470611 0.515471 0.470310 0.522482 0.503468 0.519599 0.508407 0.525214 0.515977 0.525523 0.519102 0.521070 0.520968 0.525474 0.525972 0.525523 0.531741 0.519083 0.525343
3 0.499344 0.505866 0.497234 0.523838 0.500104 0.528602 0.500372 0.525148 0.502156 0.521884 0.504424 0.517176 0.504909 0.515352 0.505198 0.513745
3 0.486674 0.477000 0.488578 0.476403 0.490370 0.476005 0.504182 0.472523 0.505466 0.478431 0.513273 0.512102 0.516156 0.521926 0.511305 0.516421 0.499596 0.503486 0.501396 0.489088 0.499654 0.485644 0.497526 0.487194 0.496370 0.500032 0.490034 0.493722
1 0.616049 0.497449 0.614677 0.495454 0.615674 0.492343 0.618487 0.495676 0.620732 0.498324 0.630409 0.510815 0.632539 0.515116 0.635909 0.519500 0.639253 0.523963 0.639086 0.526194 0.637497 0.525829 0.627667 0.512847 0.619641 0.501537
4 0.600919 0.526727 0.599081 0.548139 0.607628 0.547181
1 0.453529 0.333014 0.463943 0.379796 0.465130 0.378759 0.465341 0.377486 0.460719 0.357162 0.455008 0.331204
1 0.505651 0.318681 0.501089 0.334120 0.493154 0.361333 0.487844 0.377440 0.485844 0.377329 0.489094 0.367218 0.492484 0.355764 0.493792 0.350704 0.495815 0.343542 0.498779 0.334009 0.502464 0.321565 0.503839 0.317569 0.504589 0.317569
6 0.475477 0.466648 0.486674 0.477000 0.490034 0.493722 0.475141 0.476403 0.473909 0.474014 0.474917 0.470829
3 0.498958 0.425231 0.505617 0.443250 0.502440 0.448898 0.510888 0.470907 0.513062 0.470611 0.512286 0.468569 0.516406 0.467861 0.517432 0.467384 0.518133 0.467958 0.523375 0.480708 0.525339 0.485903 0.525919 0.485370 0.526112 0.481931 0.525435 0.481069 0.521333 0.468319 0.523510 0.468319 0.525630 0.472810 0.527081 0.473153 0.527172 0.475046 0.529552 0.474880 0.530018 0.472306 0.528802 0.469463 0.525440 0.464319 0.523016 0.460750 0.520172 0.458014 0.518398 0.456690 0.516951 0.456347 0.513029 0.446310 0.511346 0.442579 0.510318 0.444083 0.508544 0.443412 0.504529 0.432704 0.503602 0.430477
1 0.471315 0.415755 0.475581 0.412282 0.478417 0.411069 0.479086 0.411815 0.480089 0.411218 0.484104 0.412407 0.488203 0.412259 0.491633 0.410921 0.492641 0.409713 0.493727 0.411125 0.491049 0.413310 0.488729 0.415546 0.487602 0.416051 0.482943 0.415398 0.479750 0.414611 0.478685 0.413912 0.477172 0.415880 0.475146 0.417037 0.472398 0.417940 0.471172 0.418065
7 0.525023 0.544380 0.523956 0.539546 0.522503 0.539546 0.520664 0.541611 0.520180 0.545227 0.516891 0.545398 0.515245 0.545741 0.514276 0.548667 0.514568 0.551074 0.527245 0.570519 0.529279 0.574472 0.530245 0.578259 0.531018 0.580495 0.531214 0.581699 0.539052 0.604926 0.554633 0.652412 0.556375 0.659296 0.560247 0.660153 0.560924 0.653616 0.564021 0.662389 0.564990 0.662046 0.562182 0.652755 0.562182 0.647940 0.561406 0.640713 0.564602 0.642435 0.567117 0.640370 0.562667 0.637273 0.560924 0.630218 0.563440 0.630218 0.564214 0.630218 0.561214 0.625227 0.564021 0.626606 0.562375 0.621273 0.565568 0.620241 0.562859 0.615421 0.566633 0.615593 0.563536 0.610431 0.560633 0.610431 0.559667 0.607509 0.561794 0.607509 0.560052 0.602519 0.562182 0.602347 0.563247 0.603380 0.563536 0.602347 0.561117 0.597699 0.550083 0.584968 0.538664 0.566042
1 0.601211 0.686755 0.608276 0.715139 0.605664 0.719616 0.605260 0.718028 0.604695 0.712958 0.603021 0.707778 0.600844 0.700292 0.599161 0.692931 0.599383 0.688148
1 0.607503 0.724431 0.610279 0.733194 0.613208 0.745537 0.616503 0.758671 0.618922 0.755745 0.613214 0.732690 0.609922 0.721505
1 0.622315 0.609718 0.645401 0.611648 0.655021 0.613134 0.656635 0.613324 0.660120 0.613495 0.660120 0.617278 0.659055 0.618486 0.647911 0.615815 0.631099 0.614028 0.619555 0.613435 0.621932 0.610000
2 0.521625 0.449523 0.523813 0.452088 0.530159 0.463796 0.534919 0.471894 0.530018 0.472306 0.528802 0.469463 0.525440 0.464319 0.523016 0.460750 0.520172 0.458014 0.518398 0.456690 0.519987 0.452588
10 0.563565 0.485403 0.567245 0.486296 0.569003 0.488958 0.570341 0.492690 0.570341 0.495949 0.569419 0.500870 0.567997 0.502653 0.564654 0.504287 0.562135 0.504537 0.559063 0.502361 0.557542 0.499083 0.556958 0.497745 0.558044 0.495366
3 0.448180 0.358653 0.450354 0.361329 0.456125 0.372782 0.460391 0.379769 0.459721 0.381255 0.456956 0.381727 0.452648 0.382898 0.448081 0.370787 0.444151 0.359792
10 0.459339 0.235935 0.457581 0.235935 0.456242 0.236676 0.454062 0.239023 0.452990 0.240972 0.457977 0.248597 0.460427 0.252644 0.462878 0.256847 0.463753 0.256847 0.461654 0.244708
3 0.651443 0.464616 0.662737 0.479102 0.660073 0.484625 0.657247 0.479574 0.650203 0.465958
3 0.647742 0.470968 0.646417 0.468681 0.631570 0.482944 0.638346 0.492236 0.637862 0.493162 0.637862 0.494542 0.636313 0.497639 0.635346 0.499463 0.635247 0.501352 0.633990 0.501009 0.633701 0.501352 0.633893 0.502903 0.630409 0.510815 0.632539 0.515116 0.635055 0.509440 0.636313 0.506171 0.636893 0.504796 0.638151 0.502731 0.640958 0.496019 0.646474 0.503417 0.649669 0.500148 0.653443 0.499977 0.654120 0.499116 0.657797 0.489824
3 0.637862 0.493162 0.621505 0.492991 0.618487 0.495676 0.620732 0.498324 0.627409 0.499014 0.635635 0.498153 0.636313 0.497639 0.637862 0.494542
2 0.642807 0.462542 0.634044 0.474014 0.631109 0.477903 0.630797 0.481014 0.630047 0.482676 0.626672 0.483454 0.625297 0.483454 0.622299 0.485231 0.615904 0.486616 0.628844 0.473250 0.627904 0.469269 0.627221 0.465116 0.629414 0.461630 0.630208 0.461880 0.631560 0.468764 0.637021 0.461796 0.640568 0.457977
3 0.574766 0.481819 0.580617 0.516546 0.581490 0.520676 0.585503 0.544125 0.582826 0.553083 0.585401 0.548903 0.596151 0.549301 0.594023 0.546912 0.588760 0.543130 0.586174 0.526806 0.582826 0.503912 0.579242 0.484606
3 0.559810 0.503986 0.558648 0.510352 0.556906 0.508801 0.554779 0.515685 0.551682 0.526694 0.549456 0.534782 0.546940 0.543556 0.547375 0.545569 0.550182 0.553139 0.551081 0.554671 0.558456 0.544708 0.559763 0.545792 0.558648 0.557560 0.562888 0.555912 0.562810 0.553366 0.565589 0.553431 0.566740 0.550231 0.572294 0.554569 0.581102 0.556458 0.581924 0.555241 0.577880 0.550611 0.569633 0.541356 0.572885 0.531843 0.567844 0.537361 0.565714 0.535472 0.565036 0.533407 0.575992 0.521569 0.574260 0.519125 0.568909 0.513088 0.561755 0.505500
3 0.517503 0.378630 0.519771 0.395333 0.520612 0.401375 0.526255 0.405366 0.526661 0.413759 0.519586 0.406463 0.507328 0.413181 0.507760 0.411588 0.508893 0.407995 0.516885 0.403583 0.511971 0.397630 0.513378 0.392639 0.518128 0.397917 0.516130 0.383421 0.516383 0.382264
3 0.531430 0.365088 0.528771 0.374051 0.527339 0.382699 0.526753 0.382995 0.524185 0.395843 0.524185 0.396977 0.527286 0.401852 0.533583 0.415120 0.536458 0.421120 0.537896 0.421120 0.537896 0.419898 0.540029 0.406889 0.550490 0.428468 0.554576 0.437116 0.556763 0.441560 0.558576 0.441894 0.559201 0.443111 0.557508 0.434579 0.553378 0.425421 0.551911 0.421958 0.542281 0.402051 0.541440 0.399861 0.542438 0.395963 0.542617 0.392736 0.544297 0.390944 0.541721 0.386565 0.541945 0.384176 0.540812 0.384556 0.539852 0.381069 0.538943 0.378505 0.537924 0.376773 0.537982 0.377208 0.533133 0.367616
3 0.528086 0.409681 0.533583 0.415120 0.536458 0.421120 0.537896 0.421120 0.537896 0.419898 0.542768 0.424120 0.549203 0.430894 0.553453 0.435894 0.554576 0.437116 0.556763 0.441560 0.558576 0.441894 0.559201 0.443111 0.558013 0.444556 0.552891 0.439005 0.537771 0.423787 0.529836 0.415787 0.528201 0.414773
3 0.561706 0.454560 0.557430 0.460546 0.553414 0.465843 0.551081 0.470681 0.549013 0.475046 0.548594 0.477532 0.544813 0.483593 0.543740 0.486579 0.543693 0.488153 0.543927 0.489398 0.551253 0.495375 0.557430 0.500856 0.557542 0.499083 0.556958 0.497745 0.558044 0.495366 0.563565 0.485403 0.567245 0.486296 0.569003 0.488958 0.570341 0.492690 0.570341 0.495949 0.569867 0.498093 0.572589 0.496019 0.575049 0.492102 0.574792 0.485421 0.574766 0.481819 0.573883 0.475981 0.563906 0.464921 0.564555 0.455481
3 0.557508 0.434579 0.559201 0.443111 0.561172 0.452824 0.561706 0.454560 0.564555 0.455481 0.565104 0.453056 0.565417 0.447870 0.566276 0.445556 0.567318 0.445509 0.566406 0.436852 0.565286 0.434398 0.560643 0.433704 0.559089 0.432870 0.557734 0.432546
3 0.579708 0.487556 0.582826 0.503912 0.584169 0.512833 0.592458 0.504204 0.589250 0.500153
3 0.573883 0.475981 0.576557 0.479560 0.579013 0.481231 0.582701 0.487014 0.585737 0.490745 0.590508 0.497426 0.591154 0.499315 0.590279 0.493431 0.592214 0.494319 0.586846 0.487009 0.585794 0.486556 0.582698 0.483806 0.581599 0.479681 0.574477 0.469347 0.569479 0.460241 0.568167 0.456907 0.567792 0.454352 0.567318 0.445509 0.566276 0.445556 0.565417 0.447870 0.565104 0.453056 0.564555 0.455481 0.563906 0.464921
3 0.446419 0.413903 0.453576 0.414676 0.459648 0.434208 0.462974 0.443463 0.457479 0.454898 0.450995 0.446005 0.438500 0.429111 0.436724 0.425986 0.438701 0.422685 0.438539 0.422042 0.437893 0.420894 0.438971 0.417630 0.440130 0.419556 0.442875 0.417116
3 0.666940 0.677315 0.664047 0.679690 0.660112 0.684356 0.657799 0.686468 0.655487 0.688690 0.651427 0.692685 0.645367 0.698685 0.642930 0.700907 0.644680 0.704796 0.653365 0.694241 0.656424 0.691023 0.658049 0.688245 0.661734 0.685690
2 0.684138 0.598051 0.685961 0.601144 0.687411 0.603032 0.686443 0.605444 0.675219 0.609917 0.667378 0.615421 0.663120 0.616796 0.660411 0.610606 0.661378 0.608713 0.664378 0.607333 0.670573 0.604065 0.675023 0.602347
3 0.533411 0.548704 0.542536 0.550389 0.543987 0.554343 0.547234 0.559870 0.540161 0.568699 0.538664 0.566042 0.526852 0.547014
3 0.559763 0.545792 0.558648 0.557560 0.558596 0.567648 0.551081 0.554671 0.558456 0.544708
3 0.557633 0.577056 0.557560 0.586995 0.557299 0.590681 0.555875 0.591370 0.550083 0.584968 0.540161 0.568699 0.547234 0.559870
3 0.569594 0.558602 0.570896 0.562069 0.558596 0.567648 0.558648 0.557560 0.562888 0.555912 0.562909 0.558009
3 0.581490 0.520676 0.584247 0.536796 0.578924 0.551764 0.577880 0.550611 0.569633 0.541356 0.572885 0.531843 0.579359 0.524630
5 0.495193 0.325125 0.492443 0.333227 0.491044 0.337241 0.492633 0.339685 0.495815 0.343542 0.498779 0.334009 0.502464 0.321565 0.501297 0.320903 0.500729 0.317639 0.496432 0.317130
5 0.497281 0.276903 0.499279 0.275218 0.500578 0.274833 0.500266 0.276565 0.501831 0.280981 0.505341 0.287315 0.504154 0.291444 0.504154 0.296819 0.504531 0.300657 0.505935 0.304787 0.508042 0.307190 0.497786 0.306176 0.498375 0.288278 0.501049 0.296759 0.501844 0.303829 0.502422 0.303958 0.502711 0.301514 0.502568 0.297657 0.501844 0.294958 0.500398 0.291106 0.498591 0.286222 0.498667 0.282593
5 0.496643 0.281046 0.497146 0.282833 0.497003 0.289782 0.496354 0.306352 0.490547 0.304935 0.488109 0.313153 0.488828 0.316759 0.494818 0.316898 0.494331 0.319463 0.492422 0.329116 0.491208 0.328370 0.489367 0.326880 0.487026 0.322866 0.481924 0.320338 0.471469 0.314690 0.470568 0.302306 0.479935 0.293681 0.485789 0.288181 0.488969 0.285500 0.493318 0.282824
5 0.472719 0.332079 0.473451 0.342431 0.473445 0.348917 0.480706 0.347542 0.484815 0.346384 0.482656 0.343889 0.473745 0.333713
5 0.471622 0.331051 0.472820 0.349245 0.470138 0.349727 0.470000 0.347569 0.469393 0.346074 0.468971 0.346074 0.467667 0.347236 0.467060 0.348231 0.467060 0.350056 0.461380 0.351222 0.461576 0.354245 0.462818 0.354014 0.467240 0.352361 0.468831 0.373481 0.465341 0.377486 0.464464 0.373704 0.466190 0.373704 0.465911 0.372542 0.464138 0.366569 0.461898 0.361426 0.461719 0.361690 0.460719 0.357162 0.455008 0.331204 0.457466 0.328125 0.459854 0.321310 0.462297 0.319870 0.465115 0.323472
5 0.486370 0.348394 0.473648 0.351463 0.473747 0.362338 0.473690 0.367130 0.474526 0.366537 0.475802 0.369023 0.478503 0.369884 0.481474 0.376699 0.482122 0.378431 0.485844 0.377329 0.489094 0.367218 0.487187 0.369134 0.486875 0.369199 0.486630 0.368454 0.486695 0.367833 0.489070 0.366782 0.491211 0.360157 0.488146 0.352481
5 0.471953 0.322639 0.472031 0.324120 0.487240 0.342176 0.489953 0.335208 0.487612 0.331491 0.481255 0.327329
10 0.549253 0.310282 0.550448 0.307935 0.551234 0.306310 0.552344 0.305958 0.553979 0.305380 0.557312 0.328394 0.555133 0.334579 0.548477 0.331060 0.541711 0.327250 0.541711 0.326472 0.541586 0.326028 0.541836 0.324694 0.542711 0.324028 0.543461 0.323139 0.544086 0.324139 0.544766 0.324204 0.544461 0.322917 0.543370 0.319769 0.542523 0.321699 0.541089 0.321588 0.541586 0.320255 0.542648 0.318366 0.540526 0.313144 0.542729 0.312662 0.539469 0.308199 0.539630 0.307139 0.537036 0.298662 0.534695 0.300148 0.534362 0.299255 0.533794 0.299546 0.531229 0.294639 0.530797 0.293352 0.532065 0.290708 0.533823 0.290014 0.538062 0.294370 0.544677 0.303380
5 0.501089 0.334120 0.493154 0.361333 0.493154 0.361333 0.491471 0.366468 0.494086 0.365292 0.495102 0.366222 0.495344 0.365889 0.499104 0.359593 0.499898 0.360106 0.500013 0.359491 0.499141 0.358190 0.499422 0.356116 0.500154 0.351773 0.500854 0.346218 0.501508 0.346630 0.500984 0.338593
2 0.610036 0.546949 0.609643 0.550282 0.603872 0.562324 0.599690 0.568273 0.596945 0.571796 0.595648 0.573639 0.592281 0.574329 0.583859 0.575481 0.581656 0.575708 0.568573 0.576861 0.574273 0.566958 0.578159 0.561431 0.580521 0.559731 0.581102 0.556458 0.581924 0.555241 0.582826 0.553083 0.585401 0.548903 0.596151 0.549301 0.599081 0.548139
3 0.461951 0.310903 0.459854 0.321310 0.457466 0.328125 0.455008 0.331204 0.453529 0.333014 0.446742 0.338116 0.445487 0.338801 0.451193 0.327315 0.459562 0.308972
2 0.643760 0.627662 0.639823 0.631773 0.638138 0.635662 0.628578 0.659986 0.624953 0.668875 0.624891 0.670537 0.625953 0.672759 0.627516 0.671648 0.626766 0.666764 0.627766 0.667431 0.629266 0.666319 0.628141 0.665208 0.627953 0.663875 0.628766 0.663653 0.629578 0.663431 0.630391 0.662431 0.631141 0.660986 0.631701 0.660208 0.631388 0.658097 0.631638 0.657097 0.633013 0.656653 0.634951 0.653213 0.638076 0.649991 0.641448 0.640440 0.643260 0.635106 0.645948 0.640884 0.649570 0.651991 0.650570 0.654769 0.648383 0.656431 0.648695 0.658764 0.648758 0.659542 0.650133 0.662097 0.652320 0.658653 0.653820 0.654991 0.653570 0.652880 0.649195 0.641324 0.645260 0.630551 0.644323 0.627662
2 0.599247 0.488620 0.597495 0.499440 0.594724 0.501912 0.592214 0.494319 0.586846 0.487009 0.588505 0.486731 0.591990 0.485523 0.596055 0.488792
3 0.608276 0.715139 0.605664 0.719616 0.605177 0.720704 0.594805 0.735574 0.593049 0.738699 0.582091 0.738250 0.586315 0.750218 0.594630 0.754847 0.595224 0.748213 0.597398 0.742116 0.602083 0.732750 0.604927 0.728588 0.607503 0.724431 0.609922 0.721505 0.618846 0.707167 0.621016 0.703440 0.621378 0.704083 0.622750 0.701509 0.622750 0.700097 0.624992 0.698296 0.622461 0.693801 0.620437 0.696630 0.615089 0.704852
3 0.660380 0.678870 0.659609 0.680157 0.657799 0.686468 0.656693 0.687551 0.658312 0.681787 0.655883 0.683903 0.654695 0.685148 0.655487 0.688690 0.654857 0.689278 0.654102 0.686495 0.650698 0.689759 0.651427 0.692685 0.649565 0.694653 0.649727 0.691005 0.643948 0.697245 0.641789 0.699741 0.640221 0.697917 0.639682 0.696861 0.641734 0.694366 0.641081 0.691273 0.642221 0.689662 0.643138 0.692731 0.648268 0.687259 0.647674 0.684093 0.647674 0.682366 0.648214 0.681884 0.649078 0.684093 0.649510 0.685819 0.653669 0.681116 0.653076 0.678907 0.656255 0.678870
6 0.637193 0.704829 0.636008 0.704829 0.635508 0.706273 0.634133 0.709051 0.634958 0.711079 0.635443 0.718134 0.636604 0.721060 0.640276 0.722134 0.642898 0.717546 0.643867 0.716755 0.644190 0.715681 0.646490 0.711736
1 0.419036 0.378750 0.428266 0.369514 0.436951 0.359958 0.441326 0.354852 0.442013 0.356630 0.437263 0.361736 0.430266 0.369181 0.426456 0.373398 0.421768 0.377398 0.419138 0.379875
1 0.411557 0.331894 0.413016 0.351093 0.413339 0.357046 0.414677 0.369625 0.415052 0.373287 0.415391 0.376245 0.416255 0.375958 0.414042 0.356375 0.413016 0.343509 0.412206 0.331796
1 0.412318 0.287444 0.412096 0.306838 0.411833 0.328727 0.412529 0.328824 0.412734 0.309102 0.413016 0.296699 0.413016 0.288597 0.413016 0.287093 0.412935 0.286514 0.412453 0.285796 0.411924 0.285662 0.411526 0.285662 0.411643 0.286870
2 0.500878 0.260694 0.498367 0.272741 0.497281 0.276903 0.495349 0.272889 0.496315 0.270843 0.496344 0.266556 0.495474 0.264319 0.494117 0.264148 0.492750 0.264505 0.493141 0.263204 0.494018 0.260546 0.497021 0.254750
1 0.481547 0.499407 0.476612 0.488398 0.472643 0.476528 0.470513 0.468954 0.469547 0.464481 0.469547 0.461384 0.470128 0.459495 0.472451 0.457602 0.472643 0.457773 0.472352 0.458806 0.470609 0.460181 0.470224 0.461213 0.470224 0.463449 0.470513 0.465861 0.472740 0.474116 0.479417 0.491838 0.484255 0.503708
1 0.580120 0.394241 0.585250 0.382722 0.587141 0.377634 0.588760 0.373505 0.589948 0.368222 0.589893 0.365727 0.589464 0.362560 0.588057 0.360736 0.587573 0.363231 0.588437 0.364866 0.588977 0.367843 0.588544 0.369759 0.587573 0.373120 0.586005 0.376481 0.584201 0.381611 0.582026 0.387264 0.580878 0.388287 0.579365 0.392130 0.579008 0.392736
3 0.451633 0.383102 0.449794 0.386370 0.444664 0.387921 0.444760 0.392222 0.446503 0.392394 0.442341 0.399620 0.441279 0.404954 0.456083 0.402889 0.462471 0.388093 0.472148 0.385685 0.472393 0.380463 0.467505 0.381898 0.468763 0.379491 0.468182 0.378801 0.456956 0.381727
1 0.473445 0.348917 0.480706 0.347542 0.485505 0.346199 0.487604 0.341449 0.489125 0.337338 0.489953 0.335208 0.491516 0.331426 0.492422 0.329116 0.494331 0.319463 0.496354 0.306352 0.497003 0.289782 0.497146 0.282833 0.496643 0.281046 0.494039 0.274352 0.494505 0.273954 0.495349 0.272889 0.497281 0.276903 0.498667 0.282593 0.497651 0.309310 0.495193 0.325125 0.492443 0.333227 0.488331 0.345046 0.487247 0.348125 0.482901 0.349417 0.473648 0.351463
2 0.496354 0.306352 0.494766 0.316898 0.488880 0.316852 0.488109 0.313153 0.490547 0.304935
2 0.497786 0.306176 0.512846 0.307620 0.515031 0.308954 0.515031 0.313176 0.514156 0.316620 0.513469 0.317398 0.512221 0.317176 0.509784 0.308620 0.508221 0.307843 0.505909 0.308509 0.503974 0.310065 0.502786 0.311398 0.501599 0.313620 0.500911 0.314731 0.500349 0.315509 0.500729 0.317639 0.496432 0.317130 0.497651 0.309310
2 0.592958 0.331472 0.598021 0.343551 0.603622 0.357718 0.604792 0.361287 0.607971 0.371250 0.610648 0.376750 0.614495 0.372440 0.615247 0.371398 0.609643 0.360394 0.609143 0.356824 0.609810 0.354296 0.611401 0.353106 0.610815 0.349986 0.608474 0.344630 0.607070 0.341856 0.605898 0.340213 0.599755 0.325690
1 0.519005 0.272375 0.523943 0.280708 0.526815 0.284486 0.529628 0.286370 0.532750 0.288926 0.538062 0.294370 0.542685 0.296148 0.550432 0.300810 0.557680 0.306810 0.562930 0.311477 0.564323 0.312083 0.568740 0.316806 0.570490 0.320028 0.572115 0.322917 0.574549 0.325139 0.576487 0.329801 0.577174 0.330912 0.578737 0.331023 0.582672 0.334579 0.583609 0.334912 0.583359 0.333023 0.579737 0.330690 0.577487 0.329468 0.576424 0.326694 0.573549 0.322139 0.571740 0.321028 0.570177 0.317139 0.568115 0.314032 0.560242 0.306588 0.551370 0.299704 0.543747 0.295037 0.539375 0.293815 0.535813 0.290037 0.531628 0.286264 0.528690 0.284264 0.527628 0.283931 0.524565 0.280042 0.523068 0.276597 0.520581 0.272426 0.519693 0.271847 0.518154 0.268194 0.516099 0.265292 0.515352 0.264958 0.514419 0.265208 0.512180 0.265542 0.509893 0.266370 0.510031 0.266949 0.511245 0.266949 0.513253 0.266620 0.515445 0.266037 0.516052 0.266870 0.517266 0.268694 0.518667 0.271431
2 0.437161 0.345926 0.434521 0.348190 0.432227 0.349565 0.431294 0.350727 0.431013 0.351060 0.425320 0.355954 0.421680 0.358611 0.422799 0.363338 0.428086 0.358731 0.435211 0.354125 0.439133 0.350394 0.438482 0.348968
1 0.423083 0.401704 0.425214 0.404972 0.425503 0.406676 0.427943 0.409787 0.438500 0.429111 0.450995 0.446005 0.462424 0.461333 0.468326 0.467949 0.468977 0.468722 0.471365 0.471986 0.472294 0.475218 0.470737 0.474773 0.468492 0.472431 0.457430 0.459116 0.444867 0.442444 0.437492 0.431778 0.427003 0.413898 0.423935 0.408894 0.423315 0.407241 0.422435 0.405125 0.421690 0.404130 0.421505 0.402560 0.422125 0.401787
3 0.453448 0.354343 0.452195 0.365046 0.456125 0.372782 0.456125 0.372782 0.459388 0.369954 0.460224 0.368764 0.459807 0.367574 0.458885 0.367130 0.458802 0.360139 0.457464 0.354787 0.456544 0.351519 0.454203 0.351815
3 0.625599 0.688588 0.631107 0.680236 0.627922 0.673708 0.627516 0.671648 0.626766 0.666764 0.627766 0.667431 0.629266 0.666319 0.628141 0.665208 0.627953 0.663875 0.628766 0.663653 0.629578 0.663431 0.630391 0.662431 0.631141 0.660986 0.631701 0.660208 0.631388 0.658097 0.631638 0.657097 0.633013 0.656653 0.634951 0.653213 0.638076 0.649991 0.639044 0.647208 0.639854 0.646537 0.640503 0.644713 0.641799 0.644810 0.645201 0.651625 0.647362 0.656042 0.648604 0.657676 0.648695 0.658764 0.648758 0.659542 0.650133 0.662097 0.650570 0.662875 0.651820 0.665986 0.655602 0.673602 0.653633 0.675648 0.650695 0.678759 0.646698 0.683403 0.641081 0.691273 0.639133 0.695056 0.637701 0.693819 0.636167 0.691398 0.633622 0.685139 0.627591 0.693444
3 0.505349 0.431370 0.512508 0.432009 0.517206 0.432009 0.522211 0.431995 0.526164 0.433000 0.530279 0.434292 0.531609 0.434648 0.529510 0.429986 0.529107 0.427190 0.529349 0.426759 0.528906 0.423894 0.529229 0.421741 0.530479 0.422171 0.531164 0.424968 0.530841 0.426185 0.532414 0.427407 0.533383 0.427764 0.534513 0.427764 0.534352 0.429556 0.534794 0.430347 0.535966 0.429125 0.536893 0.429199 0.537013 0.431208 0.539516 0.432282 0.540643 0.433861 0.541451 0.435222 0.541854 0.437875 0.542216 0.439884 0.543508 0.447199 0.544516 0.446769 0.546453 0.448273 0.548914 0.446551 0.551253 0.444185 0.552664 0.443111 0.554641 0.444616 0.555286 0.446625 0.555005 0.447843 0.552260 0.449060 0.549841 0.450782 0.549076 0.451431 0.553190 0.454870 0.556013 0.459532 0.555326 0.459532 0.547219 0.452505 0.544758 0.455088 0.544154 0.455731 0.547099 0.458671 0.548591 0.460319 0.549760 0.463977 0.549477 0.465269 0.548065 0.467634 0.545888 0.470218 0.544154 0.471079 0.542216 0.471222 0.538789 0.468495 0.535482 0.463546 0.534029 0.459532 0.533544 0.456736 0.533667 0.454514 0.533948 0.453005 0.534229 0.450426 0.528141 0.445116 0.525961 0.444403 0.524549 0.445764 0.522534 0.447199 0.521846 0.447343 0.521201 0.446194 0.520958 0.443755 0.521362 0.442394 0.521484 0.440528 0.518435 0.440634 0.510823 0.439301 0.511417 0.438440 0.509310 0.435944
3 0.597948 0.319778 0.588766 0.323759 0.582911 0.326718 0.583359 0.333023 0.585221 0.345375 0.586669 0.354093 0.587880 0.355144 0.588716 0.356931 0.588187 0.359491 0.595128 0.356662 0.593393 0.350620 0.593466 0.348565 0.595128 0.346250 0.598021 0.343551 0.592958 0.331472 0.599755 0.325690 0.605898 0.340213 0.607070 0.341856 0.604966 0.327255 0.603151 0.317144 0.601331 0.317556 0.603477 0.312245 0.603990 0.309509 0.603151 0.309995 0.600911 0.312903 0.599560 0.314481 0.598714 0.315972
2 0.654120 0.499116 0.653443 0.499977 0.649669 0.500148 0.646474 0.503417 0.644271 0.504778 0.641094 0.503588 0.640341 0.505671 0.639422 0.509833 0.639029 0.511245 0.636487 0.518176 0.635909 0.519500 0.639253 0.523963 0.639086 0.526194 0.641513 0.527681 0.644523 0.530356 0.646112 0.533032 0.648956 0.531250 0.650378 0.529019 0.652552 0.524852 0.653974 0.521731 0.655313 0.519352 0.661586 0.520394 0.663594 0.516676 0.663344 0.515042 0.662505 0.512514 0.661586 0.509833 0.661167 0.507903 0.659328 0.504333
3 0.622833 0.650847 0.627268 0.653968 0.630195 0.656051 0.628578 0.659986 0.624953 0.668875 0.624891 0.670537 0.625953 0.672759 0.622901 0.671426 0.618089 0.672023 0.616060 0.667944 0.618484 0.664380 0.620911 0.664824 0.621747 0.663931 0.622081 0.659620 0.622081 0.656644
3 0.545641 0.395880 0.542281 0.402051 0.551911 0.421958 0.560643 0.433704 0.566914 0.434500 0.567026 0.429125 0.561427 0.421958 0.550456 0.405435 0.547320 0.401852 0.548664 0.398468
8 0.603513 0.499667 0.601505 0.521375 0.600878 0.526671 0.600440 0.530713 0.598253 0.532269 0.596503 0.531806 0.595190 0.528690 0.595451 0.524648 0.597156 0.510667 0.597951 0.505657 0.601953 0.501269
2 0.539469 0.308199 0.542729 0.312662 0.540526 0.313144 0.542648 0.318366 0.541586 0.320255 0.541089 0.321588 0.542523 0.321699 0.543398 0.319810 0.544461 0.322917 0.544773 0.324250 0.544086 0.324139 0.543461 0.323139 0.542711 0.324028 0.541836 0.324694 0.541586 0.326028 0.541711 0.326472 0.541711 0.327250 0.540401 0.326028 0.539214 0.324361 0.538651 0.323694 0.538589 0.321699 0.538526 0.320921 0.536776 0.321921 0.535964 0.318144 0.538464 0.310699 0.539630 0.307139
3 0.575049 0.492102 0.571846 0.500028 0.569570 0.504074 0.568258 0.507032 0.567031 0.510921 0.568909 0.513088 0.574260 0.519125 0.575992 0.521569 0.580617 0.516546 0.577802 0.514981 0.575479 0.493819
10 0.581315 0.585977 0.580638 0.605273 0.577471 0.600282 0.571578 0.590167 0.574701 0.588056 0.576951 0.586056 0.579638 0.585944
10 0.593344 0.579472 0.586404 0.582301 0.584260 0.583722 0.584219 0.586157 0.584219 0.586157 0.588010 0.597167 0.589438 0.600162 0.593031 0.599032 0.595174 0.585819 0.595716 0.581269 0.595065 0.580556
2 0.584169 0.512833 0.594724 0.501912 0.608242 0.488162 0.622193 0.474796 0.627904 0.469269 0.628844 0.473250 0.615904 0.486616 0.601953 0.501269 0.590531 0.513477 0.585180 0.519134
2 0.472180 0.323727 0.480227 0.333616 0.487299 0.342352 0.485505 0.346199 0.484815 0.346384 0.482656 0.343889 0.473745 0.333713 0.472719 0.332079
2 0.587880 0.355144 0.588716 0.356931 0.584201 0.381611 0.582026 0.387264 0.575333 0.382801 0.572240 0.377597 0.565380 0.363028 0.562870 0.359310 0.560279 0.357972 0.558604 0.357972 0.557352 0.355593 0.555760 0.354995 0.554674 0.349347 0.553169 0.347412 0.551328 0.346667 0.548987 0.347708 0.548234 0.348602 0.553083 0.356931 0.550492 0.362727 0.549487 0.364218 0.543794 0.358898 0.536826 0.348574 0.535859 0.345648 0.535760 0.343412 0.535956 0.341005 0.538365 0.332097 0.541711 0.327250 0.555133 0.334579 0.559039 0.337884 0.560198 0.338014 0.570943 0.344347 0.577122 0.348347 0.577857 0.349759 0.580242 0.351046 0.581440 0.351352
2 0.580617 0.516546 0.565036 0.533407 0.565714 0.535472 0.567844 0.537361 0.579359 0.524630 0.581490 0.520676
10 0.553206 0.284935 0.551104 0.288833 0.550031 0.291653 0.549565 0.293481 0.549190 0.296051 0.549190 0.297630 0.549190 0.298292 0.551370 0.299704 0.554029 0.301639 0.554029 0.301639 0.554391 0.297838 0.556125 0.295116 0.562096 0.291958 0.565281 0.290667 0.565807 0.291384 0.566693 0.288005 0.567018 0.284519 0.566693 0.282611 0.565760 0.280870 0.564779 0.278875 0.563193 0.277384 0.561185 0.277384 0.558617 0.278958 0.556565 0.280704
3 0.605615 0.622259 0.610365 0.626866 0.611461 0.627931 0.613010 0.629648 0.612911 0.632231 0.612911 0.632921 0.615526 0.631713 0.620573 0.636852 0.620302 0.640116 0.622245 0.641458 0.623271 0.643282 0.623219 0.645875 0.622833 0.650847 0.622081 0.656644 0.622081 0.659620 0.621747 0.663931 0.620911 0.664824 0.618484 0.664380 0.616060 0.667944 0.610667 0.656542 0.609120 0.653616 0.605924 0.650690 0.601667 0.639509 0.592276 0.623894 0.593141 0.623602 0.595245 0.625042 0.596219 0.626292 0.599297 0.625333 0.599690 0.625944 0.599617 0.627616 0.599255 0.628769 0.600411 0.628769 0.601786 0.627227 0.603667 0.624528
2 0.569398 0.427486 0.574893 0.436356 0.577857 0.440852 0.579375 0.443296 0.579810 0.446250 0.581833 0.447537 0.586823 0.452162 0.586086 0.454898 0.585409 0.456792 0.582698 0.459546 0.581536 0.461440 0.579698 0.464708 0.579313 0.468662 0.579794 0.472449 0.581599 0.479681 0.574477 0.469347 0.569479 0.460241 0.568167 0.456907 0.567792 0.454352 0.567318 0.445509 0.566654 0.439440
10 0.582437 0.641259 0.585190 0.644329 0.583896 0.648556 0.585732 0.651912 0.584758 0.656236 0.583354 0.662185 0.582544 0.665352 0.580440 0.669097 0.578820 0.666986 0.579026 0.665421 0.580581 0.658051 0.581490 0.652755 0.582396 0.643079
2 0.649784 0.616403 0.641945 0.618125 0.628880 0.618296 0.617073 0.620361 0.616396 0.621907 0.614076 0.620162 0.612919 0.620931 0.610396 0.619843 0.610396 0.625005 0.611461 0.627931 0.613010 0.629648 0.612911 0.632231 0.612911 0.632921 0.615526 0.631713 0.627622 0.629477 0.633526 0.627412 0.634784 0.629648 0.637107 0.626727 0.647076 0.626380 0.653753 0.623282 0.660526 0.621736 0.659055 0.618486
2 0.641172 0.602296 0.640591 0.604875 0.638945 0.609519 0.637784 0.610727 0.629076 0.610037 0.627622 0.607282 0.627234 0.604704 0.626870 0.602037 0.631299 0.595412 0.631880 0.598338 0.634591 0.599542 0.635849 0.599370 0.637880 0.599884
3 0.644932 0.599472 0.645352 0.605269 0.645401 0.611648 0.655021 0.613134 0.656635 0.613324 0.648604 0.595810 0.648526 0.593759 0.645141 0.594134
3 0.620914 0.691139 0.620437 0.696630 0.618875 0.694343 0.616823 0.691306 0.608073 0.678907 0.608049 0.673014 0.608352 0.668579 0.608805 0.666426 0.612359 0.673417
3 0.557560 0.586995 0.560734 0.589630 0.567214 0.596542 0.568956 0.597875 0.580667 0.615079 0.580552 0.617852 0.579758 0.616884 0.573318 0.609500 0.565755 0.601917 0.561117 0.597699 0.555875 0.591370 0.557299 0.590681
10 0.597359 0.666347 0.594844 0.671338 0.595328 0.673403 0.593393 0.677361 0.594070 0.679079 0.593682 0.680458 0.595232 0.683037 0.598424 0.686648 0.599878 0.686648 0.601211 0.686755 0.611781 0.702306 0.614258 0.706005 0.615089 0.704852 0.620437 0.696630 0.618875 0.694343 0.608073 0.678907 0.602508 0.670907 0.601385 0.672028
3 0.526081 0.321412 0.526917 0.327213 0.528427 0.340616 0.524539 0.342370 0.522164 0.326486 0.515758 0.323546 0.516190 0.320088 0.517107 0.319324 0.518081 0.319032 0.523911 0.321338
14 0.577810 0.678324 0.582159 0.683977 0.580570 0.700185 0.578060 0.724718 0.577375 0.722606 0.578536 0.713833 0.578536 0.700412 0.577086 0.684931 0.576052 0.680852
14 0.584685 0.686801 0.582594 0.705093 0.579833 0.731264 0.582091 0.738250 0.593049 0.738699 0.594805 0.735574 0.605177 0.720704 0.605260 0.718028 0.604424 0.715352 0.598987 0.707472
14 0.604927 0.728588 0.607185 0.731856 0.610279 0.733194 0.613208 0.745537 0.611201 0.750444 0.609443 0.755796 0.607604 0.758176 0.605846 0.761301 0.602000 0.758625 0.596143 0.749852 0.595224 0.748213 0.597398 0.742116 0.602083 0.732750
3 0.514667 0.342370 0.516417 0.341704 0.518354 0.342037 0.521914 0.342481 0.524539 0.342370 0.528427 0.340616 0.529682 0.340023 0.532443 0.349389 0.528260 0.366046 0.526669 0.372588 0.523826 0.370949 0.522404 0.374819 0.523326 0.376750 0.525833 0.379875 0.527255 0.381213 0.527339 0.382699 0.526753 0.382995 0.523659 0.380023 0.520898 0.375560 0.520312 0.373630 0.519695 0.371046 0.518974 0.369315 0.517302 0.358611
3 0.519695 0.371046 0.516383 0.382264 0.507760 0.411588 0.505823 0.418699 0.501576 0.418921 0.500388 0.419144 0.501763 0.415810 0.502638 0.411032 0.505448 0.400481 0.506323 0.398370 0.508948 0.390486 0.510323 0.389153 0.510510 0.388375 0.509357 0.385523 0.512367 0.377347 0.513872 0.372139 0.514292 0.367681 0.511448 0.363519 0.511948 0.362921 0.514542 0.366343 0.514542 0.364259 0.515964 0.364259 0.516549 0.369764 0.518974 0.369315
3 0.463620 0.394264 0.465555 0.399593 0.465492 0.401370 0.468617 0.408148 0.468055 0.409926 0.466180 0.408037 0.460245 0.417477 0.455990 0.414301 0.459026 0.412116 0.460146 0.408352 0.461591 0.408352 0.461664 0.406810 0.461807 0.404815 0.463182 0.403593 0.463039 0.399995 0.463398 0.397042
3 0.473177 0.380972 0.476117 0.380065 0.485844 0.377329 0.487844 0.377440 0.489128 0.376815 0.491008 0.376685 0.495805 0.375560 0.501495 0.375412 0.500240 0.363218 0.500076 0.361222 0.500669 0.360477 0.502247 0.358014 0.502794 0.357032 0.503669 0.355810 0.511792 0.345259 0.514667 0.342370 0.517302 0.358611 0.518974 0.369315 0.516549 0.369764 0.515964 0.364259 0.514542 0.364259 0.514542 0.366343 0.511948 0.362921 0.511448 0.363519 0.514292 0.367681 0.513872 0.372139 0.512367 0.377347 0.509357 0.385523 0.507682 0.387903 0.504755 0.390579 0.503500 0.389093 0.505174 0.385819 0.507182 0.381954 0.508102 0.379722 0.510612 0.378981 0.510862 0.377495 0.506596 0.377792 0.503753 0.382255 0.501828 0.380023 0.496224 0.380468 0.489198 0.381509 0.484430 0.382995 0.475396 0.384782 0.473055 0.385375
1 0.553836 0.303829 0.557956 0.332870 0.559039 0.337884 0.560198 0.338014 0.556937 0.316935 0.554992 0.304472
10 0.393292 0.355449 0.388167 0.351944 0.375589 0.331125 0.368503 0.320199 0.370526 0.321870 0.376094 0.328810 0.378708 0.328898 0.381552 0.328403 0.385021 0.330380 0.388349 0.335065 0.389599 0.340856 0.392044 0.342917 0.391995 0.343444
3 0.366109 0.242532 0.372458 0.242796 0.360898 0.249366 0.352146 0.254315 0.354857 0.251903
3 0.467346 0.273162 0.470357 0.275241 0.472951 0.277769 0.473703 0.279556 0.473703 0.281935 0.472365 0.290111 0.470943 0.292491 0.469253 0.289384 0.467388 0.274616 0.467221 0.273204
10 0.439711 0.299861 0.441859 0.297245 0.441742 0.293046 0.443693 0.290861 0.446094 0.316722 0.446323 0.322560 0.445677 0.323958 0.444646 0.324153 0.442758 0.324403 0.438096 0.316806 0.437125 0.310593 0.436542 0.303514 0.436659 0.302671 0.439315 0.300963
3 0.391404 0.232250 0.395016 0.248954 0.391224 0.241662 0.390604 0.243398 0.392938 0.249782 0.397516 0.258833 0.398701 0.265056 0.390453 0.258023 0.390383 0.253019 0.390091 0.248718 0.389221 0.247338 0.386802 0.245273 0.380026 0.242694 0.379466 0.242722 0.383076 0.240685 0.385268 0.241843 0.386956 0.242398 0.386456 0.236065 0.385893 0.234847 0.386138 0.232250 0.387859 0.230088
3 0.386609 0.290963 0.385714 0.292093 0.384906 0.292884 0.384060 0.293958 0.382487 0.293958 0.381260 0.293856 0.370945 0.281898 0.365409 0.275491 0.362365 0.269991 0.367719 0.275639 0.377672 0.283370 0.387122 0.289769
3 0.365141 0.251546 0.366430 0.255176 0.365464 0.256509 0.366536 0.259565 0.367505 0.258231 0.374703 0.277519 0.368638 0.272370 0.358432 0.263296 0.354555 0.257787 0.359828 0.254662
3 0.378198 0.243500 0.381112 0.258153 0.380711 0.261292 0.379909 0.262718 0.379026 0.263713 0.377820 0.263713 0.377419 0.265000 0.376617 0.266852 0.375495 0.267995 0.372232 0.258324 0.372714 0.257370 0.371693 0.255023 0.370674 0.251181 0.369115 0.249366 0.376430 0.244417
3 0.380026 0.242694 0.386802 0.245273 0.389221 0.247338 0.390091 0.248718 0.390383 0.253019 0.390453 0.258023 0.389971 0.259162 0.381544 0.252315 0.380729 0.248347 0.379466 0.242722
10 0.346138 0.212444 0.341784 0.211546 0.331758 0.207944 0.332091 0.203801 0.330961 0.204079 0.328031 0.206366 0.326977 0.205532 0.321130 0.215736 0.314094 0.229181 0.321341 0.241421 0.335115 0.250181 0.338698 0.254958 0.340440 0.254440 0.336294 0.244769 0.341604 0.232097
3 0.346846 0.208125 0.346138 0.212444 0.341604 0.232097 0.336294 0.244769 0.340440 0.254440 0.340440 0.247532 0.347286 0.254014 0.344292 0.248690 0.357628 0.238241 0.360651 0.235551 0.359742 0.228644 0.359404 0.223426 0.354948 0.217306 0.355758 0.215866 0.352518 0.212986 0.352010 0.213884
1 0.432578 0.335722 0.438482 0.348968 0.441326 0.354852 0.442013 0.356630 0.445740 0.366176 0.447099 0.370477 0.451633 0.383102 0.452648 0.382898 0.448081 0.370787 0.444151 0.359792 0.436583 0.342468 0.433500 0.335426
2 0.381544 0.252315 0.389971 0.259162 0.390453 0.258023 0.402089 0.267722 0.402490 0.269292 0.411878 0.276569 0.415008 0.275995 0.416370 0.279421 0.412117 0.282704 0.409711 0.284699 0.409711 0.290690 0.408346 0.293685 0.397513 0.285269 0.386359 0.276713
3 0.429940 0.299023 0.431784 0.300407 0.434018 0.297472 0.437708 0.298333 0.436542 0.303514 0.437125 0.310593 0.438096 0.316806 0.442758 0.324403 0.434969 0.326162 0.433940 0.326838 0.431667 0.321435 0.430581 0.317394 0.429716 0.310935 0.429125 0.305829 0.429339 0.299852
1 0.468326 0.467949 0.469409 0.438065 0.470901 0.410588 0.472393 0.380463 0.473109 0.358532 0.472906 0.350796 0.471388 0.325583 0.469354 0.298759 0.466630 0.275718 0.463753 0.256847 0.461654 0.244708 0.458677 0.233505 0.457190 0.227435 0.453630 0.215898 0.454227 0.215898 0.457214 0.225093 0.460570 0.236917 0.462740 0.246074 0.464232 0.255958 0.466794 0.270079 0.469354 0.290130 0.471701 0.316208 0.473451 0.342431 0.473747 0.362338 0.472839 0.392199 0.471104 0.419894 0.469966 0.446116 0.468977 0.468722
5 0.367302 0.166741 0.365326 0.170806 0.363234 0.179134 0.363401 0.183000 0.364573 0.184190 0.367583 0.185977 0.375930 0.189130 0.375495 0.179176 0.376544 0.174977 0.375005 0.175764 0.371940 0.176699 0.370190 0.174676 0.368003 0.170472
5 0.390174 0.152681 0.391224 0.154444 0.391237 0.162690 0.391016 0.167407 0.395146 0.166421 0.407346 0.183292 0.408352 0.176394 0.409266 0.170000 0.409266 0.169653 0.413581 0.168370 0.415805 0.167440 0.415750 0.166662 0.414531 0.164491 0.414260 0.161843 0.414924 0.160704 0.413078 0.156500 0.410901 0.156750
5 0.403685 0.201366 0.404763 0.214819 0.406688 0.225398 0.403714 0.220106 0.401875 0.217620 0.399336 0.215750 0.395836 0.214352 0.394086 0.212639 0.394172 0.208282 0.394346 0.197546 0.392909 0.196134 0.392208 0.186648
10 0.344318 0.165542 0.344318 0.173870 0.344318 0.179287 0.339961 0.185620 0.333073 0.183639 0.332466 0.198403 0.330961 0.204079 0.328031 0.206366 0.326977 0.205532 0.328969 0.201579 0.326156 0.196787 0.328500 0.188662 0.330023 0.184079 0.329555 0.182829 0.322523 0.183454 0.316547 0.182204 0.315378 0.181995 0.310104 0.207616 0.312214 0.207616 0.306706 0.216782 0.299440 0.204699 0.307409 0.159500 0.311510 0.161583 0.311393 0.159500 0.315143 0.159083 0.314440 0.161792 0.325922 0.163042 0.326156 0.160750 0.329086 0.160958 0.328852 0.163667 0.339044 0.164292 0.338810 0.162208 0.342208 0.162208 0.342091 0.164917
10 0.326977 0.205532 0.321130 0.215736 0.314094 0.229181 0.306706 0.216782 0.312214 0.207616 0.316742 0.199463 0.313036 0.193412 0.314320 0.186819 0.316969 0.188569 0.318331 0.188569 0.322719 0.193815 0.326156 0.196787 0.328969 0.201579
2 0.365141 0.251546 0.366430 0.255176 0.365464 0.256509 0.366536 0.259565 0.367505 0.258231 0.374703 0.277519 0.377172 0.278856 0.380182 0.281898 0.381250 0.281435 0.381589 0.279815 0.379073 0.273565 0.378227 0.271542 0.377268 0.271958 0.376698 0.270560 0.375495 0.267995 0.372232 0.258324 0.372714 0.257370 0.371693 0.255023 0.370674 0.251181 0.369115 0.249366 0.367979 0.249977
2 0.411904 0.145000 0.411482 0.144477 0.410258 0.144176 0.408484 0.145824 0.406255 0.147833 0.399135 0.154361 0.410901 0.156750 0.413078 0.156500 0.412474 0.152611 0.412115 0.147630
2 0.417794 0.128602 0.420833 0.124282 0.421643 0.122125 0.422250 0.119782 0.420833 0.116722 0.419414 0.119241 0.408781 0.136167 0.404630 0.142829 0.403313 0.144806 0.398513 0.148134 0.396198 0.150245 0.392865 0.153157 0.399135 0.154361 0.406255 0.147833 0.409589 0.141306 0.414487 0.134718 0.415888 0.132227
2 0.407346 0.183292 0.395146 0.166421 0.391016 0.167407 0.388096 0.166421 0.385792 0.169310 0.383622 0.173894 0.385792 0.178231 0.403685 0.201366 0.404906 0.192208
11 0.421323 0.248611 0.421323 0.248611 0.423451 0.251199 0.423901 0.256819 0.424833 0.263593 0.423852 0.264111 0.414380 0.270704 0.413003 0.260769 0.409568 0.237463 0.414604 0.245227 0.417180 0.247019
3 0.476659 0.258176 0.479206 0.258176 0.480992 0.260676 0.479589 0.262500 0.479049 0.263843 0.480292 0.265093 0.482128 0.265093 0.482451 0.267972 0.475536 0.267417 0.471667 0.264667 0.469349 0.261213 0.470721 0.255944 0.472010 0.256843
2 0.404805 0.242032 0.411831 0.258241 0.413003 0.260769 0.412836 0.263296 0.410911 0.263444 0.405474 0.249917 0.400206 0.236088 0.402044 0.235639
1 0.349104 0.287366 0.356776 0.284704 0.363849 0.285023 0.368344 0.286620 0.371820 0.290352 0.373320 0.293440 0.376378 0.308574 0.378354 0.315819 0.379794 0.318806 0.382190 0.321468 0.387646 0.323597 0.399693 0.327009 0.413419 0.328819 0.415938 0.328713 0.417617 0.329671 0.423909 0.331273 0.433380 0.332764 0.437635 0.333296 0.437156 0.335852 0.433500 0.335426 0.423729 0.334894 0.419773 0.334042 0.415279 0.332125 0.398495 0.330310 0.385068 0.326157 0.379854 0.323065 0.376617 0.317097 0.373740 0.305907 0.373201 0.301861 0.373141 0.300051 0.370622 0.292694 0.366906 0.288222 0.360792 0.288116 0.355458 0.288009 0.349883 0.289181
3 0.412104 0.339009 0.408979 0.340231 0.409104 0.338787 0.408104 0.338676 0.407229 0.338898 0.407229 0.340565 0.406385 0.340787 0.405313 0.340787 0.404729 0.340565 0.403732 0.339454 0.402857 0.339343 0.401669 0.339565 0.401169 0.339898 0.401276 0.342046 0.403294 0.348898 0.405979 0.348454 0.406042 0.346009 0.408792 0.345565 0.408917 0.346676 0.410792 0.346009 0.410979 0.345009 0.412602 0.344787
3 0.412789 0.339120 0.416352 0.338231 0.418914 0.337787 0.418852 0.336569 0.420911 0.336125 0.420911 0.337458 0.423036 0.336569 0.422911 0.335125 0.423729 0.334894 0.431221 0.335347 0.432221 0.338898 0.432346 0.340231 0.431784 0.341898 0.428846 0.341343 0.428596 0.343454 0.427411 0.343898 0.424349 0.344231 0.424036 0.342898 0.417227 0.344231 0.413164 0.344898 0.413016 0.343509
