0 0.513503 0.402255 0.510935 0.403667 0.508367 0.406736 0.502839 0.415046 0.505599 0.418148 0.501250 0.421574 0.502266 0.425556 0.502708 0.431713 0.502031 0.435093 0.502474 0.441898 0.498289 0.444394 0.497120 0.448407 0.496198 0.454356 0.494943 0.458667 0.493607 0.462981 0.491589 0.471898 0.490703 0.477870 0.491224 0.482222 0.491953 0.486667 0.494427 0.496250 0.495990 0.503241 0.497500 0.507639 0.500130 0.512176 0.503490 0.515417 0.506979 0.517361 0.510677 0.518796 0.513229 0.519722 0.507510 0.504236 0.506214 0.488574 0.506344 0.483741 0.506992 0.480745 0.508935 0.474528 0.510286 0.478796 0.513339 0.481296 0.517747 0.485023 0.519698 0.486435 0.521435 0.492347 0.521146 0.496588 0.517745 0.500093 0.514378 0.503778 0.514117 0.507231 0.515414 0.511380 0.517745 0.516907 0.520466 0.519898 0.522797 0.520819 0.524224 0.527269 0.525779 0.530495 0.528240 0.530727 0.528901 0.529755 0.536516 0.530907 0.537656 0.532185 0.539143 0.530806 0.540703 0.527106 0.541570 0.524333 0.541917 0.522792 0.542612 0.522171 0.544000 0.523713 0.545953 0.522287 0.547185 0.517111 0.546849 0.510741 0.545057 0.507755 0.541362 0.502977 0.538562 0.490833 0.536883 0.482273 0.536099 0.465750 0.539794 0.463361 0.546961 0.493421 0.545953 0.495412 0.547633 0.497005 0.549927 0.506181 0.552560 0.516514 0.553641 0.516727 0.555333 0.517454 0.556828 0.516787 0.557526 0.516042 0.559299 0.516458 0.561260 0.515792 0.563370 0.513546 0.564130 0.512792 0.564924 0.511296 0.565719 0.508644 0.564227 0.498676 0.563365 0.495472 0.562492 0.489940 0.561773 0.484426 0.560010 0.471222 0.559310 0.465079 0.557529 0.453750 0.556609 0.445208 0.555529 0.431574 0.560336 0.422648 0.559471 0.415926 0.555096 0.409014
1 0.508443 0.666296 0.509974 0.665833 0.513021 0.665185 0.514661 0.664907 0.516562 0.664352 0.517682 0.663750 0.518672 0.662037 0.520703 0.659306 0.522813 0.657083 0.524531 0.656250 0.526719 0.654954 0.530911 0.653426 0.531068 0.654722 0.530078 0.655741 0.528594 0.656389 0.524141 0.658380 0.522474 0.659306 0.520781 0.661343 0.519245 0.663472 0.517943 0.664907 0.516745 0.665880 0.514661 0.666574 0.512344 0.667315 0.509427 0.668472
6 0.559766 0.669630 0.555042 0.674755 0.549318 0.663190 0.540065 0.641977 0.533672 0.628056 0.527122 0.613231 0.520628 0.598708 0.521094 0.597778 0.530221 0.611546 0.541211 0.628917 0.549219 0.646759 0.549557 0.647500 0.556875 0.664074 0.557292 0.665231
6 0.578424 0.620824 0.576745 0.616245 0.565211 0.569463 0.552560 0.516514 0.553641 0.516727 0.555044 0.519898 0.558932 0.532282 0.563576 0.546394 0.568219 0.560694 0.574484 0.580856 0.574917 0.583449 0.576859 0.606681
6 0.536516 0.530907 0.538839 0.534843 0.540458 0.540699 0.536570 0.547324 0.533680 0.543852 0.531479 0.539708 0.528240 0.530727 0.528901 0.529755
6 0.582005 0.684583 0.578378 0.668458 0.568919 0.641741 0.559956 0.595560 0.544000 0.523713 0.545953 0.522287 0.547185 0.517111 0.546849 0.510741 0.545057 0.507755 0.541362 0.502977 0.538562 0.490833 0.536883 0.482273 0.536099 0.465750 0.539794 0.463361 0.546961 0.493421 0.545953 0.495412 0.547633 0.497005 0.552560 0.516514 0.565211 0.569463 0.576745 0.616245 0.578424 0.620824 0.581336 0.657056 0.582344 0.678352 0.582568 0.684722
6 0.464940 0.472185 0.462094 0.472681 0.461328 0.475926 0.464661 0.506667 0.467023 0.526671 0.468422 0.527417 0.471784 0.530986 0.468380 0.502611
6 0.506823 0.696019 0.508388 0.694069 0.516331 0.682884 0.511844 0.673690 0.511305 0.672537 0.509427 0.668472 0.508443 0.666296 0.494617 0.637593 0.480620 0.607926 0.484974 0.644583 0.486172 0.654491 0.491328 0.662282 0.494245 0.669167
6 0.584414 0.711481 0.585427 0.719324 0.580943 0.722537 0.573570 0.690278 0.575016 0.692847 0.575956 0.693361 0.578919 0.695292 0.582823 0.691176 0.583331 0.699787 0.581232 0.703644 0.582607 0.711481
6 0.494068 0.361792 0.494714 0.363907 0.499953 0.369282 0.503193 0.371968 0.507404 0.375523 0.506432 0.370528 0.506378 0.364579
6 0.619792 0.689718 0.623891 0.686514 0.626924 0.684528 0.611271 0.632653 0.612909 0.641644 0.614479 0.645981 0.615456 0.649329 0.618070 0.658625 0.618732 0.665440 0.618661 0.670028 0.618174 0.673870 0.617651 0.676347 0.617167 0.680167
4 0.521995 0.763380 0.520430 0.764148 0.515758 0.766491 0.494583 0.729398 0.492995 0.715926 0.506823 0.696019 0.508388 0.694069 0.516331 0.682884 0.524922 0.670741 0.530943 0.662542 0.537677 0.653375 0.538432 0.653759 0.556312 0.683241 0.556810 0.684241 0.560372 0.690574 0.559214 0.693398 0.559969 0.698005 0.560885 0.700829 0.561146 0.703796 0.522018 0.720134 0.521510 0.731366 0.522211 0.742454 0.522406 0.747097 0.522406 0.752255 0.521435 0.754662 0.521245 0.757764
6 0.498555 0.769833 0.494341 0.766375 0.493099 0.765222 0.485833 0.691898 0.485260 0.686065 0.479479 0.638333 0.478854 0.631389 0.477487 0.615583 0.476521 0.611458 0.475552 0.605227 0.467492 0.531042 0.468909 0.531176 0.472039 0.533690 0.475664 0.563875 0.480620 0.607926 0.484974 0.644583 0.486172 0.654491 0.486589 0.657731 0.487240 0.664769 0.492995 0.715926 0.494583 0.729398
6 0.517745 0.500093 0.521146 0.496588 0.521435 0.492347 0.519698 0.486435 0.517747 0.485023 0.513339 0.481296 0.510391 0.478704
6 0.508461 0.365227 0.508628 0.369241 0.508878 0.373403 0.509799 0.377417 0.512560 0.380097 0.516909 0.383069 0.517076 0.378907 0.517661 0.374148 0.518917 0.367755
6 0.508367 0.406736 0.501273 0.385245 0.504260 0.385829 0.506734 0.386491 0.509534 0.387486 0.513503 0.402255 0.510935 0.403667
6 0.498289 0.444394 0.497120 0.448407 0.496198 0.454356 0.494943 0.458667 0.493607 0.462981 0.488336 0.449153 0.477612 0.418444 0.464130 0.379917 0.467049 0.377134 0.472503 0.371366
6 0.570982 0.539125 0.563370 0.513546 0.564130 0.512792 0.564924 0.511296 0.565719 0.508644 0.569497 0.519676 0.570292 0.528639
6 0.574484 0.580856 0.568219 0.560694 0.563576 0.546394 0.558932 0.532282 0.555044 0.519898 0.553641 0.516727 0.555333 0.517454 0.556828 0.516787 0.557526 0.516042 0.559299 0.516458 0.561260 0.515792 0.563370 0.513546 0.570982 0.539125 0.574935 0.578278
9 0.520482 0.646329 0.514323 0.648917 0.511188 0.648917 0.509172 0.644736 0.506596 0.641551 0.504805 0.638565 0.502341 0.632394 0.500661 0.629208 0.498516 0.625370 0.498802 0.620787 0.499693 0.619162 0.500828 0.614935 0.503690 0.606296 0.506336 0.594583 0.505255 0.594009 0.503148 0.602745 0.501583 0.607449 0.500839 0.609694 0.499089 0.609694 0.499154 0.607833 0.497857 0.599481 0.499857 0.596310 0.498021 0.587194 0.503635 0.589593 0.505742 0.588343 0.502286 0.577014 0.506659 0.575287 0.510008 0.585176 0.512599 0.583255 0.514167 0.581815 0.512924 0.585657 0.521094 0.597778 0.520620 0.598648 0.526510 0.611898 0.519997 0.638458 0.520536 0.639130 0.527125 0.613250 0.533672 0.628056 0.532013 0.635778 0.529773 0.641949 0.526750 0.643741
6 0.568919 0.641741 0.559956 0.595560 0.544000 0.523713 0.542612 0.522171 0.541917 0.522792 0.541570 0.524333 0.540703 0.527106 0.539143 0.530806 0.547641 0.570583 0.555576 0.604662 0.561406 0.623315
6 0.530182 0.566426 0.527229 0.558273 0.522003 0.547606 0.515422 0.542097 0.513099 0.546056 0.525555 0.570574 0.527422 0.573412
6 0.471589 0.368486 0.465562 0.373736 0.462701 0.376148 0.454659 0.353204 0.445802 0.326972 0.431169 0.286759 0.420383 0.256296 0.414641 0.260116 0.415388 0.253894 0.418797 0.251236 0.416276 0.245097 0.417346 0.242856 0.413695 0.233222 0.419771 0.228176 0.422482 0.235352 0.424198 0.234593 0.426484 0.241667 0.427344 0.244120 0.440240 0.278898 0.457461 0.328764
1 0.446680 0.184134 0.447732 0.177551 0.449440 0.166394 0.450276 0.160940 0.450904 0.157472 0.452159 0.153440 0.454703 0.139250 0.457875 0.122639 0.457214 0.121213 0.456029 0.121708 0.453552 0.136833 0.450974 0.150838 0.450102 0.154495 0.449474 0.156231 0.448427 0.163667 0.446406 0.177241 0.445529 0.184014
6 0.490891 0.257912 0.502286 0.305625 0.511141 0.342778 0.513120 0.337227 0.513339 0.335301 0.512469 0.334273 0.512615 0.331574 0.513917 0.330417 0.513628 0.327074 0.513049 0.325792 0.513917 0.324505 0.513555 0.322963 0.512615 0.320907 0.510951 0.319106 0.510445 0.316407 0.510518 0.314222 0.501482 0.288134
6 0.511555 0.345894 0.515404 0.363292 0.519193 0.364051 0.519526 0.360333 0.520112 0.355278 0.518607 0.353194 0.516516 0.348139 0.515846 0.344273 0.515930 0.341005 0.515177 0.339514 0.515094 0.336838 0.514424 0.336838 0.513086 0.341449
6 0.481602 0.231718 0.478060 0.234028 0.477987 0.242255 0.498951 0.329259 0.506398 0.358435 0.506984 0.355449 0.507901 0.351801 0.508927 0.347769 0.511141 0.342778 0.502286 0.305625 0.490891 0.257912 0.484250 0.230648
6 0.503557 0.360519 0.506398 0.361389 0.506398 0.358435 0.498951 0.329259 0.477987 0.242255 0.478060 0.234028 0.481602 0.231718 0.475456 0.213468 0.463385 0.167329 0.468299 0.165403 0.466492 0.158074 0.461289 0.160130 0.460203 0.155250 0.454349 0.157819 0.454492 0.165917 0.460419 0.190718 0.457096 0.192389 0.458469 0.197403 0.461578 0.196630 0.475096 0.248935 0.475818 0.252407 0.481469 0.273454 0.493388 0.320898 0.498331 0.342454 0.500750 0.351745
6 0.498331 0.342454 0.490878 0.319569 0.478115 0.279500 0.481469 0.273454 0.493388 0.320898
6 0.503557 0.360519 0.500750 0.351745 0.498331 0.342454 0.490878 0.319569 0.478115 0.279500 0.462948 0.232773 0.462253 0.230278 0.454094 0.205727 0.447203 0.184444 0.446680 0.184134 0.445529 0.184014 0.442044 0.184134 0.439471 0.192236 0.441120 0.197269 0.441570 0.198690 0.443758 0.205676 0.453096 0.233704 0.460461 0.257051 0.469753 0.285972 0.477107 0.309542 0.480969 0.320981 0.488305 0.344500 0.493193 0.359333
1 0.476076 0.666005 0.476523 0.665796 0.476927 0.663935 0.476927 0.660421 0.476544 0.646898 0.477094 0.632491 0.477411 0.639264 0.477693 0.647227 0.478177 0.656546 0.478461 0.664796 0.478047 0.666435 0.477451 0.667306 0.476076 0.667722
10 0.394091 0.319718 0.389336 0.320241 0.383875 0.321491 0.381643 0.323162 0.379531 0.326708 0.379479 0.331426 0.379073 0.335412 0.379414 0.337949 0.398294 0.335051 0.398635 0.330949 0.398500 0.325634 0.396802 0.321407
2 0.557484 0.644769 0.556391 0.646296 0.550365 0.637713 0.541211 0.628917 0.530221 0.611546 0.521120 0.597824 0.512924 0.585657 0.514130 0.581662 0.514977 0.579222 0.517266 0.582546 0.520646 0.575481 0.521677 0.573532 0.521693 0.573287 0.520307 0.570449 0.521982 0.565954 0.525555 0.570574 0.539156 0.590931 0.544523 0.606056 0.539875 0.599574 0.535107 0.609116 0.548979 0.631440 0.551852 0.626843 0.552839 0.630000 0.550812 0.633060
2 0.446102 0.592333 0.446951 0.590324 0.447401 0.587407 0.447628 0.583995 0.447854 0.582486 0.448815 0.581884 0.449380 0.579977 0.449719 0.577968 0.449719 0.575755 0.449945 0.572843 0.450339 0.571838 0.450336 0.570694 0.449628 0.568713 0.446792 0.577176 0.445576 0.576278 0.447703 0.567634 0.446589 0.564394 0.446893 0.561514 0.445474 0.557375 0.443854 0.558093 0.443247 0.580056
2 0.399036 0.302977 0.394826 0.302167 0.391323 0.302079 0.378029 0.299731 0.378487 0.305144 0.398427 0.307398
6 0.582823 0.691176 0.578919 0.695292 0.575956 0.693361 0.575016 0.692847 0.573570 0.690278 0.562831 0.658556 0.565078 0.656157 0.564505 0.654722 0.562313 0.657403 0.551852 0.626843 0.539250 0.591023 0.530182 0.566426 0.507510 0.504236 0.506214 0.488574 0.506344 0.483741 0.506992 0.480745 0.508935 0.474528 0.517745 0.500093 0.514378 0.503778 0.514117 0.507231 0.515414 0.511380 0.517745 0.516907 0.520466 0.519898 0.522797 0.520819 0.524224 0.527269 0.525779 0.530495 0.528240 0.530727 0.531479 0.539708 0.533680 0.543852 0.544305 0.572644 0.555576 0.604662 0.561406 0.623315 0.568919 0.641741 0.578378 0.668458 0.582005 0.684583
6 0.358505 0.279597 0.355885 0.282921 0.381638 0.383403 0.396380 0.437981 0.405451 0.465796 0.433565 0.552495 0.435138 0.550204 0.424125 0.508037 0.406901 0.443065 0.375398 0.324815 0.364549 0.280139 0.363096 0.278278 0.360839 0.276125
6 0.348984 0.241759 0.345190 0.235440 0.343250 0.234662 0.343940 0.240324 0.345875 0.246546 0.342193 0.250759 0.361323 0.319870 0.370370 0.355648 0.384938 0.405301 0.396380 0.437981 0.381638 0.383403 0.355885 0.282921 0.358505 0.279597 0.354693 0.264958
6 0.448094 0.600042 0.448578 0.600042 0.450026 0.605796 0.453068 0.617889 0.457143 0.633236 0.459549 0.642222 0.465112 0.663282 0.464602 0.664106 0.462732 0.662616 0.460961 0.663194 0.455609 0.636912
6 0.476521 0.611458 0.475615 0.625093 0.475232 0.635065 0.474354 0.666593 0.474307 0.668310 0.472786 0.723907 0.473622 0.729708 0.474625 0.726588 0.476104 0.669861 0.476076 0.667722 0.476076 0.666005 0.476544 0.646898 0.477094 0.632491 0.477281 0.628176 0.477487 0.615583
3 0.441120 0.197269 0.437188 0.209167 0.430677 0.229074 0.426484 0.241667 0.427344 0.244120 0.431094 0.232130 0.437995 0.211204 0.437995 0.211204 0.441570 0.198690 0.443758 0.205676 0.443698 0.214352 0.443333 0.220602 0.442839 0.228611 0.442578 0.234444 0.442708 0.239167 0.443177 0.243935 0.443932 0.248519 0.445000 0.252269 0.446641 0.256343 0.451667 0.268056 0.454010 0.272685 0.456615 0.272824 0.459193 0.256250 0.460461 0.257051 0.469753 0.285972 0.477107 0.309542 0.480969 0.320981 0.488305 0.344500 0.493193 0.359333 0.503557 0.360519 0.506398 0.361389 0.506378 0.364579 0.494068 0.361792 0.494714 0.363907 0.499953 0.369282 0.503193 0.371968 0.507404 0.375523 0.507792 0.379056 0.502521 0.375190 0.496250 0.369833 0.499930 0.381134 0.508878 0.383514 0.509534 0.387486 0.506734 0.386491 0.504260 0.385829 0.501273 0.385245 0.508367 0.406736 0.502839 0.415046 0.505599 0.418148 0.501250 0.421574 0.502266 0.425556 0.502708 0.431713 0.502031 0.435093 0.502474 0.441898 0.498289 0.444394 0.472503 0.371366 0.467049 0.377134 0.464130 0.379917 0.477612 0.418444 0.488336 0.449153 0.493607 0.462981 0.491589 0.471898 0.490703 0.477870 0.491224 0.482222 0.491953 0.486667 0.494427 0.496250 0.495990 0.503241 0.497500 0.507639 0.500130 0.512176 0.503490 0.515417 0.506979 0.517361 0.510677 0.518796 0.513229 0.519722 0.523906 0.549259 0.508359 0.536019 0.507995 0.536620 0.509375 0.543009 0.520307 0.570449 0.521677 0.573532 0.520646 0.575481 0.516865 0.566648 0.509143 0.573463 0.512599 0.583255 0.510008 0.585176 0.506659 0.575287 0.502286 0.577014 0.505742 0.588343 0.503635 0.589593 0.498021 0.587194 0.499857 0.596310 0.497857 0.599481 0.499154 0.607833 0.498883 0.616856 0.501583 0.607449 0.503148 0.602745 0.505255 0.594009 0.506336 0.594583 0.503690 0.606296 0.500828 0.614935 0.499693 0.619162 0.498802 0.620787 0.498516 0.625370 0.497812 0.629120 0.496224 0.634028 0.494617 0.637593 0.480620 0.607926 0.475664 0.563875 0.472039 0.533690 0.468909 0.531176 0.467492 0.531042 0.467023 0.526671 0.468422 0.527417 0.471784 0.530986 0.468380 0.502611 0.464940 0.472185 0.462094 0.472681 0.461328 0.475926 0.464661 0.506667 0.475552 0.605227 0.469555 0.611870 0.475615 0.625093 0.475180 0.635023 0.474784 0.643565 0.470885 0.646880 0.469471 0.654412 0.473596 0.661944 0.474331 0.663653 0.474354 0.666593 0.474307 0.668310 0.469698 0.670787 0.468203 0.671157 0.466484 0.673102 0.466328 0.678472 0.466745 0.685880 0.465833 0.688981 0.463307 0.674398 0.460961 0.663194 0.462732 0.662616 0.464602 0.664106 0.465112 0.663282 0.459549 0.642222 0.457143 0.633236 0.453068 0.617889 0.450026 0.605796 0.448513 0.600042 0.447195 0.593560 0.449526 0.590861 0.450740 0.584199 0.461372 0.586718 0.461677 0.584917 0.460766 0.581319 0.460057 0.580056 0.451651 0.577356 0.452057 0.573755 0.450336 0.570694 0.449628 0.568713 0.446792 0.577176 0.445576 0.576278 0.447703 0.567634 0.446589 0.564394 0.446893 0.561514 0.445474 0.557375 0.443854 0.558093 0.443247 0.580056 0.435138 0.550204 0.424125 0.508037 0.406901 0.443065 0.375398 0.324815 0.364549 0.280139 0.363096 0.278278 0.366823 0.273843 0.373776 0.266713 0.378594 0.262639 0.380026 0.262130 0.383099 0.262222 0.387344 0.263333 0.388932 0.262778 0.390182 0.263102 0.390625 0.264444 0.394505 0.265231 0.390000 0.262176 0.382318 0.256620 0.382083 0.255880 0.382266 0.254722 0.383490 0.255231 0.386068 0.257222 0.396927 0.265833 0.397474 0.265046 0.398359 0.264722 0.399115 0.265000 0.399609 0.266343 0.401510 0.266481 0.397448 0.249398 0.398828 0.249769 0.403099 0.266389 0.404219 0.260463 0.406406 0.256481 0.408932 0.254815 0.411328 0.255787 0.411615 0.254815 0.412656 0.255556 0.412708 0.256111 0.414974 0.257500 0.414641 0.260116 0.420383 0.256296 0.431169 0.286759 0.445802 0.326972 0.454659 0.353204 0.462701 0.376148 0.465562 0.373736 0.471589 0.368486 0.457461 0.328764 0.440240 0.278898 0.427344 0.244120 0.431094 0.232176 0.438021 0.211204 0.441562 0.198657
