0 0.304003 0.424250 0.301651 0.438750 0.304003 0.451856 0.310435 0.468866 0.309336 0.474167 0.297570 0.476394 0.293180 0.486157 0.292396 0.491731 0.283768 0.518222 0.281414 0.530213 0.282042 0.545551 0.286747 0.564236 0.288945 0.577343 0.295375 0.588773 0.301492 0.594074 0.309180 0.597977 0.314354 0.596583 0.312159 0.589889 0.309648 0.556148 0.309648 0.543602 0.316081 0.523245 0.323453 0.508463 0.329258 0.496750 0.333805 0.505676 0.339609 0.511810 0.337414 0.524639 0.332865 0.537468 0.335216 0.576782 0.335687 0.584870 0.327531 0.595745 0.330826 0.602162 0.338042 0.611361 0.342432 0.628375 0.349177 0.637856 0.354826 0.635065 0.367372 0.638134 0.373648 0.633671 0.378354 0.619449 0.382901 0.615546 0.382432 0.597977 0.367372 0.580968 0.364706 0.572602 0.363138 0.531051 0.361255 0.515713 0.376471 0.498981 0.380393 0.512648 0.394039 0.536630 0.398901 0.549176 0.399372 0.559218 0.397490 0.569815 0.396393 0.578458 0.396234 0.585708 0.400313 0.593796 0.402979 0.595745 0.405490 0.593236 0.411294 0.594912 0.417724 0.595745 0.422273 0.594352 0.425253 0.585708 0.431529 0.571208 0.436078 0.565074 0.435607 0.556148 0.434823 0.546389 0.431685 0.535236 0.431529 0.523245 0.430430 0.514880 0.428862 0.511532 0.423372 0.513204 0.421646 0.514042 0.406589 0.481134 0.383529 0.466356 0.372706 0.454644 0.392784 0.446838 0.397333 0.452972 0.413333 0.461616 0.422430 0.481972 0.427451 0.502051 0.432469 0.488384 0.437490 0.472769 0.438117 0.459662 0.435607 0.446838 0.431214 0.436796 0.429018 0.426199 0.427451 0.420343 0.425096 0.414769 0.405333 0.396921 0.395766 0.404727 0.386039 0.409468 0.385568 0.384093 0.374432 0.366523 0.371922 0.371824 0.370982 0.376565 0.313729 0.415606
5 0.438078 0.346491 0.446029 0.347093 0.446701 0.348685 0.444909 0.353657 0.442333 0.355648 0.437182 0.361620 0.434383 0.366199 0.431471 0.368986 0.429086 0.369505 0.431292 0.365824 0.431156 0.359593 0.428448 0.354056 0.432690 0.352134 0.436966 0.347065
5 0.436966 0.347065 0.432690 0.352134 0.428448 0.354056 0.419893 0.342315 0.424917 0.343153 0.433987 0.345454
5 0.399323 0.338551 0.405930 0.352287 0.416008 0.369806 0.421719 0.379759 0.424036 0.376412 0.426622 0.374343 0.429086 0.369505 0.431292 0.365824 0.431156 0.359593 0.428448 0.354056 0.419893 0.342315
3 0.599065 0.661977 0.599625 0.650829 0.594922 0.647843 0.591898 0.642069 0.589323 0.638685 0.590219 0.632514 0.588539 0.627537 0.587195 0.620569 0.583724 0.616787 0.580701 0.616190 0.577005 0.617185 0.572078 0.621565 0.571182 0.628931 0.572638 0.637690 0.580029 0.646051 0.584956 0.650032 0.588875 0.654810 0.587083 0.660981 0.588539 0.668347 0.594138 0.673324 0.596826 0.670935 0.597945 0.663370
3 0.575633 0.654227 0.579417 0.665444 0.580479 0.669569 0.581930 0.673347 0.585802 0.675417 0.585701 0.678157 0.584247 0.682306 0.580958 0.684356 0.576799 0.687625 0.575451 0.691241 0.575646 0.694694 0.574674 0.696241 0.574479 0.700708 0.572057 0.701398 0.568378 0.701213 0.557443 0.659065 0.555992 0.650634 0.559193 0.649597 0.565385 0.648745 0.571190 0.648403
5 0.433599 0.271269 0.447073 0.274954 0.451878 0.276750 0.459820 0.278616 0.463138 0.282069 0.465521 0.285042 0.463643 0.285042 0.441021 0.279514 0.435049 0.278796 0.430385 0.271199
5 0.430385 0.271199 0.435049 0.278796 0.427029 0.276634 0.401003 0.269815 0.387411 0.266153 0.386984 0.265000 0.387555 0.260625 0.387917 0.258301 0.405057 0.263458 0.424284 0.268708 0.428766 0.269884
5 0.434328 0.195074 0.441393 0.206255 0.428039 0.204880 0.424844 0.198343 0.429878 0.196106
5 0.447422 0.348380 0.452820 0.350398 0.459516 0.351741 0.462625 0.352556 0.461117 0.353958 0.458195 0.359310 0.454177 0.364815 0.451232 0.366319 0.445622 0.358949 0.442333 0.355648 0.444909 0.353657 0.446701 0.348685
5 0.533044 0.454861 0.529615 0.458727 0.527690 0.461255 0.524763 0.462000 0.490628 0.403144 0.462625 0.352556 0.476753 0.355472 0.478443 0.357898 0.527526 0.442444 0.533646 0.453056
5 0.463953 0.280546 0.477307 0.283644 0.486115 0.286051 0.488049 0.286912 0.490760 0.291903 0.470242 0.286398 0.465521 0.285042 0.463138 0.282069 0.459820 0.278616
5 0.514042 0.480583 0.507667 0.479426 0.505909 0.483741 0.503568 0.486269 0.499135 0.488796 0.493052 0.491870 0.490073 0.490949 0.484891 0.484273 0.479773 0.470245 0.470029 0.453315 0.450427 0.420861 0.436888 0.392602 0.429828 0.376273 0.429086 0.369505 0.431471 0.368986 0.434383 0.366199 0.437182 0.361620 0.442333 0.355648 0.445622 0.358949 0.451232 0.366319 0.454177 0.364815 0.458021 0.372694 0.484112 0.417963 0.512089 0.465569 0.511703 0.469009 0.512284 0.471759 0.516734 0.480019
1 0.588435 0.608843 0.580130 0.597861 0.565143 0.580940 0.553294 0.568699 0.543268 0.549616 0.544484 0.548352 0.554206 0.566718 0.567167 0.580579 0.557953 0.565995 0.550865 0.548352 0.552990 0.547273 0.560281 0.566176 0.575370 0.586880 0.590661 0.606866
2 0.500667 0.505208 0.512102 0.502606 0.519695 0.500657 0.525365 0.499843 0.527286 0.500167 0.528292 0.501306 0.531667 0.510657 0.533148 0.517130 0.532995 0.523032 0.531721 0.528481 0.530771 0.531505 0.529922 0.534319 0.529820 0.536384 0.529711 0.539782 0.529711 0.540727 0.528018 0.545051 0.525164 0.548435 0.524742 0.549750 0.523042 0.550125 0.521138 0.551069 0.520398 0.547866 0.518917 0.544287 0.518174 0.541847 0.516904 0.537699 0.515953 0.531685 0.515112 0.527731 0.515953 0.526236 0.518917 0.525097 0.521250 0.525292 0.521880 0.527162 0.522091 0.529796 0.522940 0.533194 0.523573 0.535259 0.524312 0.533375 0.524844 0.528870 0.526857 0.521519 0.528870 0.512301 0.528659 0.510431 0.526326 0.510236 0.522521 0.511926 0.518596 0.512870 0.514260 0.513440 0.508654 0.514009 0.503047 0.513440 0.500292 0.513241 0.497859 0.513241 0.499057 0.511120 0.500482 0.509509 0.499021 0.505338
5 0.526471 0.367116 0.564695 0.428676 0.567245 0.433472 0.565294 0.438537 0.562448 0.441736 0.559000 0.443602 0.559750 0.445199 0.559044 0.446824 0.555026 0.451301 0.554203 0.453380 0.553198 0.453514 0.552359 0.453514 0.551010 0.457486 0.549195 0.460204 0.547396 0.462120 0.544430 0.464306 0.540667 0.466361 0.533646 0.453056 0.527474 0.442431 0.478443 0.357898 0.479221 0.355153 0.497750 0.359977
5 0.512328 0.482134 0.508073 0.486912 0.503818 0.489301 0.497771 0.496667 0.496852 0.499375 0.498409 0.504454 0.500482 0.509509 0.499057 0.511120 0.496987 0.514801 0.496852 0.519639 0.489339 0.505824 0.475599 0.480963 0.450339 0.433287 0.435523 0.406093 0.423711 0.383657 0.421719 0.379759 0.424036 0.376412 0.426622 0.374343 0.429086 0.369505 0.429828 0.376273 0.436888 0.392602 0.450427 0.420861 0.470029 0.453315 0.479773 0.470245 0.484891 0.484273 0.490073 0.490949 0.493052 0.491870 0.499135 0.488796 0.503568 0.486269 0.505909 0.483741 0.507667 0.479426 0.514042 0.480583
5 0.516734 0.480019 0.512284 0.471759 0.511703 0.469009 0.512089 0.465569 0.484112 0.417963 0.458021 0.372694 0.454177 0.364815 0.458195 0.359310 0.461117 0.353958 0.462625 0.352556 0.490628 0.403144 0.524763 0.462000 0.527690 0.461255 0.529615 0.458727 0.533044 0.454861 0.533646 0.453056 0.540667 0.466361 0.544430 0.464306 0.547396 0.462120 0.549195 0.460204 0.551010 0.457486 0.552359 0.453514 0.553198 0.453514 0.554203 0.453380 0.555026 0.451301 0.559044 0.446824 0.560198 0.447810 0.561203 0.450787 0.560760 0.454574 0.553589 0.462935 0.539034 0.478060 0.531193 0.486231 0.524477 0.491204 0.523247 0.491995 0.520896 0.488417
