2 0.526221 0.556583 0.526971 0.559472 0.527096 0.561250 0.528471 0.563361 0.530471 0.561139 0.534031 0.556250 0.543904 0.538815 0.542404 0.534037 0.532909 0.549366
6 0.520477 0.664481 0.531536 0.687407 0.523750 0.702778 0.513779 0.683944 0.515628 0.682079 0.518120 0.678514 0.519495 0.674213 0.519898 0.669065
5 0.514596 0.396042 0.506893 0.407370 0.503047 0.403472 0.503021 0.414074 0.514391 0.426546 0.516865 0.422810 0.527602 0.405556
6 0.543174 0.746144 0.546208 0.753528 0.559836 0.746310 0.552318 0.730972 0.544622 0.742088
6 0.502161 0.625880 0.493302 0.634440 0.493117 0.641051 0.512820 0.682199 0.514570 0.680926 0.517714 0.676940 0.518781 0.673917 0.519638 0.662759
2 0.585620 0.511120 0.580841 0.499102 0.581633 0.493875 0.581773 0.488731 0.581401 0.483171 0.580654 0.478523 0.581214 0.476449 0.582193 0.476616 0.588680 0.494454 0.589615 0.493458 0.589615 0.492213 0.590594 0.491468 0.605529 0.535028 0.618737 0.574690 0.622049 0.585144 0.616823 0.578005 0.612297 0.573611 0.609029 0.570870 0.607271 0.570347 0.586385 0.507718 0.585513 0.507963
2 0.571419 0.567625 0.564831 0.566181 0.562945 0.567120 0.562719 0.567440 0.562542 0.572144 0.563617 0.573500 0.565568 0.575759 0.568008 0.578032 0.570490 0.577273
1 0.534583 0.635301 0.536042 0.636546 0.537013 0.630977 0.536906 0.628194 0.535503 0.625796 0.534313 0.618787 0.532990 0.605963 0.532990 0.599019 0.540648 0.576412 0.539930 0.575769 0.532698 0.596852 0.530820 0.591069 0.529302 0.588366 0.528169 0.586120 0.526068 0.586204 0.528005 0.580880 0.546883 0.570486 0.546763 0.569120 0.528047 0.578944 0.530044 0.572199 0.533180 0.561806 0.534052 0.561273 0.533992 0.568505 0.530948 0.570537 0.531070 0.572630 0.544719 0.562236 0.544034 0.559917 0.534555 0.566213 0.534766 0.559171 0.537344 0.559032 0.538411 0.561625 0.538906 0.560792 0.537453 0.558023 0.535076 0.558218 0.536049 0.556968 0.545227 0.559125 0.545068 0.557931 0.535568 0.555537 0.533055 0.560315 0.526948 0.579843 0.525307 0.580491 0.525438 0.582157 0.527052 0.581556 0.525620 0.585815 0.524057 0.585444 0.523919 0.586523 0.527667 0.587963 0.529443 0.591111 0.530424 0.592884 0.531310 0.595708 0.532198 0.599194 0.531867 0.606593 0.533310 0.616625 0.534482 0.625324 0.536208 0.629741
1 0.563174 0.591380 0.561680 0.594032 0.561820 0.592954 0.559487 0.591213 0.556034 0.586569 0.555474 0.589056 0.556128 0.592208 0.558180 0.596111 0.559440 0.596856 0.559115 0.598019 0.557948 0.597435 0.556406 0.594866 0.555240 0.591296 0.554914 0.587565 0.548310 0.588676 0.544370 0.592519 0.539833 0.598565 0.538365 0.598190 0.542578 0.593394 0.548135 0.587245 0.555049 0.585231 0.554242 0.580144 0.555156 0.579764 0.555969 0.583694 0.557471 0.586528 0.561143 0.590838 0.562063 0.591231 0.562115 0.583931 0.563305 0.582102 0.557589 0.584491 0.556935 0.584329 0.555628 0.578352 0.556276 0.578130 0.557242 0.583222 0.557555 0.583366 0.559117 0.582852 0.564013 0.580676 0.569633 0.578569 0.576195 0.577866 0.578776 0.578014 0.579784 0.579157 0.579742 0.581167 0.578898 0.581167 0.579260 0.580444 0.578734 0.579157 0.576031 0.578727 0.570427 0.579449 0.564417 0.581458 0.569096 0.581880 0.574581 0.582171 0.580307 0.582528 0.585432 0.582667 0.585151 0.584611 0.579826 0.584319 0.573049 0.583963 0.567682 0.583176 0.564417 0.583176 0.563164 0.583963
2 0.496789 0.527866 0.496026 0.532329 0.501229 0.534403 0.505107 0.534505 0.506159 0.529940 0.509336 0.533319 0.510664 0.529102 0.506440 0.527657
2 0.466125 0.517148 0.463076 0.523769 0.465091 0.526477 0.471237 0.532218 0.474016 0.526796
2 0.524799 0.469995 0.531190 0.473204 0.532719 0.485306 0.531328 0.491481 0.528966 0.494940 0.525771 0.493949 0.524383 0.491111 0.524312 0.488764 0.523966 0.487037 0.523271 0.485926 0.522159 0.486296 0.520492 0.483208
2 0.411154 0.299773 0.409461 0.305722 0.419586 0.316194 0.423982 0.313181
3 0.596576 0.562551 0.594740 0.558421 0.592849 0.553912 0.591716 0.549593 0.589914 0.542880 0.584633 0.522644 0.585508 0.522866 0.589568 0.537866 0.591911 0.546981 0.593997 0.554079 0.595448 0.557662 0.597305 0.561532
5 0.495076 0.568199 0.493669 0.570097 0.492549 0.573940 0.492445 0.575699 0.492732 0.578523 0.493617 0.580005 0.494346 0.576116 0.495128 0.576301 0.494193 0.582440 0.495703 0.585218 0.497188 0.587301 0.499917 0.589787 0.502479 0.591532 0.505542 0.592759 0.509695 0.593833 0.513003 0.594407 0.515716 0.594500 0.519349 0.591667 0.522437 0.587944 0.524070 0.585454 0.524958 0.581389 0.525331 0.576079 0.507404 0.571028
2 0.549807 0.553981 0.545227 0.559125 0.550620 0.584231 0.556253 0.577204 0.556318 0.575102 0.552565 0.558315 0.550766 0.554111
5 0.483805 0.400662 0.479411 0.410704 0.476549 0.415667 0.476630 0.420472 0.479130 0.421116 0.479208 0.422412 0.482630 0.423250 0.487669 0.402667
1 0.462596 0.265333 0.494672 0.273588 0.494456 0.274644 0.462487 0.266579
1 0.488034 0.279037 0.487878 0.277880 0.485977 0.278713 0.484154 0.273435 0.482435 0.273019 0.485404 0.279083 0.471867 0.284523 0.468440 0.271398 0.467432 0.271616 0.471263 0.284954 0.449107 0.295421 0.442719 0.299815 0.432359 0.307505 0.424984 0.312060 0.425859 0.305394 0.432359 0.299176 0.431484 0.298731 0.425109 0.304282 0.424487 0.307616 0.424362 0.309727 0.423982 0.313181 0.419586 0.316194 0.416458 0.316847 0.411586 0.320403 0.408729 0.331005 0.407229 0.328565 0.406479 0.329343 0.407104 0.331338 0.408292 0.331560 0.407979 0.332671 0.409315 0.334023 0.410815 0.334083 0.416417 0.338667 0.416591 0.340958 0.417289 0.340958 0.417115 0.339282 0.417779 0.340028 0.418404 0.339162 0.417081 0.337796 0.417081 0.334944 0.417497 0.331477 0.419310 0.328995 0.421682 0.328375 0.423529 0.328685 0.422867 0.329616 0.422589 0.331042 0.423529 0.334139 0.424542 0.336806 0.424260 0.338787 0.416229 0.346977 0.417633 0.347935 0.423841 0.340926 0.423573 0.345153 0.422815 0.348222 0.423357 0.351009 0.424086 0.354565 0.425750 0.369856 0.423365 0.373329 0.422862 0.376449 0.423237 0.378782 0.425237 0.379222 0.425237 0.377782 0.423674 0.377560 0.423487 0.375227 0.424924 0.372894 0.432047 0.364120 0.434672 0.360231 0.434047 0.359676 0.426799 0.368894 0.425174 0.354231 0.424237 0.351231 0.424286 0.345282 0.425391 0.337556 0.425391 0.336477 0.425068 0.334829 0.423898 0.331315 0.423576 0.329810 0.425430 0.328519 0.431036 0.327657 0.431117 0.329093 0.436362 0.326653 0.436482 0.325935 0.426964 0.326583 0.428375 0.323736 0.427818 0.323491 0.425169 0.327083 0.423633 0.326764 0.419266 0.327620 0.418474 0.328509 0.417464 0.329565 0.416802 0.330926 0.416453 0.332847 0.416279 0.335079 0.416208 0.337310 0.409719 0.331454 0.410380 0.328935 0.411315 0.324815 0.412461 0.321278 0.416497 0.318491 0.419997 0.317824 0.427508 0.312352 0.433013 0.308148 0.435453 0.309079 0.447659 0.308181 0.447477 0.306255 0.446453 0.306338 0.437026 0.307417 0.435604 0.306898 0.437026 0.306088 0.449974 0.296852 0.473552 0.285625
11 0.552971 0.609333 0.551932 0.609394 0.536523 0.616301 0.536221 0.619278 0.536758 0.623208 0.537328 0.625810 0.539206 0.632130 0.540823 0.630611 0.542930 0.626625 0.544409 0.627264 0.545714 0.624315 0.546023 0.622796 0.548401 0.620250 0.549435 0.617699 0.550779 0.616977 0.553471 0.611162
5 0.493776 0.335111 0.485034 0.342616 0.487044 0.346963 0.495484 0.345769 0.495451 0.337792 0.496690 0.338444 0.496891 0.345769 0.500745 0.345116 0.500643 0.343625 0.495284 0.335407
5 0.510549 0.313241 0.508607 0.316875 0.511219 0.317949 0.518052 0.328009 0.513161 0.328787 0.517164 0.337588 0.518086 0.338352 0.519654 0.336991 0.521943 0.327583
5 0.499815 0.547870 0.495214 0.552458 0.491552 0.558407 0.485940 0.564111 0.488466 0.569056 0.491148 0.571361 0.493581 0.570069 0.494987 0.568171 0.498440 0.569056 0.500427 0.566597 0.502867 0.561773 0.503232 0.555986 0.502076 0.551417
5 0.493169 0.582782 0.490039 0.609278 0.485070 0.611199 0.479240 0.579903 0.480318 0.578847 0.482586 0.582782 0.484747 0.584704 0.487229 0.585278 0.490633 0.584319
5 0.493693 0.588190 0.491328 0.606991 0.503073 0.605185 0.502479 0.591532 0.499917 0.589787 0.497188 0.587301 0.496346 0.587144
14 0.453885 0.492806 0.459227 0.491204 0.461568 0.491949 0.463490 0.495685 0.463669 0.501875 0.462349 0.506250 0.459589 0.511269
14 0.444604 0.452963 0.443078 0.454569 0.451661 0.485370 0.456872 0.490556 0.459227 0.491204 0.461568 0.491949 0.460013 0.480292 0.456052 0.466588 0.450565 0.460042 0.447578 0.465352 0.446883 0.463375 0.449802 0.457819
5 0.566464 0.453435 0.570255 0.418898 0.557052 0.379588 0.555461 0.392134 0.553305 0.413394
2 0.533727 0.419681 0.539365 0.442894 0.542737 0.441412 0.539104 0.425731
5 0.498831 0.546005 0.497346 0.544292 0.495133 0.543273 0.492477 0.543505 0.489742 0.544755 0.487477 0.547347 0.485914 0.550495 0.485167 0.555653 0.485271 0.560796 0.491302 0.554972 0.495102 0.550014
1 0.519638 0.662759 0.518781 0.673917 0.517714 0.676940 0.514570 0.680926 0.512820 0.682199 0.510898 0.683903 0.505042 0.687375 0.498591 0.690907 0.498870 0.693074 0.504169 0.690287 0.512432 0.684894 0.516930 0.698903 0.520276 0.709315 0.521182 0.708444 0.513198 0.684523 0.513779 0.683944 0.515628 0.682079 0.518120 0.678514 0.519495 0.674213 0.519898 0.669065 0.520477 0.664481
1 0.503023 0.333343 0.504474 0.335208 0.504357 0.331481 0.504156 0.327681 0.504193 0.321440 0.504802 0.321227 0.505164 0.329472 0.505766 0.336644 0.508911 0.340875 0.515526 0.348333 0.517383 0.349120 0.517547 0.350769 0.516172 0.350912 0.514721 0.350051 0.510690 0.345750 0.505971 0.338435 0.506133 0.341162 0.507182 0.343884 0.509435 0.349625 0.509240 0.350412 0.508755 0.350481 0.506531 0.344458 0.505885 0.343241 0.506091 0.352491 0.505404 0.352204 0.505523 0.348403 0.505448 0.345750 0.505362 0.343884 0.504839 0.342454 0.504435 0.341806 0.503833 0.343241 0.503266 0.345319 0.502380 0.351056 0.501737 0.351273 0.501615 0.350481 0.501857 0.348833 0.503023 0.343028 0.503753 0.341231 0.504115 0.340588 0.503385 0.339440 0.503591 0.339083 0.504958 0.339870 0.504641 0.337287 0.502740 0.334778
2 0.578958 0.537037 0.581076 0.543829 0.582953 0.551273 0.587505 0.566681 0.586432 0.568241 0.585234 0.569630 0.581380 0.557222 0.580208 0.551759 0.579297 0.551759 0.576068 0.540324 0.576042 0.538333
2 0.585260 0.711852 0.592674 0.726528 0.594997 0.725324 0.597417 0.713968 0.593956 0.707356 0.592771 0.710356 0.590833 0.709801 0.588708 0.712912
6 0.598286 0.584296 0.595383 0.588241 0.598568 0.593042 0.601635 0.597704 0.602763 0.600287 0.602792 0.603231 0.602557 0.605472 0.602187 0.610204 0.602932 0.612856 0.612549 0.599495 0.611799 0.598588 0.604893 0.591616 0.602372 0.592611 0.602841 0.590620 0.602328 0.588468
6 0.586385 0.507718 0.585513 0.507963 0.585620 0.511120 0.575508 0.518130 0.574638 0.515157 0.573870 0.515523 0.574005 0.522167 0.578958 0.537037 0.581076 0.543829 0.582953 0.551273 0.587505 0.566681 0.589232 0.564856 0.590419 0.564565 0.593875 0.564949 0.595062 0.565912 0.596576 0.562551 0.594740 0.558421 0.592849 0.553912 0.591716 0.549593 0.589914 0.542880 0.584633 0.522644 0.585508 0.522866 0.589568 0.537866 0.591911 0.546981 0.593997 0.554079 0.595448 0.557662 0.597305 0.561532 0.598716 0.559097 0.600781 0.560944 0.604128 0.564403 0.605984 0.570213 0.607271 0.570347
1 0.450516 0.328833 0.450482 0.330319 0.453560 0.330051 0.453141 0.331852 0.453456 0.331912 0.454326 0.330796 0.456661 0.331417 0.457081 0.330856 0.455721 0.330611 0.455651 0.329931 0.463648 0.328505 0.471211 0.326588 0.471859 0.325435 0.463865 0.327736 0.454362 0.329181
1 0.526247 0.393347 0.527372 0.401125 0.528935 0.407569 0.531432 0.413231 0.533117 0.415903 0.537969 0.421713 0.543328 0.427093 0.541729 0.410954 0.537755 0.389495 0.538549 0.389495 0.542599 0.411731 0.544547 0.428560 0.546604 0.427773 0.549490 0.430838 0.553427 0.436833 0.554737 0.439500 0.554924 0.442278 0.554177 0.442056 0.554115 0.439944 0.552240 0.436171 0.549240 0.431616 0.548927 0.434282 0.550115 0.436060 0.550990 0.437167 0.550740 0.439833 0.548458 0.437634 0.548396 0.434968 0.545148 0.430861 0.544023 0.430639 0.543586 0.429083 0.539104 0.425731 0.533727 0.419681 0.531432 0.415898 0.529596 0.411764 0.527872 0.406968 0.527602 0.405556 0.526773 0.402333 0.525609 0.393616
1 0.510974 0.639417 0.511810 0.640162 0.513065 0.598958 0.515893 0.595148 0.515349 0.594778 0.513333 0.596755 0.513003 0.594407 0.512279 0.594347 0.512128 0.598153 0.509870 0.602495 0.507128 0.606421 0.504893 0.608250 0.502542 0.611134 0.498159 0.629319 0.499130 0.628741 0.503018 0.613486 0.504258 0.610986 0.507529 0.607671 0.511911 0.600412
1 0.493617 0.580005 0.494346 0.576116 0.495128 0.576301 0.494193 0.582440 0.493693 0.588190 0.491328 0.606991 0.489461 0.627657 0.497130 0.606824 0.498102 0.607208 0.489893 0.629194 0.492646 0.630727 0.498857 0.609417 0.500044 0.609898 0.494320 0.630634 0.496104 0.631593 0.494862 0.632458 0.488380 0.631495 0.488003 0.628426 0.490039 0.609278 0.493169 0.582782
1 0.503505 0.568806 0.510049 0.542394 0.511555 0.535750 0.512826 0.530083 0.513388 0.530968 0.512177 0.536861 0.511141 0.542949 0.504510 0.568907
1 0.516435 0.505912 0.520214 0.512343 0.523021 0.514454 0.524966 0.515125 0.528362 0.519514 0.535237 0.526838 0.537612 0.528287 0.540172 0.528949 0.543482 0.529505 0.548234 0.526838 0.549732 0.529727 0.550232 0.528287 0.549854 0.526060 0.551232 0.524065 0.550604 0.523403 0.548359 0.524282 0.544482 0.519514 0.540922 0.516065 0.535362 0.512292 0.526862 0.511958 0.521990 0.501514
1 0.537062 0.532060 0.553763 0.534375 0.556365 0.528463 0.559836 0.513810 0.556849 0.510176 0.550661 0.511370 0.550242 0.510176 0.556430 0.507347 0.554341 0.505264 0.547979 0.510764 0.545638 0.513454 0.545305 0.510625 0.547979 0.508245 0.550156 0.502000 0.544612 0.500833 0.541849 0.501384 0.541771 0.499625 0.545023 0.499815 0.546742 0.500139 0.546742 0.498417 0.551117 0.499676 0.554581 0.500319 0.556568 0.499764 0.557349 0.500032 0.556987 0.500884 0.563453 0.501620 0.563187 0.500333 0.564271 0.480778 0.565945 0.476167 0.568612 0.474500 0.569555 0.475181 0.570182 0.477412 0.571630 0.482657 0.569622 0.488602 0.567701 0.491278 0.567617 0.495296 0.568651 0.502310 0.568961 0.506940 0.568260 0.507130 0.567693 0.503773 0.566120 0.503486 0.566164 0.506005 0.568310 0.510407 0.569497 0.515977 0.572385 0.523264 0.574115 0.527583 0.577206 0.531935 0.577555 0.533546 0.575323 0.531685 0.573544 0.528838 0.569562 0.520648 0.567146 0.510907 0.565648 0.507463 0.564898 0.509019 0.565586 0.512236 0.566398 0.518903 0.566646 0.522569 0.566086 0.522792 0.564711 0.510792 0.561898 0.517014 0.560086 0.520569 0.563523 0.520681 0.564523 0.525125 0.562719 0.529292 0.564664 0.534088 0.565365 0.530060 0.566932 0.528523 0.568604 0.528523 0.570172 0.529000 0.571359 0.531208 0.572331 0.535435 0.571359 0.534954 0.569523 0.530440 0.567688 0.530153 0.566284 0.531787 0.565982 0.538648 0.575552 0.542676 0.575081 0.544176 0.564810 0.540847 0.555557 0.551898 0.554586 0.550569 0.564107 0.539699 0.555471 0.536875 0.549404 0.544593 0.545065 0.550431 0.544505 0.549190 0.554417 0.535847 0.544367 0.533898 0.536701 0.533227
8 0.514802 0.516250 0.513044 0.516218 0.511859 0.518546 0.516078 0.534861 0.519594 0.551023 0.520891 0.552773 0.522706 0.551949 0.522859 0.548718 0.519474 0.537324 0.517677 0.529194
1 0.482430 0.304116 0.481836 0.305106 0.486823 0.309384 0.489354 0.312792 0.492013 0.316560 0.492898 0.319431 0.493224 0.321079 0.493021 0.324375 0.492253 0.327968 0.489443 0.332278 0.483284 0.331366 0.481370 0.331449 0.480063 0.332032 0.476516 0.339745 0.475326 0.342773 0.473951 0.337106 0.482263 0.326065 0.481857 0.325134 0.473549 0.335958 0.471047 0.330722 0.470604 0.331444 0.472820 0.336745 0.467448 0.343782 0.468055 0.344500 0.473299 0.338051 0.474831 0.343565 0.471831 0.351310 0.470802 0.350236 0.468750 0.349907 0.467164 0.345338 0.466417 0.342102 0.465857 0.342102 0.466602 0.345921 0.467674 0.348574 0.465857 0.347412 0.464081 0.346333 0.462779 0.346088 0.460865 0.346333 0.458388 0.347662 0.456258 0.350685 0.454078 0.355417 0.449992 0.357310 0.449003 0.355690 0.448221 0.354995 0.446945 0.354810 0.445930 0.355181 0.442773 0.359227 0.442594 0.357245 0.441990 0.356440 0.439128 0.356278 0.439008 0.357245 0.441630 0.357509 0.442112 0.358208 0.442352 0.359653 0.434589 0.369125 0.424010 0.382653 0.424326 0.383398 0.436326 0.369051 0.437094 0.371162 0.438523 0.370046 0.437581 0.367690 0.444896 0.357801 0.446065 0.356870 0.446872 0.356083 0.448161 0.356009 0.449977 0.358880 0.454617 0.365690 0.449734 0.369347 0.444411 0.373218 0.443242 0.370926 0.442435 0.371282 0.443484 0.373648 0.441870 0.374222 0.439773 0.374509 0.439570 0.375514 0.441628 0.375370 0.444128 0.374653 0.447034 0.379532 0.448055 0.380620 0.449508 0.380259 0.450555 0.380046 0.452648 0.381167 0.454664 0.381884 0.457286 0.381023 0.457448 0.382315 0.458375 0.383102 0.459021 0.382602 0.457891 0.381741 0.457771 0.380806 0.459586 0.379157 0.459867 0.381167 0.460836 0.380449 0.460190 0.378727 0.462370 0.378227 0.462490 0.377079 0.460312 0.377796 0.458294 0.379444 0.455068 0.380306 0.453534 0.379662 0.451518 0.378440 0.450349 0.376579 0.450388 0.373208 0.450872 0.372847 0.451276 0.374713 0.451195 0.377009 0.451880 0.376935 0.452003 0.373639 0.450914 0.371843 0.449865 0.371843 0.449904 0.375000 0.449503 0.376074 0.448938 0.376361 0.447000 0.376361 0.445307 0.374639 0.454906 0.367111 0.456781 0.368639 0.457771 0.368685 0.459542 0.368222 0.460505 0.367157 0.460792 0.365676 0.461469 0.364148 0.462615 0.365398 0.463552 0.367296 0.464229 0.369611 0.464990 0.371736 0.466188 0.371458 0.465927 0.370579 0.465250 0.370162 0.464651 0.367755 0.463896 0.365903 0.461995 0.363125 0.461836 0.362005 0.463008 0.360986 0.463451 0.363116 0.464224 0.362644 0.463938 0.360514 0.467766 0.357412 0.467375 0.356486 0.460917 0.361579 0.455505 0.365023 0.452953 0.361481 0.452953 0.359750 0.452953 0.358755 0.452289 0.358259 0.451557 0.359995 0.450443 0.357704 0.453992 0.356685 0.454971 0.355194 0.457070 0.350542 0.459357 0.348139 0.461271 0.347389 0.463607 0.349130 0.463607 0.350463 0.462534 0.352699 0.462161 0.355352 0.461833 0.356102 0.461740 0.357676 0.462065 0.358343 0.463141 0.357764 0.464307 0.356685 0.464771 0.358093 0.465568 0.357676 0.465005 0.356102 0.468039 0.353444 0.467807 0.352366 0.464682 0.355106 0.464492 0.354028 0.463654 0.354690 0.463792 0.356102 0.462484 0.357181 0.462484 0.355690 0.463185 0.352532 0.464492 0.349713 0.464026 0.348634 0.462346 0.347310 0.463885 0.347389 0.465661 0.348468 0.467664 0.349880 0.468599 0.350542 0.470560 0.353861 0.466930 0.362690 0.467865 0.363273 0.470313 0.356833 0.471560 0.365722 0.470685 0.367718 0.469062 0.374389 0.465714 0.367088 0.465151 0.367532 0.467648 0.374194 0.466336 0.375750 0.462589 0.367310 0.461464 0.367532 0.461211 0.368644 0.462151 0.368528 0.465651 0.376644 0.463326 0.378579 0.462297 0.379981 0.461456 0.382306 0.461784 0.384630 0.463182 0.386620 0.459003 0.388556 0.451318 0.389222 0.442445 0.384556 0.437198 0.381671 0.436635 0.384000 0.439195 0.385889 0.439195 0.387782 0.436948 0.387444 0.434573 0.388556 0.425826 0.396329 0.431995 0.416718 0.442281 0.401843 0.445122 0.406009 0.446471 0.429398 0.442177 0.426648 0.441990 0.428648 0.446552 0.431426 0.442427 0.430755 0.442365 0.433866 0.446799 0.433977 0.447052 0.437759 0.439615 0.441088 0.440128 0.443338 0.445047 0.444130 0.441336 0.447426 0.444604 0.452963 0.449802 0.457819 0.446883 0.463375 0.447578 0.465352 0.450565 0.460042 0.456052 0.466588 0.460013 0.480292 0.461568 0.491949 0.463490 0.495685 0.463669 0.501875 0.462349 0.506250 0.459589 0.511269 0.460826 0.516565 0.463742 0.513111 0.464984 0.511292 0.464768 0.515227 0.462391 0.521074 0.463076 0.523769 0.466125 0.517148 0.466003 0.510366 0.466487 0.509792 0.469513 0.515356 0.471995 0.520926 0.474016 0.526796 0.476016 0.530815 0.478326 0.534477 0.477388 0.536366 0.477013 0.543588 0.473263 0.541139 0.468076 0.540250 0.479240 0.579903 0.480318 0.578847 0.482586 0.582782 0.484747 0.584704 0.487229 0.585278 0.486086 0.577495 0.489432 0.577301 0.488516 0.579699 0.489216 0.579894 0.490081 0.578454 0.492732 0.578523 0.492456 0.576532 0.490513 0.576532 0.490839 0.573843 0.489974 0.570292 0.488466 0.569056 0.485940 0.564111 0.491552 0.558407 0.495214 0.552458 0.499815 0.547870 0.507268 0.540824 0.506143 0.539602 0.498831 0.546005 0.495102 0.550014 0.491302 0.554972 0.485271 0.560796 0.482214 0.551815 0.485589 0.553370 0.485914 0.550495 0.480589 0.546935 0.478104 0.543870 0.478292 0.539093 0.480667 0.536986 0.484286 0.538431 0.484352 0.536875 0.481536 0.535319 0.483622 0.530870 0.482440 0.530954 0.480565 0.533843 0.477818 0.530292 0.477315 0.525847 0.473443 0.517847 0.471526 0.514083 0.469865 0.512694 0.466914 0.508088 0.467846 0.505356 0.469232 0.506532 0.469883 0.513273 0.471602 0.514102 0.470620 0.507282 0.470049 0.501694 0.472612 0.498361 0.476922 0.494588 0.478484 0.497028 0.480919 0.501250 0.483120 0.507009 0.484219 0.510352 0.485518 0.515375 0.487471 0.522505 0.489253 0.528569 0.487573 0.527824 0.484490 0.523259 0.483565 0.520833 0.482010 0.517694 0.480531 0.515231 0.480385 0.513787 0.479570 0.513838 0.479510 0.515662 0.480990 0.517954 0.482297 0.520606 0.483789 0.524588 0.484862 0.526745 0.487852 0.529319 0.489487 0.529398 0.493453 0.543356 0.494430 0.543231 0.492477 0.536181 0.499104 0.538250 0.505169 0.540157 0.505497 0.539000 0.498870 0.535676 0.492383 0.534935 0.491638 0.533023 0.496161 0.533523 0.496026 0.532329 0.491589 0.532116 0.490841 0.529208 0.496789 0.527866 0.509745 0.526718 0.509466 0.524894 0.493969 0.527130 0.490141 0.527468 0.488659 0.522366 0.487299 0.515981 0.485320 0.509583 0.484799 0.506907 0.482911 0.500611 0.485880 0.504162 0.489284 0.508773 0.492253 0.514532 0.493711 0.512519 0.487445 0.502148 0.482305 0.497213 0.480977 0.493708 0.483729 0.492463 0.485784 0.494625 0.487836 0.497523 0.488862 0.503162 0.489518 0.503333 0.489469 0.499185 0.487836 0.495199 0.488956 0.494042 0.490870 0.495861 0.490964 0.503005 0.491943 0.503162 0.492221 0.496199 0.497922 0.494755 0.500409 0.504546 0.501109 0.510981 0.502349 0.513287 0.503159 0.511940 0.501865 0.506958 0.502979 0.504389 0.503732 0.505458 0.507167 0.509046 0.510073 0.511750 0.511313 0.511171 0.511094 0.518264 0.511859 0.518546 0.511880 0.515657 0.512508 0.507926 0.513594 0.504139 0.514643 0.505144 0.516510 0.503463 0.515646 0.501255 0.517917 0.498856 0.526253 0.497736 0.543961 0.497481 0.544250 0.494778 0.535867 0.494907 0.526180 0.495421 0.521203 0.495907 0.520333 0.493843 0.522654 0.492120 0.521398 0.490056 0.519461 0.488681 0.518299 0.486269 0.521164 0.484347 0.520492 0.483208 0.515914 0.484380 0.515245 0.483782 0.513823 0.474116 0.512065 0.473671 0.511062 0.468468 0.512734 0.463708 0.516500 0.469213 0.521852 0.469509 0.524349 0.471185 0.524799 0.469995 0.525927 0.467736 0.526505 0.465037 0.524771 0.453986 0.530844 0.458741 0.533010 0.458741 0.539010 0.462079 0.539375 0.461181 0.534458 0.457838 0.530555 0.456426 0.522023 0.448074 0.529253 0.438435 0.531854 0.439847 0.532865 0.441907 0.533951 0.453208 0.535323 0.453722 0.533807 0.439333 0.535526 0.429694 0.527833 0.420375 0.526154 0.418634 0.524802 0.413736 0.523310 0.415815 0.524568 0.420958 0.529281 0.425935 0.530029 0.425597 0.534323 0.430245 0.534138 0.431741 0.530495 0.431324 0.518174 0.420292 0.516865 0.422810 0.521656 0.428935 0.515849 0.441708 0.507490 0.433407 0.498456 0.414079 0.496169 0.415255 0.506073 0.434407 0.503036 0.432986 0.499854 0.428231 0.499781 0.424894 0.497612 0.420269 0.493638 0.418213 0.490891 0.413583 0.495086 0.398546 0.493638 0.399190 0.491182 0.409338 0.486688 0.415333 0.484641 0.414829 0.482630 0.423250 0.481078 0.423028 0.477091 0.427236 0.476630 0.420472 0.476549 0.415667 0.479411 0.410704 0.483805 0.400662 0.487669 0.402667 0.490828 0.401171 0.493669 0.399134 0.495099 0.398481 0.496065 0.397329 0.497625 0.394690 0.499586 0.389495 0.503086 0.387921 0.503229 0.386926 0.499867 0.386431 0.498888 0.383856 0.498000 0.384106 0.498745 0.389083 0.498094 0.391241 0.496602 0.394722 0.494315 0.396880 0.489552 0.400032 0.487859 0.400782 0.484187 0.398699 0.487703 0.391940 0.489344 0.387671 0.490646 0.384264 0.492383 0.383491 0.494263 0.381949 0.496070 0.378866 0.495565 0.391199 0.497008 0.390685 0.496867 0.384519 0.497299 0.377838 0.503190 0.361588 0.502034 0.361329 0.497552 0.375727 0.497768 0.358764 0.496891 0.345769 0.496690 0.338444 0.495451 0.337792 0.495484 0.345769 0.495904 0.357912 0.496224 0.370208 0.494562 0.367000 0.493042 0.366102 0.490151 0.366486 0.480896 0.377796 0.481115 0.380361 0.490492 0.368537 0.492599 0.367861 0.494490 0.368245 0.495409 0.371704 0.496167 0.375347 0.494922 0.379093 0.492917 0.381546 0.490755 0.382120 0.488432 0.385194 0.487518 0.387565 0.485852 0.392889 0.483307 0.398380 0.481503 0.397333 0.477500 0.393144 0.475659 0.382852 0.477065 0.382662 0.477872 0.386602 0.478953 0.388708 0.480643 0.390991 0.480143 0.387940 0.478789 0.385644 0.477656 0.382185 0.476307 0.381417 0.473930 0.381801 0.472737 0.366856 0.476128 0.356023 0.475833 0.372366 0.476997 0.372542 0.477385 0.354648 0.479891 0.347815 0.483740 0.349750 0.484492 0.347370 0.480979 0.345741 0.489344 0.334435 0.495818 0.334750 0.500784 0.336190 0.502133 0.338588 0.502943 0.337051 0.501917 0.334560 0.500245 0.333407 0.490307 0.332347 0.493656 0.326491 0.494078 0.324153 0.494005 0.320685 0.492992 0.316444 0.490245 0.312333 0.487208 0.307704
1 0.562654 0.474111 0.543786 0.488773 0.543786 0.489884 0.563029 0.475444
6 0.620924 0.647046 0.618638 0.646009 0.621732 0.639708 0.620789 0.637319 0.615857 0.644495 0.615273 0.644495 0.613703 0.639551 0.618951 0.623366 0.625320 0.636125
2 0.470620 0.507282 0.471526 0.514083 0.478305 0.518069 0.478245 0.515875 0.479510 0.515662 0.479570 0.513838 0.480385 0.513787 0.480531 0.515231 0.482010 0.517694 0.483565 0.520833 0.487471 0.522505 0.485518 0.515375
