2 0.381977 0.331870 0.387492 0.325060 0.389745 0.323662 0.391435 0.323662 0.394138 0.325662 0.396615 0.326866 0.397854 0.328667 0.397854 0.330269 0.390984 0.331870 0.389070 0.333269 0.389070 0.334069 0.391885 0.333472 0.394138 0.333671 0.394362 0.335273 0.390646 0.339875 0.390083 0.342681 0.389521 0.344282 0.387831 0.343681 0.386818 0.340477 0.386255 0.336472 0.383552 0.335273 0.382424 0.333870
2 0.387148 0.153218 0.384909 0.152769 0.384190 0.152653 0.383802 0.153472 0.383146 0.156491 0.382622 0.157537 0.382294 0.158463 0.381904 0.161370 0.381250 0.161954 0.379810 0.161139 0.378438 0.160093 0.376346 0.159745 0.375234 0.159745 0.373992 0.159509 0.372685 0.158583 0.372031 0.159630 0.371833 0.161023 0.370789 0.160440 0.370070 0.159046 0.369154 0.156838 0.368435 0.158000 0.368107 0.158815 0.367063 0.157301 0.365492 0.157301 0.364643 0.158931 0.364055 0.162880 0.364250 0.167995 0.362029 0.174968 0.360917 0.174505 0.359609 0.174620 0.358432 0.177412 0.357581 0.182639 0.357385 0.186940 0.356927 0.190194 0.356208 0.191593 0.355490 0.195657 0.355555 0.197403 0.357125 0.197981 0.356714 0.201324 0.357526 0.206625 0.358341 0.208556 0.359831 0.208069 0.361323 0.207347 0.362677 0.206144 0.364034 0.204458 0.364711 0.202528 0.366068 0.201565 0.367966 0.201565 0.370000 0.201806 0.371896 0.204218 0.374065 0.202528 0.373659 0.200602 0.373523 0.197949 0.375557 0.197708 0.377591 0.197468 0.378810 0.196264 0.378810 0.194093 0.379083 0.188551 0.380438 0.184935 0.382214 0.179824 0.382565 0.175870 0.383625 0.174426 0.386443 0.172741 0.387732 0.174208 0.388437 0.177343 0.390185 0.178162 0.392760 0.178162 0.395107 0.177968 0.397331 0.176907 0.399323 0.175657 0.400380 0.173171 0.401315 0.170667 0.403078 0.167532 0.403891 0.164426 0.403539 0.162134 0.402604 0.160255 0.400380 0.160037 0.398388 0.161074 0.397573 0.162134 0.396245 0.162426 0.396245 0.159361 0.396245 0.156833 0.395148 0.155171 0.393901 0.155171 0.391391 0.158231 0.389820 0.159074 0.387786 0.157963 0.385263 0.157412 0.384492 0.155171 0.385427 0.154324
2 0.453049 0.177514 0.451224 0.200676 0.450703 0.210171 0.454612 0.215731 0.455133 0.213417 0.457479 0.182144 0.457219 0.178671 0.456177 0.176819 0.454482 0.177282
2 0.555875 0.677241 0.556922 0.681426 0.561456 0.685556 0.565406 0.690417 0.566013 0.691676 0.568951 0.693745 0.572417 0.696417 0.574706 0.697116 0.576445 0.697259 0.577255 0.698157 0.579151 0.698394 0.579482 0.697796 0.580596 0.697977 0.580799 0.699236 0.583922 0.698394 0.585154 0.698338 0.586167 0.697796 0.586081 0.696769 0.585357 0.695278 0.584544 0.694736 0.583128 0.694199 0.582013 0.694199 0.580065 0.694560 0.577255 0.694560 0.575331 0.693477 0.574622 0.692759 0.571357 0.690699 0.570367 0.689519 0.567531 0.687537 0.565406 0.685375 0.562977 0.682495 0.558615 0.678111
2 0.346630 0.213977 0.348492 0.213977 0.350740 0.212463 0.352984 0.212463 0.352289 0.215630 0.350815 0.218801 0.349576 0.221556 0.347794 0.227343 0.346320 0.229681 0.344539 0.230787 0.342292 0.230787 0.340432 0.229130 0.337643 0.226926 0.337487 0.224171 0.339656 0.218250 0.340664 0.217009 0.342370 0.216319 0.344695 0.215079
2 0.406083 0.332088 0.406672 0.328944 0.408104 0.326403 0.410542 0.324162 0.412982 0.322218 0.416768 0.319227 0.419039 0.317130 0.420047 0.317130 0.421477 0.318477 0.423497 0.319972 0.425346 0.324606 0.426440 0.328046 0.426357 0.331037 0.430898 0.339861 0.430310 0.340759 0.424253 0.331486 0.418953 0.325356 0.418198 0.326551 0.423833 0.333731 0.429133 0.341954 0.428544 0.343005 0.423750 0.334926 0.423411 0.335676 0.426104 0.342403 0.420888 0.337620 0.420721 0.341505 0.421982 0.345546 0.421477 0.346440 0.418953 0.346144 0.417018 0.344199 0.415505 0.340907 0.414076 0.339861 0.412141 0.341060 0.409953 0.341505 0.408776 0.345097 0.407263 0.342852 0.405411 0.342704 0.405411 0.339412 0.405578 0.336125 0.405578 0.334926
2 0.488039 0.205204 0.488130 0.203537 0.489880 0.201671 0.490844 0.199028 0.491805 0.195449 0.492245 0.195292 0.493557 0.196537 0.494518 0.197157 0.496008 0.195602 0.496969 0.194981 0.497583 0.197315 0.498195 0.200583 0.498896 0.204315 0.499245 0.206338 0.500471 0.206806 0.502221 0.207431 0.502315 0.208986 0.502219 0.212046 0.502016 0.213495 0.500091 0.213495 0.498276 0.213134 0.494315 0.208625 0.490779 0.206120
6 0.352099 0.224583 0.355815 0.222380 0.356943 0.220981 0.366513 0.213972 0.368654 0.219181 0.358745 0.227787 0.357393 0.227986 0.355591 0.228389 0.355141 0.227986 0.354013 0.227986 0.351875 0.228588
8 0.596820 0.363907 0.595768 0.314125 0.593497 0.314273 0.594424 0.360782 0.594297 0.362412 0.594969 0.363458
8 0.370703 0.208551 0.377609 0.204616 0.388945 0.200444 0.396372 0.200676 0.402755 0.200907 0.403279 0.198593 0.402885 0.197898 0.400411 0.197204 0.397154 0.196505 0.393766 0.196273 0.386990 0.196736 0.380477 0.199056 0.375526 0.201370 0.374065 0.202528 0.371896 0.204218 0.369010 0.206005 0.369010 0.208088
1 0.321167 0.235787 0.382581 0.338940 0.413138 0.388398 0.413951 0.385671 0.415591 0.384421 0.419576 0.381722 0.421922 0.388181 0.422396 0.389843 0.419698 0.394014 0.418167 0.395481 0.419469 0.398593 0.433987 0.421056 0.471378 0.476222 0.507398 0.532523 0.512292 0.540259 0.531544 0.601019 0.534445 0.612972 0.534797 0.611019 0.534987 0.606199 0.534620 0.600056 0.533904 0.593620 0.533714 0.590704 0.535896 0.587472 0.536615 0.587472 0.537346 0.592319 0.537711 0.597162 0.538797 0.597162 0.539161 0.595208 0.538797 0.588125 0.538620 0.585231 0.541521 0.588773 0.545872 0.591667 0.545508 0.596199 0.544422 0.597810 0.543690 0.600056 0.541521 0.600704 0.539880 0.603620 0.538974 0.606824 0.538620 0.610394 0.539706 0.611019 0.540424 0.608440 0.541521 0.605236 0.543690 0.603282 0.545331 0.603935 0.545698 0.607477 0.570641 0.576699 0.571427 0.574481 0.571740 0.569736 0.575508 0.563880 0.581013 0.556333 0.583682 0.553273 0.587763 0.547417 0.587128 0.544620 0.586815 0.542116 0.586815 0.538764 0.586815 0.536546 0.585716 0.534306 0.587128 0.532907 0.591057 0.539319 0.593091 0.539606 0.594503 0.539875 0.599044 0.533801 0.600562 0.532352 0.602094 0.532546 0.604073 0.534208 0.605253 0.535463 0.607354 0.537560 0.609591 0.537343 0.611109 0.536088 0.612518 0.534644 0.613685 0.534644 0.614742 0.534208 0.611815 0.529847 0.612167 0.526088 0.612628 0.525894 0.616260 0.530042 0.617549 0.528593 0.617901 0.527750 0.619432 0.527750 0.621073 0.528185 0.623880 0.531727 0.624503 0.536667 0.632909 0.528713 0.636570 0.525824 0.638060 0.527750 0.638331 0.528713 0.638195 0.529435 0.635349 0.531847 0.632773 0.533773 0.631961 0.535486 0.632096 0.536667 0.630062 0.537148 0.628977 0.538139 0.627622 0.539319 0.626943 0.540282 0.628706 0.543417 0.630740 0.546065 0.631687 0.547032 0.633857 0.546065 0.635484 0.545102 0.638602 0.545102 0.640365 0.544861 0.639688 0.546065 0.637112 0.548718 0.635620 0.550648 0.635484 0.551370 0.636432 0.551611 0.638737 0.549921 0.640771 0.549921 0.641857 0.550190 0.643620 0.549440 0.644568 0.550190 0.645516 0.551130 0.648500 0.551370 0.656768 0.555227 0.663818 0.559588 0.665987 0.560046 0.667615 0.560287 0.669513 0.560046 0.672102 0.559444 0.674026 0.559634 0.675247 0.561972 0.675641 0.563060 0.676859 0.563060 0.677768 0.562144 0.677362 0.560167 0.676656 0.558722 0.675341 0.557106 0.674229 0.554769 0.673526 0.553319 0.674638 0.551176 0.686078 0.535028 0.685198 0.534380 0.676711 0.545440 0.673565 0.549153 0.672427 0.550718 0.672156 0.551176 0.670841 0.549778 0.669974 0.547440 0.668224 0.542306 0.666909 0.540597 0.665852 0.539199 0.665513 0.532352 0.664633 0.530185 0.663589 0.527847 0.662354 0.526134 0.662273 0.524111 0.662964 0.523486 0.664633 0.523338 0.665594 0.524569 0.666477 0.525824 0.667263 0.525366 0.667263 0.523653 0.665419 0.516954 0.665771 0.514782 0.665419 0.511361 0.664549 0.508856 0.663669 0.507625 0.662531 0.507000 0.661826 0.503407 0.670677 0.506542 0.670935 0.505431 0.670935 0.503722 0.667695 0.503120 0.665594 0.502181 0.663846 0.501384 0.662354 0.500782 0.661216 0.500611 0.659724 0.493625 0.660523 0.492537 0.660701 0.490347 0.660076 0.487380 0.659724 0.485838 0.659115 0.485523 0.658151 0.485838 0.657542 0.485981 0.656755 0.483500 0.658247 0.482875 0.658328 0.481019 0.657893 0.477907 0.660781 0.480704 0.664456 0.482875 0.666815 0.483500 0.669091 0.482727 0.671992 0.480755 0.673620 0.478056 0.674419 0.474269 0.674529 0.469042 0.673620 0.464194 0.673010 0.462750 0.671492 0.461856 0.668346 0.460940 0.666734 0.460579 0.661906 0.456630 0.656742 0.452264 0.652771 0.449759 0.649841 0.448287 0.647849 0.447662 0.645734 0.447037 0.647198 0.445324 0.658557 0.434889 0.657745 0.432190 0.656336 0.433440 0.648484 0.440310 0.647672 0.440935 0.648365 0.438866 0.649544 0.435106 0.650125 0.431972 0.649773 0.431778 0.649068 0.431778 0.647672 0.435324 0.646966 0.438431 0.645909 0.440722 0.644039 0.442602 0.642859 0.443032 0.641096 0.438167 0.639471 0.434792 0.637302 0.432866 0.634727 0.431417 0.633234 0.429250 0.632828 0.426597 0.631471 0.419606 0.632284 0.419606 0.636081 0.423704 0.640148 0.426838 0.641232 0.426356 0.641232 0.423222 0.640148 0.422019 0.636487 0.419125 0.634453 0.417440 0.634047 0.400352 0.632422 0.391894 0.630604 0.386491 0.628380 0.381819 0.625234 0.377310 0.623812 0.377144 0.622497 0.376949 0.621495 0.376949 0.614701 0.353019 0.621669 0.321204 0.620557 0.320481 0.619839 0.320671 0.615990 0.339037 0.614674 0.346051 0.613766 0.347856 0.611544 0.340819 0.610432 0.341736 0.610323 0.342269 0.612247 0.349472 0.612857 0.350921 0.611544 0.355042 0.611135 0.358463 0.609917 0.361718 0.608099 0.364944 0.605768 0.367477 0.604859 0.368560 0.602935 0.366394 0.601307 0.365671 0.598786 0.364583 0.596820 0.363907 0.594969 0.363458 0.594297 0.362412 0.593203 0.359722 0.590427 0.356731 0.590763 0.354190 0.591016 0.346713 0.591690 0.341477 0.593286 0.335347 0.593878 0.332056 0.593708 0.329065 0.592604 0.332917 0.591492 0.336505 0.590477 0.341181 0.590177 0.344245 0.589771 0.350727 0.589365 0.354681 0.588456 0.352894 0.587737 0.350560 0.586531 0.350194 0.585622 0.350560 0.586016 0.352894 0.586938 0.354870 0.588456 0.357208 0.587737 0.359019 0.585812 0.359741 0.584604 0.360440 0.583792 0.359907 0.582776 0.357569 0.581161 0.355403 0.579943 0.351981 0.580253 0.348028 0.580253 0.346583 0.579534 0.344968 0.577922 0.343519 0.578831 0.343157 0.582883 0.343157 0.585513 0.341907 0.584904 0.339931 0.583385 0.340653 0.581568 0.341014 0.579740 0.341181 0.577922 0.340653 0.576906 0.340458 0.575888 0.336505 0.574979 0.332917 0.573503 0.326889 0.574560 0.326264 0.574086 0.324384 0.573151 0.323542 0.571630 0.321685 0.570221 0.320625 0.567414 0.319176 0.565422 0.318144 0.564474 0.316264 0.563659 0.312093 0.563078 0.312718 0.563307 0.314792 0.562724 0.316477 0.560732 0.315634 0.558862 0.314792 0.558740 0.312718 0.558740 0.307921 0.558156 0.303755 0.557328 0.295005 0.555268 0.285704 0.553966 0.281532 0.553505 0.269241 0.551865 0.269458 0.552448 0.279870 0.551039 0.276954 0.549643 0.274231 0.547065 0.272782 0.545534 0.272157 0.541792 0.270903 0.540734 0.270903 0.541318 0.267986 0.542484 0.264250 0.543081 0.260903 0.543190 0.256324 0.542375 0.251116 0.541792 0.246319 0.540966 0.243213 0.542253 0.236944 0.540844 0.236750 0.540260 0.239667 0.540151 0.243403 0.540260 0.246949 0.540734 0.251741 0.541089 0.254444 0.540031 0.254444 0.539799 0.256106 0.540383 0.259454 0.540734 0.263625 0.540151 0.267986 0.539326 0.270083 0.538391 0.270083 0.537224 0.268829 0.536167 0.267167 0.534758 0.264444 0.533698 0.262153 0.532763 0.262565 0.531828 0.261745 0.531706 0.258829 0.532641 0.256106 0.534878 0.249861 0.533117 0.248611 0.532641 0.250708 0.531354 0.253625 0.529482 0.245912 0.528779 0.244440 0.526677 0.242583 0.525146 0.242153 0.524792 0.242153 0.523396 0.239236 0.521865 0.236944 0.519289 0.236125 0.518122 0.236537 0.518583 0.230921 0.517648 0.230921 0.517188 0.234870 0.516711 0.236750 0.515154 0.232921 0.513661 0.230269 0.512034 0.226171 0.511492 0.224968 0.513661 0.220870 0.514339 0.217495 0.513932 0.216773 0.512849 0.218458 0.512034 0.220389 0.510951 0.222315 0.509867 0.222315 0.508781 0.221111 0.508781 0.219421 0.507833 0.217977 0.506070 0.217495 0.503846 0.199995 0.502315 0.199995 0.502125 0.203782 0.502315 0.208986 0.502219 0.212046 0.502016 0.213495 0.500091 0.213495 0.498276 0.213134 0.494315 0.208625 0.490779 0.206120 0.488039 0.205204 0.486018 0.205398 0.484909 0.206843 0.483687 0.208264 0.483484 0.206481 0.484190 0.202144 0.482576 0.201250 0.481667 0.201250 0.480651 0.198190 0.477615 0.191537 0.476393 0.192069 0.475893 0.194046 0.474375 0.195130 0.473763 0.196745 0.473560 0.199106 0.472435 0.194431 0.465792 0.182620 0.465115 0.180208 0.463893 0.178764 0.463622 0.176838 0.463622 0.172500 0.463758 0.167917 0.462810 0.167676 0.461047 0.167676 0.458471 0.166954 0.456844 0.166954 0.454539 0.164546 0.452779 0.163097 0.450745 0.163097 0.448576 0.162616 0.447760 0.162375 0.445146 0.155532 0.442161 0.152157 0.439857 0.150708 0.439586 0.145167 0.439315 0.139144 0.438096 0.137454 0.436753 0.136491 0.434719 0.134806 0.432672 0.132153 0.431859 0.132394 0.433229 0.136009 0.434719 0.138903 0.435534 0.143241 0.435927 0.147097 0.435927 0.147579 0.430503 0.143241 0.428214 0.142519 0.427250 0.142273 0.432008 0.119477 0.430599 0.119185 0.424646 0.142060 0.417109 0.147917 0.417583 0.149866 0.418370 0.149866 0.423549 0.145407 0.423549 0.148468 0.422763 0.153218 0.421190 0.153218 0.419156 0.153505 0.417583 0.154060 0.412880 0.152106 0.412716 0.153505 0.411620 0.154060 0.410372 0.155458 0.409273 0.155722 0.408487 0.156014 0.405286 0.154259 0.407552 0.148009 0.406602 0.145407 0.405667 0.144565 0.404406 0.142060 0.403471 0.140662 0.402211 0.140949 0.400013 0.139551 0.398443 0.138995 0.397344 0.140394 0.396883 0.142347 0.396245 0.144009 0.392638 0.144565 0.389820 0.145699 0.387935 0.147361 0.387148 0.150708 0.387148 0.153218 0.388096 0.154616 0.385427 0.154324 0.384492 0.155171 0.385263 0.157412 0.387786 0.157963 0.389820 0.159074 0.391391 0.158231 0.393901 0.155171 0.395148 0.155171 0.396245 0.156833 0.396245 0.159361 0.396245 0.162426 0.397573 0.162134 0.398388 0.161074 0.400380 0.160037 0.402604 0.160255 0.403539 0.162134 0.403891 0.164426 0.403078 0.167532 0.401315 0.170667 0.400380 0.173171 0.399323 0.175657 0.397331 0.176907 0.395107 0.177968 0.392760 0.178162 0.390185 0.178162 0.388437 0.177343 0.387732 0.174208 0.386443 0.172741 0.383625 0.174426 0.382565 0.175870 0.382214 0.179824 0.380438 0.184935 0.379083 0.188551 0.378810 0.194093 0.378810 0.196264 0.377591 0.197468 0.375557 0.197708 0.373523 0.197949 0.373659 0.200602 0.374065 0.202528 0.371896 0.204218 0.370000 0.201806 0.367966 0.201565 0.366068 0.201565 0.364711 0.202528 0.364034 0.204458 0.362677 0.206144 0.361323 0.207347 0.359831 0.208069 0.358341 0.208556 0.357526 0.206625 0.356714 0.201324 0.353596 0.201565 0.352917 0.203491 0.350883 0.208796 0.349529 0.210241 0.347630 0.209759 0.345055 0.210241 0.343427 0.212412 0.341664 0.213856 0.337924 0.215301 0.334779 0.211954 0.333680 0.213352 0.331958 0.215565 0.330859 0.216144 0.331797 0.209157 0.332893 0.204144 0.336661 0.197444 0.340107 0.193829 0.339794 0.191588 0.338547 0.191588 0.336188 0.194116 0.334630 0.195491 0.333057 0.198023 0.331484 0.202190 0.330073 0.206940 0.329763 0.210843 0.329286 0.215301 0.328190 0.219759 0.327716 0.222819 0.327255 0.225616 0.325370 0.227014 0.325370 0.228968 0.327255 0.232319 0.325844 0.233690 0.322698 0.234824 0.320354 0.232870 0.319880 0.233690
2 0.632190 0.477519 0.630880 0.474935 0.630664 0.472866 0.630737 0.471704 0.635315 0.466662 0.636844 0.464463 0.637716 0.464333 0.638661 0.463171 0.639388 0.461880 0.640479 0.460977 0.640987 0.460977 0.643023 0.467310 0.644258 0.470667 0.644841 0.473255 0.644695 0.476486 0.645057 0.478681 0.645203 0.480620 0.644622 0.481782 0.644477 0.484241 0.643750 0.486181 0.642367 0.488116 0.639969 0.490444 0.638443 0.491866 0.637133 0.492509 0.636260 0.492125 0.634227 0.485144 0.633427 0.485144 0.632263 0.484884 0.632117 0.483074 0.632771 0.481912 0.633135 0.480102
2 0.620432 0.444556 0.628844 0.423769 0.629518 0.424370 0.630526 0.424667 0.632292 0.428255 0.624721 0.449194 0.621104 0.457565 0.619255 0.456968 0.618497 0.453977 0.618078 0.451583
2 0.544047 0.502259 0.552255 0.495542 0.560203 0.488593 0.565674 0.484426 0.564503 0.479560 0.563461 0.474931 0.560203 0.477245 0.557727 0.480486 0.556164 0.483037 0.554078 0.485120 0.551995 0.487204 0.550560 0.489986 0.549648 0.492532 0.547956 0.495079 0.545609 0.496472 0.543917 0.498324
2 0.530911 0.336667 0.532948 0.338662 0.532948 0.340537 0.531138 0.342681 0.527370 0.346968 0.524354 0.350991 0.522695 0.352866 0.521943 0.350722 0.520435 0.350722 0.520284 0.352060 0.518174 0.351255 0.518323 0.346699 0.518549 0.344556 0.525531 0.340565
2 0.528906 0.336157 0.525755 0.330750 0.523956 0.326546 0.523617 0.323343 0.523055 0.319741 0.519224 0.318940 0.517424 0.318940 0.518888 0.334954 0.518099 0.336153 0.518549 0.343162 0.524518 0.339356
2 0.532401 0.313134 0.532625 0.314134 0.534089 0.314935 0.535440 0.316134 0.535891 0.319338 0.536792 0.322940 0.537242 0.325343 0.538370 0.326546 0.541409 0.328546 0.543438 0.329750 0.544451 0.329750 0.545576 0.328148 0.546927 0.326745 0.548052 0.324542 0.546589 0.318940 0.544224 0.317935 0.542086 0.316935 0.541070 0.315736 0.534878 0.313333
2 0.553966 0.333093 0.557445 0.336894 0.562411 0.338699 0.567016 0.337495 0.569383 0.336694 0.571419 0.334894 0.572083 0.332491 0.572422 0.330287 0.572422 0.329088 0.570396 0.327287 0.568482 0.326287 0.566917 0.326287 0.564990 0.325486 0.562974 0.324685 0.563076 0.323083 0.563076 0.320880 0.560599 0.320880 0.560034 0.322681 0.559471 0.324481 0.558797 0.326287 0.557784 0.326685 0.556219 0.326884 0.555091 0.329287 0.554529 0.330491 0.553729 0.331088
2 0.576797 0.428505 0.578732 0.429102 0.581339 0.429389 0.584453 0.429537 0.587143 0.429699 0.587901 0.429986 0.588237 0.434338 0.588237 0.438074 0.587479 0.440468 0.585714 0.448380 0.584872 0.450171 0.582602 0.452431 0.581339 0.453778 0.580667 0.454523 0.578648 0.453778 0.576544 0.451981 0.575620 0.450639 0.575115 0.447630 0.575367 0.443894 0.576461 0.438810 0.576544 0.435981
2 0.545698 0.607477 0.550417 0.601481 0.551409 0.604088 0.549299 0.610338 0.538755 0.626171 0.534445 0.612972 0.534797 0.611019 0.534987 0.606199 0.535943 0.602838 0.538638 0.598884 0.538797 0.597162 0.539161 0.595208 0.538797 0.588125 0.538620 0.585231 0.541521 0.588773 0.545872 0.591667 0.545508 0.596199 0.544422 0.597810 0.543690 0.600056 0.541521 0.600704 0.539880 0.603620 0.538974 0.606824 0.538620 0.610394 0.539706 0.611019 0.540424 0.608440 0.541521 0.605236 0.543690 0.603282 0.545331 0.603935
2 0.603281 0.660532 0.606812 0.660218 0.607740 0.665866 0.608331 0.668116 0.608836 0.670218 0.609216 0.671718 0.610146 0.675995 0.611081 0.680463 0.613049 0.687727 0.613727 0.689005 0.614602 0.689625 0.615302 0.689625 0.615914 0.688694 0.616352 0.686981 0.617490 0.682782 0.618495 0.679926 0.618797 0.678046 0.619854 0.675468 0.621867 0.671731 0.624318 0.667843 0.626068 0.664731 0.626818 0.662787 0.627872 0.660236 0.629224 0.658139 0.629224 0.658139 0.630531 0.656329 0.633333 0.656171 0.633245 0.657106 0.633857 0.657574 0.633057 0.659269 0.631432 0.660162 0.630833 0.660523 0.630021 0.661968 0.629615 0.664139 0.630727 0.665199 0.633156 0.666287 0.630094 0.670954 0.624404 0.680602 0.620904 0.687759 0.619417 0.691648 0.618628 0.693981 0.617315 0.695074 0.616091 0.695074 0.614953 0.696162 0.613464 0.696005 0.611539 0.695542 0.611013 0.695074 0.609352 0.687139 0.608344 0.683394 0.607938 0.682134 0.606419 0.677273 0.606419 0.677273
8 0.598135 0.506208 0.596820 0.506389 0.596211 0.507829 0.597021 0.510347 0.601883 0.512690 0.610187 0.515389 0.614135 0.515931 0.619401 0.517009 0.619604 0.515569 0.619503 0.513588 0.619099 0.513231 0.609073 0.511069 0.604010 0.509088
1 0.628260 0.566991 0.615490 0.578866 0.615255 0.577199 0.617247 0.573657 0.619122 0.570116 0.619826 0.566366 0.619708 0.561782 0.617599 0.558449 0.614669 0.553245 0.616310 0.551995 0.618185 0.551787 0.622755 0.557824 0.626737 0.564491
1 0.637063 0.579806 0.638581 0.578903 0.642026 0.577644 0.643331 0.576023 0.644659 0.576204 0.645771 0.577282 0.647281 0.577824 0.649409 0.578727 0.651138 0.579444 0.651951 0.581606 0.655089 0.584667 0.651747 0.585745 0.649216 0.586106 0.645255 0.586648 0.643039 0.584486 0.639089 0.582144 0.637974 0.581606
1 0.611250 0.672176 0.615674 0.666389 0.616857 0.664065 0.622852 0.663167 0.626818 0.662787 0.627872 0.660236 0.629224 0.658139 0.627240 0.657009 0.626227 0.656935 0.624833 0.656935 0.622385 0.657537 0.619388 0.657537 0.615674 0.658361 0.613312 0.659185 0.611708 0.660912 0.610820 0.659111 0.609935 0.659565 0.610609 0.661514 0.609260 0.663241 0.608414 0.664366 0.607740 0.665866 0.608331 0.668116 0.609344 0.667667 0.611539 0.664667 0.612003 0.665718 0.609216 0.668792 0.609047 0.669917 0.608836 0.670218 0.609344 0.670968 0.610018 0.670894 0.614367 0.665042 0.613987 0.666241 0.612424 0.668569 0.610187 0.671792
1 0.611081 0.680463 0.612974 0.679523 0.614107 0.677236 0.615393 0.674681 0.616982 0.671856 0.618344 0.669843 0.619555 0.668898 0.620992 0.665940 0.621747 0.666208 0.621294 0.668361 0.620612 0.670245 0.621294 0.670782 0.620841 0.672130 0.620083 0.673606 0.619174 0.675356 0.618193 0.677102 0.617664 0.677912 0.618797 0.678046 0.618495 0.679926 0.617133 0.680463 0.616302 0.684231 0.613654 0.687995 0.613049 0.687727
1 0.646615 0.653847 0.646615 0.658667 0.645109 0.659630 0.644906 0.654958 0.643591 0.656931 0.642982 0.658380 0.641760 0.660523 0.640758 0.661968 0.640445 0.662694 0.640555 0.666644 0.640039 0.668454 0.638927 0.670069 0.638224 0.670431 0.637003 0.669176 0.635594 0.667731 0.634372 0.666838 0.630727 0.665199 0.629615 0.664139 0.630021 0.661968 0.630833 0.660523 0.631432 0.660162 0.633057 0.659269 0.634372 0.658185 0.635687 0.655847 0.636596 0.655847 0.637112 0.656380 0.635594 0.659440 0.636190 0.663583 0.637315 0.665755 0.638021 0.665032 0.638521 0.661606 0.639130 0.660356 0.640445 0.655125
6 0.375643 0.239519 0.372906 0.226319 0.366521 0.229792 0.368607 0.244153 0.369388 0.244384
1 0.574521 0.723722 0.571380 0.725884 0.571990 0.729481 0.573305 0.730926 0.575432 0.731824 0.580698 0.735782 0.583331 0.733625 0.586367 0.731282 0.586367 0.736144 0.587685 0.735065 0.589406 0.732903 0.589911 0.730565 0.591331 0.722282 0.592242 0.717782 0.592547 0.727144 0.593255 0.726963 0.593557 0.717963 0.593964 0.715981 0.594672 0.715620 0.596292 0.722644 0.598216 0.721384 0.598115 0.718500 0.600344 0.718861 0.601255 0.717782 0.602672 0.715981 0.602773 0.714903 0.600951 0.714361 0.599026 0.713282 0.597609 0.712560 0.596698 0.711481 0.595685 0.705718 0.597609 0.703741 0.601154 0.705537 0.603078 0.706440 0.604495 0.706440 0.606115 0.706440 0.606013 0.708060 0.605914 0.710579 0.605914 0.711301 0.607229 0.710398 0.607938 0.708241 0.608951 0.707338 0.610672 0.706620 0.610875 0.704819 0.610065 0.703199 0.608849 0.703199 0.606521 0.703560 0.603685 0.704097 0.599737 0.702657 0.597914 0.701759 0.601052 0.699060 0.605305 0.696176 0.605711 0.694199 0.605305 0.692935 0.603685 0.693296 0.602370 0.694736 0.600344 0.696356 0.598924 0.697616 0.598115 0.698157 0.598924 0.693116 0.601154 0.687898 0.605406 0.689694 0.605813 0.688074 0.602370 0.685917 0.602469 0.685194 0.605203 0.685736 0.606826 0.685736 0.607836 0.684657 0.608344 0.683394 0.607938 0.682134 0.606826 0.681417 0.606318 0.680875 0.606521 0.678532 0.606419 0.677273 0.605305 0.676912 0.605003 0.675472 0.605003 0.673134 0.604393 0.667551 0.603281 0.660532 0.601497 0.660843 0.600060 0.661384 0.598622 0.662995 0.596883 0.664074 0.596190 0.664671 0.594977 0.666292 0.594167 0.666833 0.592747 0.667370 0.591432 0.668815 0.590419 0.669894 0.587380 0.671153 0.584951 0.671514 0.583937 0.672954 0.581711 0.674574 0.580190 0.675116 0.578875 0.675833 0.575432 0.677995 0.574013 0.678356 0.572596 0.677815 0.571279 0.678532 0.570266 0.679074 0.567836 0.679255 0.566318 0.680333 0.565203 0.680875 0.564799 0.681954 0.564596 0.682676 0.560039 0.674213 0.559331 0.675292 0.562977 0.682495 0.565406 0.685375 0.567531 0.687537 0.570367 0.689519 0.574622 0.687537 0.580089 0.683574 0.574622 0.692759 0.575331 0.693477 0.576747 0.692759 0.579786 0.686995 0.581508 0.684116 0.583534 0.688796 0.582013 0.694199 0.583128 0.694199 0.584039 0.691139 0.584951 0.692579 0.584544 0.694736 0.585357 0.695278 0.585760 0.694736 0.587786 0.697259 0.588393 0.697796 0.587888 0.698880 0.587078 0.699236 0.586167 0.697796 0.585154 0.698338 0.585760 0.699958 0.585456 0.700856 0.582622 0.700856 0.580292 0.701037 0.580799 0.699236 0.580596 0.697977 0.579482 0.697796 0.578672 0.699236 0.578672 0.700500 0.577862 0.700856 0.577255 0.698157 0.576445 0.697259 0.575734 0.698338 0.576646 0.700856 0.575432 0.700856 0.574318 0.699060 0.573305 0.699417 0.574013 0.702301 0.574521 0.703917 0.572292 0.702120 0.568544 0.695819 0.566013 0.691676 0.565406 0.690417 0.561456 0.685556 0.558521 0.686995 0.559026 0.689519 0.561760 0.687898 0.563685 0.690597 0.561154 0.693296 0.561964 0.695995 0.564596 0.693477 0.570266 0.702477 0.570367 0.703560 0.568951 0.704097 0.566115 0.704458 0.564495 0.704639 0.564698 0.707519 0.566622 0.707880 0.567229 0.707880 0.567531 0.709500 0.566013 0.711120 0.566521 0.712560 0.567229 0.712380 0.568039 0.710759 0.568544 0.710579 0.569456 0.709319 0.570570 0.708421 0.571990 0.708060 0.573305 0.708602 0.574115 0.709500 0.575331 0.709681 0.576747 0.710222 0.577357 0.710579 0.577456 0.713639 0.575836 0.711481 0.575128 0.711481 0.574823 0.712741 0.576039 0.714000 0.577154 0.715620 0.576747 0.721384 0.576849 0.723181 0.577154 0.724981 0.576646 0.725704 0.574013 0.715259 0.572190 0.712019 0.570875 0.711481 0.569964 0.712199 0.571078 0.715440
2 0.413138 0.388398 0.418167 0.395481 0.419698 0.394014 0.422396 0.389843 0.421922 0.388181 0.419576 0.381722 0.415591 0.384421 0.413951 0.385671
2 0.500188 0.274176 0.496268 0.268819 0.494159 0.268282 0.490992 0.268551 0.488279 0.267208 0.486922 0.266139 0.486169 0.263727 0.485867 0.242287 0.486169 0.240144 0.487677 0.237463 0.490240 0.237463 0.492198 0.237731 0.493857 0.239069 0.496721 0.239338 0.497776 0.239875 0.498229 0.241481 0.499586 0.242019 0.500036 0.242287 0.499737 0.247380 0.500036 0.251935 0.501094 0.254347 0.503052 0.260509 0.507424 0.266940 0.508630 0.269620 0.508781 0.271500 0.498078 0.282755
2 0.549831 0.352509 0.557779 0.377528 0.560776 0.379611 0.561297 0.371736 0.562859 0.373356 0.562469 0.381000 0.568724 0.387023 0.570417 0.387718 0.571328 0.387486 0.572112 0.386560 0.572893 0.382625 0.572763 0.380306 0.570677 0.380074 0.569375 0.379611 0.569375 0.377991 0.572372 0.377991 0.571982 0.373125 0.570937 0.365944 0.570677 0.361315 0.569375 0.356912 0.567682 0.356681 0.566117 0.356912 0.564294 0.358995 0.562859 0.358764 0.559211 0.356218 0.555565 0.354134 0.553219 0.352278
8 0.466336 0.159699 0.458182 0.154796 0.451971 0.151917 0.447706 0.149523 0.446518 0.147222 0.447057 0.145194 0.448083 0.143764 0.448893 0.143273 0.452727 0.145292 0.465417 0.152685
1 0.434018 0.099019 0.425279 0.072074 0.413240 0.033847 0.402667 0.000000 0.403693 0.000000 0.419404 0.049602 0.435052 0.099343
8 0.427836 0.076398 0.433122 0.043806 0.434659 0.044819 0.429086 0.080236
17 0.431839 0.092361 0.430354 0.094630 0.429469 0.097361 0.429000 0.100231 0.428922 0.104074 0.429052 0.107505 0.429755 0.112454 0.430250 0.115278 0.430641 0.116995 0.431526 0.118981 0.431969 0.119444 0.433294 0.098875 0.434018 0.099019
14 0.364581 0.220421 0.361456 0.207134 0.360492 0.196394 0.361534 0.191579 0.363951 0.186824 0.364190 0.181681 0.365776 0.181194 0.372026 0.178898 0.373411 0.182454 0.375674 0.183477 0.377185 0.184634 0.378591 0.186856 0.377081 0.187134 0.377315 0.189634 0.379503 0.189403 0.385961 0.217690 0.387083 0.220556 0.381953 0.222222 0.373229 0.221991 0.373411 0.226528 0.371406 0.223843 0.369635 0.221713 0.367266 0.219074 0.366562 0.220370 0.365521 0.223565
5 0.419615 0.177269 0.418573 0.177269 0.418260 0.176296 0.414354 0.176713 0.413052 0.177222 0.410786 0.176528 0.408391 0.174444 0.407271 0.172361 0.406620 0.169630 0.406620 0.165417 0.408182 0.160833 0.409146 0.158519 0.412349 0.154491 0.415057 0.151898 0.417036 0.151296 0.419354 0.151019 0.421906 0.151065 0.423599 0.151713 0.429849 0.162083 0.426932 0.166019 0.423807 0.169861 0.421854 0.173333 0.420396 0.176898
4 0.424904 0.095736 0.419867 0.099921 0.416320 0.105148 0.414081 0.111125 0.413380 0.114856 0.412961 0.117514 0.413055 0.120167 0.413521 0.124231 0.414828 0.127301 0.416648 0.129625 0.418888 0.131037 0.421081 0.131866 0.423555 0.132528 0.426495 0.138421 0.431349 0.148375 0.436622 0.160991 0.438776 0.166759 0.439505 0.163333 0.442266 0.150926 0.431693 0.140046 0.431404 0.137468 0.431888 0.120764 0.431969 0.119444 0.431526 0.118981 0.430641 0.116995 0.430250 0.115278 0.429755 0.112454 0.429052 0.107505 0.428922 0.104074 0.429000 0.100231 0.429469 0.097361 0.430354 0.094630 0.426831 0.095181
6 0.396745 0.147185 0.412552 0.133852 0.416797 0.140426 0.418880 0.144176 0.400729 0.160926 0.402130 0.154806 0.401094 0.154259 0.399813 0.160361 0.397677 0.154111
6 0.397188 0.150009 0.395521 0.148157 0.395651 0.142509 0.405911 0.131815 0.410807 0.135333 0.396745 0.147185
5 0.412552 0.133852 0.402266 0.116310 0.402615 0.113148 0.404461 0.109366 0.405646 0.108125 0.407633 0.107880 0.409307 0.107940 0.410875 0.107880 0.412201 0.106949 0.413073 0.105523 0.414083 0.102361 0.415060 0.099574 0.415758 0.097963 0.416490 0.096412 0.417221 0.095731 0.418685 0.095792 0.419802 0.096292 0.420497 0.096722 0.421510 0.098583 0.419867 0.099921 0.416320 0.105148 0.414081 0.111125 0.413380 0.114856 0.412961 0.117514 0.413055 0.120167 0.413521 0.124231 0.414828 0.127301 0.416648 0.129625 0.418888 0.131037 0.421081 0.131866 0.423555 0.132528 0.426495 0.138421 0.431349 0.148375 0.436622 0.160991 0.437266 0.162546 0.438802 0.166806 0.436849 0.173241 0.429849 0.162083 0.423599 0.151713 0.418880 0.144176 0.416797 0.140426
2 0.414401 0.101620 0.412076 0.079741 0.414831 0.080051 0.417305 0.080361 0.420128 0.080361 0.421836 0.079926 0.423615 0.079185 0.424732 0.078625 0.425951 0.078565 0.427172 0.079431 0.424904 0.095736 0.421510 0.098583 0.420497 0.096722 0.419802 0.096292 0.418685 0.095792 0.417221 0.095731 0.416490 0.096412 0.415758 0.097963 0.415060 0.099574
14 0.417305 0.080361 0.390062 0.070708 0.386229 0.069491 0.385099 0.068560 0.384172 0.066625 0.383768 0.064329 0.383365 0.054000 0.384576 0.043819 0.386510 0.037653 0.388167 0.034282 0.389094 0.034208 0.416443 0.044106 0.425279 0.072074 0.427328 0.078412 0.427172 0.079431 0.425951 0.078565 0.424732 0.078625 0.423615 0.079185 0.421836 0.079926 0.420128 0.080361
14 0.417651 0.044102 0.432294 0.048926 0.427836 0.076398
2 0.377672 0.126222 0.373471 0.117843 0.371513 0.115935 0.369552 0.112866 0.366984 0.106894 0.366237 0.103986 0.364885 0.100833 0.363766 0.098593 0.362643 0.094694 0.361852 0.092204 0.359703 0.086148 0.358398 0.081338 0.360172 0.079759 0.363344 0.077685 0.371745 0.055616 0.383740 0.063912 0.384172 0.066625 0.385099 0.068560 0.386229 0.069491 0.390062 0.070708 0.417305 0.080361 0.414831 0.080051 0.412076 0.079741 0.414401 0.101620 0.414083 0.102361 0.413073 0.105523 0.412201 0.106949 0.410875 0.107880 0.409307 0.107940 0.407633 0.107880 0.405646 0.108125 0.402615 0.113148 0.401443 0.113046 0.398922 0.110972 0.397521 0.109810 0.395187 0.110560 0.392995 0.112801 0.390242 0.115287 0.388469 0.118773 0.388094 0.120269
10 0.388094 0.120269 0.387526 0.124537 0.387526 0.128009 0.387526 0.129491 0.395560 0.129755 0.395560 0.128505 0.402109 0.122037 0.404479 0.119954 0.402266 0.116310 0.402529 0.114509 0.396018 0.115713 0.389378 0.117009 0.388469 0.118773
1 0.378060 0.128218 0.380742 0.129051 0.387526 0.129491 0.395560 0.129755 0.404380 0.129505 0.406966 0.131884 0.405911 0.131815 0.395091 0.131644 0.391003 0.131505 0.386711 0.131870 0.382987 0.131731 0.381138 0.131407 0.379706 0.130898 0.378664 0.130574 0.377883 0.129972
10 0.389424 0.160597 0.387003 0.158231 0.385995 0.156083 0.385229 0.155579 0.384706 0.154648 0.384706 0.152426 0.385229 0.150991 0.386318 0.150704 0.387406 0.148769 0.388617 0.146972 0.391359 0.146185 0.392852 0.146185 0.395521 0.148157 0.397188 0.150009 0.397682 0.154130 0.397208 0.157657 0.395878 0.159167 0.394266 0.160384 0.392490 0.161102 0.391602 0.161245 0.390956 0.163398 0.390232 0.163468 0.389667 0.162537
2 0.335430 0.178296 0.348336 0.175606 0.348227 0.207190
2 0.348331 0.194315 0.363956 0.186856 0.361534 0.191579 0.360492 0.196394 0.360534 0.196903 0.349206 0.206255 0.350586 0.207690 0.360716 0.198755 0.361391 0.206069 0.356833 0.212412 0.355172 0.210991 0.351896 0.209750 0.349385 0.209750 0.348227 0.207190
2 0.335971 0.172569 0.364148 0.167014 0.364669 0.168125 0.367612 0.164931 0.373393 0.163773 0.377065 0.170440 0.377651 0.171241 0.378250 0.170639 0.379057 0.166750 0.379734 0.162306 0.378536 0.159991 0.383198 0.152722 0.384706 0.154648 0.385229 0.155579 0.385995 0.156083 0.387003 0.158231 0.389424 0.160597 0.389667 0.162537 0.388536 0.165361 0.386766 0.168046 0.386560 0.170824 0.386089 0.172676 0.382182 0.176426 0.377104 0.177815 0.376740 0.173370 0.373302 0.173556 0.373484 0.178278 0.365776 0.181194 0.359422 0.183185 0.351128 0.185486 0.348237 0.187106 0.348336 0.175606 0.335430 0.178296
2 0.370130 0.156574 0.369948 0.155556 0.370000 0.153843 0.369427 0.152083 0.367891 0.147546 0.367240 0.145278 0.367604 0.141898 0.370078 0.138056 0.372604 0.134167 0.373698 0.133148 0.378021 0.135417 0.375599 0.137407 0.371250 0.142824 0.370755 0.144259 0.373620 0.150926 0.374479 0.153843 0.378536 0.159991 0.379734 0.162306 0.379057 0.166750 0.378250 0.170639 0.377651 0.171241 0.377065 0.170440 0.373393 0.163773 0.372083 0.160880
14 0.320477 0.140227 0.350953 0.133426 0.353615 0.136079 0.355526 0.139398 0.356786 0.141060 0.358141 0.142384 0.358141 0.144463 0.358047 0.145620 0.358375 0.147861 0.359026 0.146699 0.360240 0.145208 0.361453 0.144542 0.363508 0.145042 0.365841 0.148278 0.365982 0.158153 0.357161 0.161222 0.355620 0.168523 0.335971 0.172569 0.335784 0.169435 0.332471 0.169931
1 0.319875 0.138949 0.322526 0.126843 0.325057 0.119556 0.326323 0.116824 0.327167 0.115273 0.332404 0.108630 0.339305 0.100597 0.343281 0.096894 0.348711 0.092940 0.353591 0.090102 0.354164 0.089833 0.353893 0.091440 0.348919 0.094278 0.343589 0.098296 0.339792 0.101616 0.332953 0.109921 0.327620 0.116454 0.325958 0.119565 0.325268 0.122134 0.323250 0.127597 0.320477 0.140227
2 0.354164 0.089833 0.354375 0.089259 0.355026 0.088981 0.355846 0.089037 0.356448 0.090213 0.357214 0.091898 0.357187 0.093194 0.356979 0.095000 0.357604 0.095926 0.358438 0.096157 0.358411 0.098380 0.358255 0.100278 0.353464 0.107870 0.340625 0.125509 0.336797 0.131389 0.334297 0.134722 0.332135 0.135833 0.331224 0.134352 0.328281 0.136528 0.324010 0.139398 0.320477 0.140227 0.322318 0.131713 0.324375 0.130278 0.330339 0.123935 0.336797 0.118194 0.340417 0.115417 0.341536 0.114907 0.344818 0.110648 0.346771 0.108333 0.349531 0.102593 0.352865 0.096574 0.353893 0.091440
2 0.373698 0.133148 0.365451 0.128454 0.359557 0.124611 0.353492 0.121079 0.350216 0.119468 0.349763 0.118417 0.350112 0.116370 0.351193 0.113954 0.352586 0.112778 0.355620 0.114014 0.363602 0.119347 0.373818 0.127032 0.377883 0.129972 0.378664 0.130574 0.386961 0.136574 0.384695 0.139611 0.377896 0.135458
6 0.353760 0.107273 0.354255 0.108477 0.370349 0.114264 0.369552 0.112866 0.366984 0.106894 0.366651 0.105560 0.357198 0.101856
14 0.346044 0.134597 0.346135 0.129991 0.346888 0.124796 0.347672 0.122227 0.348755 0.119866 0.349763 0.118417 0.350216 0.119468 0.353492 0.121079 0.359557 0.124611 0.365451 0.128454 0.373698 0.133148 0.372604 0.134167 0.370078 0.138056 0.367604 0.141898 0.367240 0.145278 0.367891 0.147546 0.369427 0.152083 0.370000 0.153843 0.369948 0.155556 0.370130 0.156574 0.365948 0.154056 0.365841 0.148278 0.363508 0.145042 0.361453 0.144542 0.360240 0.145208 0.359026 0.146699 0.358375 0.147861 0.358047 0.145620 0.358141 0.144463 0.358141 0.142384 0.356786 0.141060 0.355526 0.139398 0.353615 0.136079 0.350953 0.133426
14 0.385716 0.143083 0.387406 0.148769 0.386318 0.150704 0.385229 0.150991 0.384706 0.152426 0.384706 0.154648 0.383198 0.152722 0.378536 0.159991 0.374479 0.153843 0.373620 0.150926 0.370755 0.144259 0.371250 0.142824 0.375599 0.137407 0.378021 0.135417 0.384695 0.139611 0.382070 0.142847 0.381341 0.143958 0.381289 0.145579 0.382253 0.146597 0.383112 0.146690
10 0.385716 0.143083 0.390716 0.136412 0.395091 0.131644 0.405911 0.131815 0.395651 0.142509 0.395521 0.148157 0.392852 0.146185 0.391359 0.146185 0.388617 0.146972 0.387406 0.148769
1 0.378591 0.186856 0.389914 0.184356 0.400852 0.182616 0.413055 0.180449 0.421875 0.179889 0.419922 0.182370 0.409604 0.183731 0.399919 0.185481 0.379503 0.189403 0.377315 0.189634 0.377081 0.187134
1 0.375049 0.183236 0.382891 0.177130 0.392318 0.168519 0.399479 0.161759 0.398906 0.164074 0.383406 0.178394 0.376378 0.183995
2 0.395495 0.186296 0.384909 0.188343 0.387880 0.189074 0.389703 0.191481 0.385872 0.195056 0.386654 0.201259 0.388633 0.197972 0.389414 0.199824 0.386940 0.203806 0.387122 0.209639 0.387456 0.210843 0.390755 0.210880 0.392995 0.211481 0.395417 0.209444 0.396432 0.208333 0.398307 0.205324 0.407268 0.190551 0.409112 0.192162 0.409742 0.193218 0.413086 0.190301 0.409635 0.183796 0.399919 0.185481
