0 0.436656 0.106977 0.432107 0.107907 0.426951 0.107440 0.424055 0.109773 0.422573 0.112051 0.421896 0.113153 0.419747 0.114259 0.419013 0.115366 0.416526 0.117074 0.414945 0.119782 0.413701 0.123000 0.412966 0.126213 0.412547 0.129954 0.412479 0.137741 0.412612 0.147852 0.412938 0.150296 0.409708 0.161449 0.407958 0.171407 0.408115 0.181616 0.411977 0.197657 0.416292 0.207306 0.425576 0.215440 0.427729 0.216144 0.429497 0.210681 0.423484 0.201736 0.421193 0.196273 0.422128 0.177009 0.423682 0.166523 0.427529 0.159324 0.431174 0.153741 0.439479 0.151042 0.438164 0.157343 0.437656 0.164542 0.438268 0.171060 0.438380 0.180167 0.438380 0.183574 0.434365 0.187903 0.433857 0.189505 0.434591 0.192819 0.436630 0.198250 0.438609 0.203866 0.440578 0.208236 0.443414 0.214898 0.443529 0.212894 0.445419 0.211685 0.447008 0.211417 0.448745 0.211417 0.449956 0.211546 0.451924 0.213699 0.455180 0.215046 0.456237 0.214102 0.457219 0.211954 0.458279 0.207653 0.461755 0.207653 0.462378 0.208736 0.470573 0.204532 0.474773 0.200801 0.480812 0.194421 0.482039 0.185551 0.480542 0.165495 0.477479 0.148847 0.476427 0.139509 0.476253 0.135000 0.480542 0.136398 0.487115 0.141829 0.490878 0.147898 0.492805 0.154120 0.492805 0.161435 0.492104 0.169838 0.491490 0.175903 0.491930 0.179949 0.493154 0.182282 0.494466 0.182440 0.495956 0.181819 0.499982 0.172792 0.503307 0.161435 0.503393 0.151477 0.502956 0.141986 0.497880 0.127824 0.493328 0.118801 0.487641 0.114134 0.474510 0.107755 0.472586 0.109620 0.467596 0.102931 0.469523 0.099662 0.469523 0.098417 0.467073 0.093903 0.460945 0.093593 0.458232 0.093282 0.457182 0.099037 0.452719 0.107287 0.442391 0.116153 0.439065 0.113667 0.437490 0.110398
1 0.530190 0.389074 0.528089 0.392792 0.526417 0.392940 0.526167 0.390560 0.525664 0.383421 0.523573 0.379259 0.519141 0.372569 0.516638 0.369148 0.515208 0.363644 0.512289 0.355912 0.508359 0.349370 0.508359 0.347435 0.512198 0.352495 0.515961 0.363944 0.518312 0.369296 0.524492 0.378218 0.526091 0.382083 0.527505 0.386694 0.526919 0.390412 0.527505 0.391005 0.529510 0.387287
5 0.436586 0.230954 0.458206 0.255852 0.481224 0.284171 0.477898 0.289926 0.475974 0.297241 0.474573 0.300194 0.473523 0.305176 0.472646 0.306889 0.472646 0.309532 0.471510 0.317778 0.469409 0.316847 0.465120 0.317935 0.461794 0.320093 0.456393 0.313338 0.457424 0.311236 0.465820 0.310296 0.467107 0.306125 0.464609 0.299940 0.467107 0.288778 0.418701 0.238574 0.423669 0.236681
5 0.452203 0.304241 0.457424 0.311236 0.456393 0.313338 0.461794 0.320093 0.455125 0.329398 0.453859 0.328722 0.446685 0.336528 0.438852 0.327292 0.438701 0.323125 0.438247 0.314787 0.439987 0.313981 0.445964 0.319356 0.448005 0.318014 0.446568 0.316264 0.446417 0.307389 0.447250 0.306181 0.450880 0.311157 0.451940 0.310347
5 0.467107 0.288778 0.464609 0.299940 0.467107 0.306125 0.465820 0.310296 0.457424 0.311236 0.452203 0.304241 0.452318 0.298245 0.453529 0.299185 0.456023 0.297440 0.456555 0.293269 0.427505 0.262472 0.407763 0.242838 0.418701 0.238574
5 0.427505 0.262472 0.456555 0.293269 0.456023 0.297440 0.453529 0.299185 0.452318 0.298245 0.451940 0.310347 0.450880 0.311157 0.447250 0.306181 0.446417 0.307389 0.446568 0.316264 0.448005 0.318014 0.445964 0.319356 0.439987 0.313981 0.438247 0.314787 0.438701 0.323125 0.438852 0.327292 0.427656 0.312634 0.408820 0.290981 0.380076 0.253194 0.403979 0.244319 0.407763 0.242838
2 0.496604 0.336435 0.496352 0.340190 0.498630 0.342815 0.499917 0.344829 0.497521 0.343625 0.495339 0.341389 0.492891 0.340037 0.492130 0.339588 0.491034 0.339588 0.487276 0.337338 0.486094 0.336588 0.484997 0.337412 0.484448 0.338838 0.485081 0.339588 0.485461 0.343792 0.487529 0.345593 0.487995 0.343338 0.488161 0.342815 0.489599 0.341236 0.491497 0.342440 0.491117 0.346116 0.491622 0.346940 0.492438 0.346819 0.492927 0.347861 0.495591 0.350167 0.500234 0.353694 0.502049 0.355569 0.506102 0.351444 0.506396 0.345065 0.503232 0.340338 0.502766 0.340264 0.502852 0.344315 0.499052 0.338611 0.497659 0.337259
2 0.366898 0.178884 0.367747 0.189231 0.368466 0.192718 0.369063 0.192556 0.369133 0.185426 0.372948 0.178704 0.379505 0.174782 0.383961 0.170051 0.384755 0.169153 0.391612 0.162148 0.394419 0.161125 0.396229 0.157870 0.392997 0.155991 0.394958 0.154829 0.395331 0.151421 0.392508 0.150829 0.383773 0.160361 0.379208 0.166356 0.374737 0.168611 0.372370 0.169657 0.369755 0.172657 0.367643 0.176259
5 0.476180 0.199458 0.481016 0.201667 0.485331 0.202829 0.487294 0.204574 0.487685 0.205037 0.486182 0.206315 0.484417 0.206782 0.480102 0.206431 0.471341 0.207477 0.469771 0.207361 0.467875 0.208639 0.463365 0.209806 0.462378 0.208736 0.470573 0.204532 0.474773 0.200801
5 0.464635 0.335861 0.461596 0.336222 0.459268 0.336222 0.452786 0.344324 0.464919 0.360310 0.464919 0.352375 0.464693 0.339218 0.463008 0.337620
5 0.463008 0.337620 0.469677 0.343745 0.471315 0.347565 0.475948 0.347366 0.481430 0.342042 0.482503 0.340130 0.479169 0.337620 0.479542 0.328824 0.477617 0.328102 0.473464 0.330264 0.469516 0.333866 0.464453 0.326843 0.464331 0.330644 0.464937 0.332620 0.464635 0.335861
5 0.452607 0.153667 0.454526 0.153366 0.455883 0.153468 0.457859 0.165319 0.458596 0.174259 0.458370 0.178481 0.457125 0.179185 0.454641 0.178981 0.454299 0.177074 0.452888 0.175769 0.452154 0.162208 0.452042 0.154370
5 0.417826 0.109838 0.422573 0.112051 0.421896 0.113153 0.419747 0.114259 0.419013 0.115366 0.416526 0.117074 0.414945 0.119782 0.413701 0.123000 0.412966 0.126213 0.412547 0.129954 0.399013 0.127514 0.398107 0.126315 0.398388 0.124005 0.400875 0.118579 0.405508 0.114259 0.407826 0.111949 0.411951 0.110343 0.413701 0.110343 0.417656 0.112852
5 0.476253 0.135000 0.480542 0.136398 0.481680 0.147444 0.485354 0.146977 0.485268 0.149468 0.482466 0.149778 0.482729 0.153514 0.484742 0.152894 0.485005 0.155227 0.482904 0.157093 0.483255 0.167671 0.480542 0.165495 0.477479 0.148847 0.476427 0.139509
5 0.399013 0.127514 0.412547 0.129954 0.412479 0.137741 0.412612 0.147852 0.412938 0.150296 0.409708 0.161449 0.399555 0.160051 0.396229 0.157870 0.392997 0.155991 0.394958 0.154829 0.396005 0.145065 0.394500 0.137509 0.394240 0.136347 0.391885 0.135880 0.391755 0.134486 0.399078 0.129722
5 0.396229 0.157870 0.399555 0.160051 0.409708 0.161449 0.407958 0.171407 0.408115 0.181616 0.386805 0.190579 0.377492 0.195463 0.370805 0.199773 0.369508 0.200069 0.369063 0.192556 0.369133 0.185426 0.372948 0.178704 0.379505 0.174782 0.383854 0.173384 0.384755 0.169153 0.394935 0.164935 0.394419 0.161125
5 0.452786 0.344324 0.459268 0.336222 0.461596 0.336222 0.464635 0.335861 0.464937 0.332620 0.464331 0.330644 0.464453 0.326843 0.463388 0.323241 0.463414 0.318926 0.461794 0.320093 0.455125 0.329398 0.453859 0.328722 0.446685 0.336528
5 0.464453 0.326843 0.469516 0.333866 0.473464 0.330264 0.477617 0.328102 0.479542 0.328824 0.483794 0.324144 0.476891 0.312259 0.474781 0.315384 0.473727 0.318301 0.472789 0.325380 0.471031 0.327463 0.463414 0.318926 0.463388 0.323241
5 0.505214 0.288065 0.509870 0.293644 0.508250 0.302468 0.506125 0.310569 0.501667 0.317227 0.496201 0.321009 0.495896 0.322991 0.494781 0.325870 0.492352 0.326231 0.490122 0.324792 0.483034 0.314889 0.480755 0.311843 0.479701 0.305384 0.482284 0.298569 0.497125 0.318560 0.499349 0.313097 0.501245 0.310306 0.501565 0.309611 0.502768 0.310773 0.503023 0.309796 0.502258 0.308435 0.503716 0.305134 0.504109 0.303694 0.503375 0.300657 0.504253 0.298231 0.504794 0.291546
5 0.482284 0.298569 0.497125 0.318560 0.499349 0.313097 0.501245 0.310306 0.501565 0.309611 0.502768 0.310773 0.503023 0.309796 0.502258 0.308435 0.503716 0.305134 0.504109 0.303694 0.503375 0.300657 0.504253 0.298231 0.504794 0.291546 0.505430 0.284250 0.507823 0.277310 0.510896 0.270185 0.512458 0.264278 0.485266 0.233944 0.462378 0.208736 0.461755 0.207653 0.458279 0.207653 0.457219 0.211954 0.456237 0.214102 0.455180 0.215046 0.451924 0.213699 0.449956 0.211546 0.448745 0.211417 0.447008 0.211417 0.445419 0.211685 0.443529 0.212894 0.443414 0.214898 0.441490 0.221384 0.450057 0.228523 0.473844 0.256644 0.482279 0.267264 0.485326 0.272056 0.488372 0.282889 0.485443 0.290597
5 0.441490 0.221384 0.450057 0.228523 0.473844 0.256644 0.482279 0.267264 0.485326 0.272056 0.488372 0.282889 0.485443 0.290597 0.479701 0.305384 0.480755 0.311843 0.476891 0.312259 0.474781 0.315384 0.473727 0.318301 0.472789 0.325380 0.471031 0.327463 0.463414 0.318926 0.465120 0.317935 0.469409 0.316847 0.471510 0.317778 0.472646 0.309532 0.472646 0.306889 0.473523 0.305176 0.474573 0.300194 0.475974 0.297241 0.477898 0.289926 0.481224 0.284171 0.458206 0.255852 0.436586 0.230954 0.441190 0.228949 0.442102 0.227856 0.441086 0.226241 0.439870 0.221931
5 0.422128 0.177009 0.425279 0.175144 0.429917 0.173273 0.434820 0.171097 0.436307 0.174208 0.437094 0.177009 0.438380 0.180167 0.438380 0.183574 0.434365 0.187903 0.433857 0.189505 0.434591 0.192819 0.436630 0.198250 0.438609 0.203866 0.440578 0.208236 0.443414 0.214898 0.441490 0.221384 0.439870 0.221931 0.441086 0.226241 0.442102 0.227856 0.441190 0.228949 0.423669 0.236681 0.407763 0.242838 0.403979 0.244319 0.380076 0.253194 0.360784 0.228403 0.361185 0.208597 0.365440 0.201222 0.370805 0.199773 0.377492 0.195463 0.386805 0.190579 0.408115 0.181616 0.411977 0.197657 0.416292 0.207306 0.425576 0.215440 0.427729 0.216144 0.429497 0.210681 0.423484 0.201736 0.421193 0.196273
5 0.431174 0.153741 0.439479 0.151042 0.438164 0.157343 0.437656 0.164542 0.438268 0.171060 0.435630 0.172620 0.434820 0.171097 0.429917 0.173273 0.425279 0.175144 0.422128 0.177009 0.423682 0.166523 0.427529 0.159324
1 0.521841 0.408194 0.518083 0.395065 0.514667 0.385231 0.510234 0.376380 0.507997 0.371426 0.507448 0.368875 0.507659 0.367597 0.508039 0.367523 0.508333 0.367898 0.508589 0.370000 0.509813 0.373454 0.516102 0.386134 0.521167 0.402792 0.522516 0.406995
1 0.602865 0.532944 0.604797 0.524556 0.605490 0.522028 0.607659 0.510718 0.609492 0.504204 0.610471 0.501069 0.610471 0.497810 0.610471 0.493977 0.610471 0.492236 0.602758 0.482819 0.599227 0.477477 0.595044 0.473403 0.584195 0.462662 0.579211 0.457884 0.572180 0.452421 0.563974 0.448514 0.564219 0.446426 0.569299 0.447296 0.573010 0.449120 0.574964 0.450944 0.575990 0.453204 0.578628 0.454935 0.581945 0.456588 0.586784 0.458671 0.587716 0.458935 0.588852 0.458042 0.589607 0.457028 0.589167 0.456352 0.588187 0.457366 0.587716 0.457755 0.587404 0.457417 0.587654 0.456074 0.588031 0.455458 0.588885 0.455125 0.589797 0.455125 0.590049 0.455685 0.590177 0.457139 0.590240 0.459046 0.589958 0.460000 0.589133 0.460616 0.587654 0.460727 0.582229 0.458370 0.584315 0.460449 0.594656 0.470986 0.601966 0.478190 0.605531 0.483222 0.610758 0.490347 0.611688 0.492088 0.611784 0.496940 0.611635 0.501546 0.610073 0.507537 0.603823 0.534796
5 0.297013 0.203889 0.288721 0.187306 0.294810 0.183389 0.308674 0.177398 0.311911 0.175097 0.316057 0.171644 0.321370 0.171644 0.331484 0.192037 0.343005 0.212407 0.357388 0.241662 0.371185 0.271329 0.373984 0.280079 0.374555 0.283259 0.376224 0.285444 0.376458 0.288046 0.372870 0.284847 0.369734 0.282472 0.366146 0.278491 0.361979 0.280648 0.359266 0.284731 0.335143 0.254995 0.306938 0.217222
5 0.357547 0.158755 0.356435 0.154731 0.355596 0.153046 0.355523 0.149398 0.359219 0.149204 0.362883 0.148806 0.362883 0.147792 0.358784 0.143718 0.358755 0.142060 0.361227 0.140282 0.364388 0.132481 0.363685 0.130005 0.362427 0.128514 0.362516 0.125519 0.365508 0.125852 0.372786 0.132907 0.378664 0.138218 0.384917 0.144190 0.389536 0.148009 0.395753 0.153481 0.403409 0.161954 0.415229 0.173750 0.423760 0.180292 0.433701 0.189894 0.442901 0.199713 0.447419 0.204171 0.447044 0.206278 0.448794 0.213167 0.449609 0.219051 0.456609 0.225056 0.455227 0.227278 0.454115 0.228287 0.453177 0.229907 0.451172 0.228051 0.449734 0.227046 0.447943 0.231296 0.446706 0.239412 0.439331 0.231185 0.439766 0.240181 0.440266 0.249509 0.434219 0.242505 0.424984 0.232806 0.411701 0.218213 0.396148 0.201894 0.379083 0.182597 0.362451 0.164551
5 0.384917 0.144190 0.377315 0.135782 0.371388 0.129644 0.368401 0.126907 0.368401 0.125662 0.370081 0.123171 0.374234 0.120435 0.375401 0.119190 0.376521 0.112801 0.377409 0.110560 0.381047 0.102597 0.383055 0.102264 0.383570 0.102500 0.384411 0.103250 0.410234 0.129417 0.441930 0.159255 0.468906 0.185454 0.466456 0.189551 0.466456 0.189551 0.465057 0.192620 0.463003 0.198014 0.461883 0.200171 0.461229 0.200088 0.460622 0.199009 0.459596 0.200333 0.460016 0.202412 0.458661 0.206560 0.456328 0.208051 0.456281 0.209546 0.454010 0.212546 0.447419 0.204171 0.442901 0.199713 0.433701 0.189894 0.423760 0.180292 0.415229 0.173750 0.403409 0.161954 0.395753 0.153481 0.389536 0.148009
5 0.464870 0.234852 0.462633 0.232213 0.459487 0.232356 0.457607 0.233384 0.456609 0.233602 0.453638 0.235727 0.452146 0.237019 0.450979 0.238903 0.451461 0.240102 0.462190 0.251861 0.474815 0.265917 0.494823 0.288435 0.498818 0.293671 0.507609 0.302417 0.525440 0.323931 0.533424 0.333111 0.534596 0.334616 0.535724 0.338417 0.535951 0.339593 0.531870 0.341514 0.530984 0.342181 0.531474 0.344005 0.539958 0.353324 0.541630 0.352431 0.541044 0.350500 0.541044 0.345296 0.543135 0.343958 0.546984 0.349014 0.548823 0.347676 0.548992 0.343065 0.552003 0.347676 0.554094 0.347227 0.554010 0.342917 0.556518 0.331167 0.559279 0.325815 0.562307 0.327806 0.563315 0.327157 0.562786 0.326019 0.559375 0.322639 0.557318 0.320694 0.553078 0.316412 0.551865 0.314755 0.550130 0.314398 0.547383 0.311681 0.544583 0.314171 0.542344 0.311602 0.540198 0.310602 0.538469 0.311185 0.536695 0.311269 0.514576 0.287454 0.489557 0.260986
5 0.451461 0.240102 0.449839 0.242657 0.446706 0.239412 0.439331 0.231185 0.439766 0.240181 0.440266 0.249509 0.440211 0.252102 0.437727 0.253926 0.434974 0.255463 0.433948 0.257000 0.436797 0.259120 0.445964 0.269815 0.464237 0.290875 0.480622 0.308231 0.488049 0.313931 0.500633 0.331287 0.511859 0.346162 0.517961 0.354032 0.521133 0.351491 0.526328 0.345542 0.531870 0.341514 0.535951 0.339593 0.535724 0.338417 0.534596 0.334616 0.533424 0.333111 0.525440 0.323931 0.507609 0.302417 0.498818 0.293671 0.494823 0.288435 0.474815 0.265917 0.462190 0.251861
