5 0.442849 0.345236 0.440758 0.342449 0.438870 0.340722 0.437034 0.340435 0.434333 0.341875 0.432812 0.344074 0.432281 0.346389 0.432281 0.349269 0.433198 0.353204 0.434549 0.354833 0.439609 0.355699 0.441068 0.350995
16 0.425812 0.268875 0.425531 0.271028 0.425477 0.277074 0.423802 0.280917 0.425586 0.286194 0.425206 0.293009 0.422992 0.302995 0.421914 0.313745 0.420995 0.319602 0.421482 0.334676 0.421914 0.341588 0.421534 0.354546 0.426286 0.355218 0.427583 0.354644 0.430013 0.344949 0.431039 0.340722 0.431904 0.335157 0.432336 0.332370 0.431956 0.327569 0.431956 0.323921 0.433362 0.321718 0.435898 0.320852 0.440164 0.320468 0.442594 0.321139 0.446914 0.325843 0.449182 0.322194 0.451612 0.320657 0.453719 0.319412 0.455609 0.306644 0.456690 0.301171 0.457768 0.288116 0.455555 0.278514 0.455016 0.276306 0.450479 0.272755 0.448211 0.270546 0.444971 0.269106 0.442542 0.268917 0.438328 0.269685 0.436870 0.267667 0.433956 0.265843 0.431104 0.263977 0.429216 0.265231 0.426948 0.267731
18 0.344161 0.223407 0.345128 0.236653 0.344935 0.250935 0.346763 0.252912 0.345680 0.260208 0.346018 0.266296 0.345594 0.270616 0.362664 0.282662 0.372701 0.292176 0.361492 0.270755 0.352289 0.252019
18 0.274404 0.176509 0.277760 0.210148 0.278768 0.223088 0.312474 0.231449 0.335654 0.211542 0.340130 0.208556 0.338115 0.199000 0.336102 0.193630 0.329271 0.181486 0.322104 0.173125 0.324792 0.164366 0.330839 0.175514 0.332630 0.179694 0.341698 0.189250 0.344609 0.192634 0.345393 0.187657 0.342180 0.158352 0.341026 0.143704 0.336716 0.139264 0.323706 0.134407 0.318589 0.134088 0.314398 0.134963 0.304982 0.129449 0.304357 0.131361 0.303695 0.134407 0.303000 0.136495 0.303875 0.139162 0.305789 0.139921 0.309831 0.140218 0.304669 0.145255 0.301958 0.145333 0.295432 0.147824 0.287638 0.154454 0.285633 0.155287 0.279979 0.153458 0.277180 0.153458 0.275971 0.148139 0.274424 0.148977 0.273865 0.150153 0.274659 0.152542 0.275310 0.157778 0.276529 0.159028 0.279521 0.158352 0.282599 0.157694 0.278299 0.163009 0.274190 0.165162 0.268737 0.167491 0.265669 0.168606 0.262029 0.166931 0.260953 0.167111 0.260820 0.168921 0.261984 0.172088 0.260630 0.174815 0.252086 0.186861 0.248638 0.192412 0.250036 0.195657 0.251760 0.199639 0.254930 0.202208 0.257549 0.203778 0.262633 0.191755 0.266419 0.194403 0.268289 0.194903 0.273328 0.182199
5 0.746471 0.667917 0.747703 0.666694 0.753326 0.666583 0.757635 0.666583 0.761010 0.670472 0.763885 0.676250 0.765758 0.679361 0.769133 0.683801 0.772568 0.687134 0.775005 0.690912 0.775943 0.693801 0.774880 0.698352 0.774880 0.701130 0.778818 0.703463 0.783128 0.706463 0.784568 0.709083 0.782880 0.710102 0.781133 0.711870 0.780651 0.712727 0.781073 0.715083 0.780523 0.716370 0.778336 0.714370 0.763216 0.700264 0.752594 0.690824 0.735576 0.677296 0.739734 0.675972
18 0.314599 0.229569 0.319659 0.231903 0.321034 0.234014 0.319909 0.250676 0.316036 0.261560 0.315344 0.264329 0.315578 0.269380 0.315578 0.277773 0.317633 0.283333 0.311961 0.292407 0.301901 0.305000 0.294000 0.306523 0.294695 0.299079 0.295167 0.289690 0.294695 0.280162 0.294742 0.280287 0.283539 0.271801 0.272693 0.261528 0.270094 0.262292 0.266258 0.259981 0.263659 0.257796 0.260042 0.257796 0.248695 0.256384 0.245516 0.253162 0.247464 0.244944 0.248763 0.239801 0.248333 0.234282 0.246596 0.231324 0.250138 0.229394 0.266620 0.221806 0.278768 0.223088 0.312474 0.231449
18 0.294695 0.280162 0.295167 0.289690 0.294695 0.299079 0.294000 0.306523 0.293307 0.308935 0.286419 0.301176 0.269911 0.283782 0.256518 0.268435 0.248695 0.256384 0.260042 0.257796 0.263659 0.257796 0.266258 0.259981 0.270094 0.262292 0.272693 0.261528 0.283539 0.271801
5 0.372701 0.292176 0.362664 0.282662 0.345594 0.270616 0.342417 0.270194 0.339099 0.269398 0.337307 0.267963 0.336680 0.264778 0.335961 0.261588 0.333542 0.261907 0.330044 0.263819 0.327266 0.265731 0.326279 0.267644 0.324396 0.267644 0.321258 0.266690 0.320510 0.268981 0.321688 0.272343 0.325576 0.287153 0.335854 0.316532 0.336547 0.320486 0.334742 0.322954 0.332104 0.323940 0.325437 0.310116 0.320161 0.299005 0.320576 0.290611 0.317633 0.283333 0.311961 0.292407 0.301901 0.305000 0.294000 0.306523 0.293307 0.308935 0.298073 0.313472 0.321258 0.338940 0.315521 0.325551 0.319643 0.325551 0.326190 0.344199 0.333721 0.351056 0.336859 0.350097 0.340354 0.350894 0.342776 0.352171 0.344479 0.353287 0.344604 0.347389 0.346750 0.343093 0.359026 0.322912 0.359990 0.320292 0.363487 0.315671 0.365458 0.313597 0.366357 0.312005 0.364742 0.308176 0.359112 0.305051 0.357451 0.302606 0.350654 0.297722 0.344221 0.290144 0.339740 0.287829 0.331208 0.279347 0.327305 0.275231 0.326583 0.269963 0.328750 0.271120 0.337786 0.281657 0.339956 0.282431 0.346172 0.283843 0.356727 0.289755 0.363234 0.291685
2 0.398359 0.217741 0.403844 0.217741 0.420091 0.228241 0.427898 0.253940 0.431380 0.264255 0.426000 0.268569 0.426000 0.264630 0.425789 0.261255 0.422940 0.258255 0.420409 0.255065 0.418721 0.252815 0.417242 0.250750 0.412073 0.240620 0.405216 0.231245 0.399203 0.222241
18 0.349771 0.210926 0.351826 0.206944 0.353458 0.192093 0.354112 0.184375 0.356958 0.186782 0.355279 0.202796 0.361625 0.195991 0.363260 0.193088 0.365128 0.192426 0.367180 0.191759 0.368953 0.190847 0.370820 0.186866 0.375161 0.189273 0.380714 0.197653 0.385826 0.204935 0.392078 0.206769 0.394505 0.209509 0.398146 0.211995 0.398193 0.213991 0.398612 0.217472 0.398781 0.219241 0.399836 0.222806 0.405953 0.232181 0.411862 0.239870 0.415029 0.245310 0.417771 0.251500 0.417227 0.269074 0.415474 0.271662 0.417258 0.276366 0.412130 0.270319 0.407971 0.264176 0.404727 0.262060 0.402677 0.262644 0.403919 0.265333 0.405810 0.267829 0.407914 0.271088 0.409805 0.284819 0.408284 0.295144 0.397510 0.318898 0.396255 0.315801 0.398385 0.313046 0.394510 0.308750 0.386156 0.302801 0.377693 0.303120 0.379716 0.297208 0.379716 0.297208 0.380286 0.286042 0.380286 0.286042 0.376995 0.282259 0.370898 0.270208 0.367315 0.263796 0.357865 0.244407 0.352003 0.221630
5 0.439901 0.427097 0.436589 0.427097 0.428888 0.427676 0.427323 0.427833 0.431984 0.437236 0.434148 0.440616 0.438646 0.445611 0.442839 0.451736 0.441628 0.439958 0.440182 0.429338
5 0.446844 0.339093 0.446628 0.340819 0.444469 0.340819 0.442849 0.345236 0.441068 0.350995 0.439609 0.355699 0.437906 0.358079 0.436969 0.358435 0.436099 0.359509 0.435581 0.361236 0.435294 0.362602 0.435562 0.363199 0.436232 0.364153 0.436164 0.364866 0.434740 0.365301 0.433526 0.367954 0.432214 0.368912 0.432549 0.370583 0.433755 0.371296 0.434693 0.371417 0.435362 0.371532 0.439448 0.368199 0.440586 0.367486 0.442956 0.372597 0.446388 0.378009 0.447680 0.378583 0.447799 0.380231 0.448404 0.384537 0.449383 0.379218 0.451596 0.376435 0.452784 0.374514 0.455378 0.372884 0.457807 0.372884 0.458023 0.369810 0.456943 0.366162 0.456888 0.361940 0.456078 0.356755 0.457482 0.352412 0.455786 0.351046 0.453206 0.347819 0.449414 0.342727
2 0.415646 0.405745 0.423146 0.400829 0.428661 0.396755 0.432029 0.396583 0.441427 0.395866 0.445299 0.395435 0.449755 0.397130 0.450781 0.402644 0.451969 0.406968 0.451484 0.408306 0.442141 0.408213 0.429938 0.406968 0.424484 0.406389 0.418273 0.408787 0.413091 0.412051 0.410443 0.413204 0.402708 0.418380 0.398646 0.421667 0.398026 0.420472 0.397763 0.417028 0.401250 0.415046 0.406232 0.411884 0.412685 0.407731 0.413904 0.406986 0.415086 0.406616
2 0.406654 0.430190 0.407273 0.428537 0.406578 0.423718 0.406654 0.420273 0.407971 0.416551 0.410443 0.413204 0.413091 0.412051 0.418273 0.408787 0.424484 0.406389 0.429938 0.406968 0.442141 0.408213 0.446469 0.408282 0.446562 0.407875 0.441370 0.413384 0.440273 0.411995 0.438781 0.409259 0.437987 0.410005 0.437708 0.411667 0.432201 0.416310 0.428607 0.418468 0.428047 0.419463 0.424779 0.420792 0.419776 0.423509 0.417404 0.418843 0.416466 0.419509 0.414716 0.438838
2 0.398026 0.420472 0.385672 0.406944 0.391378 0.404292 0.394094 0.399954 0.397234 0.395616 0.402422 0.394361 0.405365 0.393000 0.413029 0.391134 0.415732 0.392352 0.422953 0.391204 0.426099 0.389199 0.430375 0.386972 0.434490 0.387403 0.438643 0.387046 0.439128 0.387620 0.435375 0.392065 0.432029 0.396583 0.428661 0.396755 0.423146 0.400829 0.415646 0.405745 0.415086 0.406616 0.413904 0.406986 0.412685 0.407731 0.406232 0.411884 0.401250 0.415046 0.397763 0.417028
2 0.385672 0.406944 0.389828 0.398556 0.391885 0.393106 0.393458 0.390810 0.396201 0.388231 0.400799 0.386292 0.406891 0.384861 0.416172 0.381569 0.428620 0.376736 0.442474 0.377722 0.446388 0.378009 0.447680 0.378583 0.447799 0.380231 0.448404 0.384537 0.450018 0.387690 0.450503 0.389773 0.449898 0.391491 0.448284 0.392282 0.445299 0.395435 0.441427 0.395866 0.432029 0.396583 0.435375 0.392065 0.439128 0.387620 0.438643 0.387046 0.434490 0.387403 0.430375 0.386972 0.426099 0.389199 0.422953 0.391204 0.415732 0.392352 0.413029 0.391134 0.405365 0.393000 0.402422 0.394361 0.397234 0.395616 0.394094 0.399954 0.391378 0.404292
5 0.409789 0.284782 0.408284 0.295144 0.402013 0.307745 0.404789 0.308236 0.405763 0.305769 0.407289 0.302065 0.409096 0.300093 0.410484 0.300093 0.412289 0.297870 0.412151 0.301324 0.410901 0.304287 0.409924 0.307509 0.409385 0.309907 0.412570 0.311829 0.414245 0.312787 0.416352 0.324597 0.418672 0.340245 0.420078 0.343986 0.421266 0.343028 0.421914 0.341588 0.421482 0.334676 0.420995 0.319602 0.421914 0.313745 0.422992 0.302995 0.425206 0.293009 0.420617 0.282162 0.417258 0.276366 0.412130 0.270319 0.407971 0.264176 0.404727 0.262060 0.402677 0.262644 0.403919 0.265333 0.405810 0.267829 0.407914 0.271088
2 0.368357 0.387579 0.374448 0.365417 0.381591 0.346273 0.381062 0.343375 0.382617 0.342528 0.385372 0.342435 0.390570 0.342250 0.392951 0.342463 0.394401 0.343255 0.395169 0.344616 0.395813 0.346051 0.393917 0.347481 0.389875 0.349056 0.388018 0.349731 0.384401 0.350593 0.385703 0.353056 0.381667 0.360685 0.378763 0.366565 0.374729 0.379259 0.373076 0.388940 0.372188 0.392597
5 0.378063 0.368681 0.379229 0.368681 0.382216 0.372250 0.383385 0.373741 0.384784 0.373991 0.385625 0.376560 0.386372 0.377394 0.387539 0.376894 0.388984 0.377394 0.391599 0.388176 0.391693 0.391745 0.389638 0.394069 0.387865 0.396394 0.388052 0.400875 0.386604 0.402616 0.383104 0.404856 0.380630 0.402616 0.372182 0.392574 0.373070 0.388926 0.374729 0.379259
5 0.368357 0.387579 0.366195 0.381856 0.364841 0.379116 0.363862 0.376880 0.361016 0.372727 0.360315 0.369412 0.360687 0.365593 0.361622 0.364019 0.363443 0.363769 0.370674 0.365014 0.373943 0.367338
5 0.368357 0.387579 0.333721 0.351056 0.336859 0.350097 0.340354 0.350894 0.342776 0.352171 0.344479 0.353287 0.344604 0.347389 0.346750 0.343093 0.359026 0.322912 0.359990 0.320292 0.363487 0.315671 0.365458 0.313597 0.366357 0.312005 0.364742 0.308176 0.371982 0.311477 0.388969 0.317130 0.393234 0.317130 0.393971 0.317056 0.399081 0.328213 0.399721 0.330750 0.399159 0.332750 0.398255 0.333380 0.394661 0.336204 0.391224 0.339412 0.389536 0.340301 0.390570 0.342250 0.385372 0.342435 0.382617 0.342528 0.381062 0.343375 0.381591 0.346273 0.374448 0.365417 0.373943 0.367338 0.370674 0.365014 0.363443 0.363769 0.361622 0.364019 0.360687 0.365593 0.360315 0.369412 0.361016 0.372727 0.363862 0.376880 0.364841 0.379116 0.366195 0.381856
5 0.501846 0.376023 0.504870 0.371491 0.507961 0.369310 0.509479 0.369181 0.510490 0.374963 0.509839 0.380102 0.509549 0.382032 0.513742 0.380102 0.521984 0.376250 0.526034 0.374449 0.526466 0.375736 0.521117 0.383315 0.516562 0.389616 0.515839 0.392315 0.518732 0.397838 0.523141 0.399380 0.523214 0.400796 0.520323 0.404778 0.518227 0.408375 0.517430 0.411718 0.519672 0.408375 0.520682 0.407991 0.523430 0.407861 0.524516 0.408764 0.524732 0.408120 0.523938 0.406194 0.523865 0.403880 0.524297 0.400667 0.525094 0.398741 0.525526 0.398741 0.525961 0.400023 0.526612 0.400921 0.529068 0.402208 0.531164 0.402079 0.532755 0.404134 0.534130 0.405037 0.538466 0.405292 0.542227 0.405037 0.543021 0.404778 0.543456 0.405806 0.543383 0.407736 0.542878 0.411463 0.540852 0.420074 0.537961 0.423671 0.537167 0.428685 0.536370 0.430741 0.533695 0.431898 0.530875 0.432023 0.527044 0.432023 0.525021 0.429069 0.522852 0.427139 0.520755 0.429838 0.518297 0.430866 0.516562 0.432153 0.516490 0.434852 0.514466 0.433694 0.511646 0.432667 0.509911 0.432153 0.509479 0.429968 0.509044 0.428296 0.507094 0.427782 0.506513 0.425472 0.505068 0.423287 0.503622 0.422514 0.503260 0.420329 0.503622 0.418014 0.504057 0.415574 0.504057 0.413519 0.502104 0.414931 0.499573 0.419301 0.497839 0.423287 0.494802 0.426370 0.493503 0.427139 0.493503 0.427139 0.489919 0.431028 0.488711 0.433181 0.485839 0.441005 0.470904 0.443847 0.469289 0.444227 0.473938 0.424611 0.473938 0.422509 0.472914 0.420546 0.471180 0.419986 0.469682 0.430213 0.465990 0.445324 0.463339 0.445907 0.467643 0.415625 0.465669 0.414986 0.464953 0.415306 0.461596 0.433810 0.459500 0.423056 0.458193 0.416611 0.459464 0.415431 0.460404 0.410421 0.460469 0.405301 0.460604 0.401500 0.461607 0.399227 0.462810 0.397727 0.466427 0.399708 0.469289 0.403940 0.469982 0.399546 0.471276 0.396440 0.473115 0.395477 0.474500 0.389639 0.475104 0.387708 0.477576 0.385620 0.478810 0.385190 0.485318 0.389639 0.486615 0.389532 0.486344 0.384176 0.487594 0.384583 0.488464 0.382796 0.489802 0.381009 0.491276 0.380782 0.493042 0.380639 0.494951 0.380741 0.500049 0.378282
2 0.796354 0.845741 0.796659 0.835940 0.796956 0.830370 0.796987 0.826727 0.798164 0.824421 0.802359 0.813088 0.802570 0.810301 0.802661 0.808000 0.802661 0.806444 0.802419 0.804681 0.802208 0.803981 0.803128 0.801968 0.802404 0.797361 0.800083 0.795755 0.798216 0.796880 0.796198 0.803306 0.795927 0.803898 0.793154 0.815333 0.790992 0.825125 0.789372 0.829926 0.789404 0.833069 0.790849 0.834245 0.791753 0.835051 0.791753 0.837514 0.792206 0.839069 0.793320 0.840995 0.794104 0.843782
2 0.757016 0.905972 0.759013 0.913843 0.761172 0.918736 0.763224 0.922866 0.764521 0.926801 0.763711 0.930065 0.762036 0.933620 0.760362 0.937745 0.758203 0.940241 0.756953 0.941551 0.753604 0.942977 0.751865 0.943338 0.751461 0.942144 0.751797 0.940000 0.753070 0.935241 0.753073 0.932657 0.751992 0.931218 0.750966 0.929296 0.752154 0.921329 0.753612 0.915764 0.754854 0.912306
2 0.762867 0.901199 0.767807 0.903556 0.767839 0.907093 0.766271 0.914537 0.764854 0.920431 0.764013 0.921824 0.762385 0.921343 0.761172 0.918736 0.759013 0.913843 0.757016 0.905972 0.758378 0.896431 0.760547 0.900449
2 0.766271 0.878963 0.769737 0.878481 0.773021 0.876880 0.773685 0.881644 0.773654 0.888449 0.773685 0.894181 0.772841 0.897444 0.770461 0.900389 0.767807 0.903556 0.762867 0.901199 0.760547 0.900449 0.758378 0.896431 0.760969 0.883898 0.761932 0.877356
2 0.620182 0.620602 0.623398 0.627287 0.626667 0.634343 0.629000 0.634921 0.632732 0.643884 0.636141 0.654755 0.637784 0.661514 0.640445 0.668685 0.639643 0.670815 0.639237 0.673130 0.634276 0.668898 0.632172 0.666949 0.626198 0.660644 0.624424 0.655995 0.622839 0.651602 0.621951 0.650106 0.620971 0.647782 0.619057 0.641227 0.613924 0.626292 0.619003 0.621819
5 0.730104 0.693676 0.738161 0.700042 0.743812 0.704769 0.740948 0.710139 0.739802 0.713611 0.738161 0.717917 0.737823 0.719722 0.737979 0.724352 0.738943 0.730370 0.738177 0.734579 0.738281 0.737588 0.738984 0.742505 0.738854 0.750097 0.739557 0.757829 0.740937 0.764866 0.739849 0.770574 0.739536 0.774574 0.737224 0.773019 0.731914 0.767907 0.729477 0.756912 0.728102 0.751801 0.726977 0.747250 0.728112 0.739102 0.731500 0.731366 0.732273 0.726204 0.732948 0.722245 0.732177 0.716736 0.728789 0.705042 0.728594 0.698843
2 0.621896 0.618750 0.623841 0.620380 0.631669 0.623069 0.647547 0.626718 0.648086 0.624986 0.647815 0.622875 0.646547 0.621227 0.644224 0.618343 0.642227 0.617000 0.638016 0.616042 0.632885 0.616042 0.628620 0.617384 0.623651 0.616616
2 0.649417 0.665514 0.650086 0.668014 0.644794 0.675505 0.642719 0.671574 0.642182 0.671468 0.641620 0.673611 0.641258 0.675759 0.646690 0.680491 0.653440 0.677273 0.660312 0.674718 0.666687 0.671912 0.663562 0.663278 0.663081 0.659005 0.658945 0.647120 0.655292 0.637889 0.652503 0.628574 0.649086 0.618440 0.649086 0.621227 0.646547 0.621227 0.647815 0.622875 0.648086 0.624986 0.647547 0.626718 0.647742 0.629796 0.648211 0.632417 0.649081 0.634796 0.648076 0.635856 0.647070 0.639560 0.646870 0.642051 0.647742 0.647301 0.648680 0.650278 0.649526 0.650662 0.650333 0.649014 0.651557 0.648954 0.651260 0.651810 0.650052 0.653963 0.648880 0.656329 0.648076 0.658120
2 0.481576 0.367894 0.483398 0.363079 0.485169 0.362384 0.487513 0.362708 0.488815 0.363495 0.489831 0.365486 0.490456 0.367338 0.490638 0.369977 0.490742 0.372616 0.490326 0.374745 0.488112 0.377986 0.487070 0.379468 0.484831 0.379838 0.483060 0.379606 0.481992 0.378310 0.481341 0.376551 0.481237 0.374282 0.481914 0.371505
2 0.414716 0.438838 0.416466 0.419509 0.417404 0.418843 0.419776 0.423509 0.424901 0.430505 0.434148 0.440616 0.438646 0.445611 0.442839 0.451736 0.443888 0.469306 0.435648 0.459940
2 0.620182 0.620602 0.623398 0.627287 0.626667 0.634343 0.629000 0.634921 0.632732 0.643884 0.636141 0.654755 0.637784 0.661514 0.640445 0.668685 0.641781 0.665505 0.645901 0.658694 0.647070 0.657412 0.647070 0.656718 0.646641 0.656389 0.644901 0.649796 0.643620 0.643861 0.641784 0.634565 0.640617 0.629222 0.641562 0.628236 0.643065 0.634167 0.645401 0.645542 0.647161 0.652917 0.647500 0.654444 0.649526 0.650662 0.648680 0.650278 0.647742 0.647301 0.646870 0.642051 0.647070 0.639560 0.648076 0.635856 0.649081 0.634796 0.648211 0.632417 0.647742 0.629796 0.647547 0.626718 0.631669 0.623069 0.623841 0.620380 0.621896 0.618750
2 0.340130 0.208556 0.344161 0.223407 0.352289 0.252019 0.361492 0.270755 0.372701 0.292176 0.363234 0.291685 0.356727 0.289755 0.346172 0.283843 0.339956 0.282431 0.337786 0.281657 0.328750 0.271120 0.326583 0.269963 0.327305 0.275231 0.331208 0.279347 0.339740 0.287829 0.344221 0.290144 0.350294 0.291940 0.359979 0.297083 0.368005 0.301708 0.377693 0.303120 0.379716 0.297208 0.380286 0.286042 0.376995 0.282259 0.370898 0.270208 0.367315 0.263796 0.357865 0.244407 0.352003 0.221630 0.349771 0.210926 0.344609 0.192634 0.341698 0.189250 0.332630 0.179694 0.330839 0.175514 0.324792 0.164366 0.322104 0.173125 0.329271 0.181486 0.336102 0.193630 0.338115 0.199000
2 0.377693 0.303120 0.386190 0.302903 0.394510 0.308750 0.398385 0.313046 0.396255 0.315801 0.393234 0.317130 0.388969 0.317130 0.371982 0.311477 0.359112 0.305051 0.357451 0.302606 0.350654 0.297722 0.344221 0.290144 0.350294 0.291940 0.359979 0.297083 0.368005 0.301708
2 0.459656 0.446843 0.461596 0.433810 0.464953 0.415306 0.465669 0.414986 0.467643 0.415625 0.463339 0.445907
2 0.476203 0.487477 0.479250 0.484699 0.481177 0.483171 0.482635 0.481366 0.483521 0.479051 0.484042 0.476366 0.485891 0.476551 0.487687 0.478634 0.488443 0.480764 0.489120 0.484097 0.488417 0.486921 0.487766 0.487940 0.486333 0.486736 0.485812 0.487616 0.484771 0.488310 0.483677 0.487662 0.482453 0.487940 0.481177 0.488819 0.479094 0.490486 0.477297 0.492014 0.476854 0.492245 0.476776 0.489190
2 0.526466 0.375736 0.528995 0.372116 0.533260 0.368083 0.536122 0.366259 0.540497 0.360116 0.544763 0.368273 0.544924 0.370773 0.542711 0.372597 0.541362 0.376435 0.538716 0.381523 0.537310 0.384981 0.533477 0.389394 0.530182 0.392273 0.526565 0.395731 0.523141 0.399380 0.518732 0.397838 0.515839 0.392315 0.516562 0.389616 0.521117 0.383315
2 0.469289 0.444227 0.473938 0.424611 0.473938 0.422509 0.472914 0.420546 0.471180 0.419986 0.469682 0.430213 0.465990 0.445324
5 0.399081 0.328213 0.401138 0.323296 0.405164 0.318361 0.409193 0.318856 0.411276 0.321569 0.412664 0.324532 0.416352 0.324597 0.418672 0.340245 0.420078 0.343986 0.421266 0.343028 0.421914 0.341588 0.421534 0.354546 0.426286 0.355218 0.427583 0.354644 0.428859 0.357833 0.429513 0.361898 0.429513 0.364884 0.429607 0.367954 0.428635 0.367245 0.425023 0.377861 0.416172 0.381569 0.406891 0.384861 0.400799 0.386292 0.396201 0.388231 0.393458 0.390810 0.391885 0.393106 0.389828 0.398556 0.385672 0.406944 0.383104 0.404856 0.386604 0.402616 0.388052 0.400875 0.387865 0.396394 0.389638 0.394069 0.391693 0.391745 0.391599 0.388176 0.388984 0.377394 0.387539 0.376894 0.386372 0.377394 0.385625 0.376560 0.384784 0.373991 0.383385 0.373741 0.382216 0.372250 0.379229 0.368681 0.378063 0.368681 0.378763 0.366565 0.381667 0.360685 0.385703 0.353056 0.384401 0.350593 0.388018 0.349731 0.389875 0.349056 0.393917 0.347481 0.395813 0.346051 0.395169 0.344616 0.394401 0.343255 0.392951 0.342463 0.390570 0.342250 0.389536 0.340301 0.391224 0.339412 0.394661 0.336204 0.398255 0.333380 0.399159 0.332750 0.399721 0.330750
5 0.457807 0.372884 0.462281 0.372417 0.464500 0.371986 0.467180 0.372120 0.470734 0.372176 0.472453 0.371852 0.473206 0.369819 0.474380 0.368213 0.475133 0.366282 0.477365 0.367245 0.481237 0.374282 0.481341 0.376551 0.481992 0.378310 0.483060 0.379606 0.485349 0.382514 0.486344 0.384176 0.486615 0.389532 0.485318 0.389639 0.478810 0.385190 0.477576 0.385620 0.475104 0.387708 0.474500 0.389639 0.473115 0.395477 0.471276 0.396440 0.469982 0.399546 0.469289 0.403940 0.466427 0.399708 0.462810 0.397727 0.459284 0.395315 0.457388 0.395315 0.455729 0.394833 0.454706 0.392796 0.453711 0.390602 0.453289 0.389639 0.452747 0.389264 0.450503 0.389773 0.450018 0.387690 0.448404 0.384537 0.449383 0.379218 0.451596 0.376435 0.452784 0.374514 0.455378 0.372884
2 0.468615 0.332301 0.469943 0.331329 0.470854 0.329662 0.471586 0.327856 0.471687 0.326375 0.471896 0.325310 0.472599 0.325218 0.474943 0.327394 0.481091 0.334292 0.483354 0.336421 0.487312 0.340264 0.488484 0.340588 0.490359 0.342162 0.493042 0.343412 0.493591 0.344977 0.494089 0.346875 0.495440 0.348681 0.496742 0.350903 0.499609 0.356292 0.500182 0.357870 0.501823 0.361630 0.502682 0.364315 0.504193 0.367694 0.504870 0.371491 0.501846 0.376023 0.500518 0.373431 0.498435 0.368338 0.497628 0.364079 0.496768 0.360514 0.496508 0.359356 0.495466 0.358431 0.493422 0.355352 0.492695 0.353917 0.491898 0.353338 0.490779 0.352134 0.489190 0.351764 0.487003 0.351301 0.485701 0.350421 0.477526 0.341435 0.473008 0.336616
2 0.446013 0.331542 0.450005 0.338282 0.454201 0.344093 0.457831 0.347819 0.459888 0.350259 0.463802 0.356352 0.468560 0.367111 0.465547 0.369477 0.461635 0.360296 0.459216 0.355134 0.457482 0.352412 0.455786 0.351046 0.453206 0.347819 0.449414 0.342727 0.445380 0.336847
2 0.433201 0.342398 0.432638 0.342815 0.431333 0.343894 0.431799 0.347546 0.432281 0.349269 0.433198 0.353204 0.434927 0.357917 0.435581 0.361236 0.434740 0.365301 0.433526 0.367954 0.430073 0.370361 0.429607 0.367954 0.429513 0.364884 0.429513 0.361898 0.428859 0.357833 0.427583 0.354644 0.430013 0.344949 0.430258 0.343894 0.431039 0.340722 0.431904 0.335157 0.432336 0.332370 0.431956 0.327569 0.431956 0.323921 0.433362 0.321718 0.435898 0.320852 0.440164 0.320468 0.442594 0.321139 0.446914 0.325843 0.447724 0.327185 0.447563 0.329394 0.446013 0.331542 0.444701 0.334676 0.443674 0.336019 0.442865 0.336116 0.440435 0.333333 0.438706 0.330259 0.436115 0.326898 0.436492 0.331986 0.436492 0.335731 0.435414 0.338227
2 0.417227 0.269074 0.417917 0.268148 0.423802 0.280917 0.425586 0.286194 0.425206 0.293009 0.420617 0.282162 0.417258 0.276366 0.415474 0.271662
1 0.462779 0.372273 0.465547 0.369477 0.468560 0.367111 0.474445 0.363431 0.477779 0.361069 0.479602 0.360236 0.481346 0.358384 0.483117 0.357042 0.485305 0.356023 0.488013 0.355051 0.489862 0.354634 0.493065 0.354634 0.493422 0.355352 0.493716 0.355838 0.491841 0.356208 0.487648 0.356949 0.484758 0.358292 0.481633 0.359912 0.479680 0.361625 0.475956 0.364310 0.474393 0.365097 0.472414 0.366394 0.470174 0.367551 0.469055 0.368245 0.467414 0.369495 0.466320 0.370560 0.464500 0.371986
2 0.320510 0.268981 0.326570 0.250875 0.328047 0.245417 0.326990 0.243495 0.337156 0.223579 0.340372 0.221199 0.341721 0.218227 0.341927 0.215648 0.340130 0.208556 0.337156 0.211588 0.336326 0.213986 0.333318 0.217491 0.331555 0.220259 0.328758 0.223329 0.327070 0.226884 0.324945 0.237546 0.323070 0.244213 0.319909 0.250676 0.316036 0.261560 0.315299 0.264440 0.315578 0.269380 0.315578 0.277773 0.320576 0.290611 0.320161 0.299005 0.325437 0.310116 0.332104 0.323940 0.334742 0.322954 0.336547 0.320486 0.335854 0.316532 0.325576 0.287153 0.321688 0.272343
5 0.586193 0.475514 0.584047 0.479579 0.580266 0.484972 0.578680 0.480324 0.576112 0.478750 0.573313 0.478750 0.567664 0.479000 0.565193 0.482069 0.562997 0.486051 0.560104 0.488704 0.558565 0.491194 0.558612 0.494097 0.558938 0.498662 0.561039 0.505218 0.562531 0.512269 0.564771 0.517329 0.565891 0.520481 0.565799 0.506926 0.575125 0.497704 0.586669 0.494880 0.602477 0.495472 0.605469 0.496505 0.603695 0.487875 0.602901 0.483560 0.597805 0.480801 0.592206 0.477315 0.588518 0.475986
2 0.578484 0.466944 0.585203 0.468769 0.593185 0.472500 0.600745 0.476236 0.607979 0.480634 0.612786 0.484116 0.611854 0.488597 0.611247 0.489014 0.608773 0.487435 0.604479 0.484449 0.597805 0.480801 0.592206 0.477315 0.588518 0.475986 0.583664 0.475407 0.579604 0.473333 0.577737 0.472417 0.576477 0.471671 0.576711 0.469847 0.577365 0.468602
2 0.554964 0.476319 0.557982 0.477579 0.559534 0.478681 0.562484 0.477685 0.566146 0.476583 0.568474 0.475699 0.570742 0.471560 0.571065 0.470593 0.573680 0.469847 0.575359 0.469681 0.576711 0.466611 0.576888 0.464444 0.577260 0.463282 0.578161 0.463282 0.579122 0.464111 0.579247 0.464995 0.578484 0.466944 0.577365 0.468602 0.576711 0.469847 0.576477 0.471671 0.576266 0.474264 0.575771 0.475866 0.574310 0.478241 0.573313 0.478750 0.571299 0.479014 0.569469 0.477963 0.567948 0.478185 0.565557 0.479620 0.562516 0.482875 0.559690 0.484144 0.556057 0.485912 0.555661 0.481713
1 0.500060 0.357319 0.503047 0.357153 0.504914 0.356736 0.505849 0.354995 0.506969 0.354333 0.509349 0.353171 0.510982 0.351926 0.512802 0.349769 0.513034 0.349269 0.513034 0.347361 0.512990 0.345454 0.513315 0.342301 0.514529 0.340972 0.515648 0.340722 0.517750 0.341472 0.520315 0.342718 0.519615 0.344042 0.518823 0.344042 0.517281 0.343380 0.515555 0.343130 0.515089 0.342551 0.514388 0.343130 0.514388 0.345620 0.514763 0.348523 0.513781 0.350847 0.512383 0.352505 0.510794 0.353833 0.509115 0.354995 0.507388 0.355907 0.505427 0.357486 0.504680 0.358315 0.502768 0.358398 0.501648 0.358727 0.500620 0.358894
2 0.552997 0.546296 0.562589 0.546181 0.563490 0.546069 0.564518 0.537944 0.552547 0.538287 0.551875 0.544491
5 0.465669 0.338713 0.466294 0.352375 0.465732 0.354819 0.466482 0.359042 0.467357 0.362597 0.469612 0.366463 0.474445 0.363431 0.477779 0.361069 0.479602 0.360236 0.479964 0.357718 0.480315 0.355542 0.481607 0.354310 0.482125 0.352944 0.483031 0.355111 0.484219 0.356042 0.484745 0.356231 0.485305 0.356023 0.488013 0.355051 0.489862 0.354634 0.493065 0.354634 0.492695 0.353917 0.491898 0.353338 0.490779 0.352134 0.489190 0.351764 0.487003 0.351301 0.485701 0.350421 0.477526 0.341435 0.473008 0.336616
5 0.743812 0.704769 0.740948 0.710139 0.739802 0.713611 0.738161 0.717917 0.737823 0.719722 0.737979 0.724352 0.738943 0.730370 0.738177 0.734579 0.738281 0.737588 0.738984 0.742505 0.738854 0.750097 0.739557 0.757829 0.740937 0.764866 0.742857 0.771245 0.744771 0.779958 0.756917 0.794213 0.765232 0.802278 0.770104 0.811963 0.772372 0.818014 0.773344 0.823870 0.773505 0.826940 0.771885 0.832699 0.770914 0.836444 0.776089 0.845093 0.779599 0.844227 0.780732 0.842690 0.782568 0.839426 0.785432 0.836644 0.789372 0.829926 0.790992 0.825125 0.793154 0.815333 0.792721 0.811204 0.787969 0.798338 0.786133 0.795653 0.784836 0.794306 0.782677 0.792389 0.781651 0.788454 0.780138 0.779523 0.779221 0.771843 0.778042 0.768528 0.776016 0.764157 0.774427 0.764287 0.772979 0.760560 0.771680 0.755935 0.770378 0.750153 0.766911 0.735514 0.765701 0.729204 0.764570 0.725333 0.762966 0.723921 0.753594 0.714815 0.746721 0.707259
5 0.780523 0.716370 0.781073 0.715083 0.780651 0.712727 0.781133 0.711870 0.782880 0.710102 0.784568 0.709083 0.785953 0.710157 0.790773 0.709032 0.795112 0.709620 0.798005 0.712407 0.799602 0.717764 0.800115 0.720014 0.802917 0.724833 0.804151 0.727403 0.806172 0.726602 0.808430 0.727833 0.811865 0.731153 0.812859 0.729065 0.813552 0.729815 0.814276 0.723815 0.815060 0.722102 0.816747 0.721671 0.819971 0.724833 0.824490 0.732065 0.828831 0.741815 0.837026 0.756171 0.841695 0.768810 0.845221 0.772454 0.847208 0.777704 0.850945 0.788843 0.859745 0.809787 0.864263 0.821736 0.867880 0.835074 0.867547 0.842356 0.866193 0.846856 0.864534 0.852644 0.864596 0.863194 0.864596 0.864588 0.863510 0.867426 0.862214 0.873106 0.860557 0.892495 0.855706 0.893301 0.849951 0.894852 0.845372 0.897532 0.841182 0.902028 0.837659 0.906421 0.836935 0.908458 0.836122 0.904602 0.835339 0.893301 0.833831 0.892389 0.829974 0.887514 0.828167 0.886120 0.825906 0.890083 0.822833 0.892870 0.818646 0.895227 0.813404 0.897852 0.808792 0.900102 0.807526 0.900102 0.805237 0.896190 0.803971 0.893301 0.803792 0.887782 0.804302 0.881088 0.802526 0.879213 0.802797 0.874977 0.802224 0.871120 0.802797 0.867856 0.804664 0.863676 0.805599 0.856769 0.805990 0.850551 0.805990 0.847338 0.805599 0.845356 0.805719 0.842356 0.805990 0.838981 0.806292 0.835338 0.806654 0.831806 0.806654 0.828644 0.806984 0.825912 0.808521 0.820662 0.809667 0.817931 0.809576 0.814880 0.808763 0.812199 0.807979 0.810755 0.806865 0.808130 0.806112 0.805611 0.805268 0.803574 0.804242 0.802505 0.803128 0.801968 0.802404 0.797361 0.800083 0.795755 0.798216 0.796880 0.796198 0.803306 0.795927 0.803898 0.793667 0.803898 0.792221 0.803417 0.789901 0.801218 0.787969 0.798338 0.786133 0.795653 0.784836 0.794306 0.782677 0.792389 0.781651 0.788454 0.780138 0.779523 0.779221 0.771843 0.778872 0.770259 0.778992 0.758366 0.779536 0.749421 0.780378 0.743046 0.779398 0.738361 0.778398 0.735139 0.778273 0.729032 0.778711 0.723921 0.779523 0.719259
5 0.550385 0.580486 0.550898 0.576917 0.550945 0.573847 0.549872 0.569449 0.548005 0.563731 0.547445 0.560167 0.547214 0.558662 0.547352 0.556514 0.547586 0.554931 0.547911 0.554356 0.549266 0.554185 0.557901 0.558333 0.562706 0.559713 0.564211 0.559713 0.567974 0.564171 0.570401 0.572056 0.573745 0.582019 0.575776 0.589444 0.573302 0.595588 0.572271 0.597894 0.571464 0.602986 0.571341 0.604208 0.560169 0.592227
5 0.345594 0.270616 0.342417 0.270194 0.339099 0.269398 0.337307 0.267963 0.336680 0.264778 0.335961 0.261588 0.333542 0.261907 0.330044 0.263819 0.327266 0.265731 0.326279 0.267644 0.324396 0.267644 0.321258 0.266690 0.326570 0.250875 0.328047 0.245417 0.326990 0.243495 0.337156 0.223579 0.340372 0.221199 0.341721 0.218227 0.341927 0.215648 0.344161 0.223407 0.345128 0.236653 0.344935 0.250935 0.346763 0.252912 0.345680 0.260208 0.346018 0.266296
2 0.553078 0.527245 0.552786 0.535231 0.551875 0.544491 0.551406 0.552361 0.549896 0.552685 0.547161 0.551944 0.545750 0.553773 0.545435 0.550352 0.545565 0.547574 0.546036 0.544981 0.545971 0.542681 0.548258 0.536477 0.549547 0.533083 0.551581 0.531236
10 0.535753 0.483204 0.538734 0.480125 0.540320 0.479787 0.541810 0.480556 0.546909 0.488333 0.552148 0.499102 0.554987 0.508333 0.554409 0.518935 0.553078 0.527245 0.551581 0.531236 0.549547 0.533083 0.548258 0.536477 0.545971 0.542681 0.545779 0.533718 0.545568 0.528120 0.546143 0.525620 0.545758 0.519926 0.544464 0.515648 0.542354 0.508144 0.541331 0.502690 0.539659 0.496926 0.538961 0.490727 0.536943 0.485944
10 0.538229 0.463384 0.543763 0.462995 0.549935 0.463713 0.553000 0.467875 0.554258 0.472241 0.554964 0.476319 0.555661 0.481713 0.556307 0.488667 0.558565 0.491194 0.558612 0.494097 0.558727 0.496056 0.557880 0.498565 0.556591 0.499352 0.556510 0.502940 0.556188 0.505093 0.555461 0.505306 0.554169 0.505519 0.552148 0.499102 0.546909 0.488333 0.541810 0.480556 0.540320 0.479787 0.538734 0.480125 0.535753 0.483204 0.533687 0.479736 0.532023 0.475468 0.532685 0.473921 0.534464 0.470449
5 0.542878 0.411463 0.546734 0.413847 0.549927 0.419523 0.553799 0.428125 0.555057 0.432944 0.557768 0.437245 0.559703 0.443097 0.560091 0.451352 0.560091 0.460644 0.560187 0.466324 0.558734 0.466495 0.553831 0.462866 0.554846 0.466116 0.555534 0.468005 0.556721 0.469227 0.559406 0.469560 0.563661 0.468769 0.554258 0.472241 0.553000 0.467875 0.549935 0.463713 0.543763 0.462995 0.538229 0.463384 0.538716 0.461278 0.537602 0.460347 0.536729 0.459972 0.535997 0.461213 0.534945 0.463616 0.533133 0.459509 0.530635 0.453065 0.528198 0.452287 0.527260 0.452287 0.526010 0.454398 0.522576 0.450843 0.520013 0.448843 0.512891 0.447065 0.508703 0.447065 0.503544 0.451009 0.501081 0.448787 0.501859 0.445870 0.502302 0.438912 0.503232 0.425431 0.501013 0.422921 0.499479 0.422060 0.497839 0.423287 0.499573 0.419301 0.502104 0.414931 0.504057 0.413519 0.504057 0.415574 0.503622 0.418014 0.503260 0.420329 0.503622 0.422514 0.505068 0.423287 0.506513 0.425472 0.507094 0.427782 0.509044 0.428296 0.509479 0.429968 0.509911 0.432153 0.511646 0.432667 0.514466 0.433694 0.516490 0.434852 0.516562 0.432153 0.518297 0.430866 0.520755 0.429838 0.522852 0.427139 0.525021 0.429069 0.527044 0.432023 0.527044 0.432023 0.530875 0.432023 0.533695 0.431898 0.536370 0.430741 0.537167 0.428685 0.537961 0.423671 0.540852 0.420074
5 0.560091 0.451352 0.563469 0.456898 0.567529 0.466671 0.567177 0.467148 0.563661 0.468769 0.559406 0.469560 0.556721 0.469227 0.555534 0.468005 0.554846 0.466116 0.553896 0.462880 0.558734 0.466495 0.560187 0.466324 0.560091 0.460644
5 0.503544 0.451009 0.508703 0.447065 0.512891 0.447065 0.520013 0.448843 0.522576 0.450843 0.526010 0.454398 0.527260 0.452287 0.528198 0.452287 0.530635 0.453065 0.533133 0.459509 0.534945 0.463616 0.533195 0.468727 0.531010 0.473060 0.529073 0.470838 0.523260 0.466616 0.520211 0.463560 0.518432 0.459861 0.517047 0.459060 0.514333 0.457667 0.509339 0.456130
2 0.488711 0.433181 0.489919 0.431028 0.493503 0.427139 0.494802 0.426370 0.497839 0.423287 0.499479 0.422060 0.501013 0.422921 0.503232 0.425431 0.502302 0.438912 0.501859 0.445870 0.501081 0.448787 0.496482 0.444986 0.494880 0.444148 0.495245 0.440204 0.495849 0.438125 0.496091 0.435903 0.495891 0.433463 0.492609 0.436120 0.490974 0.438440 0.488669 0.441495 0.485898 0.441069
2 0.459656 0.446843 0.454112 0.448056 0.454948 0.452069 0.455281 0.458019 0.457206 0.460694 0.462224 0.457870 0.464984 0.454745 0.476276 0.450583 0.481714 0.449245 0.486984 0.448204 0.488823 0.446569 0.490747 0.445824 0.490831 0.441810 0.485898 0.441069 0.470904 0.443847
2 0.462224 0.457870 0.460612 0.462005 0.460237 0.464907 0.458604 0.469889 0.457297 0.473375 0.457109 0.474616 0.459305 0.477023 0.460143 0.476278 0.460938 0.474699 0.462245 0.470056 0.464206 0.463417 0.467052 0.453926 0.464984 0.454745
5 0.463357 0.478532 0.458034 0.482167 0.463031 0.490051 0.466406 0.492162 0.473029 0.488278 0.478214 0.484944 0.481464 0.479833 0.486336 0.470227 0.485039 0.466481 0.484284 0.461009 0.483714 0.461611 0.475091 0.473491 0.467531 0.482602 0.464326 0.479912
5 0.450503 0.389773 0.453529 0.395444 0.456674 0.408426 0.459500 0.423056 0.461596 0.433810 0.459656 0.446843 0.454112 0.448056 0.454948 0.452069 0.455281 0.458019 0.457206 0.460694 0.462224 0.457870 0.460612 0.462005 0.460237 0.464907 0.458604 0.469889 0.457297 0.473375 0.457109 0.474616 0.459305 0.477023 0.460143 0.476278 0.460938 0.474699 0.462245 0.470056 0.463169 0.466796 0.463250 0.475329 0.463182 0.476671 0.463357 0.478532 0.458034 0.482167 0.452682 0.478343 0.446833 0.472606 0.443888 0.469306 0.442839 0.451736 0.444654 0.433954 0.446469 0.408282 0.451484 0.408306 0.451969 0.406968 0.450781 0.402644 0.449755 0.397130 0.445299 0.395435
5 0.467052 0.453926 0.465589 0.461176 0.463635 0.472023 0.463182 0.476671 0.463357 0.478532 0.464326 0.479912 0.467531 0.482602 0.475091 0.473491 0.483714 0.461611 0.485151 0.460167 0.485401 0.458278 0.485648 0.448278 0.481714 0.449245 0.476276 0.450583
2 0.495995 0.461569 0.496417 0.457556 0.497198 0.453588 0.497531 0.451662 0.498674 0.449356 0.500049 0.450472 0.502021 0.452306 0.502102 0.454722 0.501560 0.457829 0.500995 0.462000 0.500122 0.466713 0.499219 0.469875
2 0.492609 0.436120 0.493018 0.442907 0.492813 0.445861 0.492703 0.457856 0.492516 0.468065 0.492982 0.471546 0.494008 0.473620 0.493401 0.475282 0.492234 0.473454 0.490414 0.465574 0.490974 0.454954 0.490747 0.445824 0.490831 0.441810 0.490974 0.438440
5 0.520620 0.477815 0.518552 0.471380 0.516865 0.464736 0.513099 0.462593 0.508219 0.460343 0.505687 0.458847 0.503096 0.458417 0.501560 0.457829 0.500995 0.462000 0.500122 0.466713 0.499219 0.469875 0.500995 0.476407 0.502211 0.483380 0.506693 0.484819 0.512633 0.486449 0.520193 0.487509 0.519818 0.482296 0.515781 0.483102 0.513219 0.483421 0.512276 0.482634 0.512065 0.478991 0.512669 0.477329 0.516042 0.477329 0.519234 0.477171
2 0.485401 0.458278 0.487253 0.465139 0.489089 0.470898 0.490763 0.475602 0.493031 0.477907 0.496109 0.480787 0.502211 0.483380 0.506693 0.484819 0.512633 0.486449 0.520193 0.487509 0.522622 0.485009 0.524081 0.489333 0.524568 0.490963 0.523648 0.491829 0.519383 0.492116 0.516089 0.491250 0.511716 0.490005 0.506315 0.489236 0.503128 0.487699 0.498755 0.484338 0.492870 0.482037 0.490870 0.480116 0.489034 0.477523 0.487146 0.471861 0.486336 0.470227 0.485039 0.466481 0.484284 0.461009 0.485151 0.460167
2 0.492870 0.482037 0.492383 0.486315 0.492557 0.494991 0.492872 0.503917 0.493883 0.518296 0.494232 0.522880 0.501310 0.529759 0.500542 0.513894 0.500159 0.503667 0.499042 0.493440 0.497440 0.486935 0.497161 0.483713
2 0.499362 0.496181 0.504203 0.493315 0.509930 0.492167 0.513682 0.492093 0.515055 0.492310 0.516089 0.491250 0.519383 0.492116 0.521266 0.491949 0.521266 0.494319 0.519247 0.496181 0.516466 0.499051 0.513198 0.501560 0.509529 0.504000 0.505818 0.505718 0.501581 0.507296 0.500331 0.507514 0.500159 0.503667
2 0.511878 0.502454 0.508474 0.508407 0.504911 0.513588 0.503836 0.516375 0.503836 0.517333 0.506531 0.522134 0.508695 0.518000 0.513125 0.508269 0.516435 0.502009 0.513198 0.501560
2 0.501828 0.530269 0.508695 0.518000 0.513125 0.508269 0.516435 0.502009 0.517901 0.499713 0.519677 0.499032 0.519872 0.495634 0.521266 0.494319 0.521266 0.491949 0.523049 0.491884 0.523154 0.496787 0.523154 0.503366 0.523049 0.506514 0.522008 0.510264 0.517747 0.518194 0.515125 0.524940 0.513646 0.529602 0.513016 0.532551 0.510875 0.535977 0.509070 0.539083 0.505544 0.535065
2 0.527591 0.517287 0.524857 0.526097 0.521794 0.533097 0.517109 0.534097 0.514297 0.536093 0.512109 0.538204 0.510797 0.541093 0.523563 0.552204 0.531346 0.555000 0.536549 0.556079 0.539010 0.556222 0.541190 0.556792 0.542602 0.558444 0.543448 0.559519 0.543154 0.552917 0.542974 0.543056 0.542583 0.535093 0.542154 0.533630 0.541612 0.530157 0.541737 0.527204 0.540698 0.522324 0.539328 0.519519 0.535753 0.513458 0.531719 0.516963 0.532685 0.523551 0.533406 0.528051 0.533406 0.529657 0.533258 0.530144 0.529701 0.529282
2 0.525161 0.478449 0.529620 0.471426 0.531010 0.473060 0.533687 0.479736 0.536943 0.485944 0.538961 0.490727 0.539659 0.496926 0.541331 0.502690 0.542354 0.508144 0.544464 0.515648 0.545758 0.519926 0.546143 0.525620 0.545568 0.528120 0.545779 0.533718 0.546036 0.544981 0.545565 0.547574 0.545435 0.550352 0.545750 0.553773 0.545891 0.558935 0.545760 0.562639 0.544953 0.564676 0.543677 0.564583 0.542922 0.563519 0.543495 0.560648 0.543154 0.552917 0.542974 0.543056 0.542583 0.535093 0.542661 0.530782 0.543620 0.522324 0.541885 0.515153 0.538336 0.498509 0.535794 0.491917 0.533091 0.485676 0.530268 0.481157 0.529060 0.481014 0.527109 0.483486
2 0.428607 0.418468 0.432201 0.416310 0.438409 0.416477 0.438594 0.417556 0.439901 0.427097 0.436589 0.427097 0.428888 0.427676 0.426133 0.427676 0.422820 0.427676 0.422307 0.425935 0.423146 0.423444 0.424779 0.420792 0.428047 0.419463
10 0.533091 0.485676 0.528375 0.490394 0.528813 0.493588 0.529810 0.502306 0.532305 0.507032 0.535753 0.513458 0.539328 0.519519 0.540698 0.522324 0.541737 0.527204 0.541612 0.530157 0.542154 0.533630 0.542583 0.535093 0.542661 0.530782 0.543620 0.522324 0.541885 0.515153 0.538336 0.498509 0.535794 0.491917
2 0.509339 0.456130 0.514333 0.457667 0.517047 0.459060 0.518432 0.459861 0.520211 0.463560 0.521747 0.467843 0.523523 0.474273 0.527109 0.483486 0.528375 0.490394 0.530635 0.508606 0.531719 0.516963 0.532685 0.523551 0.533406 0.528051 0.533406 0.529657 0.533258 0.530144 0.529701 0.529282 0.527591 0.517287 0.525453 0.500037 0.524568 0.490963 0.524081 0.489333 0.522622 0.485009 0.521115 0.479361 0.518552 0.471380 0.516865 0.464736 0.513099 0.462593 0.508219 0.460343 0.505687 0.458847 0.503096 0.458417 0.501560 0.457829 0.502102 0.454722 0.504896 0.455231
2 0.577109 0.465463 0.572339 0.464356 0.570055 0.464171 0.567529 0.466671 0.567177 0.467148 0.563661 0.468769 0.554258 0.472241 0.554964 0.476319 0.562586 0.473944 0.571065 0.470593 0.573680 0.469847 0.575359 0.469681 0.576711 0.466611
1 0.526789 0.555204 0.538445 0.559028 0.540237 0.559505 0.541583 0.560144 0.542391 0.560940 0.543495 0.560648 0.543448 0.559519 0.542602 0.558444 0.541190 0.556792 0.539010 0.556222 0.536549 0.556079 0.531346 0.555000 0.523563 0.552204
2 0.442839 0.451736 0.441628 0.439958 0.440182 0.429338 0.438594 0.417556 0.437708 0.411667 0.437987 0.410005 0.438781 0.409259 0.440273 0.411995 0.440789 0.414653 0.441909 0.423282 0.443776 0.432824 0.444148 0.438880
5 0.613357 0.597009 0.608523 0.596856 0.606797 0.596273 0.599844 0.595778 0.598865 0.595194 0.595878 0.597435 0.594802 0.598764 0.588956 0.599759 0.584521 0.605153 0.584039 0.605718 0.585549 0.610579 0.587711 0.620486 0.604651 0.638671 0.607779 0.640829 0.607964 0.634940 0.608112 0.630713 0.602870 0.626694 0.601901 0.624472 0.600812 0.619097 0.600609 0.614935 0.601859 0.608412 0.604120 0.604181 0.608958 0.600306
5 0.609646 0.630569 0.619003 0.621819 0.626586 0.613431 0.627635 0.610847 0.626182 0.607838 0.624490 0.604181 0.621667 0.598875 0.617714 0.594213 0.613357 0.597009 0.608958 0.600306 0.604120 0.604181 0.601859 0.608412 0.600609 0.614935 0.600812 0.619097 0.601901 0.624472 0.602870 0.626694 0.608112 0.630713
2 0.621667 0.598875 0.629914 0.599338 0.642010 0.600681 0.645250 0.609898 0.646979 0.615079 0.649086 0.618440 0.649086 0.621227 0.646547 0.621227 0.644224 0.618343 0.642227 0.617000 0.638016 0.616042 0.632885 0.616042 0.628620 0.617384 0.623651 0.616616 0.626586 0.613431 0.627635 0.610847 0.626182 0.607838 0.624490 0.604181
2 0.646365 0.544986 0.648255 0.543403 0.653263 0.560810 0.654945 0.565060 0.647010 0.570532 0.644674 0.564171 0.644674 0.555995 0.645680 0.549301
2 0.647586 0.540537 0.656599 0.534106 0.659937 0.543602 0.667393 0.568032 0.662445 0.563778 0.662495 0.562241 0.661245 0.560958 0.654945 0.565060 0.653263 0.560810
2 0.685094 0.584722 0.692737 0.581602 0.698573 0.590875 0.705404 0.601472 0.715896 0.616755 0.720271 0.625310 0.722445 0.630940 0.723065 0.633204 0.729677 0.644185 0.741630 0.661731 0.746471 0.667917 0.739734 0.675972 0.735576 0.677296 0.731107 0.673324 0.719992 0.658093 0.719870 0.641037 0.719122 0.635963 0.715398 0.625917 0.713971 0.619352 0.704534 0.619296 0.695625 0.619625 0.693854 0.617917 0.692396 0.615819 0.688359 0.609306 0.688198 0.605519 0.687089 0.599481 0.686758 0.594046
18 0.671680 0.692218 0.672026 0.695718 0.672122 0.704319 0.672526 0.706704 0.683701 0.718032 0.726174 0.760606 0.724141 0.753042 0.723560 0.748912 0.728112 0.739102 0.731500 0.731366 0.732273 0.726204 0.732948 0.722245 0.732177 0.716736 0.728789 0.705042 0.728594 0.698843 0.730104 0.693676 0.724977 0.688231 0.718669 0.682343 0.715297 0.679231 0.712669 0.679231 0.709172 0.678681 0.702924 0.678014 0.696987 0.675898 0.692674 0.676347 0.687427 0.675458 0.684865 0.675458 0.681180 0.680458 0.678867 0.684120 0.676495 0.687005
2 0.666687 0.671912 0.660312 0.674718 0.653440 0.677273 0.646690 0.680491 0.647503 0.681935 0.650190 0.684602 0.658000 0.691935 0.661872 0.697264 0.663872 0.697486 0.668185 0.695486 0.671680 0.692218 0.676495 0.687005 0.678867 0.684120 0.681180 0.680458 0.684865 0.675458 0.687427 0.675458 0.692674 0.676347 0.696987 0.675898 0.702924 0.678014 0.709172 0.678681 0.712669 0.679231 0.715297 0.679231 0.718669 0.682343 0.724977 0.688231 0.730104 0.693676 0.738161 0.700042 0.746721 0.707259 0.753594 0.714815 0.762966 0.723921 0.775336 0.734588 0.779398 0.738361 0.778398 0.735139 0.778273 0.729032 0.778711 0.723921 0.779523 0.719259 0.780523 0.716370 0.778336 0.714370 0.763216 0.700264 0.752594 0.690824 0.735576 0.677296 0.731107 0.673324 0.725872 0.669032 0.721336 0.665194 0.717125 0.662315 0.703516 0.656458 0.691638 0.656648 0.685534 0.657130 0.681862 0.662218 0.667792 0.671653
18 0.667792 0.671653 0.681862 0.662218 0.685534 0.657130 0.691638 0.656648 0.703516 0.656458 0.717125 0.662315 0.721336 0.665194 0.725872 0.669032 0.723552 0.662889 0.719992 0.658093 0.719870 0.641037 0.719122 0.635963 0.715398 0.625917 0.713971 0.619352 0.704534 0.619296 0.695625 0.619625 0.687940 0.622245 0.673081 0.622417 0.672120 0.627204 0.670919 0.645157 0.668995 0.659602 0.667841 0.666782
5 0.647010 0.570532 0.654945 0.565060 0.661245 0.560958 0.662495 0.562241 0.662445 0.563778 0.668167 0.568653 0.673073 0.572324 0.676294 0.576940 0.681969 0.581898 0.685094 0.584722 0.686758 0.594046 0.687089 0.599481 0.688198 0.605519 0.688479 0.611153 0.688198 0.614417 0.687031 0.614611 0.685919 0.611648 0.684974 0.613528 0.684193 0.616296 0.683516 0.614296 0.681641 0.611648 0.676016 0.606093 0.672698 0.596431 0.667216 0.583009 0.663849 0.573181 0.654138 0.571898
5 0.643336 0.583356 0.644841 0.579787 0.644424 0.577407 0.643589 0.573690 0.644841 0.569972 0.654138 0.571898 0.663849 0.573181 0.667216 0.583009 0.672698 0.596431 0.676016 0.606093 0.681641 0.611648 0.683516 0.614296 0.685198 0.619769 0.687940 0.622245 0.673081 0.622417 0.672120 0.627204 0.670919 0.645157 0.668995 0.659602 0.667841 0.666782 0.667792 0.671653 0.666687 0.671912 0.663562 0.663278 0.663081 0.659005 0.658945 0.647120 0.655292 0.637889 0.652503 0.628574 0.649086 0.618440 0.646979 0.615079 0.645250 0.609898 0.642010 0.600681 0.640242 0.596088 0.637549 0.586856 0.638516 0.585972
18 0.575125 0.497704 0.586669 0.494880 0.602477 0.495472 0.621883 0.501569 0.642878 0.509005 0.645219 0.509602 0.646974 0.521944 0.645763 0.528931 0.646932 0.535028 0.647102 0.540380 0.645680 0.549301 0.644674 0.555995 0.644674 0.564171 0.644841 0.569972 0.643589 0.573690 0.644424 0.577407 0.644841 0.579787 0.643336 0.583356 0.638516 0.585972 0.635893 0.588560 0.620250 0.588111 0.594406 0.584843 0.577258 0.585435 0.573745 0.582019 0.570401 0.572056 0.567974 0.564171 0.564211 0.559713 0.562706 0.559713 0.562536 0.553171 0.565883 0.526106 0.565799 0.506926
5 0.448120 0.334792 0.449865 0.329144 0.452365 0.322153 0.453719 0.319412 0.455281 0.313264 0.455932 0.309097 0.457859 0.308542 0.460594 0.308079 0.464083 0.308958 0.466089 0.310671 0.467208 0.311412 0.467495 0.329329 0.460750 0.328866 0.460151 0.338866 0.457156 0.347245 0.454201 0.344093 0.450005 0.338282
