0 0.480466 0.256097 0.480799 0.259514 0.480633 0.263829 0.480130 0.268736 0.479880 0.272750 0.479378 0.277361 0.478542 0.281227 0.477453 0.285093 0.476732 0.286528 0.475503 0.288681 0.473914 0.290602 0.472828 0.290861 0.470875 0.291120 0.470081 0.294074 0.469154 0.296259 0.465635 0.299991 0.460643 0.300500 0.459313 0.298236 0.457445 0.296690 0.455458 0.295292 0.454794 0.293259 0.453008 0.290537 0.451841 0.288315 0.450872 0.288028 0.450591 0.288750 0.448292 0.287528 0.450167 0.284560 0.450904 0.282667 0.453031 0.281736 0.455924 0.280435 0.458539 0.280620 0.458049 0.274236 0.458365 0.270269 0.460003 0.263079 0.460526 0.255519 0.457247 0.244981 0.454633 0.236060 0.453240 0.230231 0.452193 0.227134 0.445430 0.228991 0.440758 0.229921 0.440758 0.234819 0.439888 0.246532 0.439573 0.253042 0.439154 0.258185 0.438945 0.261468 0.439398 0.263949 0.440341 0.266241 0.441943 0.269463 0.444315 0.274176 0.445779 0.278264 0.446091 0.281551 0.445813 0.285519 0.444930 0.289551 0.444292 0.293759 0.443643 0.296546 0.442130 0.298079 0.440674 0.299903 0.439651 0.301157 0.438299 0.300866 0.437487 0.302977 0.436406 0.304324 0.434409 0.304611 0.432682 0.303745 0.430604 0.302199 0.428180 0.300380 0.425841 0.300380 0.423510 0.300213 0.422625 0.298546 0.422482 0.296148 0.422388 0.294403 0.421130 0.292903 0.419102 0.290417 0.417539 0.287148 0.415865 0.283116 0.414776 0.281019 0.413620 0.278963 0.412172 0.277931 0.409573 0.278829 0.406104 0.279606 0.401906 0.278185 0.399737 0.275231 0.398008 0.272509 0.396445 0.270620 0.395383 0.268954 0.395008 0.266069 0.394565 0.263847 0.392719 0.256199 0.391219 0.248208 0.390034 0.240333 0.390138 0.235750 0.390906 0.229676 0.391987 0.224903 0.393625 0.219384 0.396552 0.212630 0.399760 0.207241 0.399794 0.202963 0.401573 0.200171 0.402060 0.195338 0.401781 0.188088 0.402234 0.182074 0.403805 0.177241 0.407464 0.173153 0.410393 0.170236 0.410672 0.168690 0.413078 0.166769 0.416495 0.163171 0.420469 0.158958 0.453656 0.179472 0.456167 0.181269 0.458818 0.182880 0.462234 0.189574 0.465581 0.198440 0.464708 0.201722 0.465477 0.208602 0.466279 0.213931 0.466279 0.216847 0.468893 0.218208 0.470042 0.219264 0.471961 0.226144 0.476214 0.241574 0.477956 0.248083 0.479596 0.248208 0.480328 0.249444
6 0.583253 0.721324 0.582042 0.722329 0.577120 0.725769 0.575250 0.717231 0.568289 0.681819 0.557219 0.625898 0.554552 0.612509 0.538490 0.531528 0.527987 0.480227 0.531466 0.490898 0.535919 0.505176 0.541052 0.520657 0.543648 0.529736 0.545505 0.537292 0.547094 0.542347 0.548518 0.546667 0.550453 0.553657 0.552693 0.560343 0.555161 0.568694 0.558482 0.579875 0.560586 0.593333 0.565508 0.619681 0.570969 0.648403 0.575294 0.674051 0.577258 0.688106 0.579573 0.704306 0.578948 0.705306 0.578263 0.707083 0.578138 0.709644 0.578763 0.712417 0.579888 0.713972 0.581698 0.714306
6 0.555161 0.568694 0.556068 0.567560 0.553841 0.557412 0.551229 0.546056 0.548133 0.530569 0.546971 0.523000 0.545810 0.516806 0.543776 0.507690 0.542229 0.497708 0.540294 0.495301 0.538745 0.491861 0.537003 0.486699 0.534003 0.473796 0.531971 0.463301 0.529938 0.456074 0.528583 0.452463 0.527711 0.449194 0.524130 0.443000 0.522391 0.437148 0.521711 0.433537 0.519872 0.427856 0.517648 0.423731 0.515518 0.419255 0.513776 0.417019 0.512807 0.417880 0.511453 0.417708 0.510583 0.415472 0.509130 0.413407 0.507872 0.414611 0.514068 0.435083 0.527987 0.480227 0.531466 0.490898 0.535919 0.505176 0.541052 0.520657 0.543648 0.529736 0.545505 0.537292 0.547094 0.542347 0.548518 0.546667 0.550453 0.553657 0.552693 0.560343
6 0.511177 0.391088 0.517810 0.412528 0.520516 0.416310 0.521003 0.413907 0.521875 0.412181 0.521776 0.410463 0.522081 0.408074 0.522547 0.406912 0.523479 0.406245 0.520867 0.394301 0.511440 0.386583 0.513492 0.390898 0.513214 0.391810
6 0.517810 0.412528 0.511177 0.391088 0.504445 0.388894 0.506398 0.394931 0.507193 0.397889 0.508422 0.400588 0.510518 0.403671 0.512326 0.405213 0.514422 0.408426
6 0.519901 0.390681 0.516576 0.377185 0.515130 0.375644 0.514117 0.372171 0.513974 0.370500 0.510576 0.359963 0.505182 0.343657 0.501323 0.327847 0.499430 0.327653 0.497109 0.328130 0.496133 0.332060 0.495380 0.336394 0.495271 0.339079 0.496052 0.341134 0.495807 0.342588 0.499089 0.353435 0.503078 0.365903 0.507656 0.379898
6 0.501323 0.327847 0.505182 0.343657 0.510576 0.359963 0.513974 0.370500 0.514565 0.368458 0.515073 0.368074 0.514927 0.364347 0.515146 0.363319 0.515146 0.361134 0.516013 0.361005 0.517458 0.359463 0.514276 0.343398 0.512687 0.335815 0.511602 0.331704 0.509724 0.330546 0.506977 0.329130 0.503867 0.327977
6 0.504885 0.308065 0.504279 0.305769 0.502544 0.300106 0.500568 0.294796 0.498065 0.287944 0.497089 0.285338 0.496635 0.285273 0.496635 0.287134 0.496008 0.290231 0.495487 0.291843 0.494820 0.293829 0.493776 0.295435 0.499440 0.314259 0.499927 0.312713 0.501182 0.310847 0.503065 0.309111
6 0.499440 0.314259 0.493776 0.295435 0.492760 0.296394 0.491255 0.296690 0.489750 0.295796 0.488495 0.294310 0.487156 0.291042 0.485734 0.286875 0.484396 0.281375 0.483477 0.275875 0.482641 0.269926 0.481888 0.264273 0.480883 0.256097 0.480466 0.256097 0.480799 0.259514 0.480633 0.263829 0.480130 0.268736 0.479880 0.272750 0.479378 0.277361 0.478542 0.281227 0.477453 0.285093 0.479880 0.292824 0.485734 0.310667 0.492174 0.330889 0.493013 0.329106 0.494518 0.327176 0.495104 0.325241 0.496357 0.321671 0.498115 0.317060
6 0.486167 0.254361 0.485685 0.254574 0.485956 0.256769 0.486167 0.259074 0.486346 0.261324 0.486779 0.264296 0.487339 0.268625 0.488026 0.273403 0.488776 0.277292 0.489404 0.280292 0.490276 0.283292 0.491026 0.285509 0.491464 0.285954 0.491773 0.284181 0.492151 0.281625 0.492339 0.277509 0.492464 0.272514
6 0.489898 0.352278 0.488440 0.353431 0.486766 0.346134 0.485146 0.342394 0.470081 0.294074 0.470875 0.291120 0.472828 0.290861 0.473914 0.290602 0.475503 0.288681 0.476732 0.286528 0.477453 0.285093 0.479880 0.292824 0.485734 0.310667 0.492174 0.330889 0.491318 0.333329 0.490617 0.336403 0.490076 0.340338 0.489969 0.344944
1 0.508328 0.666157 0.510854 0.665880 0.512990 0.665463 0.515047 0.664907 0.516531 0.664676 0.517779 0.663565 0.520070 0.660458 0.521456 0.658852 0.522872 0.657542 0.524138 0.656792 0.525703 0.655935 0.528419 0.654657 0.531070 0.653801 0.531521 0.654977 0.531130 0.656370 0.529323 0.657176 0.526641 0.658245 0.524169 0.659051 0.523086 0.659588 0.522060 0.660764 0.520917 0.662102 0.519529 0.663870 0.518716 0.665051 0.517932 0.666120 0.516638 0.666977 0.514557 0.667458 0.511424 0.668315 0.509495 0.668639
2 0.547299 0.631565 0.551133 0.637898 0.556659 0.647394 0.558104 0.644569 0.550919 0.633454 0.555633 0.623824 0.557219 0.625898 0.554552 0.612509 0.548813 0.604375 0.522211 0.565657 0.521214 0.566995 0.525404 0.576852 0.538336 0.597292 0.535102 0.603380 0.536359 0.606218 0.539719 0.599366 0.554281 0.621255 0.549336 0.631380 0.543174 0.622088 0.544935 0.626361
6 0.597518 0.583676 0.604078 0.579009 0.604453 0.571792 0.603391 0.570125 0.579523 0.500671 0.578872 0.500958 0.583833 0.534505 0.585477 0.544454 0.587297 0.553852
6 0.587297 0.553852 0.589549 0.566074 0.591979 0.575194 0.595112 0.586042 0.600404 0.604662 0.607154 0.627032 0.614930 0.654106 0.624380 0.685977 0.629346 0.682231 0.620060 0.655449 0.615307 0.640472 0.603643 0.599958 0.598646 0.582824 0.597518 0.583676
6 0.624005 0.687069 0.614297 0.696282 0.613130 0.691134 0.611398 0.677065 0.610396 0.670079 0.609896 0.665463 0.609729 0.660264 0.609477 0.655208 0.609812 0.648514 0.609729 0.641528
6 0.598036 0.604880 0.596138 0.607032 0.596461 0.610329 0.597229 0.614491 0.598156 0.617931 0.599529 0.621375 0.600214 0.624097 0.601906 0.627398 0.602794 0.628403 0.604328 0.627829 0.605378 0.627542
6 0.441281 0.383120 0.433409 0.366014 0.424786 0.345685 0.423036 0.341690 0.416164 0.346685 0.416852 0.350907 0.415914 0.352907 0.418602 0.358569 0.421036 0.357236 0.418646 0.363981 0.421974 0.366792 0.428409 0.372676
6 0.370859 0.323750 0.376961 0.328838 0.389685 0.339685 0.406490 0.353630 0.388500 0.345199 0.375109 0.339704
6 0.375596 0.342681 0.385477 0.346861 0.395633 0.351792 0.404039 0.355593 0.410427 0.357523 0.416211 0.361917 0.414794 0.367324 0.415367 0.367537 0.418622 0.364005 0.421974 0.366792 0.428409 0.372676 0.441281 0.383120 0.462763 0.401713 0.462552 0.414463 0.456617 0.416282 0.453745 0.413389 0.448852 0.409292 0.436130 0.399074 0.422359 0.386074 0.407565 0.373005 0.388190 0.356023 0.376167 0.345042
6 0.349320 0.237282 0.346242 0.232097 0.344945 0.231713 0.345810 0.236324 0.345216 0.237088 0.346891 0.243713 0.341544 0.249667 0.359143 0.313574 0.375862 0.374083 0.392865 0.428935 0.405076 0.464764 0.409438 0.477514 0.404513 0.457005 0.395669 0.422560 0.384339 0.377315 0.375596 0.342681 0.368523 0.340088 0.367927 0.336921 0.375109 0.339704 0.370859 0.323750 0.364802 0.299125
6 0.466729 0.468662 0.463341 0.469519 0.462253 0.471602 0.463302 0.480634 0.466214 0.506366 0.469203 0.537801 0.470578 0.538579 0.471878 0.538958 0.473107 0.538958 0.474193 0.538319 0.469786 0.499625
6 0.469453 0.540213 0.470714 0.551495 0.472763 0.571051 0.476409 0.605519 0.481872 0.656894 0.487302 0.708727 0.492760 0.764847 0.493966 0.765644 0.498161 0.769782 0.496487 0.752894 0.485326 0.646042 0.481417 0.609949 0.474167 0.540894 0.473201 0.541315 0.471755 0.541421 0.470732 0.541102
6 0.481417 0.609949 0.489036 0.626213 0.497250 0.643139 0.510411 0.670519 0.516247 0.682713 0.508125 0.694167 0.506073 0.695741 0.495432 0.673338 0.486284 0.654921 0.485326 0.646042
1 0.476273 0.628486 0.477182 0.629606 0.477578 0.636157 0.477812 0.642778 0.478047 0.648333 0.478359 0.655370 0.478464 0.659259 0.478646 0.665139 0.478255 0.667454 0.476927 0.668194 0.475000 0.668704 0.474997 0.667565 0.475052 0.666204 0.476198 0.666065 0.476901 0.665046 0.476849 0.660741 0.476589 0.652593 0.476432 0.641481
6 0.575250 0.717231 0.568065 0.705125 0.567940 0.702125 0.566940 0.702125 0.566440 0.698347 0.565628 0.696241 0.564128 0.694241 0.563003 0.693574 0.561755 0.693463 0.557755 0.685130 0.544417 0.654009 0.530240 0.620398 0.519018 0.594083 0.504422 0.560306 0.493396 0.534745 0.481112 0.505079 0.467060 0.472181 0.466729 0.468662 0.465391 0.468935 0.464216 0.465926 0.454240 0.442255 0.446961 0.425148 0.440818 0.410731 0.445529 0.411819 0.449966 0.412977 0.453745 0.413389 0.458182 0.422352 0.473052 0.458218 0.494177 0.507000 0.510990 0.546500 0.514010 0.553657 0.516799 0.560361 0.518344 0.563514 0.520443 0.568324 0.522818 0.575278 0.523422 0.576944 0.524336 0.577699 0.527091 0.585375 0.533831 0.602023 0.534682 0.602394 0.540198 0.614977 0.544935 0.626361 0.553268 0.644977 0.568289 0.681819
1 0.519901 0.390681 0.520867 0.394301 0.511440 0.386583 0.509068 0.385236 0.506909 0.382935 0.503453 0.380051 0.500211 0.377556 0.497620 0.376023 0.496711 0.374111 0.496349 0.371542 0.496133 0.369486 0.506398 0.379125 0.507656 0.379898
1 0.495763 0.361505 0.496388 0.363394 0.497326 0.366500 0.497826 0.368278 0.501448 0.372056 0.499451 0.365500 0.498326 0.359838 0.497513 0.354949 0.497138 0.352060 0.496451 0.351505 0.495138 0.352060 0.495073 0.349292 0.495180 0.346194 0.495388 0.344208 0.495807 0.342588 0.499089 0.353435 0.499385 0.357921 0.500109 0.361773 0.501266 0.366917 0.502927 0.371412 0.504807 0.375782 0.506398 0.379125 0.496133 0.369486
2 0.378724 0.297801 0.401130 0.300755 0.398331 0.305889 0.378464 0.303403
10 0.390313 0.340231 0.389685 0.339685 0.389685 0.339685 0.376961 0.328838 0.380341 0.323546 0.383271 0.321051 0.392643 0.318551 0.394401 0.319801 0.396628 0.323963 0.397448 0.327921 0.397565 0.332296 0.397331 0.335005 0.396042 0.337713
2 0.450557 0.571634 0.450182 0.578060 0.449794 0.581282 0.449404 0.582204 0.448628 0.584046 0.447721 0.588653 0.446943 0.591648 0.446424 0.592111 0.441865 0.577620 0.443302 0.575319 0.446010 0.563111 0.447060 0.566338 0.448872 0.569560
6 0.515156 0.451819 0.525125 0.488292 0.527060 0.486227 0.524641 0.482958 0.523286 0.479176 0.523091 0.475046 0.523188 0.470398 0.523768 0.466616 0.514068 0.435083 0.512383 0.439176 0.512945 0.438620 0.513568 0.439620 0.513505 0.441509 0.512633 0.443398 0.512195 0.444731 0.513193 0.446731 0.515443 0.448727 0.517193 0.450060 0.517396 0.451986 0.516070 0.451801
1 0.376167 0.345042 0.388190 0.356023 0.407565 0.373005 0.422359 0.386074 0.436130 0.399074 0.439445 0.407162 0.444560 0.408463 0.448852 0.409292 0.453745 0.413389 0.449966 0.412977 0.445529 0.411819 0.440818 0.410731 0.446961 0.425148 0.454240 0.442255 0.464216 0.465926 0.465391 0.468935 0.463341 0.469519 0.462253 0.471602 0.463302 0.480634 0.466214 0.506366 0.469203 0.537801 0.470578 0.538579 0.471878 0.538958 0.473107 0.538958 0.474193 0.538319 0.469786 0.499625 0.467060 0.472181 0.481112 0.505079 0.493396 0.534745 0.504422 0.560306 0.513516 0.583287 0.512997 0.585431 0.510953 0.585431 0.509852 0.585431 0.510245 0.583333 0.506945 0.575509 0.502464 0.577042 0.506633 0.590458 0.505060 0.590741 0.502464 0.589199 0.498456 0.587523 0.500419 0.598000 0.497831 0.598838 0.498456 0.601495 0.498773 0.604986 0.499164 0.609176 0.499245 0.613648 0.498852 0.618264 0.499794 0.614630 0.501289 0.609319 0.502703 0.604009 0.503878 0.598981 0.504979 0.594366 0.506234 0.594931 0.505763 0.597444 0.504891 0.601296 0.503789 0.605898 0.502539 0.609602 0.501484 0.613468 0.500076 0.617435 0.499271 0.620380 0.498776 0.621852 0.498776 0.624306 0.498542 0.626852 0.497969 0.629676 0.496927 0.632454 0.495703 0.635926 0.494635 0.637778 0.494089 0.636759 0.494583 0.635787 0.495391 0.633380 0.496328 0.630463 0.495182 0.628426 0.494245 0.624444 0.494245 0.621389 0.494531 0.617500 0.494818 0.614398 0.493932 0.613241 0.492604 0.615185 0.491719 0.615648 0.490234 0.615093 0.489583 0.613194 0.489297 0.612593 0.487865 0.614167 0.488750 0.617917 0.491458 0.627037 0.491250 0.628843 0.490807 0.628750 0.490391 0.628472 0.488828 0.623333 0.487500 0.618287 0.486458 0.614815 0.484167 0.615880 0.483177 0.613704 0.481417 0.609949 0.474167 0.540894 0.473201 0.541315 0.471755 0.541421 0.470732 0.541102 0.469453 0.540213 0.470714 0.551495 0.472763 0.571051 0.475901 0.600819 0.475911 0.605602 0.475393 0.605528 0.469021 0.612343 0.471776 0.617625 0.474909 0.623958 0.473250 0.667565 0.473229 0.669213 0.471484 0.669954 0.470339 0.670370 0.468880 0.671157 0.466771 0.672824 0.464870 0.674444 0.465885 0.677222 0.466641 0.680787 0.466953 0.684907 0.466953 0.689398 0.466536 0.691620 0.463281 0.675509 0.455417 0.633750 0.449271 0.603287 0.448615 0.599505 0.451336 0.592824 0.453409 0.590292 0.455870 0.588449 0.457294 0.586606 0.458073 0.584991 0.459109 0.586833 0.460273 0.587065 0.461182 0.586144 0.460909 0.583148 0.459755 0.580616 0.457682 0.576699 0.455870 0.575088 0.454185 0.573477 0.451724 0.573014 0.450557 0.571634 0.448872 0.569560 0.447060 0.566338 0.446010 0.563111 0.443302 0.575319 0.441865 0.577620 0.436354 0.561713 0.409438 0.477514 0.404513 0.457005 0.395669 0.422560 0.384339 0.377315
6 0.476409 0.605519 0.475901 0.600819 0.475911 0.605602 0.474909 0.623958 0.473250 0.667565 0.471773 0.721935 0.473099 0.729699 0.473911 0.713579 0.474997 0.667565 0.476273 0.628486 0.476344 0.626505 0.476945 0.610366
6 0.453240 0.230231 0.450523 0.233731 0.458185 0.259245 0.460003 0.263079 0.460526 0.255519 0.457247 0.244981
4 0.492896 0.713782 0.493833 0.725241 0.515977 0.767315 0.521484 0.763773 0.520898 0.747528 0.521836 0.739403 0.521836 0.737528 0.536130 0.727319 0.536482 0.723157 0.537888 0.721282 0.538474 0.724407 0.540935 0.724199 0.552651 0.716074 0.551714 0.712116 0.552182 0.710866 0.553237 0.712741 0.554057 0.714824 0.558276 0.712532 0.557104 0.709616 0.556870 0.706074 0.557221 0.702741 0.558276 0.697949 0.559331 0.695032 0.561755 0.693463 0.557755 0.685130 0.544417 0.654009 0.543044 0.650250 0.538357 0.654625
9 0.533883 0.628963 0.533521 0.631616 0.531102 0.635343 0.527430 0.639574 0.524042 0.643519 0.521945 0.645241 0.519685 0.646245 0.516378 0.645958 0.516141 0.644801 0.513880 0.645019 0.509120 0.644231 0.508638 0.643227 0.508477 0.641792 0.508435 0.640356 0.508031 0.639639 0.506943 0.639208 0.506297 0.638921 0.506055 0.637847 0.505237 0.636694 0.505076 0.635250 0.504643 0.632949 0.504372 0.631417 0.503510 0.629880 0.502013 0.626954 0.501042 0.624653 0.500013 0.623310 0.499638 0.621963 0.499529 0.620810 0.501867 0.612792 0.504177 0.604111 0.504312 0.602773 0.504891 0.601296 0.505763 0.597444 0.506234 0.594931 0.504979 0.594366 0.503878 0.598981 0.502703 0.604009 0.501289 0.609319 0.499164 0.609176 0.498773 0.604986 0.498456 0.601495 0.497831 0.598838 0.500419 0.598000 0.498456 0.587523 0.502464 0.589199 0.505060 0.590741 0.506633 0.590458 0.502464 0.577042 0.506945 0.575509 0.510245 0.583333 0.509852 0.585431 0.510953 0.585431 0.512997 0.585431 0.513516 0.583287 0.514466 0.583477 0.519018 0.594083 0.521469 0.600125 0.526602 0.611829 0.526159 0.614519 0.524703 0.620352 0.521609 0.632958 0.520599 0.635972 0.521484 0.637083 0.523859 0.627639 0.526380 0.617500 0.527292 0.613477
1 0.394565 0.263847 0.389380 0.260292 0.383255 0.255736 0.382755 0.257625 0.393815 0.264958 0.388505 0.262847 0.382755 0.262069 0.380195 0.262069 0.377258 0.264181 0.373633 0.267069 0.369823 0.271287 0.364513 0.277509 0.360339 0.281495 0.360758 0.282917 0.363125 0.281495 0.365219 0.279319 0.367831 0.276477 0.371909 0.272819 0.373865 0.275921 0.376271 0.279019 0.376651 0.280319 0.376865 0.284162 0.377138 0.286949 0.377815 0.290472 0.376565 0.291903 0.375677 0.293338 0.374383 0.292838 0.372971 0.290972 0.373659 0.289606 0.373703 0.288093 0.372971 0.287449 0.372083 0.287593 0.371484 0.288093 0.371159 0.290106 0.370435 0.291616 0.369828 0.292981 0.369586 0.294560 0.369341 0.295704 0.368818 0.295204 0.368299 0.294912 0.368536 0.296060 0.368859 0.296634 0.368779 0.297278 0.368417 0.297426 0.367974 0.297569 0.367693 0.297634 0.367086 0.297926 0.366885 0.298926 0.365990 0.299356 0.364802 0.299125 0.370859 0.323750 0.376961 0.328838 0.380341 0.323546 0.383271 0.321051 0.392643 0.318551 0.394401 0.319801 0.396628 0.323963 0.397448 0.327921 0.397565 0.332296 0.397331 0.335005 0.396042 0.337713 0.390313 0.340231 0.406490 0.353630 0.388500 0.345199 0.388500 0.345199 0.375109 0.339704 0.367927 0.336921 0.368523 0.340088 0.368523 0.340088 0.375596 0.342681 0.385477 0.346861 0.395633 0.351792 0.404039 0.355593 0.410427 0.357523 0.416211 0.361917 0.418602 0.358569 0.415914 0.352907 0.416852 0.350907 0.416164 0.346685 0.423036 0.341690 0.424786 0.345685 0.433409 0.366014 0.441281 0.383120 0.462763 0.401713 0.462552 0.414463 0.456617 0.416282 0.453745 0.413389 0.458182 0.422352 0.473052 0.458218 0.494177 0.507000 0.510990 0.546500 0.514010 0.553657 0.515141 0.552481 0.510589 0.540037 0.510763 0.538634 0.511552 0.538324 0.515315 0.542213 0.522229 0.547505 0.523279 0.550926 0.525206 0.555130 0.528880 0.560106 0.531857 0.565241 0.531070 0.567889 0.531156 0.570222 0.533406 0.575824 0.534857 0.579477 0.535943 0.580977 0.539823 0.586431 0.540255 0.583986 0.537076 0.577176 0.535482 0.573713 0.536349 0.573713 0.539385 0.576667 0.541992 0.578213 0.543721 0.579231 0.545458 0.580778 0.546042 0.582444 0.546109 0.586176 0.546109 0.589130 0.547122 0.589130 0.547266 0.585532 0.546833 0.579875 0.544523 0.577176 0.540331 0.574736 0.537581 0.572815 0.534977 0.567282 0.533607 0.564713 0.532883 0.562014 0.537505 0.562782 0.540331 0.559963 0.541773 0.557130 0.542060 0.551963 0.541729 0.547810 0.539003 0.534519 0.527284 0.515352 0.529979 0.512227 0.529628 0.510352 0.527635 0.511602 0.526698 0.510560 0.526229 0.505981 0.525995 0.502856 0.526346 0.500356 0.527987 0.498690 0.529393 0.497023 0.529510 0.493065 0.527753 0.492856 0.526112 0.492648 0.524589 0.490148 0.522948 0.487856 0.514279 0.469944 0.517326 0.467861 0.517677 0.465153 0.516505 0.460986 0.514747 0.460986 0.513341 0.462236 0.512286 0.462236 0.511701 0.462236 0.508677 0.450551 0.509792 0.448569 0.510917 0.448028 0.513141 0.451093 0.516070 0.451801 0.517396 0.451986 0.517193 0.450060 0.515443 0.448727 0.513193 0.446731 0.512195 0.444731 0.512633 0.443398 0.513505 0.441509 0.513568 0.439620 0.512945 0.438620 0.512383 0.439176 0.511008 0.441620 0.509695 0.437620 0.508883 0.432736 0.508070 0.424514 0.508258 0.424069 0.508320 0.422292 0.507633 0.421403 0.507820 0.414519 0.505878 0.408977 0.503854 0.406157 0.501685 0.403458 0.501542 0.401523 0.499081 0.397926 0.496919 0.393546 0.495039 0.389306 0.494531 0.384931 0.494026 0.381977 0.493445 0.379153 0.492146 0.374264 0.491495 0.371824 0.491641 0.369000 0.491133 0.367324 0.490203 0.363370 0.489703 0.359347 0.489891 0.356884 0.489984 0.354972 0.489898 0.352278 0.488440 0.353431 0.486766 0.346134 0.485146 0.342394 0.470081 0.294074 0.469154 0.296259 0.465635 0.299991 0.460643 0.300500 0.459313 0.298236 0.457445 0.296690 0.455458 0.295292 0.454794 0.293259 0.453008 0.290537 0.451841 0.288315 0.450872 0.288028 0.450591 0.288750 0.448292 0.287528 0.450167 0.284560 0.451516 0.281583 0.452508 0.279551 0.454284 0.280301 0.455924 0.280435 0.457573 0.280519 0.457703 0.279472 0.456786 0.278611 0.453492 0.277843 0.456320 0.277264 0.457669 0.277454 0.457781 0.275241 0.456482 0.274764 0.453490 0.275231 0.451958 0.277343 0.451156 0.277093 0.450216 0.276412 0.449310 0.275667 0.447914 0.274241 0.449206 0.274056 0.455375 0.273310 0.457503 0.272694 0.457885 0.270708 0.458513 0.265875 0.459211 0.262338 0.458185 0.259245 0.456979 0.263370 0.456677 0.267602 0.456286 0.270602 0.454206 0.270815 0.452307 0.267227 0.450102 0.263130 0.448141 0.259060 0.445854 0.254912 0.444687 0.251431 0.443755 0.248440 0.443102 0.245120 0.442589 0.241306 0.442263 0.237319 0.442214 0.233421 0.442169 0.230435 0.441328 0.230102 0.441328 0.234338 0.441328 0.237653 0.442049 0.245292 0.442802 0.250667 0.444964 0.256718 0.448042 0.262472 0.450635 0.267667 0.452549 0.271065 0.447927 0.272227 0.444315 0.274176 0.445779 0.278264 0.446091 0.281551 0.446562 0.280954 0.447617 0.281329 0.447982 0.280509 0.448096 0.278435 0.448578 0.278435 0.449302 0.278972 0.450146 0.278866 0.451049 0.278972 0.448167 0.284273 0.444930 0.289551 0.444292 0.293759 0.443643 0.296546 0.442130 0.298079 0.440674 0.299903 0.439651 0.301157 0.438299 0.300866 0.437487 0.302977 0.436406 0.304324 0.434409 0.304611 0.432682 0.303745 0.430604 0.302199 0.428180 0.300380 0.425841 0.300380 0.423510 0.300213 0.422625 0.298546 0.422482 0.296148 0.422388 0.294403 0.421130 0.292903 0.419102 0.290417 0.417539 0.287148 0.415865 0.283116 0.414776 0.281019 0.413620 0.278963 0.412172 0.277931 0.409573 0.278829 0.406104 0.279606 0.401906 0.278185 0.399737 0.275231 0.398008 0.272509 0.396445 0.270620 0.395383 0.268954 0.395008 0.266069
8 0.514010 0.553657 0.515573 0.551898 0.516146 0.554167 0.516693 0.555833 0.517943 0.558472 0.519401 0.561435 0.520547 0.564167 0.521214 0.566995 0.525404 0.576852 0.527604 0.581713 0.529766 0.586574 0.531667 0.590972 0.533776 0.595463 0.535547 0.600926 0.534682 0.602394 0.533831 0.602023 0.527091 0.585375 0.524336 0.577699 0.523422 0.576944 0.522818 0.575278 0.520443 0.568324 0.518344 0.563514 0.516799 0.560361
6 0.531070 0.567889 0.529440 0.573241 0.528565 0.574639 0.520776 0.560324 0.512635 0.545699 0.510589 0.540037 0.510763 0.538634 0.511552 0.538324 0.515315 0.542213 0.522229 0.547505 0.523279 0.550926 0.525206 0.555130 0.528880 0.560106 0.531857 0.565241
