0 0.521544 0.182843 0.510151 0.175852 0.504857 0.168153 0.495951 0.142194 0.494313 0.121940 0.495596 0.106394 0.504182 0.078579 0.501214 0.081431 0.499128 0.081861 0.500732 0.078009 0.503268 0.073958 0.503130 0.065685 0.504029 0.056926 0.505281 0.051125 0.507479 0.045787 0.515487 0.034009 0.518398 0.029157 0.526896 0.018431 0.536115 0.026264 0.567771 0.049185 0.575427 0.088949 0.580544 0.113324 0.582156 0.125477 0.582784 0.141380 0.584766 0.153088 0.585638 0.160606 0.585638 0.165912 0.580794 0.171204 0.575698 0.175185 0.573034 0.171389 0.570091 0.169319 0.568776 0.170903 0.565292 0.170903 0.565141 0.177708 0.563055 0.180458 0.561578 0.181144 0.557326 0.180259 0.553339 0.179778 0.548966 0.178875 0.547182 0.177977 0.531727 0.154630 0.529961 0.143421 0.531773 0.139926 0.538505 0.131454 0.539643 0.129056 0.539099 0.104255 0.541070 0.087093 0.534122 0.083370 0.522555 0.102440 0.517940 0.109574 0.516898 0.117259 0.515214 0.132236 0.515130 0.139852 0.513609 0.150495 0.513289 0.160477 0.519138 0.170898
2 0.481958 0.185968 0.491141 0.195718 0.486885 0.215227 0.452260 0.208620 0.480560 0.199741 0.482846 0.199227
2 0.455349 0.263602 0.456643 0.268157 0.455857 0.272667 0.453211 0.277449 0.449216 0.287815 0.446674 0.282958 0.452615 0.268940
2 0.433768 0.260384 0.451643 0.263204 0.452615 0.268940 0.446674 0.282958
2 0.380982 0.355005 0.386625 0.349606 0.385612 0.346389 0.378021 0.351273 0.377516 0.347287 0.369273 0.350375 0.362044 0.364903 0.350742 0.378972 0.351464 0.382829 0.354211 0.381671 0.359198 0.374602 0.373078 0.358282 0.374885 0.356222 0.377633 0.356995
2 0.345076 0.330056 0.347883 0.336199 0.351826 0.337931 0.353013 0.346954 0.354687 0.348875 0.362701 0.352023 0.363349 0.339829 0.361130 0.338032 0.354315 0.334667 0.348099 0.329500
2 0.391234 0.318634 0.390208 0.307787 0.393813 0.308287 0.397716 0.314361 0.394161 0.337787 0.394091 0.337412 0.392497 0.326106 0.389992 0.323282
2 0.383039 0.302412 0.383719 0.321208 0.389992 0.323282 0.391234 0.318634 0.390208 0.307787 0.388589 0.304231
2 0.399633 0.271801 0.400021 0.268370 0.402339 0.271454 0.408451 0.277921 0.407049 0.284727 0.401542 0.285389 0.403643 0.279000 0.402849 0.278505 0.400281 0.283731 0.396875 0.288542 0.395943 0.288463 0.397062 0.284394
2 0.371232 0.258699 0.373099 0.259560 0.378276 0.259292 0.379089 0.264736 0.378401 0.270069 0.370716 0.281176 0.368031 0.274954
2 0.414247 0.222074 0.416768 0.222931 0.423151 0.223269 0.427414 0.228681 0.425128 0.237986 0.420430 0.253926 0.416237 0.263051 0.413995 0.262662 0.412622 0.260222 0.413953 0.254593 0.414695 0.246519 0.416927 0.232236 0.416526 0.226736
2 0.407281 0.214083 0.406406 0.213310 0.399781 0.226306 0.397826 0.222616 0.397078 0.229935 0.384112 0.242134 0.377346 0.250829 0.373099 0.259560 0.382789 0.259069 0.391211 0.268370 0.399633 0.271801 0.400021 0.268370 0.402339 0.271454 0.410180 0.270944 0.413953 0.254593 0.414695 0.246519 0.416927 0.232236 0.416526 0.226736 0.414247 0.222074
2 0.355547 0.328069 0.359419 0.320630 0.372979 0.307412 0.383039 0.302412 0.383719 0.321208 0.389992 0.323282 0.392497 0.326106 0.394091 0.337412 0.389943 0.362069 0.380156 0.363116 0.380982 0.355005 0.386625 0.349606 0.385612 0.346389 0.378021 0.351273 0.377516 0.347287 0.369273 0.350375 0.362044 0.364903 0.363294 0.339458
2 0.422466 0.192931 0.425440 0.190394 0.427281 0.189056 0.429789 0.190690 0.439409 0.202884 0.440917 0.206319 0.440104 0.213032 0.439294 0.218699 0.435893 0.224458 0.432815 0.228296 0.427414 0.228681 0.423151 0.223269 0.422771 0.216741 0.423250 0.215884 0.427023 0.214671 0.425456 0.213037 0.425456 0.210949 0.427159 0.211523 0.426789 0.208083 0.428570 0.207005 0.427966 0.205653 0.425951 0.206787 0.423521 0.206208 0.423206 0.200917 0.421953 0.200199
2 0.432617 0.262935 0.433620 0.277801 0.437383 0.292824 0.450023 0.293514
2 0.370229 0.244523 0.355503 0.250023 0.356227 0.268667 0.371599 0.249310 0.372805 0.250704 0.371232 0.258699 0.373099 0.259560 0.377346 0.250829 0.377016 0.242523 0.372255 0.243620
2 0.472932 0.446505 0.489070 0.478000 0.492768 0.472676 0.476945 0.445579
2 0.476974 0.546875 0.472599 0.549421 0.469284 0.552741 0.467716 0.555778 0.466112 0.557884 0.466565 0.559991 0.469146 0.560546 0.472214 0.561477 0.477513 0.559931 0.479813 0.556583
2 0.448318 0.247287 0.454104 0.239417 0.455813 0.239787 0.457799 0.240843 0.459471 0.243324 0.459159 0.243259 0.452081 0.252620
2 0.450620 0.342296 0.451273 0.341569 0.451901 0.338963 0.452557 0.335630 0.453969 0.332907 0.454857 0.331616 0.456792 0.333264 0.459211 0.339648 0.460914 0.344949 0.461156 0.350611 0.461224 0.363111 0.463711 0.375546 0.462701 0.379532 0.459779 0.389019 0.458487 0.390384 0.457036 0.390241 0.454130 0.386079 0.455307 0.368481 0.454867 0.365694 0.450281 0.362120 0.445578 0.359935 0.444451 0.357537 0.453599 0.353810
7 0.400375 0.298782 0.430432 0.314907 0.447664 0.330569 0.453599 0.353810 0.444451 0.357537 0.445578 0.359935 0.450281 0.362120 0.454867 0.365694 0.455307 0.368481 0.453792 0.389324 0.452641 0.396324 0.433453 0.390958 0.425833 0.384995 0.418565 0.384787 0.409172 0.380731 0.389492 0.365532
2 0.522141 0.126231 0.515130 0.139852 0.514914 0.146662 0.519823 0.151032 0.519138 0.170898 0.521604 0.184713 0.513156 0.210319 0.506047 0.231611 0.501589 0.252565 0.508172 0.266005 0.503622 0.299060 0.503154 0.313097 0.505956 0.336250 0.508156 0.353231 0.514630 0.356458 0.519297 0.353231 0.526289 0.342870 0.520719 0.332963 0.511258 0.317769 0.506081 0.308324 0.506674 0.298306 0.509250 0.295718 0.508581 0.289546 0.514143 0.275255 0.511477 0.258704 0.517716 0.238361 0.546172 0.182722 0.547182 0.177977 0.531727 0.154630 0.529401 0.140134
2 0.432724 0.179912 0.426734 0.182880 0.423698 0.182005 0.421169 0.192375 0.422466 0.192931 0.425440 0.190394 0.427281 0.189056 0.429789 0.190690 0.439409 0.202884 0.440917 0.206319 0.441026 0.204009 0.441458 0.201898 0.443513 0.201565 0.443388 0.182148 0.440997 0.179986
8 0.506396 0.339486 0.441797 0.465769 0.443443 0.467093 0.507326 0.344528
3 0.366453 0.285713 0.370716 0.281176 0.378401 0.270069 0.379089 0.264736 0.382789 0.259069 0.391211 0.268370 0.399633 0.271801 0.397062 0.284394 0.395943 0.288463 0.396875 0.288542 0.388589 0.304231 0.383039 0.302412 0.372979 0.307412 0.359419 0.320630 0.355547 0.328069 0.363294 0.339458 0.361130 0.338032 0.354315 0.334667 0.348099 0.329500 0.345076 0.330056 0.340125 0.324093 0.339667 0.322579 0.346206 0.328625 0.349409 0.328157 0.349607 0.326185 0.348036 0.320606 0.346010 0.318278 0.344245 0.319560 0.340388 0.320255 0.337771 0.318398 0.337641 0.317468 0.341042 0.318514 0.344180 0.318046 0.345552 0.317116 0.344833 0.315491 0.337706 0.313745 0.335615 0.312699 0.336398 0.310606 0.334242 0.311421 0.334242 0.310259 0.336661 0.309097 0.338164 0.303750 0.338687 0.303750 0.337771 0.308866 0.342872 0.306074 0.344570 0.306889 0.345552 0.306426 0.353591 0.310421 0.355245 0.305046 0.355555 0.303519 0.352482 0.301657 0.351435 0.301194 0.349018 0.302704 0.348102 0.302125 0.350260 0.300032 0.350716 0.299565 0.352677 0.299565 0.354706 0.300963 0.358628 0.295148 0.364000 0.294440 0.363214 0.288306 0.363862 0.286579 0.365591 0.285231
4 0.326362 0.078380 0.315729 0.087204 0.317148 0.096926 0.314211 0.099444 0.325221 0.121213 0.329664 0.116005 0.331031 0.115139 0.336062 0.108278 0.338992 0.101681 0.339578 0.099509 0.340164 0.101505 0.337919 0.109755 0.333378 0.117306 0.328185 0.122130 0.341047 0.148051 0.358971 0.131671 0.361411 0.129185 0.356349 0.129546 0.349766 0.125227 0.347031 0.123245 0.345615 0.120722 0.351893 0.098222 0.354526 0.090120 0.351995 0.087417 0.358172 0.081477 0.362628 0.078597 0.363641 0.082917 0.365766 0.085977 0.368805 0.090477 0.370323 0.093181 0.376906 0.100741 0.376703 0.106500 0.373766 0.113523 0.371133 0.115144 0.367083 0.123963 0.385401 0.107907 0.395125 0.099083 0.394010 0.094583 0.374365 0.061639 0.363732 0.044356
2 0.441393 0.392917 0.432401 0.428657 0.426177 0.455852 0.430276 0.457495 0.440701 0.412218 0.443990 0.393815
2 0.540594 0.324347 0.598346 0.322412 0.599721 0.330741 0.591909 0.360329 0.594826 0.360546 0.595385 0.360713 0.595854 0.362370 0.596039 0.365194 0.595667 0.367185 0.594266 0.368264 0.577591 0.368097 0.567656 0.368009 0.526888 0.368046 0.528638 0.360486 0.538073 0.360273 0.546331 0.330463 0.539893 0.330579
5 0.495648 0.104097 0.492466 0.104097 0.487190 0.101787 0.482570 0.096657 0.475320 0.095361 0.465323 0.110574 0.444227 0.141755 0.440880 0.144134 0.440461 0.148606 0.442638 0.147704 0.443388 0.182148 0.443513 0.201565 0.441458 0.201898 0.441026 0.204009 0.440917 0.206319 0.442320 0.209009 0.452260 0.208620 0.480560 0.199741 0.482846 0.199227 0.481255 0.173356 0.480591 0.168602 0.479029 0.155750 0.476521 0.155597 0.478109 0.144593 0.476687 0.141329 0.474510 0.138347 0.471336 0.138051 0.479578 0.136625 0.480359 0.117194 0.482172 0.110972 0.481393 0.126870 0.486576 0.115356 0.491500 0.109139
2 0.471859 0.521486 0.477167 0.519042 0.488073 0.515722 0.490531 0.518866 0.481490 0.522009 0.475005 0.524282 0.473039 0.524981
2 0.464440 0.506148 0.473573 0.534560 0.476974 0.546875 0.479813 0.556583 0.483924 0.570551 0.486206 0.569468 0.481177 0.553810 0.478885 0.545616 0.473724 0.527255 0.465659 0.502361
2 0.376906 0.100741 0.376703 0.106500 0.373766 0.113523 0.371133 0.115144 0.367083 0.123963 0.361411 0.129185 0.356349 0.129546 0.349766 0.125227 0.347031 0.123245 0.345615 0.120722 0.351893 0.098222 0.354526 0.090120 0.351995 0.087417 0.358172 0.081477 0.362628 0.078597 0.363641 0.082917 0.365766 0.085977 0.368805 0.090477 0.370323 0.093181
7 0.276237 0.196139 0.272622 0.192060 0.272036 0.191366 0.272036 0.190065 0.272427 0.189542 0.278044 0.188588 0.278875 0.187806 0.279852 0.185375 0.281560 0.177213 0.281560 0.175042 0.282341 0.175653 0.283221 0.173741 0.282294 0.171917 0.282831 0.168792 0.284688 0.166102 0.288885 0.159505 0.290302 0.158116 0.291279 0.158981 0.291229 0.156722 0.292451 0.150384 0.293721 0.143528 0.296602 0.138755 0.296701 0.135801 0.297531 0.135106 0.304367 0.133889 0.308859 0.132847 0.312815 0.130329 0.319555 0.126426 0.325221 0.121213 0.329664 0.116005 0.331031 0.115139 0.336062 0.108278 0.338992 0.101681 0.339578 0.099509 0.340164 0.101505 0.337919 0.109755 0.333378 0.117306 0.326685 0.123560 0.320190 0.129722 0.309104 0.136667 0.301885 0.137843 0.305109 0.143833 0.309310 0.138273 0.313557 0.146523 0.328503 0.151907 0.335729 0.154856 0.345547 0.154856 0.353508 0.154338 0.353359 0.158157 0.337195 0.158157 0.326404 0.154509 0.316000 0.151037 0.322154 0.158245 0.323424 0.159894 0.332164 0.160935 0.332508 0.162153 0.330065 0.163106 0.321372 0.164583 0.317076 0.167532 0.314878 0.166926 0.310042 0.168403 0.309701 0.178384 0.306721 0.181167 0.305940 0.180991 0.304669 0.180644 0.304427 0.180644 0.304378 0.181597 0.304427 0.182380 0.303987 0.183333 0.303596 0.183597 0.302326 0.183769 0.301740 0.183769 0.301253 0.185069 0.298469 0.186546 0.297393 0.188282 0.296320 0.188282 0.290362 0.183074 0.288555 0.189065 0.287187 0.191755 0.282401 0.193491
2 0.425964 0.246667 0.451956 0.292310 0.450023 0.293514 0.424323 0.247824
8 0.482724 0.217273 0.473995 0.252764 0.464049 0.294194 0.461224 0.311556 0.459701 0.322171 0.462125 0.323218 0.463380 0.322472 0.466724 0.297792 0.472964 0.275468 0.484492 0.224792
8 0.412724 0.273491 0.425326 0.264949 0.426633 0.268264 0.426958 0.271255 0.414966 0.280380 0.413612 0.279134 0.412724 0.278056
8 0.516055 0.390051 0.524487 0.395861 0.524245 0.394356 0.524607 0.391917 0.525937 0.390843 0.527068 0.391991 0.526826 0.394069 0.527068 0.395792 0.528117 0.396366 0.528518 0.398301 0.540888 0.406676 0.550224 0.413194 0.550443 0.414542 0.550117 0.416935 0.549414 0.418380 0.548120 0.418000 0.538995 0.412426 0.526266 0.404991 0.525987 0.407315 0.525099 0.409301 0.524076 0.408806 0.523513 0.407227 0.521924 0.404407 0.521779 0.400301 0.517240 0.396667
8 0.512372 0.403569 0.523813 0.412417 0.524724 0.413065 0.525583 0.414731 0.525453 0.417093 0.524646 0.419269 0.523552 0.420426 0.510326 0.410333
8 0.535214 0.416565 0.546294 0.416773 0.548120 0.418000 0.549414 0.418380 0.550211 0.418060 0.551026 0.419505 0.551357 0.421218 0.550995 0.423685 0.550122 0.424755 0.544065 0.424218 0.538130 0.423417
8 0.518630 0.437296 0.520565 0.443662 0.487911 0.488894 0.484911 0.483111 0.488599 0.478347
8 0.367417 0.181394 0.366336 0.183218 0.369651 0.226273 0.370229 0.244523 0.372255 0.243620 0.371362 0.219560 0.368781 0.183014 0.368549 0.181352
8 0.431878 0.316792 0.441169 0.299588 0.444362 0.305782 0.436135 0.320407
8 0.544146 0.262644 0.529635 0.290745 0.514516 0.322991 0.516549 0.325917 0.531643 0.292889 0.546646 0.265315
8 0.528922 0.283218 0.521385 0.294866 0.520419 0.293292 0.519206 0.293292 0.518724 0.293935 0.518560 0.297597 0.517352 0.299671 0.517510 0.300981 0.518305 0.302394 0.519565 0.302477 0.520872 0.301560 0.523018 0.299241 0.523065 0.297495 0.529635 0.290745 0.532120 0.285880 0.531979 0.284139 0.529833 0.282727
3 0.518357 0.244898 0.522854 0.250227 0.525703 0.256889 0.525854 0.265153 0.529602 0.267819 0.529602 0.263287 0.531849 0.260088 0.532898 0.260620 0.533948 0.265417 0.533049 0.270750 0.534846 0.273681 0.537245 0.276079 0.532120 0.285880 0.531979 0.284139 0.529833 0.282727 0.528922 0.283218 0.521385 0.294866 0.520419 0.293292 0.519206 0.293292 0.518724 0.293935 0.518560 0.297597 0.517352 0.299671 0.517510 0.300981 0.518305 0.302394 0.519565 0.302477 0.520872 0.301560 0.523018 0.299241 0.523065 0.297495 0.529635 0.290745 0.514516 0.322991 0.511258 0.317769 0.506081 0.308324 0.506674 0.298306 0.509250 0.295718 0.508581 0.289546 0.514143 0.275255 0.511477 0.258704 0.516260 0.243032
3 0.539687 0.278060 0.541706 0.281926 0.542573 0.283921 0.543823 0.287699 0.544828 0.295694 0.544323 0.301912 0.543258 0.307208 0.544128 0.310037 0.545211 0.308880 0.545964 0.309292 0.546448 0.310329 0.546477 0.315407 0.548573 0.316588 0.550055 0.317722 0.551305 0.318556 0.551826 0.319106 0.551927 0.319801 0.551594 0.320907 0.550214 0.321898 0.550841 0.324042 0.540594 0.324347 0.539893 0.330579 0.546331 0.330463 0.538073 0.360273 0.528638 0.360486 0.526888 0.368046 0.577581 0.367931 0.587732 0.389088 0.603536 0.409583 0.612130 0.431060 0.611320 0.431588 0.606570 0.430366 0.601763 0.425815 0.599760 0.424481 0.597948 0.425032 0.602010 0.437472 0.602768 0.442898 0.603578 0.440968 0.604344 0.441111 0.605190 0.441829 0.604786 0.444398 0.604302 0.447421 0.603896 0.450005 0.604982 0.455412 0.605727 0.460889 0.605536 0.464204 0.607201 0.467699 0.608443 0.470963 0.610693 0.473060 0.612997 0.476708 0.615094 0.482019 0.616221 0.484778 0.616302 0.489148 0.617154 0.491514 0.617661 0.505111 0.620096 0.558319 0.620336 0.590537 0.613974 0.592759 0.611047 0.597528 0.611385 0.601088 0.614060 0.610162 0.601591 0.624519 0.601591 0.619722 0.605943 0.612528 0.604591 0.606394 0.602638 0.602940 0.598065 0.602861 0.594393 0.605583 0.591273 0.608454 0.590263 0.612435 0.554146 0.632444 0.551487 0.647778 0.552266 0.660116 0.553279 0.667093 0.552729 0.668676 0.552245 0.671440 0.552245 0.675218 0.553633 0.685306 0.540805 0.701958 0.538224 0.697227 0.536406 0.691273 0.534875 0.688907 0.530802 0.684833 0.528552 0.683167 0.526367 0.683167 0.523242 0.681944 0.516995 0.681722 0.515495 0.686167 0.512432 0.688278 0.509872 0.690495 0.507622 0.694829 0.497070 0.660370 0.493729 0.641106 0.491703 0.630486 0.489982 0.629583 0.489982 0.631926 0.489982 0.634986 0.491805 0.644528 0.482792 0.615361 0.469729 0.573954 0.454539 0.545329 0.446437 0.530208 0.429625 0.498880 0.363276 0.369704 0.373078 0.358282 0.374885 0.356222 0.377633 0.356995 0.380982 0.355005 0.380156 0.363116 0.389943 0.362069 0.389492 0.365532 0.409172 0.380731 0.418565 0.384787 0.425833 0.384995 0.433453 0.390958 0.441393 0.392917 0.432401 0.428657 0.426177 0.455852 0.430276 0.457495 0.440701 0.412218 0.443990 0.393815 0.452562 0.396153 0.453792 0.389324 0.454130 0.386079 0.457036 0.390241 0.458487 0.390384 0.459779 0.389019 0.462701 0.379532 0.463711 0.375546 0.461224 0.363111 0.461156 0.350611 0.460914 0.344949 0.459211 0.339648 0.456792 0.333264 0.454857 0.331616 0.453969 0.332907 0.452557 0.335630 0.451901 0.338963 0.451273 0.341569 0.450620 0.342296 0.447664 0.330569 0.436135 0.320407 0.444362 0.305782 0.441169 0.299588 0.431878 0.316792 0.430432 0.314907 0.413844 0.305972 0.413521 0.296083 0.409471 0.296273 0.403260 0.300116 0.400375 0.298782 0.397716 0.314361 0.393813 0.308287 0.390208 0.307787 0.397229 0.295495 0.401542 0.285389 0.407049 0.284727 0.408451 0.277921 0.402339 0.271454 0.410180 0.270944 0.412622 0.260222 0.413995 0.262662 0.416237 0.263051 0.420430 0.253926 0.425128 0.237986 0.427414 0.228681 0.432815 0.228296 0.431490 0.232074 0.431490 0.237472 0.431346 0.247755 0.432430 0.250838 0.438865 0.249685 0.443562 0.243384 0.444865 0.238889 0.447612 0.229505 0.446237 0.224880 0.439294 0.218699 0.440104 0.213032 0.440917 0.206319 0.442320 0.209009 0.452260 0.208620 0.486885 0.215227 0.489070 0.204671 0.490294 0.205287 0.493010 0.201398 0.489516 0.225667 0.491875 0.232991 0.493799 0.238287 0.497385 0.247144 0.503521 0.244190 0.501589 0.252565 0.508172 0.266005 0.503622 0.299060 0.503154 0.313097 0.505956 0.336250 0.506396 0.339486 0.461828 0.425250 0.441797 0.465769 0.443443 0.467093 0.463148 0.429440 0.493109 0.370875 0.507326 0.344528 0.508156 0.353231 0.514630 0.356458 0.519297 0.353231 0.526289 0.342870 0.520719 0.332963 0.516549 0.325917 0.531643 0.292889
2 0.472490 0.452954 0.460245 0.489361 0.461401 0.492829 0.473977 0.455431
9 0.507622 0.694829 0.509872 0.690495 0.512432 0.688278 0.515495 0.686167 0.516995 0.681722 0.523242 0.681944 0.526367 0.683167 0.528552 0.683167 0.530802 0.684833 0.534875 0.688907 0.536406 0.691273 0.538224 0.697227 0.540805 0.701958 0.526273 0.720565 0.512714 0.709824
5 0.410565 0.144838 0.392872 0.194009 0.395112 0.204162 0.400935 0.208343 0.402279 0.207546 0.414247 0.222074 0.416768 0.222931 0.423151 0.223269 0.422771 0.216741 0.423250 0.215884 0.427023 0.214671 0.425456 0.213037 0.425456 0.210949 0.427159 0.211523 0.426789 0.208083 0.428570 0.207005 0.427966 0.205653 0.425951 0.206787 0.423521 0.206208 0.423206 0.200917 0.421953 0.200199 0.422466 0.192931 0.421169 0.192375 0.423698 0.182005 0.426734 0.182880 0.432724 0.179912 0.429982 0.173227 0.423419 0.164745 0.416151 0.155667
5 0.372805 0.250704 0.371599 0.249310 0.344753 0.283208 0.342482 0.292426 0.344966 0.291847 0.363214 0.288306 0.363862 0.286579 0.365591 0.285231 0.366453 0.285713 0.366747 0.281847
8 0.401542 0.285389 0.403643 0.279000 0.402849 0.278505 0.400281 0.283731 0.396875 0.288542 0.388589 0.304231 0.390208 0.307787 0.397229 0.295495
8 0.389563 0.282181 0.392128 0.288569 0.367776 0.292625 0.366698 0.288111 0.367831 0.286194
8 0.363214 0.288306 0.364000 0.294440 0.332982 0.299894 0.327979 0.300611 0.325518 0.294944 0.342482 0.292426 0.344966 0.291847
8 0.340922 0.298931 0.355245 0.305046 0.353591 0.310421 0.335443 0.301537
2 0.534482 0.435352 0.533547 0.435602 0.531773 0.451616 0.533641 0.455681 0.535602 0.450037 0.554685 0.452625 0.554917 0.451301 0.555010 0.447981 0.554172 0.446903 0.535503 0.444083
2 0.439294 0.218699 0.446237 0.224880 0.447612 0.229505 0.444865 0.238889 0.443562 0.243384 0.438865 0.249685 0.432430 0.250838 0.431346 0.247755 0.431490 0.237472 0.431490 0.232074 0.432815 0.228296 0.435893 0.224458
