0 0.589187 1.000000 0.589927 0.996056 0.590331 0.990315 0.589724 0.985292 0.588313 0.979551 0.587708 0.974528 0.588313 0.970940 0.598464 0.957486 0.599594 0.955079 0.600945 0.953681 0.603086 0.956301 0.607143 0.958273 0.610289 0.960676 0.616971 0.976644 0.611344 1.000000
2 0.502148 0.336495 0.503229 0.339181 0.503661 0.339088 0.509492 0.351088 0.510518 0.349838 0.511328 0.349069 0.511870 0.347824 0.512570 0.345231 0.513164 0.342444 0.510357 0.338417 0.509870 0.339278 0.509602 0.341199 0.509331 0.343407 0.507549 0.340046 0.505659 0.337551 0.504146 0.335343 0.503336 0.333708 0.502904 0.333231 0.502526 0.333616 0.502419 0.334093
5 0.464711 0.320565 0.467661 0.319194 0.470904 0.318588 0.473115 0.317157 0.474854 0.315727 0.475792 0.311787 0.476128 0.308704 0.476128 0.306310 0.476365 0.304144 0.473945 0.301116 0.472779 0.302713 0.470987 0.305898 0.468924 0.309565 0.465875 0.311639 0.463724 0.311477 0.461482 0.310523 0.460318 0.309722 0.459510 0.312593
5 0.476128 0.308704 0.478664 0.308037 0.482482 0.306907 0.483120 0.306287 0.483409 0.304435 0.484219 0.302481 0.486302 0.297028 0.486534 0.296102 0.485924 0.294690 0.484854 0.292667 0.486060 0.286477 0.485242 0.287569 0.483719 0.289801 0.482552 0.291556 0.481656 0.294741 0.480130 0.296972 0.478607 0.300000 0.477531 0.303347 0.476365 0.304144 0.476128 0.306310
5 0.496250 0.283148 0.496432 0.284782 0.496490 0.287250 0.495680 0.289514 0.495276 0.291472 0.493307 0.293736 0.491570 0.295588 0.490875 0.297231 0.490646 0.299292 0.490008 0.300218 0.489372 0.300218 0.488271 0.298056 0.486534 0.296102 0.485924 0.294690 0.484854 0.292667 0.486060 0.286477 0.485055 0.281477 0.494518 0.275019 0.494518 0.276046 0.494865 0.278102 0.495560 0.280986
5 0.446557 0.269755 0.449773 0.273995 0.452573 0.277134 0.453818 0.279528 0.453508 0.282481 0.454440 0.287829 0.456620 0.292069 0.454026 0.300556 0.452990 0.302583 0.450083 0.303690 0.447594 0.304611 0.444273 0.305532 0.442510 0.307009 0.440747 0.311986 0.436182 0.315676 0.431831 0.310028 0.433974 0.307287 0.436185 0.305264 0.437523 0.303954 0.437992 0.301574 0.437258 0.298954 0.438797 0.292287 0.440872 0.290736 0.442547 0.288477 0.443484 0.286569 0.443552 0.284667 0.441745 0.283713 0.442013 0.278116 0.443016 0.272995 0.444378 0.271046 0.445727 0.271046
5 0.446557 0.269755 0.449773 0.273995 0.452573 0.277134 0.454336 0.276028 0.455479 0.274366 0.456724 0.271231 0.458174 0.268648 0.460354 0.265699 0.462221 0.263486 0.463362 0.262931 0.465021 0.263116 0.466060 0.262380 0.466786 0.260532 0.467096 0.256106 0.468859 0.251681 0.469172 0.249838 0.467615 0.247440 0.466474 0.248546 0.463154 0.251130 0.457138 0.256847 0.452885 0.260532 0.450706 0.263856 0.448008 0.266435
5 0.452573 0.277134 0.453818 0.279528 0.453508 0.282481 0.453854 0.284444 0.455474 0.284426 0.457617 0.284546 0.459424 0.284310 0.460630 0.282880 0.462237 0.280856 0.462841 0.281333 0.464112 0.279782 0.464581 0.277523 0.464448 0.275380 0.464581 0.274190 0.464716 0.272282 0.465117 0.269426 0.466992 0.268356 0.468398 0.267162 0.469974 0.266296 0.472083 0.262454 0.467083 0.257546 0.466786 0.260532 0.466060 0.262380 0.465021 0.263116 0.463362 0.262931 0.462221 0.263486 0.460354 0.265699 0.458174 0.268648 0.456724 0.271231 0.455479 0.274366 0.454336 0.276028
5 0.500708 0.217380 0.506828 0.225125 0.506828 0.226972 0.506620 0.240431 0.505687 0.243384 0.504443 0.242829 0.503404 0.246889 0.501849 0.251500 0.500396 0.252421 0.498737 0.252606 0.496661 0.249838 0.494690 0.248731 0.490542 0.245042 0.489815 0.247255 0.489089 0.248917 0.488258 0.249102 0.484005 0.243199 0.482138 0.240250 0.483901 0.238218 0.487326 0.234162 0.491016 0.227870 0.493758 0.224574 0.498010 0.220514
5 0.432289 0.258060 0.433294 0.262333 0.434565 0.263542 0.435753 0.265185 0.435443 0.267940 0.435208 0.270556 0.434745 0.271384 0.433195 0.272069 0.432651 0.273588 0.432266 0.277444 0.432188 0.281440 0.431568 0.285435 0.429089 0.289704 0.427461 0.293009 0.425367 0.295764 0.424052 0.296731 0.422888 0.295213 0.421805 0.297417 0.428016 0.305620 0.431831 0.310028 0.433974 0.307287 0.436185 0.305264 0.437523 0.303954 0.437992 0.301574 0.437258 0.298954 0.438797 0.292287 0.440872 0.290736 0.442547 0.288477 0.443484 0.286569 0.443552 0.284667 0.441745 0.283713 0.442013 0.278116 0.443016 0.272995 0.444378 0.271046 0.439711 0.263116 0.436466 0.258810 0.434190 0.260069
5 0.500396 0.252421 0.498424 0.257769 0.496349 0.262194 0.494276 0.264407 0.491578 0.266435 0.488052 0.270495 0.485052 0.271898 0.482242 0.266991 0.481393 0.265157 0.480232 0.264056 0.479766 0.264056 0.478060 0.266120 0.476279 0.266394 0.474109 0.264329 0.466979 0.257718 0.467096 0.256106 0.468859 0.251681 0.469151 0.249727 0.467615 0.247440 0.472448 0.243519 0.475396 0.246519 0.482138 0.240250 0.484005 0.243199 0.488258 0.249102 0.489089 0.248917 0.489815 0.247255 0.490542 0.245042 0.494690 0.248731 0.496661 0.249838 0.498737 0.252606
2 0.491078 0.333806 0.500474 0.338606 0.503229 0.340815 0.504362 0.342444 0.508792 0.351088 0.507872 0.352912 0.501448 0.348208 0.498099 0.346287 0.495128 0.345329 0.492646 0.344847 0.492214 0.343120 0.491349 0.341681 0.490430 0.340620 0.490539 0.338417 0.490484 0.337741 0.489729 0.337356 0.489206 0.336458
5 0.504276 0.253019 0.504276 0.254449 0.504143 0.256352 0.503138 0.257903 0.502870 0.259208 0.504076 0.262662 0.505146 0.265162 0.505349 0.267782 0.504812 0.268972 0.503940 0.269449 0.502602 0.270046 0.500125 0.272306 0.497779 0.272546 0.497378 0.277667 0.497378 0.278500 0.496641 0.282782 0.496250 0.283148 0.495560 0.280986 0.494865 0.278102 0.494518 0.276046 0.494518 0.275019 0.495971 0.272069 0.495971 0.267069 0.496349 0.262194 0.498424 0.257769 0.499857 0.254255 0.501919 0.254894 0.503443 0.254574 0.503443 0.254574
1 0.540156 0.420139 0.546492 0.417903 0.557917 0.414458 0.565167 0.412537 0.568198 0.412102 0.568898 0.414398 0.558299 0.417370 0.540451 0.422764
1 0.621422 0.511852 0.619503 0.544843 0.618529 0.564046 0.618091 0.564046 0.617172 0.561745 0.618958 0.526801 0.619659 0.516338 0.620633 0.511630
1 0.582495 0.483639 0.585958 0.485329 0.593456 0.488880 0.599828 0.491102 0.603576 0.493213 0.606513 0.495102 0.612385 0.499102 0.615510 0.501546 0.619070 0.504431 0.619758 0.502875 0.615885 0.499657 0.610326 0.495324 0.605326 0.492213 0.600953 0.489991 0.592768 0.486440 0.584396 0.483106
1 0.565940 0.479972 0.567063 0.479194 0.568563 0.479194 0.572375 0.478861 0.573750 0.478861 0.577435 0.480639 0.579122 0.481417 0.581935 0.481639 0.588745 0.480306 0.589870 0.479750 0.590492 0.478417 0.589992 0.477972 0.588807 0.478861 0.588307 0.477972 0.588557 0.477083 0.590367 0.476199 0.591680 0.476972 0.591742 0.478750 0.591305 0.480306 0.590555 0.481306 0.586057 0.482528 0.582495 0.483639 0.577310 0.482639 0.574247 0.480972 0.570937 0.480528 0.568812 0.480861 0.566875 0.481306 0.566062 0.481417 0.565190 0.480528
1 0.522365 0.359023 0.526919 0.366347 0.536240 0.378685 0.552214 0.399894 0.557203 0.404259 0.565885 0.407986 0.565885 0.405546 0.563716 0.403875 0.559443 0.403106 0.551635 0.396551 0.537755 0.378301 0.527497 0.364806 0.525466 0.360565 0.523299 0.358125
1 0.504362 0.342444 0.508792 0.351088 0.518555 0.371352 0.524685 0.382611 0.527104 0.387199 0.533922 0.402333 0.534687 0.402046 0.530937 0.392653 0.525047 0.381106 0.517102 0.366551 0.509492 0.351088 0.503643 0.339139 0.503229 0.339181 0.502148 0.336495 0.502010 0.335486 0.502057 0.333579 0.502151 0.332417 0.502568 0.331083 0.503177 0.330009 0.503875 0.329181 0.504997 0.329097 0.506396 0.330426 0.508263 0.333162 0.510357 0.338417 0.513164 0.342444 0.515357 0.346269 0.518810 0.354981 0.521849 0.362912 0.525789 0.368755 0.528747 0.374009 0.530492 0.376560 0.531208 0.379028 0.531615 0.381894 0.531703 0.385551 0.531568 0.387782 0.531615 0.389218 0.532240 0.390171 0.532911 0.390250 0.533807 0.389852 0.534432 0.388741 0.535240 0.386745 0.535555 0.385157 0.535240 0.384602 0.534747 0.384759 0.533898 0.387306 0.533227 0.388741 0.532596 0.388903 0.532419 0.387468 0.532555 0.385551 0.532555 0.383329 0.531880 0.378792 0.531255 0.376398 0.527984 0.370667 0.523148 0.363102 0.521581 0.359435 0.516966 0.347417 0.513026 0.339699 0.508547 0.331333 0.505773 0.327991 0.504362 0.326778 0.503292 0.327435 0.502721 0.328444 0.501919 0.330407 0.501083 0.333500 0.501216 0.336653 0.502422 0.339148
1 0.569393 0.416657 0.578898 0.440287 0.590406 0.463690 0.591281 0.462477 0.579505 0.438778 0.570453 0.415940
5 0.365362 0.157000 0.366089 0.155157 0.367643 0.153315 0.368992 0.150917 0.370237 0.149991 0.369148 0.147319 0.369979 0.146949 0.371016 0.148241 0.371638 0.147870 0.371430 0.133120 0.372365 0.133120 0.378693 0.141787 0.379625 0.139940 0.381078 0.138097 0.380974 0.125926 0.381805 0.125375 0.387094 0.132565 0.420122 0.173190 0.463172 0.224296 0.465117 0.227259 0.466229 0.228000 0.465396 0.230468 0.460396 0.233676 0.458034 0.234171 0.457617 0.234912 0.457701 0.236468 0.455271 0.239009 0.447633 0.244713 0.445104 0.244935 0.443190 0.245134 0.440190 0.249403 0.438870 0.250912 0.438273 0.251551 0.438148 0.254319 0.437674 0.256884 0.436466 0.258810 0.434190 0.260069 0.432289 0.258060 0.427328 0.249796 0.408576 0.225000 0.395714 0.211500 0.379906 0.188356
5 0.466229 0.228000 0.467068 0.224343 0.468388 0.223273 0.469589 0.221356 0.470789 0.218366 0.471268 0.215380 0.472229 0.211968 0.474029 0.210046 0.475349 0.207486 0.475469 0.200657 0.475469 0.192333 0.475469 0.190199 0.455664 0.164167 0.440062 0.145819 0.410654 0.111250 0.403932 0.103782 0.398411 0.098662 0.395651 0.098023 0.395531 0.099088 0.395891 0.102287 0.395891 0.103995 0.396133 0.105704 0.395651 0.107407 0.393612 0.111250 0.391570 0.112319 0.390370 0.113597 0.390130 0.114449 0.390609 0.116796 0.393250 0.119361 0.393492 0.120639 0.387490 0.119787 0.385810 0.119787 0.385451 0.121491 0.385690 0.123838 0.387094 0.132565 0.420122 0.173190 0.463172 0.224296 0.465117 0.227259
5 0.467068 0.224343 0.470521 0.229000 0.469898 0.233241 0.469482 0.240616 0.472318 0.243426 0.466474 0.248546 0.463154 0.251130 0.457138 0.256847 0.452885 0.260532 0.450706 0.263856 0.448008 0.266435 0.446557 0.269755 0.445727 0.271046 0.444378 0.271046 0.439711 0.263116 0.436466 0.258810 0.437674 0.256884 0.438148 0.254319 0.438273 0.251551 0.438870 0.250912 0.440190 0.249403 0.443190 0.245134 0.445104 0.244935 0.447633 0.244713 0.455271 0.239009 0.457701 0.236468 0.457617 0.234912 0.458034 0.234171 0.460396 0.233676 0.465396 0.230468 0.466229 0.228000
5 0.324349 0.160833 0.338177 0.150972 0.344362 0.145713 0.348219 0.141565 0.350010 0.139815 0.353688 0.138699 0.356797 0.138241 0.386987 0.203713 0.403654 0.245634 0.410180 0.270069 0.408513 0.272046 0.407122 0.274019 0.408370 0.277241 0.409068 0.281685 0.369484 0.230333 0.332260 0.179662
5 0.379906 0.188356 0.395714 0.211500 0.408576 0.225000 0.427328 0.249796 0.432289 0.258060 0.433294 0.262333 0.434565 0.263542 0.435753 0.265185 0.435443 0.267940 0.435208 0.270556 0.434745 0.271384 0.433195 0.272069 0.432651 0.273588 0.432266 0.277444 0.432188 0.281440 0.431568 0.285435 0.429089 0.289704 0.427461 0.293009 0.425367 0.295764 0.424052 0.296731 0.422888 0.295213 0.421805 0.297417 0.409068 0.281685 0.408370 0.277241 0.407122 0.274019 0.408513 0.272046 0.410180 0.270069 0.403654 0.245634 0.386987 0.203713
5 0.472083 0.262454 0.474109 0.264329 0.476279 0.266394 0.477193 0.273065 0.475255 0.276231 0.473164 0.280500 0.472003 0.283394 0.468516 0.292213 0.467583 0.293037 0.459060 0.303370 0.452320 0.309569 0.450458 0.309708 0.447594 0.304611 0.450083 0.303690 0.452990 0.302583 0.454026 0.300556 0.456620 0.292069 0.454440 0.287829 0.453854 0.284444 0.455474 0.284426 0.457617 0.284546 0.459424 0.284310 0.460630 0.282880 0.462237 0.280856 0.462841 0.281333 0.464112 0.279782 0.464581 0.277523 0.464448 0.275380 0.464581 0.274190 0.464716 0.272282 0.465117 0.269426 0.466992 0.268356 0.468398 0.267162 0.469974 0.266296
5 0.447875 0.154269 0.455664 0.164167 0.475469 0.190199 0.475469 0.192333 0.475469 0.200657 0.481828 0.207236 0.483797 0.207792 0.490333 0.203366 0.490852 0.198199 0.497076 0.192852 0.500708 0.188241 0.502781 0.185292 0.505479 0.180681 0.506516 0.176625 0.502128 0.172171 0.500326 0.174944 0.498526 0.173662 0.497206 0.176227 0.495885 0.180278 0.494805 0.184120 0.493966 0.185829 0.491924 0.187745 0.490005 0.189880 0.488565 0.191588 0.487724 0.194361 0.486044 0.193722 0.483643 0.191588 0.477281 0.182625 0.452341 0.157958
5 0.485841 0.206463 0.489992 0.212731 0.496320 0.206093 0.500260 0.200931 0.503891 0.195213 0.499016 0.190602 0.497076 0.192852 0.490852 0.198199 0.490333 0.203366
5 0.489992 0.212731 0.487430 0.218301 0.483487 0.222546 0.480375 0.226231 0.479026 0.227338 0.476951 0.226417 0.475083 0.227894 0.473529 0.228444 0.471349 0.226972 0.467068 0.224343 0.468388 0.223273 0.469589 0.221356 0.470789 0.218366 0.471268 0.215380 0.472229 0.211968 0.474029 0.210046 0.475349 0.207486 0.475469 0.200657 0.481828 0.207236 0.483797 0.207792 0.485841 0.206463
5 0.469482 0.240616 0.475396 0.246519 0.476849 0.245042 0.478612 0.243569 0.481102 0.241356 0.483901 0.238218 0.487326 0.234162 0.491016 0.227870 0.486776 0.223431 0.485737 0.220111 0.483487 0.222546 0.480375 0.226231 0.479026 0.227338 0.476951 0.226417 0.475083 0.227894 0.473529 0.228444 0.471349 0.226972 0.467068 0.224343 0.470521 0.229000 0.469898 0.233241
5 0.491016 0.227870 0.493758 0.224574 0.498010 0.220514 0.500708 0.217380 0.500086 0.215352 0.499565 0.209634 0.499565 0.201704 0.496320 0.206093 0.489992 0.212731 0.487430 0.218301 0.485737 0.220111 0.486776 0.223431
5 0.496349 0.262194 0.495971 0.267069 0.495971 0.272069 0.494565 0.275046 0.485055 0.281477 0.480721 0.286333 0.479516 0.286690 0.477372 0.283236 0.476885 0.283977 0.474406 0.285287 0.473958 0.283713 0.472885 0.281449 0.473164 0.280500 0.475255 0.276231 0.477193 0.273065 0.476279 0.266394 0.478060 0.266120 0.479766 0.264056 0.480232 0.264056 0.481393 0.265157 0.482242 0.266991 0.485052 0.271898 0.488052 0.270495 0.491578 0.266435 0.494276 0.264407
5 0.485055 0.281477 0.486060 0.286477 0.486060 0.286477 0.485242 0.287569 0.483719 0.289801 0.482552 0.291556 0.481656 0.294741 0.480130 0.296972 0.478607 0.300000 0.477531 0.303347 0.476365 0.304144 0.473945 0.301116 0.472779 0.302713 0.470987 0.305898 0.468924 0.309565 0.465875 0.311639 0.463724 0.311477 0.461482 0.310523 0.460318 0.309722 0.459062 0.308292 0.457180 0.305259 0.459060 0.303370 0.467583 0.293037 0.468516 0.292213 0.472003 0.283394 0.472885 0.281449 0.473958 0.283713 0.474406 0.285287 0.476885 0.283977 0.477372 0.283236 0.479516 0.286690 0.480721 0.286333
5 0.447594 0.304611 0.444273 0.305532 0.442510 0.307009 0.440747 0.311986 0.436182 0.315676 0.444188 0.326014 0.445995 0.326014 0.453216 0.317620 0.454049 0.316634 0.456133 0.316634 0.458771 0.314412 0.460318 0.309722 0.459062 0.308292 0.457180 0.305259 0.452320 0.309569 0.450458 0.309708
5 0.444188 0.326014 0.451352 0.334111 0.454849 0.331403 0.457896 0.328375 0.460497 0.327259 0.462737 0.324069 0.464711 0.320565 0.459510 0.312593 0.458771 0.314412 0.456133 0.316634 0.454049 0.316634 0.453216 0.317620 0.445995 0.326014
5 0.500125 0.272306 0.506909 0.278815 0.506969 0.281694 0.505521 0.291778 0.503958 0.297130 0.500138 0.304023 0.497302 0.307421 0.494870 0.308657 0.493714 0.309069 0.493365 0.311333 0.492555 0.312565 0.491513 0.313491 0.488445 0.314315 0.487635 0.313491 0.487055 0.311949 0.484219 0.308347 0.483120 0.306287 0.483409 0.304435 0.484219 0.302481 0.486302 0.297028 0.486534 0.296102 0.488271 0.298056 0.489372 0.300218 0.490008 0.300218 0.490646 0.299292 0.490875 0.297231 0.491570 0.295588 0.493307 0.293736 0.495276 0.291472 0.495680 0.289514 0.496490 0.287250 0.496432 0.284782 0.496250 0.283148 0.496641 0.282782 0.497378 0.278500 0.497378 0.277667 0.497779 0.272546
5 0.488440 0.314222 0.489018 0.317824 0.489896 0.320093 0.490547 0.321574 0.487807 0.324296 0.485089 0.327074 0.483005 0.327694 0.480052 0.328000 0.478490 0.328926 0.477620 0.329750 0.476464 0.330162 0.474669 0.330574 0.470560 0.324708 0.469690 0.322546 0.470617 0.320796 0.470904 0.318588 0.473115 0.317157 0.474854 0.315727 0.475792 0.311787 0.476128 0.308704 0.478664 0.308037 0.482482 0.306907 0.483120 0.306287 0.484219 0.308347 0.487055 0.311949 0.487635 0.313491
5 0.490414 0.321417 0.490646 0.322134 0.491570 0.322343 0.494466 0.320079 0.495911 0.317713 0.497302 0.316375 0.497823 0.314935 0.498112 0.313903 0.498807 0.313389 0.499849 0.312259 0.500427 0.311537 0.501643 0.311023 0.501758 0.309069 0.500831 0.308037 0.500427 0.305361 0.500138 0.304023 0.497302 0.307421 0.494870 0.308657 0.493714 0.309069 0.493365 0.311333 0.492555 0.312565 0.491513 0.313491 0.488445 0.314315 0.488854 0.317917
5 0.464711 0.320565 0.464891 0.321838 0.465247 0.325028 0.465427 0.329171 0.465607 0.332676 0.466951 0.335227 0.469732 0.337778 0.475289 0.341764 0.476904 0.336819 0.478490 0.328926 0.477620 0.329750 0.476464 0.330162 0.474669 0.330574 0.470560 0.324708 0.469690 0.322546 0.470617 0.320796 0.470904 0.318588 0.467661 0.319194
5 0.465607 0.332676 0.465518 0.334588 0.464263 0.335704 0.463185 0.335866 0.461753 0.337778 0.460586 0.340009 0.458703 0.341921 0.457536 0.343194 0.451352 0.334111 0.454849 0.331403 0.457896 0.328375 0.460497 0.327259 0.462737 0.324069 0.464711 0.320565 0.464891 0.321838 0.465247 0.325028 0.465427 0.329171
5 0.457536 0.343194 0.466523 0.354315 0.467128 0.354435 0.468065 0.353366 0.469536 0.351935 0.470073 0.350866 0.470273 0.349199 0.470474 0.344315 0.470878 0.342292 0.471279 0.340981 0.471547 0.339194 0.469732 0.337778 0.466951 0.335227 0.465607 0.332676 0.465518 0.334588 0.464263 0.335704 0.463185 0.335866 0.461753 0.337778 0.460586 0.340009 0.458703 0.341921
5 0.478490 0.328926 0.476904 0.336819 0.475289 0.341764 0.475633 0.343722 0.476570 0.344912 0.478310 0.345389 0.480453 0.345389 0.482062 0.344671 0.484539 0.342171 0.486346 0.340389 0.487820 0.338602 0.488089 0.338005 0.485409 0.335148 0.484740 0.333245 0.484607 0.330384 0.484375 0.327361 0.483005 0.327694 0.480052 0.328000
5 0.496773 0.317241 0.496859 0.319625 0.496945 0.322625 0.497292 0.325620 0.497638 0.327083 0.497076 0.327926 0.496211 0.328236 0.495477 0.329542 0.494049 0.330926 0.492536 0.332616 0.491497 0.333690 0.490503 0.334616 0.489768 0.335616 0.489206 0.336458 0.488089 0.338005 0.485409 0.335148 0.484740 0.333245 0.484607 0.330384 0.484375 0.327361 0.485089 0.327074 0.487807 0.324296 0.490581 0.321426 0.490646 0.322134 0.491570 0.322343 0.494466 0.320079 0.495911 0.317713
5 0.477281 0.182625 0.483643 0.191588 0.486044 0.193722 0.487724 0.194361 0.488565 0.191588 0.490005 0.189880 0.491924 0.187745 0.493966 0.185829 0.494805 0.184120 0.495885 0.180278 0.497206 0.176227 0.498445 0.173662 0.500198 0.170028 0.501365 0.167259 0.469344 0.135421 0.468273 0.132134 0.466815 0.129713 0.464479 0.128671 0.417646 0.080537 0.416344 0.081977 0.414062 0.085667 0.410115 0.092130 0.411568 0.093968 0.410740 0.098769 0.410115 0.099495 0.409083 0.100602 0.406693 0.101352 0.404930 0.102630 0.403932 0.103782 0.410654 0.111250 0.440062 0.145819 0.447875 0.154269 0.452341 0.157958
5 0.418242 0.081306 0.419276 0.079565 0.420034 0.078116 0.420362 0.077250 0.420253 0.075995 0.420143 0.074931 0.420794 0.074741 0.421555 0.075898 0.423620 0.077250 0.425357 0.078699 0.453922 0.106829 0.466174 0.120125 0.470698 0.128389 0.483536 0.138157 0.487826 0.142648 0.496326 0.153259 0.505073 0.161940 0.505997 0.163880 0.502466 0.169264 0.502128 0.172171 0.500326 0.174944 0.498526 0.173662 0.500198 0.170028 0.501365 0.167259 0.469344 0.135421 0.468273 0.132134 0.466815 0.129713 0.464479 0.128671
5 0.297013 0.203889 0.288721 0.187306 0.294810 0.183389 0.308674 0.177398 0.311911 0.175097 0.316057 0.171644 0.321370 0.171644 0.331484 0.192037 0.343005 0.212407 0.357388 0.241662 0.371185 0.271329 0.373984 0.280079 0.374555 0.283259 0.376224 0.285444 0.376458 0.288046 0.372870 0.284847 0.369734 0.282472 0.366146 0.278491 0.361979 0.280648 0.359266 0.284731 0.335143 0.254995 0.306938 0.217222
5 0.357547 0.158755 0.356435 0.154731 0.355596 0.153046 0.355523 0.149398 0.359219 0.149204 0.362883 0.148806 0.362883 0.147792 0.358784 0.143718 0.358755 0.142060 0.361227 0.140282 0.364388 0.132481 0.363685 0.130005 0.362427 0.128514 0.362516 0.125519 0.365508 0.125852 0.372786 0.132907 0.378664 0.138218 0.384917 0.144190 0.389536 0.148009 0.395753 0.153481 0.403409 0.161954 0.415229 0.173750 0.423760 0.180292 0.433701 0.189894 0.442901 0.199713 0.447419 0.204171 0.447044 0.206278 0.448794 0.213167 0.449609 0.219051 0.456609 0.225056 0.455227 0.227278 0.454115 0.228287 0.453177 0.229907 0.451172 0.228051 0.449734 0.227046 0.447943 0.231296 0.446706 0.239412 0.439331 0.231185 0.439766 0.240181 0.440266 0.249509 0.434219 0.242505 0.424984 0.232806 0.411701 0.218213 0.396148 0.201894 0.379083 0.182597 0.362451 0.164551
5 0.384917 0.144190 0.377315 0.135782 0.371388 0.129644 0.368401 0.126907 0.368401 0.125662 0.370081 0.123171 0.374234 0.120435 0.375401 0.119190 0.376521 0.112801 0.377409 0.110560 0.381047 0.102597 0.383055 0.102264 0.383570 0.102500 0.384411 0.103250 0.410234 0.129417 0.441930 0.159255 0.468906 0.185454 0.466456 0.189551 0.466456 0.189551 0.465057 0.192620 0.463003 0.198014 0.461883 0.200171 0.461229 0.200088 0.460622 0.199009 0.459596 0.200333 0.460016 0.202412 0.458661 0.206560 0.456328 0.208051 0.456281 0.209546 0.454010 0.212546 0.447419 0.204171 0.442901 0.199713 0.433701 0.189894 0.423760 0.180292 0.415229 0.173750 0.403409 0.161954 0.395753 0.153481 0.389536 0.148009
5 0.464870 0.234852 0.462633 0.232213 0.459487 0.232356 0.457607 0.233384 0.456609 0.233602 0.453638 0.235727 0.452146 0.237019 0.450979 0.238903 0.451461 0.240102 0.462190 0.251861 0.474815 0.265917 0.494823 0.288435 0.498818 0.293671 0.507609 0.302417 0.525440 0.323931 0.533424 0.333111 0.534596 0.334616 0.535724 0.338417 0.535951 0.339593 0.531870 0.341514 0.530984 0.342181 0.531474 0.344005 0.539958 0.353324 0.541630 0.352431 0.541044 0.350500 0.541044 0.345296 0.543135 0.343958 0.546984 0.349014 0.548823 0.347676 0.548992 0.343065 0.552003 0.347676 0.554094 0.347227 0.554010 0.342917 0.556518 0.331167 0.559279 0.325815 0.562307 0.327806 0.563315 0.327157 0.562786 0.326019 0.559375 0.322639 0.557318 0.320694 0.553078 0.316412 0.551865 0.314755 0.550130 0.314398 0.547383 0.311681 0.544583 0.314171 0.542344 0.311602 0.540198 0.310602 0.538469 0.311185 0.536695 0.311269 0.514576 0.287454 0.489557 0.260986
5 0.451461 0.240102 0.449839 0.242657 0.446706 0.239412 0.439331 0.231185 0.439766 0.240181 0.440266 0.249509 0.440211 0.252102 0.437727 0.253926 0.434974 0.255463 0.433948 0.257000 0.436797 0.259120 0.445964 0.269815 0.464237 0.290875 0.480622 0.308231 0.488049 0.313931 0.500633 0.331287 0.511859 0.346162 0.517961 0.354032 0.521133 0.351491 0.526328 0.345542 0.531870 0.341514 0.535951 0.339593 0.535724 0.338417 0.534596 0.334616 0.533424 0.333111 0.525440 0.323931 0.507609 0.302417 0.498818 0.293671 0.494823 0.288435 0.474815 0.265917 0.462190 0.251861
