0 0.964758 1.000000 0.968451 0.966468 0.978458 0.936356 0.979451 0.920380 0.970464 0.935741 0.966151 0.954375 0.955828 0.938116 0.950680 0.915343 0.955167 0.902023 0.969802 0.867134 0.979294 0.853532 0.987115 0.838731 1.000000 0.852764 1.000000 1.000000
2 0.408745 0.324694 0.414818 0.329708 0.422771 0.337676 0.424904 0.339708 0.426299 0.341273 0.428880 0.343907 0.429471 0.344528 0.429016 0.347134 0.428315 0.346944 0.426573 0.344898 0.425286 0.343667 0.424135 0.343907 0.423227 0.343602 0.421383 0.341981 0.418721 0.339782 0.415917 0.336894 0.412852 0.334014 0.409831 0.330657 0.408414 0.327856 0.407047 0.326495 0.406987 0.321130
10 0.544193 0.528009 0.542831 0.527755 0.542008 0.527333 0.540125 0.525852 0.539284 0.521741 0.538969 0.517815 0.539391 0.512579 0.540964 0.507713 0.545208 0.504352 0.546276 0.505384 0.547336 0.504718 0.548586 0.504051 0.549773 0.503718 0.551086 0.504273 0.552023 0.505273 0.553086 0.506940 0.553898 0.508384 0.554273 0.509940 0.554711 0.511940 0.554711 0.515824 0.554643 0.518963 0.554279 0.520907 0.553732 0.523171 0.553401 0.524514 0.552242 0.526829 0.549930 0.529144 0.548333 0.529676 0.546536 0.528935 0.545260 0.528148
2 0.432271 0.347255 0.437516 0.352333 0.442008 0.356787 0.444823 0.359782 0.446323 0.362449 0.448695 0.366338 0.449818 0.368884 0.450068 0.370000 0.449943 0.371773 0.449701 0.373218 0.449198 0.373440 0.448763 0.372769 0.447630 0.371120 0.445133 0.367556 0.444195 0.365440 0.442076 0.363000 0.438638 0.358333 0.436763 0.356338 0.434576 0.353347 0.431448 0.349889 0.430729 0.349074 0.431497 0.346222
2 0.383263 0.355194 0.389409 0.352366 0.395625 0.350051 0.398602 0.348528 0.400247 0.348356 0.402958 0.347838 0.404607 0.349037 0.404990 0.353338 0.404990 0.357306 0.405669 0.358847 0.402781 0.360204 0.398805 0.362264 0.391648 0.365991 0.387023 0.367787 0.385794 0.367787 0.385070 0.366968 0.384883 0.365514 0.383010 0.363625 0.382701 0.362852 0.382570 0.361079 0.382570 0.358741 0.382758 0.356519
2 0.401984 0.362106 0.407839 0.373111 0.416372 0.389912 0.429003 0.411620 0.447086 0.440245 0.448591 0.442921 0.450430 0.450657 0.447922 0.454222 0.446750 0.455713 0.445495 0.454968 0.444576 0.453333 0.442904 0.449468 0.433534 0.434000 0.427930 0.424634 0.418229 0.405435 0.413042 0.397852 0.410617 0.395176 0.404427 0.384634 0.395026 0.367949 0.393336 0.365167 0.398805 0.362264 0.401625 0.360782
10 0.365784 0.344083 0.362857 0.345866 0.361854 0.348991 0.361268 0.352412 0.361268 0.355977 0.362370 0.360917 0.364612 0.365644 0.366620 0.367579 0.367542 0.369065 0.368794 0.365199 0.372477 0.366241 0.376490 0.366093 0.378581 0.365792 0.380589 0.364306 0.381844 0.360884 0.382094 0.357912 0.381677 0.356130 0.378833 0.356130 0.375990 0.354639 0.372727 0.353301 0.369547 0.352856 0.367542 0.350773 0.367625 0.346019 0.367456 0.343935 0.366872 0.343491
10 0.366607 0.369880 0.366607 0.374009 0.366607 0.377796 0.367648 0.385153 0.371414 0.393301 0.373286 0.394139 0.374737 0.395171 0.379091 0.393278 0.381125 0.392417 0.383060 0.389495 0.384125 0.385366 0.384802 0.380375 0.384125 0.375042 0.383352 0.369880 0.382190 0.367301 0.380589 0.364306 0.378581 0.365792 0.376490 0.366093 0.372477 0.366241 0.368794 0.365199 0.367542 0.369065
17 0.401315 0.437556 0.401232 0.431903 0.400229 0.424468 0.398807 0.420306 0.397969 0.417481 0.396380 0.414060 0.394372 0.411384 0.392951 0.410343 0.391529 0.410343 0.390190 0.411977 0.388518 0.412278 0.387599 0.414356 0.385508 0.414806 0.384336 0.413019 0.383417 0.410343 0.382495 0.408856 0.381242 0.407370 0.379568 0.407519 0.377812 0.408412 0.375888 0.410940 0.374633 0.413468 0.373880 0.415102 0.373044 0.416292 0.375555 0.419412 0.378815 0.422241 0.389021 0.429375
2 0.410336 0.409542 0.414167 0.412630 0.415685 0.414296 0.416336 0.417769 0.416482 0.421111 0.415758 0.423421 0.415831 0.425995 0.415542 0.427921 0.414456 0.427921 0.412794 0.426380 0.411492 0.424324 0.411203 0.422782 0.411133 0.419824 0.410120 0.417384 0.408674 0.415713 0.408456 0.413528 0.409396 0.411727 0.409326 0.409671
2 0.417443 0.422505 0.419115 0.425032 0.422042 0.428454 0.424133 0.430833 0.426224 0.433361 0.428818 0.436634 0.430992 0.439458 0.431745 0.441093 0.431411 0.443324 0.431242 0.447190 0.430240 0.447787 0.428651 0.447042 0.427898 0.443921 0.426141 0.441542 0.424552 0.439458 0.422711 0.436931 0.420872 0.434551 0.419784 0.434106 0.417609 0.433657 0.415938 0.433361 0.415016 0.432620 0.414516 0.430981 0.415542 0.427921 0.415831 0.425995 0.415758 0.423421
2 0.312437 0.360579 0.308518 0.363963 0.305159 0.366551 0.303031 0.365556 0.299672 0.362769 0.298440 0.359981 0.300005 0.358551 0.301909 0.357352 0.304375 0.354606 0.308518 0.351023 0.312437 0.347838 0.316133 0.344653 0.320612 0.338681 0.322401 0.337088 0.324865 0.338282 0.326768 0.340671 0.325201 0.342861 0.320388 0.347639 0.316693 0.350625 0.314117 0.352815 0.314229 0.356597 0.314005 0.359782
2 0.363753 0.390431 0.362089 0.394546 0.360138 0.395060 0.358185 0.395574 0.355799 0.395829 0.353487 0.396986 0.350596 0.399685 0.349367 0.399815 0.347198 0.397630 0.346401 0.396088 0.349005 0.393644 0.350089 0.390819 0.351896 0.388634 0.354138 0.387347 0.356523 0.385162 0.358763 0.384394 0.359922 0.384134 0.361148 0.384009 0.362307 0.384009 0.364763 0.388889
2 0.356003 0.384185 0.355063 0.380847 0.353979 0.378403 0.352315 0.376218 0.350943 0.375704 0.350003 0.376347 0.349352 0.377505 0.348557 0.377759 0.347760 0.378019 0.347112 0.379176 0.346531 0.379560 0.341544 0.375833 0.340531 0.374806 0.339953 0.375449 0.340315 0.376477 0.340820 0.377505 0.345521 0.380847 0.346604 0.381102 0.347182 0.382259 0.347544 0.384315 0.347760 0.385213 0.348628 0.387014 0.348919 0.388171 0.350089 0.390819 0.351896 0.388634 0.354138 0.387347 0.356523 0.385162
10 0.421326 0.360778 0.422391 0.368694 0.422779 0.374199 0.421422 0.378157 0.419680 0.380907 0.417068 0.381597 0.412432 0.382042 0.407839 0.373111 0.401984 0.362106 0.401625 0.360782 0.402781 0.360204 0.405669 0.358847 0.410607 0.360051 0.415055 0.360222 0.418253 0.360051 0.419122 0.359542
2 0.403695 0.400532 0.417568 0.410083 0.422690 0.413972 0.425190 0.419301 0.420440 0.416301 0.411630 0.410306 0.408570 0.408194 0.405758 0.403972 0.403945 0.401972
9 0.336203 0.346968 0.337576 0.346069 0.339818 0.346324 0.342333 0.347523 0.344805 0.351722 0.344516 0.353394 0.342635 0.355194 0.339961 0.356093 0.336635 0.357764 0.334034 0.357764 0.333167 0.357120 0.333167 0.355065 0.332878 0.352111 0.333456 0.350051 0.334466 0.347995
9 0.321578 0.349898 0.323503 0.346181 0.324924 0.345435 0.326013 0.343801 0.327685 0.342759 0.329859 0.343056 0.331617 0.344991 0.332469 0.347505 0.332878 0.352111 0.333167 0.355065 0.333167 0.357120 0.332474 0.358935 0.330336 0.358389 0.329776 0.358389 0.326839 0.358611 0.324909 0.357630 0.322951 0.356380 0.321922 0.355565 0.321177 0.354639 0.320893 0.353569 0.320893 0.352069 0.320893 0.351324
10 0.382083 0.353468 0.380826 0.349852 0.379180 0.345208 0.376857 0.342282 0.374437 0.341250 0.371823 0.341250 0.370276 0.341940 0.369018 0.342111 0.367456 0.343935 0.367625 0.346019 0.367542 0.350773 0.369547 0.352856 0.372727 0.353301 0.375990 0.354639 0.378833 0.356130 0.381677 0.356130
8 0.686565 0.596889 0.696531 0.605051 0.720271 0.624560 0.722958 0.627347 0.721042 0.628639 0.718802 0.628259 0.709766 0.620417 0.697339 0.609606 0.690753 0.604731 0.687505 0.602282 0.685917 0.601009 0.685187 0.600231 0.684896 0.599597 0.684896 0.598819 0.684896 0.597782 0.685120 0.597148 0.685693 0.596630
8 0.727471 0.631204 0.734331 0.636708 0.742529 0.644144 0.745206 0.646819 0.745958 0.648157 0.745456 0.649495 0.744453 0.649940 0.740771 0.646968 0.733245 0.640278 0.728893 0.637449 0.725799 0.634625 0.723875 0.632991 0.722706 0.631801 0.723122 0.631204 0.724461 0.630759 0.725799 0.630463
8 0.749026 0.649106 0.757060 0.655556 0.763148 0.659241 0.767036 0.662463 0.767555 0.663847 0.767036 0.665690 0.765609 0.665690 0.760169 0.661310 0.756542 0.659241 0.753151 0.656713 0.749935 0.654403 0.747990 0.653250 0.747214 0.651639 0.747214 0.649106 0.747214 0.647491
1 0.401096 0.222245 0.403909 0.222245 0.404909 0.222468 0.405159 0.224356 0.405471 0.226463 0.405659 0.228796 0.405721 0.231352 0.405784 0.233352 0.405471 0.234130 0.404971 0.234241 0.404784 0.239681 0.404784 0.243792 0.404784 0.247458 0.404721 0.250125 0.403471 0.257898 0.402784 0.261231 0.401841 0.262963 0.401555 0.259699 0.401159 0.256565 0.401596 0.253454 0.402221 0.251236 0.402471 0.246458 0.402784 0.243125 0.402909 0.237019 0.402909 0.235130 0.402221 0.235019 0.401471 0.234463 0.401221 0.234019 0.400909 0.232685 0.400596 0.229019 0.400534 0.225019 0.400596 0.223134
2 0.761237 0.699389 0.764385 0.695926 0.767234 0.689532 0.767984 0.686333 0.768883 0.685269 0.771133 0.685801 0.772630 0.687667 0.775930 0.690519 0.779961 0.692301 0.782089 0.693102 0.784547 0.693713 0.789029 0.693315 0.792284 0.692917 0.794635 0.692514 0.797424 0.693713 0.798997 0.695898 0.800003 0.698083 0.801232 0.698671 0.802477 0.699282 0.802927 0.703866 0.802701 0.707037 0.802927 0.710426 0.804260 0.711810 0.806719 0.713810 0.808068 0.715009 0.810422 0.713620 0.813555 0.709625 0.814229 0.701282 0.813224 0.697097 0.811771 0.694116 0.811995 0.689931 0.808622 0.682949 0.807169 0.677778 0.804156 0.671407 0.800901 0.667037 0.797648 0.665440 0.793063 0.665653 0.790828 0.665653 0.787471 0.663440 0.784893 0.662454 0.783214 0.666241 0.781086 0.666426 0.778177 0.664639 0.775479 0.664056 0.772120 0.664056 0.769992 0.664454 0.767036 0.665690 0.760594 0.672023 0.757565 0.674792 0.753654 0.682361 0.750401 0.686148 0.747596 0.688546 0.746367 0.689532 0.754552 0.696301 0.760143 0.699870
2 0.726378 0.675306 0.723776 0.674792 0.722258 0.673375 0.719583 0.669134 0.717776 0.665921 0.714521 0.661940 0.712497 0.659366 0.711198 0.657824 0.710328 0.655125 0.709750 0.653458 0.709461 0.651528 0.709969 0.649088 0.711198 0.648574 0.713076 0.648699 0.714016 0.649856 0.715245 0.651144 0.715885 0.651176 0.719255 0.657625 0.726898 0.672366 0.728547 0.675431
2 0.723341 0.648185 0.725583 0.646259 0.727391 0.646130 0.729268 0.647546 0.730716 0.648699 0.732161 0.648699 0.733969 0.648444 0.736354 0.649088 0.737438 0.649088 0.740185 0.650884 0.741849 0.652171 0.742789 0.653972 0.743727 0.656153 0.743727 0.658083 0.743005 0.659755 0.740909 0.661426 0.738234 0.661940 0.735992 0.662968 0.733680 0.665278 0.731583 0.668491 0.730281 0.669264 0.726510 0.661542 0.720161 0.650500
2 0.456154 0.444417 0.458091 0.465407 0.458341 0.470407 0.456716 0.478403 0.454344 0.476852 0.455279 0.465185 0.454529 0.460412 0.453656 0.449745 0.453656 0.445306 0.454281 0.444417 0.455341 0.444083
2 0.451906 0.440718 0.456810 0.439241 0.460677 0.438042 0.463391 0.437694 0.465885 0.439606 0.467453 0.440940 0.469010 0.443171 0.469760 0.444505 0.471138 0.446731 0.472201 0.448384 0.473513 0.449718 0.474385 0.450954 0.475326 0.451949 0.475885 0.452505 0.478919 0.446472 0.482201 0.442176 0.482883 0.440463 0.484240 0.426171 0.484076 0.424880 0.484013 0.423880 0.482391 0.423102 0.480578 0.422657 0.479766 0.422657 0.479909 0.428102 0.478896 0.438769 0.476294 0.438255 0.473331 0.437356 0.472029 0.437097 0.470294 0.436324 0.469211 0.435556 0.463083 0.431653 0.460492 0.430319 0.457008 0.427569 0.454781 0.424472 0.451685 0.421546 0.448297 0.419481 0.444203 0.417815 0.451602 0.441394
2 0.429992 0.408926 0.431401 0.410171 0.434156 0.411894 0.437815 0.413847 0.439786 0.415213 0.443961 0.428426 0.443042 0.428912 0.440992 0.427759 0.439151 0.425454 0.438128 0.422667 0.437266 0.420463 0.435263 0.418741 0.432456 0.416917 0.429003 0.411620
2 0.798323 0.701556 0.799966 0.704134 0.801419 0.709296 0.802870 0.713597 0.804031 0.716523 0.804516 0.719278 0.803547 0.719620 0.800354 0.716009 0.798904 0.712394 0.796096 0.709986 0.794258 0.709644 0.794063 0.711880 0.793289 0.713944 0.792323 0.715491 0.791258 0.718588 0.790677 0.720824 0.790289 0.721685 0.788547 0.720995 0.786031 0.719106 0.784870 0.717213 0.784677 0.714287 0.784096 0.712565 0.782062 0.710847 0.779258 0.710676 0.777419 0.709468 0.774320 0.709125 0.764255 0.702588 0.764643 0.699148 0.766289 0.698458 0.769870 0.700866 0.775966 0.703102 0.778385 0.703620 0.779643 0.706028 0.783805 0.705685 0.785161 0.703792 0.787773 0.701037 0.789901 0.700181 0.792904 0.699833 0.794643 0.700009
2 0.731758 0.627366 0.732445 0.625593 0.733320 0.625370 0.733758 0.626366 0.735508 0.630032 0.736508 0.632477 0.737943 0.634921 0.739755 0.636366 0.748667 0.642685 0.753932 0.646551 0.758786 0.649815 0.761380 0.651162 0.763716 0.652347 0.765310 0.653380 0.767234 0.654579 0.769909 0.656060 0.771245 0.657546 0.771753 0.658593 0.771833 0.660523 0.771664 0.661412 0.768234 0.660222 0.759036 0.654282 0.754687 0.652046 0.751589 0.649815 0.747034 0.646583 0.744286 0.644917 0.742286 0.643250 0.740224 0.641250 0.738911 0.639255 0.737727 0.637921 0.736102 0.636699 0.735102 0.635810 0.734164 0.634699 0.733102 0.633032 0.732352 0.631255 0.731852 0.629477
2 0.634846 0.557704 0.638039 0.559426 0.641911 0.562523 0.645974 0.566481 0.647716 0.569231 0.649458 0.571296 0.652169 0.572676 0.654589 0.574736 0.657297 0.576630 0.660201 0.578866 0.662815 0.579213 0.665039 0.578866 0.666104 0.580931 0.666589 0.583167 0.666880 0.584889 0.670943 0.587472 0.673266 0.589019 0.675589 0.589361 0.678008 0.590222 0.678880 0.590394 0.679169 0.591426 0.678880 0.594009 0.677331 0.596931 0.676461 0.599171 0.675008 0.599171 0.673266 0.598824 0.671523 0.596417 0.670266 0.595384 0.668234 0.593838 0.666299 0.593491 0.663492 0.592287 0.661576 0.589347 0.660927 0.586370 0.660385 0.584736 0.658982 0.585509 0.657578 0.585889 0.656128 0.585407 0.654560 0.584065 0.652237 0.582912 0.650398 0.581468 0.648938 0.579556 0.647698 0.578023 0.646458 0.576097 0.645104 0.575718 0.642461 0.574083 0.640729 0.572157 0.639008 0.571106 0.637276 0.569181 0.635224 0.567463 0.633820 0.565532 0.632310 0.563708 0.631932 0.561884 0.632203 0.559685 0.632794 0.558722 0.633714 0.557273
2 0.572948 0.521287 0.575477 0.521417 0.577357 0.521931 0.579380 0.522444 0.580755 0.522833 0.582273 0.523602 0.583646 0.523731 0.585164 0.524245 0.586393 0.524375 0.587117 0.524889 0.587333 0.526560 0.586609 0.528870 0.585888 0.531185 0.585091 0.535556 0.584224 0.538898 0.583430 0.541722 0.582562 0.544167 0.581549 0.545449 0.580393 0.546222 0.579380 0.546866 0.577503 0.547380 0.575406 0.547505 0.574104 0.545838 0.572513 0.542880 0.571573 0.539796 0.569984 0.536583 0.568682 0.534014 0.569766 0.530412 0.570706 0.527713 0.569187 0.525403 0.566732 0.525657 0.562828 0.525403 0.560224 0.524500 0.558128 0.523602 0.555815 0.520648 0.555526 0.519361 0.556466 0.518463 0.558201 0.518718 0.559646 0.518718 0.560948 0.517046 0.561599 0.515375 0.562536 0.515120 0.563117 0.516019 0.563117 0.517435 0.563117 0.518718 0.563260 0.520259 0.564273 0.521162 0.565573 0.521801 0.567526 0.521931 0.570201 0.522190 0.571141 0.521287
2 0.565997 0.560074 0.564474 0.557157 0.564943 0.551537 0.566701 0.547370 0.568693 0.544454 0.570802 0.545287 0.572794 0.546954 0.575018 0.550287 0.577245 0.554037 0.579237 0.560074 0.580878 0.564449 0.586503 0.562157 0.589432 0.565907 0.590253 0.566949 0.589633 0.567903 0.584862 0.570074 0.583456 0.570699 0.581932 0.570907
2 0.386799 0.385204 0.384992 0.387389 0.382823 0.390856 0.381016 0.393940 0.381016 0.400625 0.381737 0.404352 0.382099 0.407306 0.382495 0.408856 0.383417 0.410343 0.384336 0.413019 0.385508 0.414806 0.387599 0.414356 0.388518 0.412278 0.388099 0.410648 0.388029 0.407435 0.387956 0.401009 0.387956 0.394843 0.387956 0.391370 0.387521 0.386745
2 0.398776 0.388134 0.401669 0.391472 0.402247 0.394301 0.399862 0.395972 0.398633 0.396870 0.396586 0.399662 0.395617 0.399662 0.397070 0.402412 0.397648 0.404301 0.397945 0.407065 0.397070 0.408093 0.395422 0.406204 0.393781 0.401898 0.393102 0.399495 0.394648 0.393815 0.395617 0.389856 0.396680 0.387968 0.398234 0.386412
5 0.264862 0.265421 0.266451 0.260662 0.267370 0.257245 0.268542 0.253824 0.269628 0.252190 0.271552 0.249213 0.271971 0.248171 0.272974 0.245792 0.271971 0.242523 0.270633 0.240736 0.270130 0.239102 0.270130 0.236722 0.270549 0.234194 0.270716 0.231667 0.272641 0.230477 0.277992 0.228398 0.280167 0.228097 0.281505 0.227505 0.282258 0.226907 0.283513 0.226907 0.284685 0.227505 0.286440 0.229287 0.287862 0.229736 0.289451 0.230926 0.289786 0.231815 0.288615 0.233750 0.289117 0.236574 0.289786 0.238356 0.290289 0.239102 0.294135 0.243417 0.295141 0.245347 0.296060 0.247875 0.297482 0.249213 0.298234 0.249509 0.300159 0.249958 0.301747 0.249065 0.302833 0.247875 0.304172 0.246537 0.306180 0.246241 0.307185 0.247431 0.307685 0.248171 0.307854 0.250699 0.307102 0.253676 0.305930 0.255606 0.305846 0.258731 0.313482 0.260264 0.320240 0.259324 0.329609 0.255935 0.331867 0.255014 0.335161 0.254403 0.338458 0.254403 0.338576 0.257495 0.337128 0.258699 0.338625 0.260662 0.334927 0.262657 0.333021 0.267639 0.331565 0.271222 0.332805 0.279384 0.332911 0.283162 0.328773 0.291324 0.326078 0.298894 0.323729 0.301273 0.320708 0.300676 0.316117 0.295102 0.314661 0.288931 0.312872 0.285556 0.311190 0.283162 0.309284 0.286343 0.306763 0.290218 0.309732 0.300185 0.312461 0.307861 0.301453 0.316319 0.300797 0.313523 0.298464 0.310986 0.295224 0.306611 0.292633 0.299241 0.289523 0.293713 0.287193 0.291181 0.284859 0.287954 0.283305 0.285190 0.279419 0.280583 0.276180 0.277588 0.272812 0.274824 0.264003 0.267917
2 0.429427 0.373032 0.433945 0.385824 0.442534 0.412528 0.451602 0.441394 0.452721 0.446032 0.451969 0.448144 0.450430 0.450657 0.448591 0.442921 0.447086 0.440245 0.445286 0.433139 0.439039 0.412366 0.438044 0.408870 0.436135 0.409273 0.430984 0.392352 0.426609 0.376843 0.426031 0.374269 0.426901 0.372338 0.428492 0.371310 0.429068 0.371056
2 0.429393 0.401500 0.432789 0.399315 0.432971 0.399301 0.436135 0.409273 0.438044 0.408870 0.439039 0.412366 0.439786 0.415213 0.437815 0.413847 0.434156 0.411894 0.431401 0.410171 0.429992 0.408926 0.429508 0.407769 0.429240 0.404889
2 0.440565 0.403653 0.443469 0.400384 0.445596 0.398491 0.446953 0.396597 0.448211 0.394190 0.449758 0.390060 0.451018 0.386620 0.452180 0.383352 0.453339 0.381287 0.454211 0.380944 0.455180 0.381801 0.456919 0.386620 0.458953 0.392815 0.460307 0.401245 0.460201 0.422407 0.460492 0.430319 0.457008 0.427569 0.454781 0.424472 0.451685 0.421546 0.448297 0.419481 0.444203 0.417815 0.442534 0.412528 0.439956 0.404532
5 0.386349 0.323944 0.387763 0.329079 0.388346 0.333551 0.390766 0.336134 0.389990 0.340611 0.387346 0.339449 0.386409 0.338560 0.385096 0.337894 0.383346 0.337671 0.382284 0.337671 0.381159 0.338560 0.381034 0.338894 0.381471 0.341005 0.384375 0.346574 0.385391 0.348472 0.384846 0.349245 0.383719 0.349245 0.382797 0.348574 0.380005 0.347593 0.379180 0.345208 0.376857 0.342282 0.374437 0.341250 0.371823 0.341250 0.370276 0.341940 0.369018 0.342111 0.367456 0.343935 0.366872 0.343491 0.365784 0.344083 0.362857 0.345866 0.355857 0.337542 0.353932 0.333231 0.351424 0.319847 0.350461 0.313111 0.351924 0.311968 0.353159 0.312042 0.354807 0.309380 0.357505 0.304583 0.359781 0.304898 0.361281 0.304898 0.361951 0.303417 0.365073 0.302889 0.368917 0.299625 0.372513 0.297245 0.375279 0.295903 0.376698 0.295903 0.377667 0.298838 0.379997 0.305060 0.381812 0.310130 0.382979 0.317032 0.384146 0.320486
5 0.485034 0.426287 0.492536 0.424296 0.495000 0.423898 0.495560 0.425292 0.497016 0.424495 0.498471 0.424495 0.499031 0.424694 0.499591 0.425491 0.500039 0.427083 0.499703 0.428278 0.499143 0.430468 0.498359 0.432259 0.496120 0.432657 0.503510 0.479042 0.505750 0.488796 0.506534 0.489394 0.507542 0.491185 0.507766 0.492181 0.507990 0.494171 0.507766 0.495963 0.506646 0.496560 0.505526 0.496560 0.503174 0.494171 0.490297 0.499944 0.486714 0.500940 0.476859 0.493375 0.473948 0.487204 0.471596 0.485810 0.470924 0.481630 0.468349 0.478644 0.465214 0.477847 0.461630 0.474065 0.462526 0.466699 0.462862 0.458537 0.463534 0.453560 0.464430 0.448782 0.463310 0.444403 0.465102 0.440023 0.465885 0.439606 0.467453 0.440940 0.469010 0.443171 0.469760 0.444505 0.471138 0.446731 0.472201 0.448384 0.473513 0.449718 0.474385 0.450954 0.475326 0.451949 0.475885 0.452505 0.478919 0.446472 0.482201 0.442176 0.482883 0.440463 0.484240 0.426171
1 0.405724 0.296694 0.406737 0.299394 0.407315 0.301963 0.408471 0.304917 0.409844 0.306972 0.410930 0.309417 0.412664 0.311602 0.413677 0.313657 0.415122 0.315713 0.416857 0.317514 0.419344 0.320699 0.420883 0.323028 0.422612 0.326176 0.424245 0.330157 0.425510 0.334644 0.426023 0.337046 0.426299 0.339449 0.426299 0.341273 0.424904 0.339708 0.424432 0.337046 0.423878 0.333898 0.423268 0.330903 0.422055 0.327588 0.420370 0.324347 0.418042 0.321278 0.415802 0.318963 0.412859 0.314815 0.411320 0.312986 0.410063 0.310995 0.408378 0.307926 0.407820 0.306102 0.406888 0.304440 0.406281 0.302361 0.404836 0.298375 0.405044 0.296486
1 0.353807 0.220704 0.355104 0.223296 0.356240 0.225407 0.358721 0.228579 0.361154 0.233569 0.362719 0.237315 0.364232 0.239810 0.365419 0.240963 0.366284 0.241634 0.366878 0.242208 0.365651 0.243014 0.364393 0.243870 0.363852 0.243458 0.362664 0.241347 0.361477 0.239426 0.359857 0.237505 0.358831 0.235583 0.357211 0.233282 0.355646 0.230111 0.354456 0.228097 0.353268 0.226079 0.352568 0.225505 0.351971 0.224546 0.351758 0.223681 0.351758 0.222815 0.351919 0.221759 0.352081 0.221375 0.352513 0.220991 0.353268 0.220801
5 0.339948 0.240028 0.340326 0.237907 0.340919 0.236755 0.342161 0.235222 0.343240 0.234069 0.344214 0.232639 0.345076 0.232148 0.347560 0.233588 0.349451 0.234556 0.351612 0.235134 0.353339 0.235315 0.353878 0.236287 0.357836 0.242065 0.361195 0.245250 0.362552 0.244731 0.364393 0.243870 0.365651 0.243014 0.368167 0.242153 0.369133 0.242153 0.370586 0.242153 0.372521 0.244218 0.373005 0.245588 0.374167 0.247653 0.374937 0.247824 0.377260 0.247824 0.379393 0.249889 0.380359 0.249718 0.377940 0.243699 0.378617 0.241458 0.381133 0.241116 0.388391 0.240940 0.391393 0.241806 0.394391 0.243005 0.396716 0.244042 0.398651 0.246972 0.399135 0.249889 0.400583 0.254537 0.401555 0.259699 0.401841 0.262963 0.404073 0.266583 0.405135 0.269157 0.406102 0.270884 0.406005 0.272259 0.404747 0.273120 0.403781 0.275532 0.404135 0.281060 0.404656 0.283824 0.406211 0.287273 0.406729 0.290727 0.405951 0.294412 0.405044 0.296486 0.404266 0.301097 0.403617 0.306394 0.403747 0.308699 0.406339 0.315139 0.406987 0.321130 0.407117 0.329657 0.409346 0.340435 0.411281 0.344912 0.413602 0.350931 0.416508 0.354894 0.417961 0.357639 0.419122 0.359542 0.418253 0.360051 0.415055 0.360222 0.410607 0.360051 0.405669 0.358847 0.404990 0.357306 0.404990 0.353338 0.404607 0.349037 0.402958 0.347838 0.400247 0.348356 0.398602 0.348528 0.395701 0.347838 0.394346 0.346801 0.393281 0.344736 0.391247 0.343366 0.389990 0.340611 0.390766 0.336134 0.388346 0.333551 0.387763 0.329079 0.386349 0.323944 0.384146 0.320486 0.382979 0.317032 0.381812 0.310130 0.379997 0.305060 0.377667 0.298838 0.376698 0.295903 0.375279 0.295903 0.372513 0.297245 0.368917 0.299625 0.365073 0.302889 0.361951 0.303417 0.357271 0.290630 0.351417 0.272931 0.342339 0.243958 0.341745 0.242227 0.340503 0.241750
5 0.338469 0.252616 0.339068 0.250218 0.340268 0.249153 0.341016 0.249153 0.348961 0.273667 0.357505 0.304583 0.354807 0.309380 0.353159 0.312042 0.351958 0.312042 0.350461 0.313111 0.348961 0.319773 0.348661 0.320838 0.347013 0.321370 0.345065 0.322171 0.343115 0.322435 0.341016 0.322171 0.338768 0.321639 0.337719 0.321102 0.335771 0.319773 0.334570 0.317907 0.333820 0.315509 0.333672 0.312574 0.335169 0.308310 0.335620 0.304847 0.334422 0.301384 0.332622 0.296319 0.332023 0.294190 0.331872 0.290991 0.332172 0.286194 0.332911 0.283162 0.332805 0.279384 0.331565 0.271222 0.333021 0.267639 0.334927 0.262657 0.338625 0.260662 0.337128 0.258699 0.338576 0.257495 0.338458 0.254403
5 0.264003 0.267917 0.272812 0.274824 0.276180 0.277588 0.279419 0.280583 0.283305 0.285190 0.284859 0.287954 0.287193 0.291181 0.289523 0.293713 0.292633 0.299241 0.295224 0.306611 0.298464 0.310986 0.300797 0.313523 0.302091 0.318819 0.305589 0.323657 0.314271 0.332639 0.314659 0.336782 0.312844 0.341162 0.310643 0.344384 0.308570 0.348069 0.305070 0.350602 0.303258 0.353366 0.301909 0.357352 0.300005 0.358551 0.298102 0.358343 0.295083 0.356755 0.291391 0.353782 0.285456 0.349981 0.283099 0.346412 0.280081 0.343417 0.270000 0.334870 0.253648 0.322319 0.246602 0.317944 0.239760 0.312759 0.237974 0.310181 0.237974 0.307787 0.238310 0.305000 0.240214 0.301819 0.241563 0.296847 0.246031 0.292861 0.248948 0.289477 0.250294 0.285282 0.252638 0.281319 0.254104 0.277130 0.255333 0.275148 0.258237 0.275333 0.259701 0.275745 0.262044 0.275745 0.262497 0.272153
1 0.591078 0.567519 0.593898 0.567005 0.597294 0.566102 0.599464 0.565718 0.602211 0.565588 0.603440 0.565847 0.604958 0.567773 0.606404 0.570088 0.607922 0.571500 0.610091 0.573301 0.611464 0.573815 0.618042 0.572657 0.620427 0.572144 0.621656 0.572144 0.621802 0.573944 0.620068 0.574069 0.615440 0.574583 0.610018 0.575356 0.608138 0.574843 0.605969 0.571370 0.603872 0.569315 0.602862 0.568287 0.601344 0.567903 0.598669 0.567903 0.594982 0.568671 0.592161 0.569704 0.590500 0.570088 0.589417 0.569704 0.589271 0.568801 0.589633 0.567903
2 0.495380 0.500412 0.500607 0.500412 0.503703 0.500069 0.505831 0.499727 0.507961 0.498694 0.510768 0.497491 0.512992 0.495597 0.515703 0.494218 0.517253 0.494046 0.519091 0.494046 0.520057 0.494394 0.520930 0.496282 0.524122 0.504542 0.524510 0.506606 0.524414 0.507981 0.523253 0.509190 0.517154 0.513491 0.512411 0.515556 0.509992 0.516759 0.508057 0.517102 0.493542 0.506606 0.492185 0.504889 0.492865 0.502477 0.493831 0.501102
2 0.523089 0.499509 0.525734 0.501139 0.527786 0.502389 0.530161 0.503542 0.531836 0.504787 0.532969 0.505171 0.534211 0.505556 0.535346 0.505556 0.536372 0.505653 0.536966 0.504787 0.537182 0.500278 0.536750 0.499699 0.535453 0.499509 0.532159 0.498741 0.529135 0.498454 0.525193 0.496917 0.523089 0.496245 0.521414 0.495574 0.520930 0.496282 0.522115 0.499125
2 0.538398 0.530995 0.536307 0.533375 0.533964 0.534417 0.532125 0.534861 0.524596 0.529361 0.521836 0.527579 0.522255 0.526088 0.524010 0.523713 0.525099 0.523264 0.525016 0.521630 0.526271 0.519250 0.528445 0.517019 0.529951 0.516574 0.531206 0.518806 0.532125 0.519694 0.533380 0.520588 0.534885 0.521032 0.535888 0.521630 0.537143 0.522222 0.538315 0.523713 0.540125 0.525852 0.542008 0.527333 0.542831 0.527755 0.541659 0.529657
1 0.422604 0.365245 0.423833 0.364986 0.423977 0.367042 0.424990 0.370898 0.425784 0.372699 0.426031 0.374269 0.426609 0.376843 0.430122 0.389403 0.429471 0.390690 0.427953 0.391588 0.427302 0.392745 0.427159 0.396218 0.427521 0.399944 0.428099 0.403028 0.428099 0.405213 0.427880 0.407009 0.426870 0.407009 0.426146 0.404829 0.425352 0.402000 0.424990 0.398917 0.424628 0.395704 0.424484 0.392616 0.423760 0.390306 0.422677 0.388505 0.422531 0.384778 0.422820 0.382208 0.422315 0.379764 0.422779 0.374199 0.422391 0.368694
9 0.698339 0.625972 0.700263 0.625671 0.703190 0.626417 0.704362 0.627458 0.705451 0.628796 0.705784 0.631472 0.705784 0.633259 0.705701 0.635634 0.705031 0.638162 0.704362 0.639653 0.703609 0.642625 0.702940 0.643815 0.701685 0.644259 0.700766 0.644407 0.699177 0.644407 0.697755 0.643963 0.696417 0.643667 0.695495 0.643069 0.694659 0.641435 0.693990 0.639500 0.693656 0.635190 0.693740 0.632958 0.693990 0.630579 0.694742 0.627903 0.695831 0.626417 0.696917 0.625972
8 0.716794 0.644727 0.726510 0.661542 0.733766 0.676514 0.736875 0.682731 0.734284 0.681579 0.730914 0.679278 0.726898 0.672366 0.719255 0.657625 0.715885 0.651176 0.714979 0.648875 0.714591 0.647264 0.714591 0.645421 0.715758 0.644727
8 0.636490 0.580866 0.639177 0.604153 0.639672 0.613292 0.639492 0.614866 0.638617 0.613968 0.636995 0.612972 0.636367 0.611741 0.635617 0.597306 0.634620 0.590856 0.634487 0.587630 0.633927 0.584528 0.633768 0.582694 0.633768 0.581361 0.633961 0.580046 0.634049 0.579551 0.634430 0.579051 0.634755 0.578954 0.635315 0.578954 0.635831 0.578954 0.636201 0.579787
5 0.345365 0.324097 0.348461 0.334593 0.350495 0.340958 0.352885 0.348699 0.354336 0.351454 0.358112 0.364528 0.362271 0.374611 0.364013 0.376745 0.364305 0.370380 0.364013 0.366421 0.362370 0.360917 0.360531 0.356444 0.358594 0.352486 0.356466 0.348356 0.353174 0.340958 0.351047 0.333731 0.349690 0.328917 0.348529 0.325301 0.348047 0.323755 0.347013 0.321370 0.345065 0.322171
5 0.352018 0.363199 0.350646 0.363199 0.346885 0.355361 0.342333 0.347523 0.333852 0.331634 0.333203 0.329903 0.334242 0.329259 0.340549 0.340069 0.352258 0.361778 0.352750 0.363019
8 0.337263 0.325764 0.340357 0.330819 0.343534 0.337810 0.353906 0.357884 0.362271 0.374611 0.367648 0.385153 0.371414 0.393301 0.370828 0.395088 0.370745 0.395681 0.369909 0.396130 0.369323 0.395977 0.367648 0.394639 0.359117 0.377838 0.352258 0.361778 0.340549 0.340069 0.334242 0.329259 0.332302 0.325958 0.331943 0.323130 0.332159 0.322106 0.332737 0.321838 0.334250 0.321838 0.335555 0.322356 0.336276 0.323639
8 0.340341 0.247894 0.340232 0.247315 0.340125 0.245972 0.339964 0.243861 0.340503 0.241750 0.341745 0.242227 0.342339 0.243958 0.351417 0.272931 0.357271 0.290630 0.361951 0.303417 0.361281 0.304898 0.359781 0.304898 0.357505 0.304583 0.348961 0.273667 0.341016 0.249153
9 0.313885 0.318296 0.316198 0.318940 0.317427 0.320222 0.318656 0.322537 0.318875 0.325366 0.319091 0.328579 0.318367 0.331403 0.317716 0.334102 0.316633 0.335773 0.314659 0.336782 0.314271 0.332639 0.305589 0.323657 0.307669 0.320995 0.309982 0.319583 0.311646 0.318810
2 0.381471 0.341005 0.384375 0.346574 0.388380 0.352819 0.395625 0.350051 0.395701 0.347838 0.394346 0.346801 0.393281 0.344736 0.391247 0.343366 0.389990 0.340611 0.387346 0.339449 0.386409 0.338560 0.385096 0.337894 0.383346 0.337671 0.382284 0.337671 0.381159 0.338560 0.381034 0.338894
2 0.312839 0.309810 0.315432 0.316204 0.317427 0.320222 0.318656 0.322537 0.319781 0.324528 0.320617 0.326907 0.322458 0.327801 0.325133 0.327505 0.325719 0.323935 0.324966 0.321111 0.316576 0.302218 0.316615 0.301361 0.316615 0.299926 0.316117 0.295102 0.314661 0.288931 0.312872 0.285556 0.311190 0.283162 0.309284 0.286343 0.306826 0.290329 0.309732 0.300185 0.312461 0.307861
2 0.409857 0.332685 0.413922 0.340083 0.418122 0.349060 0.420938 0.355292 0.421964 0.358731 0.419122 0.359542 0.417698 0.354120 0.414435 0.348907 0.411677 0.341769 0.408307 0.335602 0.407117 0.329657 0.407047 0.326495 0.409122 0.331134
