0 0.458867 0.180745 0.447370 0.187745 0.443372 0.192523 0.442016 0.196199 0.441742 0.200097 0.441596 0.204083 0.441784 0.211472 0.438661 0.214949 0.435531 0.218769 0.432094 0.218403 0.425940 0.227722 0.422503 0.232310 0.419948 0.236986 0.418049 0.244014 0.417487 0.252546 0.417000 0.261616 0.417081 0.266611 0.417435 0.271690 0.418698 0.277069 0.422276 0.284000 0.423635 0.285537 0.424284 0.280157 0.425148 0.272287 0.427310 0.266144 0.430253 0.260468 0.432693 0.256870 0.437573 0.252907 0.448523 0.247764 0.451953 0.260185 0.451487 0.261671 0.446815 0.269231 0.442414 0.278546 0.441672 0.282370 0.441133 0.284574 0.440307 0.289042 0.436474 0.288898 0.434297 0.288898 0.433773 0.290190 0.433812 0.292199 0.434339 0.294278 0.436323 0.300481 0.437599 0.303685 0.436948 0.309917 0.437042 0.315227 0.438581 0.319625 0.447784 0.328676 0.450888 0.329199 0.454112 0.325389 0.456740 0.324241 0.460492 0.324810 0.462776 0.321958 0.461927 0.317727 0.458599 0.309838 0.456862 0.303542 0.457323 0.298940 0.457977 0.293630 0.460500 0.281681 0.461617 0.279269 0.461849 0.276370 0.462190 0.273366 0.468615 0.275477 0.474503 0.275958 0.473854 0.289398 0.474562 0.308306 0.467451 0.322880 0.466682 0.325380 0.466802 0.331921 0.471438 0.331333 0.474286 0.336551 0.476060 0.338630 0.479096 0.337963 0.482596 0.335565 0.484354 0.333574 0.489115 0.332569 0.491906 0.329931 0.493818 0.322292 0.493750 0.317394 0.495773 0.314917 0.497161 0.311250 0.498799 0.307704 0.498625 0.304301 0.497789 0.302685 0.495836 0.301139 0.493258 0.301074 0.493396 0.292773 0.493258 0.288245 0.492523 0.286574 0.492393 0.281991 0.490620 0.274440 0.488286 0.269546 0.488753 0.265727 0.492563 0.259032 0.494063 0.262477 0.498044 0.269208 0.501620 0.275958 0.502268 0.283542 0.502758 0.297079 0.502654 0.300431 0.506669 0.297199 0.509188 0.292713 0.512081 0.286333 0.513237 0.279514 0.512948 0.275148 0.513042 0.270009 0.514068 0.260954 0.513086 0.254069 0.509120 0.236639 0.503984 0.235731 0.499596 0.232986 0.496331 0.228176 0.497542 0.222032 0.498440 0.215245 0.498721 0.208616 0.495487 0.194352 0.481167 0.178014
2 0.514688 0.521880 0.538714 0.523755 0.537000 0.530944 0.515411 0.528370
5 0.532354 0.449407 0.530758 0.443750 0.530245 0.442093 0.528984 0.441097 0.527583 0.443338 0.524456 0.450968 0.521237 0.459597 0.524177 0.461838 0.525880 0.461227 0.527203 0.460046 0.532500 0.460926
2 0.508292 0.519787 0.514589 0.520269 0.514688 0.521880 0.515411 0.528370 0.515573 0.530667 0.516266 0.536491 0.516396 0.540333 0.505518 0.537120 0.506604 0.535106 0.507388 0.529963 0.505159 0.527338 0.505323 0.524259 0.507979 0.524213
9 0.550698 0.793296 0.551836 0.792477 0.553391 0.792653 0.556143 0.793579 0.558016 0.796162 0.559729 0.799745 0.560247 0.804843 0.559570 0.808431 0.557958 0.812856 0.555740 0.814597
2 0.585430 0.769602 0.578984 0.782361 0.585492 0.792736 0.588758 0.787593 0.593049 0.773565
2 0.559992 0.758213 0.554940 0.758676 0.554419 0.762565 0.554549 0.766176 0.554836 0.768028 0.557852 0.771829 0.565430 0.777523 0.566081 0.776134 0.566003 0.764838 0.563451 0.762801 0.561055 0.762153
1 0.472740 0.454958 0.476375 0.472921 0.478906 0.495287 0.481214 0.519380 0.481305 0.528727 0.480990 0.534875 0.480195 0.542694 0.478880 0.550579 0.476560 0.562241 0.479042 0.563972 0.480807 0.548435 0.480859 0.546583 0.482661 0.533731 0.483148 0.527417 0.482964 0.519236 0.481628 0.504069 0.480250 0.490551 0.478849 0.477731 0.477664 0.469630 0.476187 0.464213 0.474714 0.457870 0.474544 0.457231
5 0.508630 0.448773 0.505875 0.451944 0.507362 0.454921 0.505612 0.457204 0.507148 0.464981 0.504948 0.466667 0.508568 0.468440 0.507346 0.471412 0.510885 0.473056 0.513802 0.472593 0.514974 0.472222 0.516380 0.472546 0.517578 0.474537 0.520635 0.472597 0.518865 0.469639 0.519612 0.466653 0.522091 0.462255 0.524833 0.463148 0.525880 0.461227 0.524177 0.461838 0.521237 0.459597 0.521789 0.458375
2 0.572552 0.547639 0.574005 0.550648 0.575812 0.551963 0.577016 0.553088 0.577891 0.554694 0.577802 0.556407 0.579812 0.556171 0.585516 0.553468 0.587138 0.552852 0.586971 0.541519 0.586490 0.523093 0.579062 0.523731 0.577708 0.527546 0.577102 0.536926 0.576357 0.540741 0.574581 0.543972
1 0.548357 0.545648 0.551924 0.547546 0.556143 0.549769 0.560466 0.552778 0.562914 0.554722 0.566151 0.556356 0.571073 0.560245 0.582359 0.567579 0.585266 0.569685 0.584979 0.570611 0.571466 0.562176 0.565367 0.557898 0.561406 0.555218 0.555117 0.550713 0.548997 0.547056
2 0.574581 0.543972 0.572690 0.545782 0.569935 0.546463 0.568680 0.546403 0.567807 0.544356 0.568716 0.542806 0.568505 0.540449 0.568156 0.533569 0.569552 0.529792 0.572865 0.527375 0.576594 0.520926 0.578859 0.516403 0.588448 0.514546 0.590294 0.523657 0.589180 0.529421 0.586669 0.532889 0.586490 0.523093 0.579062 0.523731 0.577708 0.527546 0.577102 0.536926 0.576357 0.540741
2 0.572865 0.527375 0.570893 0.527634 0.568422 0.526060 0.567346 0.523653 0.568654 0.518838 0.573273 0.514361 0.578969 0.511537 0.585456 0.510046 0.585784 0.514940 0.578859 0.516403 0.576594 0.520926
1 0.544625 0.540245 0.544391 0.541912 0.537940 0.539935 0.535122 0.539074 0.526896 0.534935 0.524531 0.534060 0.522401 0.533926 0.515573 0.530667 0.515411 0.528370 0.524406 0.530954 0.535823 0.535829 0.538523 0.537194
2 0.536698 0.411792 0.532964 0.415773 0.554365 0.463185 0.566849 0.489866 0.568471 0.490671 0.571612 0.485023 0.553859 0.448505
2 0.518219 0.531907 0.516266 0.536491 0.516396 0.540333 0.505518 0.537120 0.509823 0.541620 0.515318 0.546685 0.517664 0.543551 0.521669 0.539949 0.522401 0.533926
2 0.505141 0.538324 0.503839 0.539481 0.508503 0.557088 0.510885 0.552625 0.514753 0.547468
5 0.669591 0.675940 0.667815 0.672787 0.666362 0.670991 0.664951 0.670560 0.663055 0.671065 0.660958 0.670060 0.659385 0.671134 0.658094 0.675440 0.657813 0.682250 0.657367 0.686125 0.657893 0.692866 0.658938 0.698213 0.661531 0.708324 0.663966 0.713208 0.666344 0.717208 0.668219 0.717653 0.670966 0.716880
1 0.473594 0.452824 0.467974 0.428926 0.463706 0.417713 0.456094 0.401009 0.453500 0.396880 0.446698 0.388528 0.432872 0.382769 0.430010 0.382000 0.424448 0.375856 0.417753 0.365870 0.411542 0.355694 0.405279 0.348014 0.397828 0.338222 0.396370 0.339856 0.406521 0.353009 0.411164 0.358384 0.419805 0.371343 0.426284 0.380463 0.430281 0.384495 0.439461 0.387759 0.446427 0.391505 0.454365 0.403023 0.463870 0.421935 0.472083 0.450926
5 0.453305 0.457366 0.453828 0.453273 0.454630 0.449556 0.452539 0.447199 0.453536 0.443014 0.455435 0.436204 0.456284 0.432690 0.456927 0.431329 0.458138 0.431185 0.463010 0.428005 0.464542 0.434750 0.464643 0.437324 0.462844 0.439407 0.463130 0.441954 0.462505 0.442602 0.462818 0.445787 0.466247 0.465060 0.465807 0.467176
13 0.409141 0.315602 0.410388 0.320315 0.415521 0.325972 0.419865 0.328991 0.422852 0.329236 0.425958 0.327282 0.429060 0.325097 0.431669 0.320778 0.432466 0.314301 0.431497 0.307542 0.429437 0.303880 0.426010 0.301153 0.425120 0.306241 0.420727 0.307681 0.418383 0.306963 0.418521 0.299394 0.413620 0.299148 0.410865 0.302296 0.408760 0.306282 0.408667 0.310097
2 0.446698 0.388528 0.444951 0.374222 0.444784 0.367532 0.449885 0.363815 0.453398 0.377495 0.456326 0.386565 0.456745 0.396380 0.454318 0.398310 0.453500 0.396880
2 0.519190 0.393069 0.525779 0.403667 0.528643 0.408338 0.532964 0.415773 0.554365 0.463185 0.557943 0.470875 0.556091 0.474157 0.552044 0.465403 0.540289 0.439949 0.532698 0.423208 0.518000 0.397921 0.517820 0.396097
5 0.462190 0.273366 0.468615 0.275477 0.474503 0.275958 0.473854 0.289398 0.473005 0.307898 0.467292 0.304213 0.462682 0.301157 0.457323 0.298940 0.457977 0.293630 0.460500 0.281681 0.461617 0.279269 0.461849 0.276370
2 0.462682 0.301157 0.462411 0.306324 0.461807 0.308833 0.461807 0.310773 0.461927 0.317727 0.462776 0.321958 0.464792 0.323463 0.465477 0.322102 0.466487 0.313856 0.467333 0.308977 0.467292 0.304213
5 0.448523 0.247764 0.446281 0.250338 0.443669 0.255231 0.442268 0.259463 0.440914 0.264111 0.440365 0.269389 0.440065 0.274963 0.440667 0.275866 0.442414 0.278546 0.446815 0.269231 0.451487 0.261671 0.451953 0.260185
5 0.495211 0.273708 0.498044 0.269208 0.501620 0.275958 0.502268 0.283542 0.502758 0.297079 0.501190 0.304565 0.498799 0.307704 0.498625 0.304301 0.497789 0.302685 0.495836 0.301139 0.493258 0.301074 0.493396 0.292773 0.493258 0.288245 0.492523 0.286574 0.492393 0.281991 0.495286 0.276019
2 0.598914 0.654556 0.600971 0.655486 0.595414 0.708838 0.593703 0.721861 0.590893 0.722380 0.592341 0.706921
2 0.446555 0.452167 0.445490 0.456935 0.451581 0.461657 0.464721 0.472569 0.465911 0.467037
9 0.606961 0.590981 0.605044 0.589741 0.601872 0.589120 0.598526 0.590606 0.597339 0.594204 0.596286 0.601676 0.596128 0.605190 0.597484 0.610185 0.602005 0.608611 0.603854 0.608843 0.606063 0.609407 0.607549 0.609407 0.609125 0.607852 0.608711 0.601819 0.608589 0.598449 0.608227 0.594648
2 0.515341 0.646912 0.518164 0.648273 0.520604 0.648708 0.521956 0.648236 0.523253 0.650338 0.517000 0.662245 0.512039 0.652852
1 0.502917 0.631500 0.504091 0.631500 0.508724 0.636806 0.511654 0.640125 0.514904 0.643755 0.516833 0.646116 0.518190 0.646597 0.519846 0.646329 0.524607 0.644505 0.533240 0.640370 0.541698 0.634833 0.547096 0.629454 0.549615 0.625213 0.551107 0.628037 0.549055 0.631106 0.544201 0.636412 0.536510 0.641926 0.526469 0.646630 0.520604 0.648708 0.518164 0.648273 0.515341 0.646912 0.512831 0.644801 0.504768 0.635116
2 0.518854 0.587894 0.518432 0.592606 0.522086 0.593583 0.525432 0.594079 0.531690 0.594634 0.548591 0.598282 0.561495 0.600477 0.566654 0.600907 0.564766 0.596093 0.526667 0.588764 0.523250 0.588412 0.521516 0.587907
2 0.522401 0.533926 0.524531 0.534060 0.524315 0.538690 0.524055 0.565583 0.518312 0.570315
2 0.502318 0.550694 0.497833 0.556162 0.493948 0.560750 0.493789 0.563046 0.491411 0.567347 0.490979 0.562602 0.481602 0.563019 0.475391 0.565005 0.482128 0.582037 0.494654 0.575245 0.500878 0.566616 0.505310 0.562907 0.503859 0.559528
2 0.517852 0.391227 0.518755 0.391750 0.519190 0.393069 0.525779 0.403667 0.528643 0.408338 0.532964 0.415773 0.536698 0.411792 0.536784 0.409333 0.535471 0.404819 0.533633 0.399843 0.532672 0.398130 0.532146 0.395486 0.529784 0.391282 0.527857 0.388792 0.526544 0.385991 0.523568 0.381324 0.520594 0.375412 0.519893 0.373546 0.520547 0.373102 0.520664 0.370394 0.520078 0.368315 0.517734 0.367481 0.515391 0.367065 0.511643 0.366231 0.510003 0.365815 0.507424 0.365190 0.504495 0.364565 0.502034 0.362898 0.500745 0.360398 0.499477 0.358759 0.498539 0.359269 0.496768 0.354917 0.494536 0.357481 0.492661 0.358731 0.492310 0.362065 0.494068 0.366231 0.495357 0.370602 0.496878 0.375185 0.501096 0.379144 0.512346 0.389977 0.513398 0.390810
2 0.409141 0.315602 0.404721 0.323838 0.397828 0.338222 0.396370 0.339856 0.396068 0.341491 0.389794 0.353981 0.388349 0.349602 0.388609 0.347194 0.390328 0.345481 0.391216 0.343870 0.394060 0.337324 0.398271 0.328981 0.408667 0.310097
5 0.376789 0.318171 0.386922 0.345718 0.388349 0.349602 0.388609 0.347194 0.390328 0.345481 0.391216 0.343870 0.394078 0.337380 0.394078 0.337380 0.396234 0.333162 0.394479 0.331676 0.393893 0.329889 0.392805 0.327958 0.391299 0.327662 0.386628 0.322481 0.384154 0.320130 0.380003 0.317028
8 0.522086 0.593583 0.525432 0.594079 0.516260 0.626153 0.511654 0.640125 0.508724 0.636806 0.516734 0.611866
5 0.526409 0.428093 0.523518 0.428139 0.521383 0.429157 0.518414 0.430361 0.516852 0.432352 0.515706 0.435130 0.516201 0.437954 0.516930 0.441981 0.518177 0.445787 0.519268 0.448222 0.521146 0.451296 0.522240 0.452454 0.524456 0.450968 0.525339 0.448750 0.523542 0.443102 0.521875 0.439769 0.520052 0.437546 0.519297 0.436250 0.519531 0.435880 0.521771 0.435417 0.522865 0.432176 0.524974 0.432685 0.526685 0.431102
8 0.535122 0.539074 0.537940 0.539935 0.534771 0.554958 0.533526 0.559593 0.529193 0.577431 0.525708 0.576500 0.526667 0.573551
1 0.482581 0.422458 0.497302 0.423537 0.505172 0.423736 0.505495 0.425458 0.493758 0.425745 0.482141 0.423736
10 0.559297 0.520347 0.560503 0.530417 0.561135 0.537005 0.560516 0.539356 0.558862 0.540940 0.556523 0.539648 0.550190 0.535486 0.546841 0.514690 0.548937 0.513259 0.552729 0.512977 0.554182 0.515699 0.557086 0.517491
8 0.450789 0.356722 0.454724 0.355389 0.465352 0.397875 0.463789 0.399319 0.467596 0.424037
8 0.466693 0.402745 0.474146 0.431833 0.480966 0.455509 0.485549 0.472870 0.488380 0.484394 0.498958 0.522963 0.503839 0.539481 0.508503 0.557088 0.506362 0.560301 0.503859 0.559528 0.502318 0.550694 0.494466 0.517486 0.485469 0.487963 0.474307 0.445995 0.474490 0.441551 0.473805 0.436778 0.471073 0.421648 0.470424 0.421157 0.469042 0.422222 0.468729 0.420037 0.467753 0.411569
2 0.501812 0.436181 0.499937 0.435162 0.498219 0.436736 0.496630 0.440486 0.496214 0.443449 0.495953 0.446875 0.497125 0.446829 0.497958 0.449144 0.500719 0.449005 0.501500 0.447477 0.502802 0.446134 0.502854 0.440810
5 0.478245 0.443986 0.480016 0.440884 0.489253 0.442481 0.491794 0.448505 0.492883 0.452162 0.493091 0.454069 0.494680 0.456894 0.495510 0.459718 0.495510 0.461463 0.494956 0.463958 0.489776 0.459810 0.489776 0.459810 0.488513 0.456991 0.482495 0.454583 0.480966 0.455509
5 0.536349 0.451398 0.534448 0.443440 0.540656 0.440944 0.545031 0.450255 0.545031 0.456593 0.544578 0.459486 0.544036 0.465968 0.543383 0.466398 0.542708 0.465565 0.539266 0.463644 0.538940 0.460611
5 0.480966 0.455509 0.485549 0.472870 0.489552 0.479588 0.490682 0.477153 0.496104 0.472389 0.500148 0.471273 0.501508 0.472014 0.503031 0.470759 0.494956 0.463958 0.489776 0.459810 0.488513 0.456991 0.482495 0.454583
5 0.529193 0.577431 0.533526 0.559593 0.547997 0.584843 0.548375 0.593000 0.526667 0.588764 0.528846 0.580407 0.530971 0.579417 0.531250 0.578051
5 0.557997 0.563208 0.553464 0.567949 0.561583 0.588528 0.564766 0.596093 0.566654 0.600907 0.580990 0.623412 0.582133 0.623644 0.584755 0.621134 0.586609 0.620199 0.564867 0.558315
5 0.546143 0.541796 0.542956 0.545125 0.540836 0.548597 0.538049 0.551514 0.534771 0.554958 0.533526 0.559593 0.547997 0.584843 0.553484 0.593940 0.557076 0.594560 0.561583 0.588528 0.553464 0.567949 0.557997 0.563208
5 0.381406 0.283398 0.376487 0.285838 0.367612 0.292722 0.372969 0.306546 0.375865 0.301514 0.378042 0.295088 0.376951 0.290551 0.379474 0.290278 0.380516 0.287116
5 0.417081 0.266611 0.408372 0.269963 0.398924 0.274421 0.394763 0.276875 0.393690 0.278782 0.391487 0.279329 0.388583 0.279542 0.385276 0.283199 0.383307 0.291495 0.385055 0.295620 0.381979 0.296903 0.382398 0.297764 0.383570 0.298968 0.379404 0.308426 0.383930 0.306352 0.385378 0.307431 0.386451 0.307181 0.387383 0.306185 0.388596 0.310333 0.389604 0.307616 0.392023 0.306829 0.392750 0.307690 0.394565 0.307116 0.396419 0.307759 0.398156 0.302093 0.398799 0.301593 0.400172 0.304750 0.401060 0.304894 0.403117 0.303602 0.403398 0.302023 0.406021 0.301736 0.406182 0.303384 0.405617 0.304032 0.405497 0.305606 0.403479 0.305394 0.403359 0.306829 0.403802 0.308907 0.408682 0.304389 0.412310 0.297838 0.413620 0.299148 0.418521 0.299394 0.422956 0.292005 0.417206 0.285815 0.415633 0.285458 0.413495 0.287824 0.410872 0.288181 0.409099 0.290407 0.406638 0.292917 0.404943 0.294565 0.405023 0.296000 0.404904 0.299009 0.391833 0.289116 0.392036 0.284954 0.393367 0.282519 0.396716 0.280509 0.399943 0.279579 0.401797 0.281227 0.403693 0.281440 0.404701 0.282231 0.408411 0.281727 0.413818 0.280079 0.418698 0.277069 0.417435 0.271690
5 0.417000 0.261616 0.394615 0.270792 0.389258 0.272745 0.384526 0.276241 0.382565 0.278819 0.380516 0.287116 0.379474 0.290278 0.376951 0.290551 0.378042 0.295088 0.375865 0.301514 0.372969 0.306546 0.374565 0.310884 0.379992 0.303333 0.381979 0.296903 0.385055 0.295620 0.383307 0.291495 0.385276 0.283199 0.388583 0.279542 0.391487 0.279329 0.393690 0.278782 0.394763 0.276875 0.398924 0.274421 0.408372 0.269963 0.417081 0.266611
5 0.388596 0.310333 0.386169 0.321204 0.386169 0.321204 0.387909 0.322745 0.393799 0.325259 0.396823 0.325759 0.399589 0.320458 0.404245 0.312134 0.403802 0.308907 0.403359 0.306829 0.403479 0.305394 0.405497 0.305606 0.405617 0.304032 0.406182 0.303384 0.406021 0.301736 0.403398 0.302023 0.403117 0.303602 0.401060 0.304894 0.400172 0.304750 0.398799 0.301593 0.398156 0.302093 0.396419 0.307759 0.394565 0.307116 0.392750 0.307690 0.392023 0.306829 0.389604 0.307616
5 0.376789 0.318171 0.376323 0.315477 0.377956 0.311662 0.379404 0.311662 0.379404 0.308426 0.383930 0.306352 0.385378 0.307431 0.386451 0.307181 0.387383 0.306185 0.388596 0.310333 0.386169 0.321204 0.384154 0.320130 0.380003 0.317028
5 0.418698 0.277069 0.413818 0.280079 0.408411 0.281727 0.404701 0.282231 0.403693 0.281440 0.401797 0.281227 0.399943 0.279579 0.396716 0.280509 0.393367 0.282519 0.392036 0.284954 0.391833 0.289116 0.404904 0.299009 0.405023 0.296000 0.404943 0.294565 0.406638 0.292917 0.409099 0.290407 0.410872 0.288181 0.413495 0.287824 0.415633 0.285458 0.417206 0.285815 0.422956 0.292005 0.427203 0.295435 0.430958 0.299412 0.433607 0.302037 0.435237 0.302088 0.436323 0.300481 0.434339 0.294278 0.432320 0.294134 0.432276 0.293310 0.428391 0.293407 0.426388 0.291296 0.424555 0.288509 0.423635 0.285537 0.422276 0.284000
5 0.471268 0.514866 0.469375 0.516343 0.466901 0.518704 0.464453 0.522269 0.462422 0.526250 0.461198 0.532639 0.467474 0.547500 0.468984 0.548148 0.472552 0.547685 0.475130 0.546574 0.475479 0.544815 0.474398 0.528398
1 0.442289 0.458875 0.441977 0.459940 0.448982 0.465819 0.456003 0.472106 0.463667 0.477917 0.464578 0.479074 0.470685 0.484218 0.470763 0.482134 0.465060 0.477181 0.464096 0.476162 0.455414 0.469315
5 0.441133 0.284574 0.439352 0.282079 0.437513 0.279773 0.435732 0.275551 0.433573 0.279579 0.432760 0.285630 0.432276 0.293310 0.432320 0.294134 0.434339 0.294278 0.433812 0.292199 0.433773 0.290190 0.434297 0.288898 0.436474 0.288898 0.440307 0.289042
2 0.540289 0.439949 0.540224 0.440657 0.533422 0.429810 0.517922 0.411759 0.520083 0.408880 0.532698 0.423208
2 0.470273 0.384509 0.469544 0.387472 0.481005 0.392375 0.510440 0.404190 0.518669 0.408134 0.520083 0.408880 0.524977 0.409935 0.522266 0.405046 0.511383 0.400583 0.492279 0.393259 0.484628 0.390032
5 0.442328 0.485495 0.448568 0.489185 0.449195 0.489398 0.450102 0.489833 0.454461 0.493056 0.455503 0.494097 0.459849 0.497870 0.460607 0.501611 0.461141 0.503519 0.461870 0.505556 0.463510 0.508241 0.468581 0.513713 0.471268 0.514866 0.469375 0.516343 0.466901 0.518704 0.464453 0.522269 0.462422 0.526250 0.461198 0.532639
7 0.522086 0.593583 0.518919 0.598773 0.514813 0.596616 0.512339 0.595120 0.510474 0.592634 0.508792 0.586245 0.507346 0.581681 0.508885 0.574630 0.515281 0.567991 0.518312 0.570315 0.524055 0.565583 0.526667 0.573551 0.525708 0.576500 0.521872 0.576565 0.522953 0.583940 0.524417 0.582699 0.523250 0.588412 0.521516 0.587907 0.518854 0.587894 0.518432 0.592606
2 0.575203 0.750662 0.577701 0.744208 0.580497 0.746764 0.582542 0.747435 0.583523 0.746093 0.583901 0.743671 0.584130 0.741250 0.583297 0.739097 0.581708 0.737755 0.580497 0.736810 0.578984 0.736676 0.577927 0.736407 0.578078 0.733718 0.577320 0.733449 0.575505 0.733718 0.574294 0.734931 0.573086 0.736005 0.572404 0.738560 0.574294 0.740310 0.574068 0.741519 0.572706 0.741116 0.571117 0.741787 0.570286 0.743940 0.570286 0.745690 0.571875 0.746495 0.572177 0.747704 0.572479 0.749319
1 0.551474 0.658917 0.566266 0.648958 0.567404 0.647245 0.569505 0.640556 0.579656 0.629977 0.578695 0.628111 0.567492 0.639000 0.565654 0.645690 0.550687 0.656741
9 0.546211 0.622588 0.527159 0.643250 0.524607 0.644505 0.519846 0.646329 0.537138 0.628935 0.537661 0.629273 0.539427 0.627181 0.544656 0.622000 0.544656 0.622000
9 0.566654 0.600907 0.561495 0.600477 0.548831 0.615343 0.549021 0.620005 0.549021 0.620005 0.560971 0.605426 0.566245 0.605218 0.581945 0.631046 0.589797 0.644380 0.594833 0.653750 0.594716 0.663750 0.560503 0.699995 0.554997 0.697704 0.526758 0.651667 0.526120 0.646852 0.521956 0.648236 0.538044 0.675120 0.555745 0.704986 0.560372 0.706019 0.581094 0.683769 0.590703 0.673657 0.596583 0.666102 0.598914 0.654556 0.587966 0.635338 0.580990 0.623412
7 0.587891 0.770926 0.588456 0.761870 0.605086 0.767019 0.596031 0.778306 0.594865 0.780796 0.594443 0.784028 0.590617 0.789671 0.588758 0.787593 0.593049 0.773565
9 0.586677 0.754069 0.589878 0.756380 0.601185 0.760472 0.607812 0.763843 0.607292 0.765046 0.600365 0.761731 0.589018 0.758023 0.586706 0.755866
5 0.505167 0.469412 0.501508 0.472014 0.500148 0.471273 0.496104 0.472389 0.490682 0.477153 0.489552 0.479588 0.488344 0.482958 0.488380 0.484394 0.488620 0.485741 0.498125 0.519213 0.501883 0.513769 0.502732 0.514991 0.504060 0.516139 0.502529 0.516278 0.501841 0.516856 0.502768 0.521157 0.503174 0.520583 0.503169 0.519102 0.504055 0.518963 0.503951 0.522894 0.506503 0.522435 0.507023 0.521231 0.505956 0.517713 0.507128 0.515856 0.508292 0.519787 0.514589 0.520269 0.525896 0.515699 0.525956 0.514630 0.528484 0.507968 0.531430 0.500611 0.531430 0.498444 0.527560 0.492634 0.519500 0.483306
1 0.542003 0.757000 0.571305 0.800519 0.589133 0.828884 0.587523 0.838597 0.546521 0.774032
2 0.521669 0.539949 0.517664 0.543551 0.510885 0.552625 0.505310 0.562907 0.500878 0.566616 0.494654 0.575245 0.482128 0.582037 0.487164 0.594472 0.508885 0.574630 0.515281 0.567991 0.518312 0.570315
2 0.524315 0.538690 0.526896 0.534935 0.535122 0.539074 0.524094 0.553583
5 0.525432 0.594079 0.531690 0.594634 0.548591 0.598282 0.548831 0.615343 0.549073 0.620005 0.546211 0.622588 0.544656 0.622000 0.539427 0.627181 0.537661 0.629273 0.535766 0.627880 0.531102 0.624620 0.526948 0.623083 0.520042 0.626153 0.516260 0.626153
5 0.508885 0.574630 0.487164 0.594472 0.500956 0.626333 0.504091 0.631500 0.508724 0.636806 0.512159 0.625713 0.516734 0.611866 0.522086 0.593583 0.518919 0.598773 0.514813 0.596616 0.512339 0.595120 0.510474 0.592634 0.508792 0.586245 0.507346 0.581681
2 0.545440 0.462685 0.547107 0.463380 0.551430 0.467870 0.554984 0.473944 0.555859 0.476463 0.555677 0.478282 0.554865 0.479838 0.552362 0.479514 0.548948 0.478051 0.547781 0.472153
2 0.544578 0.459486 0.544036 0.465968 0.546531 0.478810 0.541674 0.483995 0.539766 0.488009 0.540659 0.490157 0.542404 0.488491 0.548651 0.482194 0.549393 0.480273 0.547781 0.472153
2 0.569812 0.548481 0.575812 0.551963 0.577016 0.553088 0.577891 0.554694 0.577802 0.556407 0.578401 0.557106 0.578646 0.558014 0.577919 0.560907 0.574034 0.559139 0.569214 0.555444 0.566227 0.553731 0.565534 0.552444 0.565656 0.550676 0.566755 0.548894 0.568057 0.548477
2 0.593719 0.546819 0.592031 0.548852 0.597786 0.559782 0.601393 0.568356 0.606172 0.582648 0.612794 0.599250 0.614328 0.597597 0.603432 0.567616 0.599370 0.557468
5 0.533422 0.429810 0.529276 0.427139 0.526409 0.428093 0.526685 0.431102 0.524974 0.432685 0.522865 0.432176 0.521771 0.435417 0.519531 0.435880 0.519297 0.436250 0.520052 0.437546 0.521875 0.439769 0.523542 0.443102 0.525339 0.448750 0.527583 0.443338 0.528984 0.441097 0.530245 0.442093 0.530758 0.443750 0.532354 0.449407 0.534516 0.451389 0.534479 0.461801 0.537448 0.462944 0.539266 0.463644 0.538940 0.460611 0.538940 0.460611 0.536349 0.451398 0.536349 0.451398 0.534448 0.443440 0.540292 0.441083 0.540224 0.440657
5 0.524833 0.463148 0.525880 0.461227 0.527203 0.460046 0.532500 0.460926 0.539266 0.463644 0.542708 0.465565 0.543349 0.466319 0.544036 0.465968 0.545245 0.472014 0.544917 0.477477 0.544263 0.477944 0.542367 0.477829 0.540995 0.477477 0.540940 0.474037 0.540940 0.474037 0.532586 0.466319 0.529880 0.465903 0.526245 0.463662
5 0.522091 0.462255 0.526245 0.463662 0.529880 0.465903 0.532586 0.466319 0.540930 0.473991 0.540995 0.477477 0.542367 0.477829 0.543479 0.478060 0.542956 0.482130 0.542302 0.483176 0.541674 0.483995 0.540016 0.484569 0.538315 0.484685 0.535503 0.483176 0.533151 0.482009 0.521573 0.473954 0.518865 0.469639 0.519612 0.466653
5 0.507346 0.471412 0.510885 0.473056 0.513802 0.472593 0.514974 0.472222 0.516380 0.472546 0.517578 0.474537 0.518750 0.476574 0.520807 0.479398 0.522474 0.480370 0.524349 0.480556 0.527474 0.480556 0.530313 0.481852 0.531979 0.484444 0.534669 0.487407 0.536138 0.487708 0.539766 0.488009 0.540659 0.490157 0.542404 0.488491 0.542404 0.488491 0.543596 0.491324 0.544896 0.493134 0.546083 0.493032 0.543635 0.502088 0.540068 0.506579 0.539190 0.507194 0.538922 0.505602 0.538083 0.503097 0.537073 0.501532 0.535708 0.497935 0.535708 0.497935 0.532758 0.495824 0.531396 0.496685 0.531430 0.498444 0.527560 0.492634 0.519500 0.483306
9 0.419305 0.350681 0.417565 0.353907 0.415750 0.355384 0.412497 0.355926 0.411542 0.355694 0.405279 0.348014 0.401680 0.343551 0.401378 0.339519 0.401227 0.334139 0.402135 0.329833 0.404721 0.323838 0.406596 0.322171 0.408565 0.320958 0.410388 0.320315 0.415521 0.325972 0.419865 0.328991 0.420214 0.329565 0.421047 0.332926 0.421273 0.338708 0.420516 0.345435 0.420063 0.347856
9 0.452635 0.413671 0.453646 0.418171 0.455268 0.424292 0.456279 0.428616 0.456927 0.431329 0.456284 0.432690 0.455435 0.436204 0.453260 0.436245 0.449393 0.434014 0.446659 0.433116 0.444534 0.431676 0.443216 0.430417 0.442609 0.427532 0.441596 0.425014 0.441393 0.421593 0.441596 0.417634 0.442508 0.416194 0.443047 0.415259 0.445672 0.413551 0.449349 0.413704 0.451974 0.414949
2 0.400544 0.382042 0.404883 0.381986 0.408951 0.382093 0.412143 0.382843 0.415096 0.382255 0.416875 0.384449 0.417026 0.391144 0.416922 0.396028 0.416365 0.399120 0.414552 0.400856 0.410927 0.401602 0.407997 0.401727 0.406635 0.398009 0.409320 0.397699 0.412216 0.397884 0.413958 0.397884 0.415214 0.396764 0.415911 0.395282 0.415633 0.391870 0.414552 0.386602 0.411935 0.387097 0.409880 0.385611 0.406568 0.385426 0.405870 0.386602 0.404336 0.385671 0.403951 0.385255 0.402466 0.385301 0.401867 0.383356 0.401086 0.383171
2 0.454560 0.409435 0.450617 0.407037 0.448388 0.405486 0.444839 0.403102 0.443435 0.403963 0.442302 0.408958 0.441760 0.407352 0.440065 0.405778 0.438289 0.408648 0.438370 0.411875 0.439255 0.412875 0.440995 0.413662 0.442242 0.414315 0.443047 0.415259 0.445672 0.413551 0.449349 0.413704 0.451974 0.414949
2 0.435294 0.331495 0.434805 0.329838 0.433633 0.328014 0.432169 0.327579 0.430167 0.328708 0.428409 0.330792 0.427870 0.332440 0.426406 0.334523 0.423083 0.341384 0.423083 0.344074 0.423768 0.345463 0.424599 0.345292 0.426161 0.343380 0.428651 0.342176 0.430508 0.340861 0.431484 0.340690 0.432560 0.341208 0.432901 0.342000 0.432771 0.344361 0.433167 0.345463 0.434242 0.346370 0.436276 0.347574 0.437180 0.347574 0.437633 0.345968 0.437518 0.342551 0.436841 0.340139 0.435880 0.338032 0.435635 0.335912 0.435586 0.332440
9 0.436536 0.415153 0.428828 0.420106 0.431529 0.435787 0.436060 0.432639 0.435911 0.430296 0.437628 0.426014 0.438273 0.427130
5 0.531430 0.498444 0.531396 0.496685 0.532758 0.495824 0.535708 0.497935 0.537073 0.501532 0.538083 0.503097 0.538922 0.505602 0.540109 0.511157 0.538701 0.514208 0.536411 0.515931 0.533596 0.511000 0.532010 0.517963 0.527518 0.519977 0.525896 0.515699 0.525956 0.514630 0.528484 0.507968 0.531430 0.500611
5 0.437573 0.252907 0.432693 0.256870 0.430253 0.260468 0.427310 0.266144 0.425148 0.272287 0.424284 0.280157 0.423635 0.285537 0.424555 0.288509 0.426388 0.291296 0.428391 0.293407 0.432276 0.293310 0.432760 0.285630 0.433573 0.279579 0.435732 0.275551 0.437513 0.279773 0.439352 0.282079 0.441133 0.284574 0.441672 0.282370 0.440667 0.275866 0.440065 0.274963 0.440365 0.269389 0.440914 0.264111 0.442268 0.259463 0.441081 0.255481
5 0.422956 0.292005 0.418521 0.299394 0.418383 0.306963 0.420727 0.307681 0.425120 0.306241 0.426010 0.301153 0.427203 0.295435
5 0.466802 0.331921 0.471438 0.331333 0.474286 0.336551 0.476060 0.338630 0.479096 0.337963 0.482596 0.335565 0.484354 0.333574 0.484477 0.336444 0.487422 0.340889 0.490049 0.345083 0.485758 0.347736 0.480622 0.350394 0.475862 0.348486 0.470354 0.340685 0.467089 0.334380
5 0.497161 0.311250 0.495773 0.314917 0.493750 0.317394 0.493818 0.322292 0.491906 0.329931 0.489115 0.332569 0.490867 0.334745 0.491844 0.331153 0.493831 0.331028 0.498401 0.333366 0.497279 0.329181 0.501182 0.329245 0.501901 0.327269
5 0.467596 0.424037 0.469042 0.422222 0.470424 0.421157 0.471073 0.421648 0.473805 0.436778 0.474490 0.441551 0.474307 0.445995 0.473180 0.451287 0.467974 0.428926
5 0.490867 0.334745 0.489115 0.332569 0.484354 0.333574 0.484477 0.336444 0.487422 0.340889 0.495367 0.353727 0.497505 0.349208 0.498919 0.347514
5 0.498401 0.333366 0.493831 0.331028 0.491844 0.331153 0.490867 0.334745 0.498919 0.347514 0.501292 0.347764 0.502372 0.344847 0.503003 0.341546
5 0.497279 0.329181 0.501182 0.329245 0.504362 0.339440 0.512833 0.354435 0.510880 0.356046 0.503003 0.341546 0.498401 0.333366
2 0.413620 0.299148 0.412310 0.297838 0.399589 0.320458 0.395323 0.328556 0.396552 0.329838 0.398271 0.328981 0.408667 0.310097 0.408760 0.306282 0.410865 0.302296
1 0.441393 0.482852 0.442328 0.485495 0.449195 0.489398 0.450102 0.489833 0.454461 0.493056 0.455503 0.494097 0.459859 0.497880 0.470805 0.505495 0.470596 0.502769 0.456109 0.491958 0.450305 0.488130
5 0.472740 0.454958 0.476375 0.472921 0.477586 0.498542 0.478990 0.547023 0.478880 0.550579 0.476560 0.562241 0.475391 0.565005 0.472940 0.559889 0.475479 0.544815 0.474398 0.528398 0.471268 0.514866 0.470294 0.488463 0.471320 0.475986 0.468073 0.467685 0.467594 0.459954 0.468135 0.459375 0.470078 0.465231 0.469701 0.451120
8 0.548651 0.482194 0.550995 0.482519 0.551646 0.483444 0.548667 0.498528 0.538523 0.537194 0.535823 0.535829
5 0.297013 0.203889 0.288721 0.187306 0.294810 0.183389 0.308674 0.177398 0.311911 0.175097 0.316057 0.171644 0.321370 0.171644 0.331484 0.192037 0.343005 0.212407 0.357388 0.241662 0.371185 0.271329 0.373984 0.280079 0.374555 0.283259 0.376224 0.285444 0.376458 0.288046 0.372870 0.284847 0.369734 0.282472 0.366146 0.278491 0.361979 0.280648 0.359266 0.284731 0.335143 0.254995 0.306938 0.217222
5 0.357547 0.158755 0.356435 0.154731 0.355596 0.153046 0.355523 0.149398 0.359219 0.149204 0.362883 0.148806 0.362883 0.147792 0.358784 0.143718 0.358755 0.142060 0.361227 0.140282 0.364388 0.132481 0.363685 0.130005 0.362427 0.128514 0.362516 0.125519 0.365508 0.125852 0.372786 0.132907 0.378664 0.138218 0.384917 0.144190 0.389536 0.148009 0.395753 0.153481 0.403409 0.161954 0.415229 0.173750 0.423760 0.180292 0.433701 0.189894 0.442901 0.199713 0.447419 0.204171 0.447044 0.206278 0.448794 0.213167 0.449609 0.219051 0.456609 0.225056 0.455227 0.227278 0.454115 0.228287 0.453177 0.229907 0.451172 0.228051 0.449734 0.227046 0.447943 0.231296 0.446706 0.239412 0.439331 0.231185 0.439766 0.240181 0.440266 0.249509 0.434219 0.242505 0.424984 0.232806 0.411701 0.218213 0.396148 0.201894 0.379083 0.182597 0.362451 0.164551
5 0.384917 0.144190 0.377315 0.135782 0.371388 0.129644 0.368401 0.126907 0.368401 0.125662 0.370081 0.123171 0.374234 0.120435 0.375401 0.119190 0.376521 0.112801 0.377409 0.110560 0.381047 0.102597 0.383055 0.102264 0.383570 0.102500 0.384411 0.103250 0.410234 0.129417 0.441930 0.159255 0.468906 0.185454 0.466456 0.189551 0.466456 0.189551 0.465057 0.192620 0.463003 0.198014 0.461883 0.200171 0.461229 0.200088 0.460622 0.199009 0.459596 0.200333 0.460016 0.202412 0.458661 0.206560 0.456328 0.208051 0.456281 0.209546 0.454010 0.212546 0.447419 0.204171 0.442901 0.199713 0.433701 0.189894 0.423760 0.180292 0.415229 0.173750 0.403409 0.161954 0.395753 0.153481 0.389536 0.148009
5 0.464870 0.234852 0.462633 0.232213 0.459487 0.232356 0.457607 0.233384 0.456609 0.233602 0.453638 0.235727 0.452146 0.237019 0.450979 0.238903 0.451461 0.240102 0.462190 0.251861 0.474815 0.265917 0.494823 0.288435 0.498818 0.293671 0.507609 0.302417 0.525440 0.323931 0.533424 0.333111 0.534596 0.334616 0.535724 0.338417 0.535951 0.339593 0.531870 0.341514 0.530984 0.342181 0.531474 0.344005 0.539958 0.353324 0.541630 0.352431 0.541044 0.350500 0.541044 0.345296 0.543135 0.343958 0.546984 0.349014 0.548823 0.347676 0.548992 0.343065 0.552003 0.347676 0.554094 0.347227 0.554010 0.342917 0.556518 0.331167 0.559279 0.325815 0.562307 0.327806 0.563315 0.327157 0.562786 0.326019 0.559375 0.322639 0.557318 0.320694 0.553078 0.316412 0.551865 0.314755 0.550130 0.314398 0.547383 0.311681 0.544583 0.314171 0.542344 0.311602 0.540198 0.310602 0.538469 0.311185 0.536695 0.311269 0.514576 0.287454 0.489557 0.260986
5 0.451461 0.240102 0.449839 0.242657 0.446706 0.239412 0.439331 0.231185 0.439766 0.240181 0.440266 0.249509 0.440211 0.252102 0.437727 0.253926 0.434974 0.255463 0.433948 0.257000 0.436797 0.259120 0.445964 0.269815 0.464237 0.290875 0.480622 0.308231 0.488049 0.313931 0.500633 0.331287 0.511859 0.346162 0.517961 0.354032 0.521133 0.351491 0.526328 0.345542 0.531870 0.341514 0.535951 0.339593 0.535724 0.338417 0.534596 0.334616 0.533424 0.333111 0.525440 0.323931 0.507609 0.302417 0.498818 0.293671 0.494823 0.288435 0.474815 0.265917 0.462190 0.251861
