0 0.626687 0.646810 0.629396 0.643111 0.632310 0.637745 0.635641 0.631079 0.638974 0.624046 0.642201 0.615718 0.646427 0.606042 0.648862 0.597398 0.650299 0.589569 0.650299 0.581074 0.649331 0.574981 0.646281 0.564917 0.643492 0.557069 0.642409 0.553069 0.643617 0.545667 0.644781 0.540060 0.645771 0.535102 0.646667 0.531750 0.647844 0.528713 0.649247 0.527236 0.652852 0.525625 0.655547 0.524347 0.658430 0.522903 0.662115 0.519866 0.664635 0.515870 0.665000 0.511704 0.667195 0.512148 0.668091 0.512463 0.669810 0.513426 0.671245 0.513426 0.672234 0.513426 0.673130 0.513907 0.674036 0.514870 0.674932 0.516296 0.675836 0.516630 0.676909 0.516630 0.678534 0.515815 0.682406 0.515019 0.689151 0.514389 0.691807 0.514481 0.693784 0.516556 0.696211 0.521347 0.697562 0.524384 0.700448 0.529991 0.703685 0.537190 0.704768 0.542634 0.707370 0.548074 0.709099 0.552329 0.710870 0.558255 0.710870 0.563991 0.710714 0.570579 0.711076 0.577463 0.711076 0.580815 0.711888 0.582884 0.713867 0.582574 0.715573 0.578000 0.717375 0.575926 0.718635 0.573208 0.721247 0.570968 0.724206 0.559343 0.725172 0.546500 0.725766 0.539431 0.726859 0.532806 0.726734 0.522940 0.726130 0.514815 0.725047 0.506671 0.722102 0.495144 0.716198 0.484852 0.708974 0.478227 0.700427 0.473079 0.694284 0.472227 0.691745 0.471523 0.683344 0.472162 0.676461 0.474042 0.673339 0.472560 0.675109 0.469231 0.675732 0.463866 0.676148 0.454796 0.673859 0.445542 0.670737 0.438880 0.670424 0.432583 0.671880 0.426662 0.673547 0.421852 0.676773 0.415931 0.678648 0.413523 0.678648 0.404083 0.676982 0.399273 0.673859 0.392056 0.670581 0.389333 0.667924 0.387593 0.651758 0.395532 0.636682 0.416042 0.632203 0.421708 0.630852 0.422519 0.625247 0.427593 0.623755 0.429523 0.620927 0.433292 0.617547 0.439417 0.616227 0.446912 0.616102 0.451407 0.604836 0.446394 0.604107 0.445097 0.593271 0.440468 0.590378 0.439602 0.582661 0.440250 0.574479 0.444319 0.568690 0.450944 0.566130 0.459810 0.564682 0.464528 0.563008 0.473560 0.561924 0.479134 0.560841 0.481704 0.559466 0.492366 0.558427 0.506523 0.559716 0.518852 0.562299 0.524384 0.564349 0.531694 0.566589 0.535338 0.569013 0.535671 0.570138 0.531694 0.570701 0.525384 0.571440 0.514444 0.571440 0.508801 0.571760 0.505653 0.578042 0.497847 0.582378 0.491736 0.589357 0.485259 0.591594 0.483926 0.596258 0.485259 0.601297 0.487903 0.607826 0.493884 0.609500 0.495861 0.610437 0.495199 0.611563 0.494532 0.616591 0.496528 0.618839 0.498194 0.619953 0.502509 0.621266 0.506486 0.623503 0.512444 0.626292 0.518093 0.628000 0.522755 0.624128 0.551421 0.614643 0.563657 0.610750 0.574116 0.610771 0.589088 0.613133 0.606245 0.616174 0.619921 0.618516 0.630801 0.619266 0.635116 0.621878 0.638759 0.623555 0.645407
6 0.446250 0.451250 0.361117 0.365157 0.295797 0.297824 0.294995 0.299153 0.294362 0.299681 0.281357 0.287278 0.279005 0.292218 0.334268 0.354611 0.361714 0.383333 0.442557 0.466093
8 0.462089 0.390625 0.464180 0.383685 0.465711 0.385421 0.470451 0.368324 0.324672 0.240477 0.319654 0.236514 0.315750 0.238991 0.316727 0.241963 0.331221 0.255097 0.330385 0.256829 0.313242 0.242708 0.312547 0.243944 0.313383 0.247167 0.314357 0.249148 0.327737 0.261787 0.328435 0.264759 0.351151 0.285819 0.350594 0.286810
6 0.589357 0.485259 0.591594 0.483926 0.596258 0.485259 0.601297 0.487903 0.607826 0.493884 0.609500 0.495861 0.610437 0.495199 0.611563 0.494532 0.616591 0.496528 0.618839 0.498194 0.619953 0.502509 0.621266 0.506486 0.623503 0.512444 0.626292 0.518093 0.628000 0.522755 0.624464 0.552407 0.616328 0.554074 0.614138 0.535963 0.594687 0.513750 0.588747 0.507921 0.589378 0.506644 0.591177 0.503926 0.592346 0.500565 0.592977 0.497208 0.592977 0.495287 0.594237 0.491606
6 0.575674 0.551671 0.579305 0.556296 0.583828 0.580815 0.583078 0.587958 0.594740 0.599245 0.610750 0.574116 0.614643 0.563657 0.616328 0.554074 0.614151 0.536245 0.594768 0.513764 0.599924 0.524912 0.597555 0.534079 0.590865 0.555139 0.578740 0.544241
6 0.481729 0.321810 0.483247 0.316264 0.400375 0.250093 0.370745 0.226324 0.360867 0.217972 0.360628 0.218829 0.359784 0.219259 0.358698 0.220116 0.355448 0.217972 0.355010 0.219343
8 0.483247 0.316264 0.486625 0.302856 0.377573 0.217278 0.375594 0.215199 0.374964 0.218880 0.367674 0.213120 0.366865 0.213759 0.366505 0.214560 0.362638 0.211519 0.362187 0.212319 0.362906 0.213921 0.365875 0.216477 0.363987 0.216801 0.363987 0.217917 0.365786 0.218718 0.371724 0.224796 0.370745 0.226324 0.400375 0.250093
8 0.632203 0.421708 0.553672 0.356634 0.550448 0.369810 0.623755 0.429523 0.625263 0.427644 0.630852 0.422519
6 0.550448 0.369810 0.623755 0.429523 0.620927 0.433292 0.617547 0.439417 0.616227 0.446912 0.616102 0.451407 0.604836 0.446394 0.604107 0.445097 0.597005 0.441931 0.601107 0.440778 0.603266 0.433486 0.604346 0.427347 0.603914 0.425810 0.603482 0.424278 0.604346 0.420056 0.548867 0.375537
8 0.532992 0.420815 0.568690 0.450944 0.566130 0.459810 0.564682 0.464528 0.563008 0.473560 0.561924 0.479134 0.560841 0.481704 0.524526 0.448602
6 0.548867 0.375537 0.604346 0.420056 0.603482 0.424278 0.603914 0.425810 0.604346 0.427347 0.603266 0.433486 0.601107 0.440778 0.597005 0.441931 0.593271 0.440468 0.590294 0.439523 0.582661 0.440250 0.574479 0.444319 0.568690 0.450944 0.532992 0.420815 0.540081 0.396935
6 0.676773 0.415931 0.681516 0.418838 0.681635 0.425477 0.681635 0.431472 0.681635 0.435324 0.681154 0.437468 0.680672 0.438750 0.679466 0.442606 0.679346 0.443250 0.677781 0.445602 0.673859 0.445542 0.670737 0.438880 0.670424 0.432583 0.671880 0.426662 0.673547 0.421852
6 0.664635 0.515870 0.675492 0.524407 0.674648 0.527620 0.673805 0.535755 0.672120 0.536398 0.670432 0.539611 0.670073 0.543250 0.669109 0.548389 0.668385 0.553102 0.667784 0.558241 0.666216 0.561667 0.656219 0.566380 0.642409 0.553069 0.643617 0.545667 0.644781 0.540060 0.645771 0.535102 0.646667 0.531750 0.647844 0.528713 0.649247 0.527236 0.652852 0.525625 0.655547 0.524347 0.658430 0.522903 0.662115 0.519866
6 0.580169 0.595440 0.579122 0.596472 0.605044 0.620903 0.605982 0.621088 0.608688 0.614241 0.608378 0.612389 0.583078 0.587958 0.581031 0.593139
6 0.506771 0.509856 0.502453 0.524444 0.546708 0.567042 0.564625 0.583162 0.565273 0.582394 0.580169 0.595440 0.581031 0.593139 0.578656 0.590069 0.566784 0.578940 0.557716 0.570111 0.558797 0.567042 0.556854 0.564741 0.558365 0.561667
6 0.512539 0.491218 0.575674 0.551671 0.579305 0.556296 0.583828 0.580815 0.583078 0.587958 0.581031 0.593139 0.578622 0.590069 0.566784 0.578940 0.557716 0.570111 0.558797 0.567042 0.556854 0.564741 0.558365 0.561667 0.506771 0.509856
6 0.521320 0.459255 0.559466 0.492366 0.558427 0.506523 0.559716 0.518852 0.562299 0.524384 0.564349 0.531694 0.566589 0.535338 0.569013 0.535671 0.570138 0.531694 0.570701 0.525384 0.571440 0.514444 0.571440 0.508801 0.571760 0.505653 0.591562 0.524912 0.597555 0.534079 0.590865 0.555139 0.578740 0.544241 0.575674 0.551671 0.512539 0.491218
6 0.578042 0.497847 0.588747 0.507921 0.594768 0.513764 0.599924 0.524912 0.597555 0.534079 0.591562 0.524912 0.571760 0.505653
6 0.524526 0.448602 0.560841 0.481704 0.559466 0.492366 0.521320 0.459255
11 0.589357 0.485259 0.594237 0.491606 0.592977 0.495287 0.592977 0.497208 0.592346 0.500565 0.591177 0.503926 0.589378 0.506644 0.588747 0.507921 0.578042 0.497847 0.582453 0.491884
6 0.559638 0.327394 0.571573 0.332843 0.632849 0.380431 0.633172 0.387310 0.634299 0.395625 0.636234 0.402505 0.637685 0.407949 0.636703 0.416097 0.632203 0.421708 0.553672 0.356634
6 0.528651 0.305440 0.540776 0.316593 0.538128 0.321796 0.536594 0.319815 0.534643 0.324769 0.535479 0.327991 0.531995 0.336662 0.523633 0.328981
8 0.501154 0.314343 0.504208 0.316912 0.499708 0.329199 0.493120 0.322912 0.495049 0.315773 0.496815 0.313773
6 0.493120 0.322912 0.499708 0.329199 0.497154 0.342796 0.495547 0.347935 0.489279 0.342796
6 0.495547 0.347935 0.486388 0.381356 0.482526 0.379630 0.489279 0.342796
8 0.485312 0.380926 0.476089 0.409181 0.475445 0.409181 0.475927 0.406324 0.474964 0.403755 0.477854 0.393755 0.474641 0.391185 0.478339 0.376903
6 0.486625 0.302856 0.491557 0.284194 0.494299 0.272727 0.411737 0.210806 0.409802 0.213097 0.409479 0.216824 0.402063 0.211954 0.398997 0.215394 0.398674 0.223130 0.397870 0.223130 0.397385 0.226856 0.386258 0.217398 0.385292 0.218259 0.378357 0.212810 0.375594 0.215199 0.377573 0.217278
6 0.470451 0.368324 0.478276 0.335241 0.481729 0.321810 0.355010 0.219343 0.339253 0.206292 0.337958 0.207060 0.336232 0.207060 0.334289 0.206292 0.333424 0.203991 0.326948 0.211667 0.324141 0.238528 0.324672 0.240477
6 0.457349 0.396819 0.459021 0.392111 0.461253 0.394588 0.462089 0.390625 0.327318 0.265005 0.325786 0.271944
6 0.451078 0.430514 0.453169 0.422338 0.451635 0.418375 0.457349 0.396819 0.325786 0.271944 0.307667 0.254847 0.297354 0.278139 0.298888 0.285569 0.310456 0.296472 0.311292 0.295236
6 0.446250 0.451250 0.451078 0.430514 0.311292 0.295236 0.308365 0.299940 0.304044 0.306384 0.361117 0.365157
5 0.297013 0.203889 0.288721 0.187306 0.294810 0.183389 0.308674 0.177398 0.311911 0.175097 0.316057 0.171644 0.321370 0.171644 0.331484 0.192037 0.343005 0.212407 0.357388 0.241662 0.371185 0.271329 0.373984 0.280079 0.374555 0.283259 0.376224 0.285444 0.376458 0.288046 0.372870 0.284847 0.369734 0.282472 0.366146 0.278491 0.361979 0.280648 0.359266 0.284731 0.335143 0.254995 0.306938 0.217222
5 0.357547 0.158755 0.356435 0.154731 0.355596 0.153046 0.355523 0.149398 0.359219 0.149204 0.362883 0.148806 0.362883 0.147792 0.358784 0.143718 0.358755 0.142060 0.361227 0.140282 0.364388 0.132481 0.363685 0.130005 0.362427 0.128514 0.362516 0.125519 0.365508 0.125852 0.372786 0.132907 0.378664 0.138218 0.384917 0.144190 0.389536 0.148009 0.395753 0.153481 0.403409 0.161954 0.415229 0.173750 0.423760 0.180292 0.433701 0.189894 0.442901 0.199713 0.447419 0.204171 0.447044 0.206278 0.448794 0.213167 0.449609 0.219051 0.456609 0.225056 0.455227 0.227278 0.454115 0.228287 0.453177 0.229907 0.451172 0.228051 0.449734 0.227046 0.447943 0.231296 0.446706 0.239412 0.439331 0.231185 0.439766 0.240181 0.440266 0.249509 0.434219 0.242505 0.424984 0.232806 0.411701 0.218213 0.396148 0.201894 0.379083 0.182597 0.362451 0.164551
5 0.384917 0.144190 0.377315 0.135782 0.371388 0.129644 0.368401 0.126907 0.368401 0.125662 0.370081 0.123171 0.374234 0.120435 0.375401 0.119190 0.376521 0.112801 0.377409 0.110560 0.381047 0.102597 0.383055 0.102264 0.383570 0.102500 0.384411 0.103250 0.410234 0.129417 0.441930 0.159255 0.468906 0.185454 0.466456 0.189551 0.466456 0.189551 0.465057 0.192620 0.463003 0.198014 0.461883 0.200171 0.461229 0.200088 0.460622 0.199009 0.459596 0.200333 0.460016 0.202412 0.458661 0.206560 0.456328 0.208051 0.456281 0.209546 0.454010 0.212546 0.447419 0.204171 0.442901 0.199713 0.433701 0.189894 0.423760 0.180292 0.415229 0.173750 0.403409 0.161954 0.395753 0.153481 0.389536 0.148009
5 0.464870 0.234852 0.462633 0.232213 0.459487 0.232356 0.457607 0.233384 0.456609 0.233602 0.453638 0.235727 0.452146 0.237019 0.450979 0.238903 0.451461 0.240102 0.462190 0.251861 0.474815 0.265917 0.494823 0.288435 0.498818 0.293671 0.507609 0.302417 0.525440 0.323931 0.533424 0.333111 0.534596 0.334616 0.535724 0.338417 0.535951 0.339593 0.531870 0.341514 0.530984 0.342181 0.531474 0.344005 0.539958 0.353324 0.541630 0.352431 0.541044 0.350500 0.541044 0.345296 0.543135 0.343958 0.546984 0.349014 0.548823 0.347676 0.548992 0.343065 0.552003 0.347676 0.554094 0.347227 0.554010 0.342917 0.556518 0.331167 0.559279 0.325815 0.562307 0.327806 0.563315 0.327157 0.562786 0.326019 0.559375 0.322639 0.557318 0.320694 0.553078 0.316412 0.551865 0.314755 0.550130 0.314398 0.547383 0.311681 0.544583 0.314171 0.542344 0.311602 0.540198 0.310602 0.538469 0.311185 0.536695 0.311269 0.514576 0.287454 0.489557 0.260986
5 0.451461 0.240102 0.449839 0.242657 0.446706 0.239412 0.439331 0.231185 0.439766 0.240181 0.440266 0.249509 0.440211 0.252102 0.437727 0.253926 0.434974 0.255463 0.433948 0.257000 0.436797 0.259120 0.445964 0.269815 0.464237 0.290875 0.480622 0.308231 0.488049 0.313931 0.500633 0.331287 0.511859 0.346162 0.517961 0.354032 0.521133 0.351491 0.526328 0.345542 0.531870 0.341514 0.535951 0.339593 0.535724 0.338417 0.534596 0.334616 0.533424 0.333111 0.525440 0.323931 0.507609 0.302417 0.498818 0.293671 0.494823 0.288435 0.474815 0.265917 0.462190 0.251861
