0 0.866784 0.405403 0.859914 0.412093 0.854680 0.428667 0.838326 0.437681 0.828346 0.446986 0.819974 0.468968 0.817651 0.485713 0.820922 0.510981 0.824930 0.526190 0.831227 0.535815 0.832174 0.535088 0.837898 0.516245 0.848401 0.476292 0.852326 0.471727 0.860388 0.469343 0.878904 0.476847 0.880719 0.474579 0.887115 0.477167 0.889305 0.479287 0.889763 0.489671 0.887016 0.502491 0.884547 0.506532 0.879263 0.515315 0.876042 0.542736 0.880964 0.556866 0.902586 0.559602 0.910193 0.554713 0.913154 0.547213 0.916948 0.522787 0.925240 0.507667 0.930096 0.495486 0.934318 0.477255 0.932682 0.450852 0.928297 0.425931
18 0.551286 0.587144 0.555305 0.595005 0.559885 0.602287 0.565029 0.608718 0.566154 0.611435 0.567922 0.615579 0.573789 0.623292 0.576602 0.628153 0.579818 0.635296 0.578612 0.636579 0.579898 0.642440 0.582799 0.644500 0.582680 0.645778 0.582740 0.647486 0.579557 0.651329 0.577336 0.650690 0.570852 0.656134 0.569711 0.653569 0.566648 0.656454 0.531500 0.594926 0.536016 0.593815 0.538932 0.596407 0.539628 0.603444 0.545740 0.601468 0.550534 0.597148 0.552063 0.596407 0.548034 0.588505 0.549422 0.583685
18 0.526169 0.509764 0.526747 0.503468 0.541857 0.490356 0.547607 0.483125 0.556292 0.499787 0.569286 0.518005 0.573974 0.529111 0.577034 0.540329 0.575534 0.547440 0.571138 0.553282 0.565352 0.553708 0.549036 0.563713 0.547026 0.565856 0.539406 0.541907 0.527497 0.509176
18 0.539406 0.541907 0.547026 0.565856 0.550805 0.577426 0.552974 0.581287 0.552974 0.585431 0.551286 0.587144 0.549422 0.583685 0.548034 0.588505 0.552063 0.596407 0.550534 0.597148 0.545740 0.601468 0.539628 0.603444 0.538932 0.596407 0.536016 0.593815 0.531500 0.594926 0.508289 0.554838 0.482362 0.507579 0.486193 0.506292 0.489229 0.508222 0.491831 0.512977 0.497326 0.512588 0.499206 0.507708 0.503469 0.507833 0.507013 0.500769 0.520312 0.508861 0.522771 0.510278 0.526169 0.509764 0.527497 0.509176
18 0.438990 0.426259 0.442094 0.424685 0.444841 0.422755 0.447227 0.425069 0.455974 0.431755 0.458505 0.431495 0.461542 0.429310 0.459609 0.424204 0.461276 0.420389 0.472529 0.413417 0.485839 0.405606 0.465490 0.376884 0.463445 0.373745 0.460096 0.370769 0.458516 0.368949 0.457586 0.367134 0.455727 0.366801 0.452750 0.360356 0.449961 0.359856 0.447729 0.358204 0.445125 0.359032 0.442799 0.360852 0.436292 0.366139 0.430992 0.371926 0.423273 0.378870 0.417042 0.386806
18 0.481419 0.336898 0.485099 0.340468 0.485935 0.346417 0.488445 0.348051 0.489365 0.348347 0.490312 0.349500 0.494721 0.352458 0.504193 0.360167 0.512146 0.372250 0.514891 0.378162 0.516339 0.382532 0.516193 0.388569 0.510266 0.395384 0.501539 0.398819 0.496745 0.400301 0.485839 0.405606 0.465490 0.376884 0.463445 0.373745 0.460096 0.370769 0.458516 0.368949 0.457586 0.367134 0.455727 0.366801 0.452750 0.360356 0.453958 0.354106 0.469630 0.343532 0.471638 0.343532 0.476703 0.341250
18 0.481419 0.336898 0.479747 0.334074 0.478409 0.332736 0.478240 0.330505 0.475898 0.326935 0.477740 0.320542 0.467953 0.316972 0.464523 0.315042 0.462599 0.312958 0.459169 0.310134 0.455240 0.309685 0.453734 0.307755 0.456076 0.305079 0.457161 0.306417 0.457078 0.302995 0.455490 0.300319 0.455156 0.296602 0.453565 0.294370 0.449224 0.293824 0.449596 0.279139 0.446703 0.279884 0.441620 0.280815 0.439732 0.285426 0.438974 0.294926 0.432224 0.302991 0.427419 0.301648 0.421102 0.316241 0.418552 0.318764 0.417297 0.321394 0.417833 0.325620 0.422857 0.329125 0.424023 0.329606 0.425008 0.327931 0.426398 0.327931 0.426534 0.329366 0.425367 0.332713 0.429896 0.335824 0.432229 0.338694 0.436042 0.349454 0.441286 0.352806 0.440302 0.350093 0.442141 0.348898 0.445414 0.355037 0.447729 0.358204 0.449961 0.359856 0.452750 0.360356 0.453958 0.354106 0.469630 0.343532 0.471638 0.343532 0.476703 0.341250
18 0.389427 0.334815 0.394388 0.332759 0.399531 0.328333 0.404513 0.325190 0.403542 0.322875 0.404620 0.321602 0.409062 0.318602 0.412664 0.315403 0.414464 0.317546 0.415904 0.322875 0.417297 0.321394 0.417833 0.325620 0.422857 0.329125 0.424023 0.329606 0.425008 0.327931 0.426398 0.327931 0.426534 0.329366 0.425367 0.332713 0.429896 0.335824 0.432229 0.338694 0.436042 0.349454 0.441286 0.352806 0.440302 0.350093 0.442141 0.348898 0.445414 0.355037 0.447729 0.358204 0.445125 0.359032 0.442799 0.360852 0.436292 0.366139 0.430992 0.371926 0.423273 0.378870 0.417042 0.386806 0.404909 0.364495
18 0.354263 0.271514 0.372802 0.304759 0.389427 0.334815 0.394388 0.332759 0.399531 0.328333 0.404513 0.325190 0.403542 0.322875 0.404620 0.321602 0.409062 0.318602 0.412664 0.315403 0.414464 0.317546 0.415904 0.322875 0.417297 0.321394 0.418552 0.318764 0.421102 0.316241 0.420453 0.307792 0.416349 0.299537 0.413109 0.292144 0.411380 0.280046 0.413109 0.276782 0.413326 0.273426 0.417268 0.273231 0.421641 0.277167 0.419534 0.279662 0.420508 0.284944 0.423909 0.286671 0.427690 0.284560 0.425583 0.282639 0.424664 0.280718 0.425474 0.277361 0.424773 0.272657 0.421750 0.269394 0.419372 0.268144 0.417914 0.268912 0.413109 0.268815 0.411812 0.262958 0.410031 0.258736 0.407224 0.256815 0.408896 0.251630 0.406737 0.247986 0.405440 0.246449 0.404253 0.240782 0.400875 0.233991 0.398380 0.238426 0.395185 0.241449 0.394786 0.243509 0.391305 0.247032 0.388245 0.246069 0.384221 0.247565 0.382539 0.249273 0.380872 0.257801 0.373307 0.262282 0.372286 0.269005 0.369885 0.269005 0.367365 0.266231 0.363576 0.265398 0.360927 0.265593 0.357763 0.267245
18 0.335414 0.234898 0.354263 0.271514 0.357763 0.267245 0.360927 0.265593 0.363576 0.265398 0.367365 0.266231 0.369885 0.269005 0.369042 0.264444 0.366393 0.256870 0.364060 0.251444 0.361005 0.247440 0.358836 0.244722 0.353438 0.239315 0.351984 0.235356 0.350742 0.234611 0.348974 0.226681 0.348247 0.226583 0.348042 0.231847 0.346589 0.231481 0.345135 0.232676 0.343060 0.233690 0.342385 0.235162 0.341086 0.234065 0.338289 0.232954
2 0.459609 0.424204 0.461542 0.429310 0.463203 0.430727 0.471299 0.435352 0.474771 0.437667 0.476505 0.438306 0.481349 0.442162 0.484312 0.444347 0.485036 0.443833 0.490458 0.445120 0.494073 0.443833 0.496891 0.443579 0.499638 0.444861 0.502096 0.445245 0.502313 0.442676 0.505276 0.441394 0.505854 0.445245 0.513445 0.441907 0.514964 0.445375 0.526312 0.439722 0.529638 0.435995 0.527036 0.435222 0.517568 0.433551 0.517133 0.432523 0.519229 0.429440 0.518146 0.421343 0.518867 0.414532 0.517568 0.417361 0.516193 0.420315 0.508169 0.429694 0.504987 0.423144 0.513591 0.415301 0.514023 0.410162 0.515687 0.405537 0.516771 0.406051 0.520312 0.406949 0.520747 0.405792 0.520531 0.401296 0.522339 0.399111 0.515398 0.393713 0.511276 0.395384 0.510266 0.395384 0.501539 0.398819 0.496745 0.400301 0.485839 0.405606 0.472529 0.413417 0.461276 0.420389
18 0.692852 0.704134 0.693833 0.706347 0.695453 0.706347 0.695961 0.708690 0.695555 0.711208 0.694643 0.712829 0.661414 0.742931 0.659500 0.734287 0.659375 0.733426
18 0.587766 0.641972 0.590753 0.644565 0.600130 0.663088 0.603534 0.665560 0.604646 0.670375 0.613328 0.685069 0.613953 0.690134 0.618398 0.699889 0.620135 0.703222 0.627568 0.707792 0.626802 0.714093 0.620690 0.711745 0.619578 0.714463 0.620482 0.737185 0.624581 0.750644 0.624424 0.755324 0.611836 0.765657 0.594766 0.781111 0.593604 0.714620 0.586701 0.692954 0.566648 0.656454 0.569711 0.653569 0.570852 0.656134 0.577336 0.650690 0.579557 0.651329 0.582740 0.647486 0.582680 0.645778 0.582799 0.644500 0.583518 0.643963 0.584719 0.645458 0.586581 0.642366
18 0.697263 0.684958 0.700818 0.661106 0.700956 0.652014 0.696458 0.640255 0.680479 0.624894 0.657935 0.582713 0.651901 0.582352 0.626000 0.610551 0.636495 0.631509 0.638826 0.646481 0.647247 0.655463 0.646211 0.660301 0.652690 0.684486 0.661888 0.682644 0.658000 0.724792 0.659375 0.733426 0.692852 0.704134 0.695484 0.702333 0.695281 0.699995 0.694776 0.697116 0.693156 0.693875
18 0.659500 0.734287 0.624424 0.755324 0.611836 0.765657 0.613245 0.782986 0.628180 0.772139 0.661414 0.742931
18 0.378977 0.217463 0.390602 0.230690 0.396544 0.236199 0.398380 0.238426 0.395185 0.241449 0.394786 0.243509 0.391305 0.247032 0.388245 0.246069 0.384221 0.247565 0.382539 0.249273 0.380872 0.257801 0.373307 0.262282 0.372286 0.269005 0.369885 0.269005 0.369042 0.264444 0.366393 0.256870 0.364060 0.251444 0.361005 0.247440 0.358836 0.244722 0.353438 0.239315 0.351984 0.235356 0.352622 0.223190 0.360482 0.219509 0.366112 0.219343 0.366875 0.217185 0.369880 0.214796 0.370372 0.214000 0.373604 0.215838 0.376516 0.214796 0.378310 0.213042 0.379747 0.213366
7 0.438990 0.426259 0.442094 0.424685 0.442818 0.426356 0.456263 0.434968 0.459083 0.436764 0.459135 0.464870
18 0.611943 0.519759 0.616591 0.518819 0.636440 0.551292 0.651901 0.582352 0.626000 0.610551 0.620615 0.613769 0.587635 0.549542 0.588836 0.540750 0.594083 0.529292 0.602927 0.527426
18 0.572339 0.465000 0.575823 0.467815 0.581206 0.470440 0.584057 0.471565 0.584586 0.483014 0.587438 0.483204 0.589867 0.477204 0.592190 0.475880 0.592190 0.482454 0.592081 0.489218 0.595565 0.491843 0.600422 0.499167 0.605607 0.505306 0.608352 0.505866 0.610255 0.509810 0.611943 0.519759 0.602927 0.527426 0.594083 0.529292 0.588836 0.540750 0.587635 0.549542 0.580784 0.545995 0.575534 0.547440 0.577034 0.540329 0.573974 0.529111 0.569286 0.518005 0.556292 0.499787 0.547607 0.483125 0.554854 0.470130 0.560352 0.466134 0.566852 0.468463 0.569349 0.464912
18 0.563784 0.446032 0.568958 0.451102 0.571810 0.456361 0.572339 0.465000 0.569349 0.464912 0.566852 0.468463 0.560352 0.466134 0.554854 0.470130 0.556005 0.465491 0.561794 0.448894
18 0.563784 0.446032 0.567951 0.430926 0.574971 0.427838 0.573313 0.417046 0.568581 0.417606 0.565112 0.407931 0.557383 0.408907 0.556279 0.415926 0.553437 0.414375 0.552315 0.410574 0.550091 0.407421 0.549271 0.398704 0.550977 0.396884 0.549409 0.394458 0.551521 0.391426 0.551044 0.389491 0.549888 0.389009 0.542940 0.396926 0.542000 0.396023 0.541422 0.396282 0.539326 0.393968 0.535279 0.390500 0.534917 0.386514 0.533471 0.384074 0.531375 0.382657 0.528482 0.384329 0.527182 0.388444 0.526531 0.389083 0.526531 0.392426 0.524289 0.391014 0.522990 0.385616 0.517349 0.389343 0.516193 0.388569 0.510266 0.395384 0.511276 0.395384 0.515398 0.393713 0.522339 0.399111 0.520531 0.401296 0.520747 0.405792 0.520312 0.406949 0.516771 0.406051 0.515687 0.405537 0.514023 0.410162 0.513591 0.415301 0.504987 0.423144 0.508169 0.429694 0.516193 0.420315 0.517568 0.417361 0.518867 0.414532 0.518146 0.421343 0.519229 0.429440 0.517133 0.432523 0.517568 0.433551 0.527036 0.435222 0.529638 0.435995 0.526312 0.439722 0.514964 0.445375 0.513445 0.441907 0.505854 0.445245 0.505276 0.441394 0.502313 0.442676 0.502096 0.445245 0.499638 0.444861 0.496891 0.443579 0.494073 0.443833 0.490458 0.445120 0.485036 0.443833 0.484312 0.444347 0.481349 0.442162 0.476505 0.438306 0.474771 0.437667 0.471299 0.435352 0.463203 0.430727 0.461542 0.429310 0.458505 0.431495 0.455974 0.431755 0.447227 0.425069 0.444841 0.422755 0.442094 0.424685 0.442818 0.426356 0.456263 0.434968 0.459083 0.436764 0.462263 0.454245 0.462409 0.470435 0.477156 0.496269 0.482362 0.507579 0.486193 0.506292 0.489229 0.508222 0.491831 0.512977 0.497326 0.512588 0.499206 0.507708 0.503469 0.507833 0.507013 0.500769 0.520312 0.508861 0.522771 0.510278 0.526169 0.509764 0.526747 0.503468 0.541857 0.490356 0.547607 0.483125 0.554854 0.470130 0.556005 0.465491 0.561794 0.448894
18 0.516193 0.388569 0.517349 0.389343 0.522990 0.385616 0.524289 0.391014 0.526531 0.392426 0.526531 0.389083 0.527182 0.388444 0.528482 0.384329 0.531375 0.382657 0.533471 0.384074 0.534917 0.386514 0.535279 0.390500 0.539326 0.393968 0.541422 0.396282 0.542000 0.396023 0.542940 0.396926 0.549888 0.389009 0.549888 0.376162 0.550096 0.364130 0.548018 0.358046 0.538872 0.343634 0.539299 0.334847 0.533221 0.331824 0.530958 0.332829 0.524669 0.325347 0.521565 0.326889 0.520547 0.325722 0.520190 0.319565 0.518000 0.315028 0.514029 0.314306 0.509953 0.314847 0.508458 0.314931 0.503398 0.323282 0.490385 0.330736 0.489518 0.335880 0.491107 0.343588 0.490458 0.347574 0.490312 0.349500 0.494721 0.352458 0.504193 0.360167 0.512146 0.372250 0.514891 0.378162 0.516339 0.382532
18 0.509953 0.314847 0.509953 0.310139 0.508120 0.305250 0.504964 0.303903 0.502372 0.303060 0.501714 0.301810 0.501099 0.298843 0.499688 0.296569 0.496169 0.292731 0.490487 0.288176 0.490414 0.285134 0.484706 0.279921 0.482945 0.278218 0.481169 0.276528 0.474643 0.277421 0.469875 0.279648 0.464523 0.281139 0.458669 0.283366 0.453901 0.286343 0.453065 0.289315 0.453565 0.294370 0.455156 0.296602 0.455490 0.300319 0.457078 0.302995 0.457161 0.306417 0.456076 0.305079 0.453734 0.307755 0.455240 0.309685 0.459169 0.310134 0.462599 0.312958 0.464523 0.315042 0.467953 0.316972 0.477740 0.320542 0.475898 0.326935 0.478240 0.330505 0.478409 0.332736 0.479747 0.334074 0.481419 0.336898 0.485099 0.340468 0.485935 0.346417 0.488445 0.348051 0.489365 0.348347 0.490312 0.349500 0.490458 0.347574 0.491107 0.343588 0.489518 0.335880 0.490385 0.330736 0.503398 0.323282 0.508458 0.314931
18 0.435286 0.243657 0.436971 0.236903 0.460099 0.228634 0.462737 0.216815 0.465906 0.215681 0.466750 0.236333 0.469419 0.239157 0.473661 0.244815 0.474898 0.249324 0.475523 0.256319 0.480117 0.255380 0.482180 0.258944 0.480826 0.264079 0.488547 0.268685 0.491193 0.273505 0.488010 0.276120 0.482945 0.278218 0.481169 0.276528 0.474643 0.277421 0.469875 0.279648 0.464523 0.281139 0.458669 0.283366 0.453901 0.286343 0.453065 0.289315 0.453565 0.294370 0.449224 0.293824 0.449596 0.279139 0.446703 0.279884 0.446750 0.275486 0.443435 0.271671 0.442409 0.264949 0.437089 0.254662 0.435688 0.250014
18 0.424094 0.235958 0.430005 0.233898 0.435286 0.243657 0.435688 0.250014 0.437089 0.254662 0.442409 0.264949 0.443435 0.271671 0.446750 0.275486 0.446703 0.279884 0.441620 0.280815 0.439732 0.285426 0.438974 0.294926 0.432224 0.302991 0.427419 0.301648 0.421102 0.316241 0.420453 0.307792 0.416349 0.299537 0.413109 0.292144 0.411380 0.280046 0.413109 0.276782 0.413326 0.273426 0.417268 0.273231 0.421641 0.277167 0.419534 0.279662 0.420508 0.284944 0.423909 0.286671 0.427690 0.284560 0.425583 0.282639 0.424664 0.280718 0.425474 0.277361 0.424773 0.272657 0.421750 0.269394 0.419372 0.268144 0.417914 0.268912 0.413109 0.268815 0.411812 0.262958 0.410031 0.258736 0.407224 0.256815 0.408896 0.251630 0.406737 0.247986 0.405440 0.246449 0.404253 0.240782
18 0.410344 0.202384 0.412135 0.205380 0.421557 0.220380 0.424094 0.226954 0.424094 0.235958 0.404253 0.240782 0.400875 0.233991 0.398380 0.238426 0.396544 0.236199 0.390602 0.230690 0.378977 0.217463 0.382404 0.198866 0.398885 0.195306 0.402060 0.195009 0.401648 0.193519 0.402479 0.193227 0.403818 0.195602 0.408081 0.197981
18 0.659500 0.734287 0.658000 0.724792 0.661888 0.682644 0.652690 0.684486 0.646211 0.660301 0.647247 0.655463 0.638826 0.646481 0.636495 0.631509 0.626000 0.610551 0.620615 0.613769 0.616174 0.618389 0.614508 0.617153 0.612771 0.617523 0.611799 0.620856 0.606659 0.623944 0.595198 0.629500 0.587557 0.635431 0.587766 0.641972 0.590753 0.644565 0.600130 0.663088 0.603534 0.665560 0.604646 0.670375 0.613328 0.685069 0.613953 0.690134 0.618398 0.699889 0.620135 0.703222 0.627568 0.707792 0.626802 0.714093 0.620690 0.711745 0.619578 0.714463 0.620482 0.737185 0.624581 0.750644 0.624424 0.755324
18 0.575534 0.547440 0.580784 0.545995 0.587635 0.549542 0.620615 0.613769 0.616174 0.618389 0.614508 0.617153 0.612771 0.617523 0.611799 0.620856 0.606659 0.623944 0.595198 0.629500 0.587557 0.635431 0.587766 0.641972 0.586581 0.642366 0.584719 0.645458 0.583518 0.643963 0.582799 0.644500 0.579898 0.642440 0.578612 0.636579 0.579818 0.635296 0.576602 0.628153 0.573789 0.623292 0.567922 0.615579 0.566154 0.611435 0.565029 0.608718 0.559885 0.602287 0.555305 0.595005 0.551286 0.587144 0.552974 0.585431 0.552974 0.581287 0.550805 0.577426 0.547026 0.565856 0.549036 0.563713 0.565352 0.553708 0.571138 0.553282
5 0.297013 0.203889 0.288721 0.187306 0.294810 0.183389 0.308674 0.177398 0.311911 0.175097 0.316057 0.171644 0.321370 0.171644 0.331484 0.192037 0.343005 0.212407 0.357388 0.241662 0.371185 0.271329 0.373984 0.280079 0.374555 0.283259 0.376224 0.285444 0.376458 0.288046 0.372870 0.284847 0.369734 0.282472 0.366146 0.278491 0.361979 0.280648 0.359266 0.284731 0.335143 0.254995 0.306938 0.217222
5 0.357547 0.158755 0.356435 0.154731 0.355596 0.153046 0.355523 0.149398 0.359219 0.149204 0.362883 0.148806 0.362883 0.147792 0.358784 0.143718 0.358755 0.142060 0.361227 0.140282 0.364388 0.132481 0.363685 0.130005 0.362427 0.128514 0.362516 0.125519 0.365508 0.125852 0.372786 0.132907 0.378664 0.138218 0.384917 0.144190 0.389536 0.148009 0.395753 0.153481 0.403409 0.161954 0.415229 0.173750 0.423760 0.180292 0.433701 0.189894 0.442901 0.199713 0.447419 0.204171 0.447044 0.206278 0.448794 0.213167 0.449609 0.219051 0.456609 0.225056 0.455227 0.227278 0.454115 0.228287 0.453177 0.229907 0.451172 0.228051 0.449734 0.227046 0.447943 0.231296 0.446706 0.239412 0.439331 0.231185 0.439766 0.240181 0.440266 0.249509 0.434219 0.242505 0.424984 0.232806 0.411701 0.218213 0.396148 0.201894 0.379083 0.182597 0.362451 0.164551
5 0.384917 0.144190 0.377315 0.135782 0.371388 0.129644 0.368401 0.126907 0.368401 0.125662 0.370081 0.123171 0.374234 0.120435 0.375401 0.119190 0.376521 0.112801 0.377409 0.110560 0.381047 0.102597 0.383055 0.102264 0.383570 0.102500 0.384411 0.103250 0.410234 0.129417 0.441930 0.159255 0.468906 0.185454 0.466456 0.189551 0.466456 0.189551 0.465057 0.192620 0.463003 0.198014 0.461883 0.200171 0.461229 0.200088 0.460622 0.199009 0.459596 0.200333 0.460016 0.202412 0.458661 0.206560 0.456328 0.208051 0.456281 0.209546 0.454010 0.212546 0.447419 0.204171 0.442901 0.199713 0.433701 0.189894 0.423760 0.180292 0.415229 0.173750 0.403409 0.161954 0.395753 0.153481 0.389536 0.148009
5 0.464870 0.234852 0.462633 0.232213 0.459487 0.232356 0.457607 0.233384 0.456609 0.233602 0.453638 0.235727 0.452146 0.237019 0.450979 0.238903 0.451461 0.240102 0.462190 0.251861 0.474815 0.265917 0.494823 0.288435 0.498818 0.293671 0.507609 0.302417 0.525440 0.323931 0.533424 0.333111 0.534596 0.334616 0.535724 0.338417 0.535951 0.339593 0.531870 0.341514 0.530984 0.342181 0.531474 0.344005 0.539958 0.353324 0.541630 0.352431 0.541044 0.350500 0.541044 0.345296 0.543135 0.343958 0.546984 0.349014 0.548823 0.347676 0.548992 0.343065 0.552003 0.347676 0.554094 0.347227 0.554010 0.342917 0.556518 0.331167 0.559279 0.325815 0.562307 0.327806 0.563315 0.327157 0.562786 0.326019 0.559375 0.322639 0.557318 0.320694 0.553078 0.316412 0.551865 0.314755 0.550130 0.314398 0.547383 0.311681 0.544583 0.314171 0.542344 0.311602 0.540198 0.310602 0.538469 0.311185 0.536695 0.311269 0.514576 0.287454 0.489557 0.260986
5 0.451461 0.240102 0.449839 0.242657 0.446706 0.239412 0.439331 0.231185 0.439766 0.240181 0.440266 0.249509 0.440211 0.252102 0.437727 0.253926 0.434974 0.255463 0.433948 0.257000 0.436797 0.259120 0.445964 0.269815 0.464237 0.290875 0.480622 0.308231 0.488049 0.313931 0.500633 0.331287 0.511859 0.346162 0.517961 0.354032 0.521133 0.351491 0.526328 0.345542 0.531870 0.341514 0.535951 0.339593 0.535724 0.338417 0.534596 0.334616 0.533424 0.333111 0.525440 0.323931 0.507609 0.302417 0.498818 0.293671 0.494823 0.288435 0.474815 0.265917 0.462190 0.251861
