0 0.474406 0.281472 0.471594 0.281472 0.468781 0.284801 0.457505 0.284245 0.454982 0.286259 0.450714 0.289903 0.445958 0.296722 0.443760 0.302866 0.443435 0.309306 0.443404 0.314315 0.445029 0.322759 0.444591 0.326421 0.444654 0.329421 0.439734 0.336565 0.437349 0.341708 0.434964 0.349417 0.433661 0.357644 0.433807 0.362912 0.434385 0.365870 0.435542 0.370236 0.436698 0.372421 0.437203 0.377176 0.438143 0.382319 0.441253 0.387847 0.444667 0.391157 0.446453 0.392972 0.450229 0.392231 0.447401 0.383181 0.449151 0.376074 0.451214 0.371185 0.451401 0.365963 0.452714 0.358079 0.453901 0.353190 0.456865 0.349963 0.460513 0.346269 0.465503 0.340347 0.470341 0.336259 0.474859 0.342352 0.474497 0.348880 0.473086 0.359060 0.472388 0.364208 0.471604 0.371569 0.471143 0.376296 0.467208 0.379741 0.463646 0.382958 0.462469 0.384731 0.461849 0.385843 0.461875 0.387463 0.462083 0.392833 0.462422 0.397000 0.462995 0.402185 0.465672 0.409491 0.467932 0.415236 0.468583 0.419546 0.470409 0.422921 0.470924 0.423755 0.473000 0.424894 0.477112 0.426380 0.480948 0.426255 0.480878 0.423218 0.482378 0.420120 0.484852 0.417269 0.486701 0.414727 0.487479 0.411551 0.488891 0.403667 0.489924 0.398069 0.490380 0.392616 0.489682 0.389148 0.484862 0.379926 0.484594 0.374931 0.484917 0.372532 0.485510 0.366486 0.487190 0.348042 0.493885 0.345065 0.496263 0.346986 0.498206 0.354282 0.501622 0.358833 0.505245 0.364611 0.506870 0.368278 0.507307 0.372718 0.506620 0.379718 0.505659 0.385426 0.505495 0.388699 0.509609 0.403856 0.510617 0.409949 0.514263 0.411773 0.516914 0.410806 0.518904 0.407324 0.519596 0.403417 0.522029 0.401676 0.524362 0.399019 0.525763 0.395620 0.527013 0.388620 0.527068 0.379505 0.525380 0.368986 0.523922 0.361880 0.528727 0.350870 0.530849 0.340727 0.531625 0.332463 0.529206 0.321111 0.526013 0.311648 0.520354 0.304042 0.513737 0.298486 0.510237 0.296486 0.508107 0.298708 0.504109 0.299708
6 0.438177 0.395935 0.438130 0.393556 0.444667 0.391157 0.446453 0.392972 0.459583 0.404824 0.465672 0.409491 0.467779 0.415060 0.466643 0.420148 0.464995 0.419407 0.461010 0.417199 0.460174 0.416157
6 0.462867 0.514296 0.475414 0.542847 0.481865 0.543454 0.481516 0.541843 0.481935 0.539736 0.480307 0.539306 0.466130 0.504111
6 0.435471 0.394838 0.426664 0.399824 0.480307 0.539306 0.481935 0.539736 0.489115 0.541968 0.491591 0.534653 0.483026 0.513551 0.479568 0.504269 0.477893 0.500856 0.475768 0.494162 0.473987 0.490324 0.472656 0.486394 0.470628 0.482542 0.468971 0.478958 0.465958 0.470815 0.463195 0.464977 0.458695 0.452792 0.458135 0.451051 0.450461 0.432144 0.438701 0.403403
4 0.443404 0.314315 0.441154 0.314204 0.436406 0.314648 0.427159 0.312426 0.416536 0.305097 0.412026 0.299852 0.409807 0.294468 0.409164 0.292468 0.408964 0.289088 0.410096 0.284005 0.411219 0.280991 0.411021 0.276685 0.411169 0.271597 0.412500 0.268810 0.414755 0.266074 0.418755 0.264866 0.425734 0.263644 0.425409 0.260343 0.425654 0.257833 0.426815 0.255278 0.429602 0.253000 0.432799 0.253426 0.433401 0.249671 0.434732 0.249069 0.435068 0.246569 0.437875 0.246236 0.439154 0.248037 0.439805 0.249801 0.439828 0.254102 0.441466 0.255514 0.444229 0.257736 0.446440 0.261301 0.446159 0.263699 0.445247 0.269273 0.450326 0.272153 0.455294 0.278106 0.457505 0.284245 0.454982 0.286259 0.450714 0.289903 0.445958 0.296722 0.443760 0.302866 0.443435 0.309306
5 0.478672 0.447593 0.478023 0.457190 0.477706 0.464366 0.480016 0.467144 0.484505 0.471463 0.488005 0.473037 0.489346 0.475713 0.490729 0.473338 0.494760 0.469597 0.498573 0.469375 0.499797 0.469472 0.500026 0.464907
5 0.475768 0.494162 0.485544 0.489556 0.486299 0.485139 0.486495 0.480940 0.489346 0.475713 0.488005 0.473037 0.484505 0.471463 0.480016 0.467144 0.477706 0.464366 0.478023 0.457190 0.478672 0.447593 0.478310 0.447426 0.478193 0.442139 0.478990 0.437875 0.478906 0.435602 0.478219 0.432926 0.477740 0.432144 0.477112 0.426380 0.473000 0.424894 0.470924 0.423755 0.470409 0.422921 0.468583 0.419546 0.467932 0.415236 0.467779 0.415060 0.466643 0.420148 0.464995 0.419407 0.461010 0.417199 0.459758 0.418389 0.459758 0.418389 0.460096 0.419935 0.459854 0.420352 0.458596 0.422847 0.458362 0.423292 0.458362 0.423292 0.456909 0.427088 0.455885 0.430023 0.454901 0.430162 0.453529 0.433880 0.453529 0.433880 0.460112 0.438338 0.459255 0.446736 0.458135 0.451051 0.458695 0.452792 0.463195 0.464977 0.465958 0.470815 0.468971 0.478958 0.470628 0.482542 0.472656 0.486394 0.473987 0.490324
2 0.517130 0.446315 0.518901 0.441551 0.523484 0.438708 0.524654 0.442472 0.523659 0.444167 0.523529 0.444856 0.523917 0.445319 0.524740 0.444778 0.522620 0.450931 0.518901 0.453542 0.518211 0.453005 0.517388 0.450005
6 0.478193 0.442139 0.478281 0.447120 0.479167 0.448009 0.500021 0.464917 0.502732 0.461782 0.483674 0.445894 0.482776 0.445194
5 0.480552 0.604593 0.484667 0.624486 0.488201 0.624486 0.490596 0.624486 0.499250 0.620843 0.516388 0.607838 0.516339 0.605667 0.518617 0.604343 0.519786 0.602148 0.520221 0.600662 0.520823 0.600065 0.521659 0.601375 0.521893 0.602560 0.522865 0.600000 0.522708 0.598704 0.522083 0.597500 0.520807 0.593380 0.519583 0.588472 0.518724 0.585741 0.517969 0.583472 0.509089 0.585370 0.506797 0.585880 0.505599 0.584583 0.504740 0.583333 0.503542 0.580972 0.508500 0.574241 0.501727 0.575505 0.499393 0.576421 0.497182 0.574370 0.493359 0.567315 0.486867 0.556259 0.485609 0.550449 0.485880 0.548625 0.481865 0.543454 0.475414 0.542847 0.472745 0.545944 0.470693 0.551898 0.474586 0.571949 0.479651 0.587287 0.480818 0.592042 0.483010 0.593843 0.480352 0.597907 0.478719 0.595421
5 0.533620 0.494907 0.535562 0.497347 0.538643 0.503653 0.539062 0.510954 0.538271 0.514690 0.533182 0.516102 0.528750 0.517426 0.526083 0.521333 0.523984 0.524287 0.522672 0.527954 0.520484 0.530171 0.520924 0.533060 0.520422 0.536282 0.520297 0.540616 0.520987 0.545611 0.521828 0.553491 0.521182 0.555282 0.522513 0.559153 0.522555 0.562310 0.521870 0.563671 0.522594 0.564963 0.526307 0.561588 0.530581 0.558722 0.534924 0.556292 0.534073 0.553245 0.539206 0.550292 0.534654 0.525870 0.538484 0.525870 0.543182 0.548236 0.547521 0.546694 0.543979 0.525102 0.547664 0.524329 0.552292 0.545537 0.557857 0.543866 0.553594 0.520731 0.556773 0.521505 0.560823 0.542324 0.565956 0.540523 0.561760 0.518546 0.564797 0.516620 0.569497 0.540139 0.570219 0.515718 0.571667 0.513662 0.575424 0.492458 0.535810 0.486546
5 0.573193 0.505843 0.578190 0.507731 0.583271 0.507287 0.587232 0.534245 0.586482 0.534245 0.581922 0.510250 0.577797 0.511472 0.582669 0.535245 0.578109 0.537019 0.573237 0.512806 0.571667 0.513662
5 0.489453 0.426852 0.484852 0.417269 0.482378 0.420120 0.480878 0.423218 0.480948 0.426255 0.477112 0.426380 0.477740 0.432144 0.478219 0.432926 0.478219 0.432926 0.478906 0.435602 0.478990 0.437875 0.478193 0.442139 0.482776 0.445194 0.485979 0.437972 0.487932 0.432231
5 0.438701 0.403403 0.450461 0.432144 0.453529 0.433880 0.454878 0.430125 0.455885 0.430023 0.456909 0.427088 0.458362 0.423292 0.458362 0.423292 0.458596 0.422847 0.459854 0.420352 0.460096 0.419935 0.459758 0.418389 0.458385 0.416468 0.454451 0.415102 0.450021 0.412190 0.448891 0.412560 0.448891 0.412560
5 0.462469 0.384731 0.449969 0.389083 0.450229 0.392231 0.446453 0.392972 0.459536 0.404787 0.465672 0.409491 0.465672 0.409491 0.462995 0.402185 0.462422 0.397000 0.462083 0.392833 0.461875 0.387463 0.461849 0.385843
5 0.505495 0.388699 0.503984 0.388838 0.503255 0.389394 0.502656 0.388884 0.501458 0.388236 0.499922 0.387773 0.499427 0.386708 0.498464 0.386292 0.496927 0.386477 0.495964 0.387264 0.495703 0.388051 0.494818 0.387588 0.494245 0.388560 0.493281 0.389671 0.489682 0.389148 0.490380 0.392616 0.489924 0.398069 0.488891 0.403667 0.487479 0.411551 0.490706 0.411838 0.496070 0.409403 0.507609 0.431648 0.511875 0.430690 0.517060 0.427231 0.519112 0.422815 0.525776 0.414106 0.527828 0.412185 0.530745 0.407384 0.535245 0.395713 0.538419 0.386333 0.539669 0.383111 0.541232 0.377889 0.540820 0.374972 0.539318 0.371968 0.540344 0.367074 0.540344 0.364500 0.540156 0.361181 0.540716 0.355704 0.540297 0.352551 0.539224 0.352222 0.537729 0.352468 0.535956 0.353134 0.535724 0.354875 0.537357 0.356454 0.539224 0.357944 0.539409 0.359852 0.538010 0.360602 0.535490 0.362676 0.534370 0.364083 0.533526 0.367051 0.530542 0.368125 0.528849 0.368630 0.528042 0.365833 0.526831 0.367051 0.525380 0.368986 0.527068 0.379505 0.527013 0.388620 0.525763 0.395620 0.524362 0.399019 0.522029 0.401676 0.519596 0.403417 0.518904 0.407324 0.516914 0.410806 0.514263 0.411773 0.510617 0.409949 0.509609 0.403856
5 0.531656 0.485560 0.526242 0.481111 0.528154 0.477579 0.532607 0.462852 0.537732 0.447023 0.542081 0.443894 0.543685 0.449509 0.543893 0.449968
5 0.548393 0.447551 0.550734 0.444458 0.552370 0.443630 0.553294 0.453884 0.553076 0.462875 0.547487 0.468509 0.540865 0.479171 0.538367 0.486949 0.535810 0.486546 0.539570 0.472690
5 0.538367 0.486949 0.540865 0.479171 0.547487 0.468509 0.557865 0.457593 0.562422 0.451806 0.564469 0.455426 0.566057 0.462880 0.572180 0.475523 0.574104 0.474903 0.575594 0.473190 0.576992 0.472255 0.578130 0.472569 0.583271 0.507287 0.578190 0.507731 0.573193 0.505843 0.573193 0.505843 0.575424 0.492458 0.557214 0.489685
5 0.490622 0.428403 0.488148 0.435764 0.486008 0.440532 0.483654 0.445824 0.502016 0.461074 0.502732 0.461782 0.503727 0.460019 0.503758 0.458356 0.504299 0.457444 0.505990 0.457361 0.498380 0.443097
5 0.475768 0.494162 0.477893 0.500856 0.477893 0.500856 0.479568 0.504269 0.483026 0.513551 0.491578 0.534509 0.491245 0.528935 0.492148 0.521074 0.488578 0.512060 0.486479 0.509903 0.486456 0.508005 0.487396 0.505648 0.488526 0.503958 0.490305 0.499991 0.491604 0.495528 0.492826 0.491431 0.494315 0.488995 0.496349 0.486370 0.498417 0.481273 0.501479 0.477898 0.504297 0.478259 0.502133 0.469597 0.498573 0.469375 0.494760 0.469597 0.490729 0.473338 0.486495 0.480940 0.486299 0.485139 0.485544 0.489556
7 0.487190 0.348042 0.493885 0.345065 0.496263 0.346986 0.498206 0.354282 0.501622 0.358833 0.497872 0.372495 0.493281 0.389671 0.489682 0.389148 0.484862 0.379926 0.492964 0.377236 0.492154 0.373204 0.484594 0.374931 0.484917 0.372532 0.489885 0.370708 0.489508 0.366102 0.485510 0.366486
5 0.516052 0.705028 0.541294 0.690361 0.542669 0.664481 0.540229 0.661829 0.538531 0.658000 0.540354 0.654458 0.542409 0.654023 0.544271 0.649213 0.545234 0.647329 0.545268 0.644602 0.544187 0.641630 0.541435 0.637352 0.542237 0.636176 0.548406 0.641750 0.549242 0.638282 0.548844 0.634148 0.548901 0.632065 0.548521 0.630079 0.547953 0.628366 0.546141 0.628986 0.544956 0.628491 0.543247 0.625764 0.542341 0.624398 0.540284 0.623222 0.538156 0.619130 0.536833 0.619380 0.535229 0.618199 0.533451 0.615162 0.532456 0.615634 0.529880 0.612602 0.528745 0.610764 0.525034 0.607671 0.524667 0.605713 0.522896 0.604106 0.521893 0.602560 0.521659 0.601375 0.520823 0.600065 0.520221 0.600662 0.519786 0.602148 0.518617 0.604343 0.516339 0.605667 0.516388 0.607838 0.499250 0.620843 0.490596 0.624486 0.488201 0.624486 0.484667 0.624486 0.488021 0.644116 0.497232 0.692208 0.502964 0.697481 0.503430 0.699231 0.503430 0.699231 0.504776 0.698310 0.505708 0.699690 0.507104 0.700611 0.509435 0.701255 0.510625 0.705764 0.511815 0.707148 0.516052 0.705028
5 0.526083 0.521333 0.526083 0.521333 0.528750 0.517426 0.533182 0.516102 0.538271 0.514690 0.539062 0.510954 0.538643 0.503653 0.535562 0.497347 0.533620 0.494907 0.531122 0.493588 0.531122 0.493588 0.531565 0.485630 0.526242 0.481111 0.523781 0.478245 0.518859 0.472079 0.516198 0.469278 0.509823 0.461106 0.505990 0.457361 0.504299 0.457444 0.503758 0.458356 0.503727 0.460019 0.502732 0.461782 0.500026 0.464907 0.499797 0.469472 0.502133 0.469597 0.504297 0.478259 0.501479 0.477898 0.498484 0.481301 0.496349 0.486370 0.494315 0.488995 0.492826 0.491431 0.491604 0.495528 0.490305 0.499991 0.488526 0.503958 0.487396 0.505648 0.486456 0.508005 0.486479 0.509903 0.488578 0.512060 0.492148 0.521074 0.491245 0.528935 0.491578 0.534509 0.489115 0.541968 0.489302 0.541514 0.485609 0.550449 0.486867 0.556259 0.493359 0.567315 0.497182 0.574370 0.499393 0.576421 0.501727 0.575505 0.508500 0.574241 0.503542 0.580972 0.504740 0.583333 0.505599 0.584583 0.506797 0.585880 0.509089 0.585370 0.517969 0.583472 0.518724 0.585741 0.519583 0.588472 0.520807 0.593380 0.522083 0.597500 0.522708 0.598704 0.522865 0.600000 0.522865 0.600000 0.521893 0.602560 0.522896 0.604106 0.524667 0.605713 0.525034 0.607671 0.528745 0.610764 0.529880 0.612602 0.532456 0.615634 0.533451 0.615162 0.535229 0.618199 0.536833 0.619380 0.538156 0.619130 0.540284 0.623222 0.542341 0.624398 0.543247 0.625764 0.544956 0.628491 0.546141 0.628986 0.547940 0.628301 0.548521 0.630079 0.551846 0.634125 0.553247 0.635213 0.556135 0.638639 0.557625 0.640194 0.557885 0.641282 0.584469 0.626005 0.585141 0.626546 0.585370 0.628292 0.585448 0.630032 0.586586 0.631653 0.589763 0.641736 0.590971 0.640519 0.592328 0.638917 0.593693 0.637440 0.594831 0.636894 0.596792 0.637157 0.598305 0.638231 0.599669 0.639324 0.600273 0.639727 0.600651 0.639852 0.600125 0.637565 0.599135 0.634343 0.595891 0.621287 0.595547 0.616403 0.595023 0.604264 0.593971 0.588861 0.592484 0.574704 0.590073 0.553704 0.586440 0.554532 0.583081 0.552866 0.581023 0.551708 0.577216 0.550278 0.570943 0.550218 0.564911 0.550032 0.563289 0.549634 0.563289 0.549634 0.558737 0.546810 0.552284 0.547829 0.548031 0.548204 0.541826 0.552292 0.534924 0.556292 0.530581 0.558722 0.526307 0.561588 0.522594 0.564963 0.521870 0.563671 0.522555 0.562310 0.522513 0.559153 0.521182 0.555282 0.521828 0.553491 0.520987 0.545611 0.520297 0.540616 0.520422 0.536282 0.520924 0.533060 0.520484 0.530171 0.522672 0.527954 0.523984 0.524287
6 0.435471 0.394838 0.438701 0.403403 0.448891 0.412560 0.450021 0.412190 0.454451 0.415102 0.458385 0.416468 0.459758 0.418389 0.461010 0.417199 0.460174 0.416157 0.438177 0.395935
6 0.450461 0.432144 0.453529 0.433880 0.460112 0.438338 0.459255 0.446736 0.458135 0.451051
5 0.497872 0.372495 0.506620 0.379718 0.507307 0.372718 0.506870 0.368278 0.505245 0.364611 0.501622 0.358833
2 0.388451 0.299407 0.404128 0.344315 0.425419 0.400574 0.426664 0.399824 0.435471 0.394838 0.438130 0.393556 0.444667 0.391157 0.441253 0.387847 0.438143 0.382319 0.437203 0.377176 0.436698 0.372421 0.435542 0.370236 0.434385 0.365870 0.433807 0.362912 0.433661 0.357644 0.434964 0.349417 0.437349 0.341708 0.439734 0.336565 0.444615 0.329389 0.444591 0.326421 0.445029 0.322759 0.441154 0.314204 0.436406 0.314648 0.427159 0.312426 0.416536 0.305097 0.412026 0.299852 0.409807 0.294468 0.409164 0.292468
2 0.456865 0.349963 0.453901 0.353190 0.452714 0.358079 0.451401 0.365963 0.451214 0.371185 0.449151 0.376074 0.447401 0.383181 0.450229 0.392231 0.449969 0.389083 0.462469 0.384731 0.463646 0.382958 0.467208 0.379741 0.471099 0.376144 0.471143 0.376296 0.471604 0.371569 0.472388 0.364208 0.473086 0.359060 0.474497 0.348880 0.474859 0.342352 0.470341 0.336259 0.465503 0.340347 0.460513 0.346269
7 0.484852 0.417269 0.486701 0.414727 0.487479 0.411551 0.490706 0.411838 0.496070 0.409403 0.507609 0.431648 0.508383 0.435389 0.509445 0.436611 0.509758 0.447495 0.510130 0.452935 0.513130 0.452380 0.513505 0.450273 0.512943 0.442495 0.515630 0.448051 0.520628 0.456380 0.516198 0.469278 0.509823 0.461106 0.505990 0.457361 0.498380 0.443097 0.490622 0.428403 0.489453 0.426852
7 0.537578 0.437273 0.530536 0.441116 0.523073 0.461120 0.526799 0.468417
2 0.516198 0.469278 0.520628 0.456380 0.535810 0.413421 0.535448 0.410977 0.537471 0.405065 0.538339 0.405708 0.542820 0.392727 0.545930 0.393370 0.541521 0.405708 0.547448 0.409051 0.551714 0.396454 0.554388 0.398384 0.550122 0.410852 0.556557 0.413421 0.560099 0.402241 0.562919 0.403009 0.559594 0.414704 0.560315 0.417019 0.559448 0.422801 0.556195 0.423574 0.548393 0.447551 0.539570 0.472690 0.535810 0.486546 0.533620 0.494907 0.531122 0.493588 0.531565 0.485630 0.533797 0.479051 0.543893 0.449968 0.543685 0.449509 0.553375 0.420875 0.547521 0.418306 0.537732 0.447023 0.532607 0.462852 0.528154 0.477579 0.526242 0.481111 0.523781 0.478245 0.526799 0.468417 0.537578 0.437273 0.544484 0.416759 0.539930 0.415347 0.530536 0.441116 0.523073 0.461120 0.518859 0.472079
2 0.534073 0.553245 0.539206 0.550292 0.534654 0.525870 0.538484 0.525870 0.543182 0.548236 0.547521 0.546694 0.543979 0.525102 0.547664 0.524329 0.552292 0.545537 0.557857 0.543866 0.553594 0.520731 0.556773 0.521505 0.560823 0.542324 0.565956 0.540523 0.561760 0.518546 0.564797 0.516620 0.569497 0.540139 0.574195 0.538083 0.570219 0.515718 0.571667 0.513662 0.573237 0.512806 0.578109 0.537019 0.582669 0.535245 0.577797 0.511472 0.581922 0.510250 0.586482 0.534245 0.587232 0.534245 0.590073 0.553704 0.586440 0.554532 0.584201 0.542773 0.579279 0.544255 0.581023 0.551708 0.577216 0.550278 0.576172 0.545505 0.564805 0.549042 0.564911 0.550032 0.563289 0.549634 0.558737 0.546810 0.552284 0.547829 0.548031 0.548204 0.541826 0.552292 0.534924 0.556292
5 0.297013 0.203889 0.288721 0.187306 0.294810 0.183389 0.308674 0.177398 0.311911 0.175097 0.316057 0.171644 0.321370 0.171644 0.331484 0.192037 0.343005 0.212407 0.357388 0.241662 0.371185 0.271329 0.373984 0.280079 0.374555 0.283259 0.376224 0.285444 0.376458 0.288046 0.372870 0.284847 0.369734 0.282472 0.366146 0.278491 0.361979 0.280648 0.359266 0.284731 0.335143 0.254995 0.306938 0.217222
5 0.357547 0.158755 0.356435 0.154731 0.355596 0.153046 0.355523 0.149398 0.359219 0.149204 0.362883 0.148806 0.362883 0.147792 0.358784 0.143718 0.358755 0.142060 0.361227 0.140282 0.364388 0.132481 0.363685 0.130005 0.362427 0.128514 0.362516 0.125519 0.365508 0.125852 0.372786 0.132907 0.378664 0.138218 0.384917 0.144190 0.389536 0.148009 0.395753 0.153481 0.403409 0.161954 0.415229 0.173750 0.423760 0.180292 0.433701 0.189894 0.442901 0.199713 0.447419 0.204171 0.447044 0.206278 0.448794 0.213167 0.449609 0.219051 0.456609 0.225056 0.455227 0.227278 0.454115 0.228287 0.453177 0.229907 0.451172 0.228051 0.449734 0.227046 0.447943 0.231296 0.446706 0.239412 0.439331 0.231185 0.439766 0.240181 0.440266 0.249509 0.434219 0.242505 0.424984 0.232806 0.411701 0.218213 0.396148 0.201894 0.379083 0.182597 0.362451 0.164551
5 0.384917 0.144190 0.377315 0.135782 0.371388 0.129644 0.368401 0.126907 0.368401 0.125662 0.370081 0.123171 0.374234 0.120435 0.375401 0.119190 0.376521 0.112801 0.377409 0.110560 0.381047 0.102597 0.383055 0.102264 0.383570 0.102500 0.384411 0.103250 0.410234 0.129417 0.441930 0.159255 0.468906 0.185454 0.466456 0.189551 0.466456 0.189551 0.465057 0.192620 0.463003 0.198014 0.461883 0.200171 0.461229 0.200088 0.460622 0.199009 0.459596 0.200333 0.460016 0.202412 0.458661 0.206560 0.456328 0.208051 0.456281 0.209546 0.454010 0.212546 0.447419 0.204171 0.442901 0.199713 0.433701 0.189894 0.423760 0.180292 0.415229 0.173750 0.403409 0.161954 0.395753 0.153481 0.389536 0.148009
5 0.464870 0.234852 0.462633 0.232213 0.459487 0.232356 0.457607 0.233384 0.456609 0.233602 0.453638 0.235727 0.452146 0.237019 0.450979 0.238903 0.451461 0.240102 0.462190 0.251861 0.474815 0.265917 0.494823 0.288435 0.498818 0.293671 0.507609 0.302417 0.525440 0.323931 0.533424 0.333111 0.534596 0.334616 0.535724 0.338417 0.535951 0.339593 0.531870 0.341514 0.530984 0.342181 0.531474 0.344005 0.539958 0.353324 0.541630 0.352431 0.541044 0.350500 0.541044 0.345296 0.543135 0.343958 0.546984 0.349014 0.548823 0.347676 0.548992 0.343065 0.552003 0.347676 0.554094 0.347227 0.554010 0.342917 0.556518 0.331167 0.559279 0.325815 0.562307 0.327806 0.563315 0.327157 0.562786 0.326019 0.559375 0.322639 0.557318 0.320694 0.553078 0.316412 0.551865 0.314755 0.550130 0.314398 0.547383 0.311681 0.544583 0.314171 0.542344 0.311602 0.540198 0.310602 0.538469 0.311185 0.536695 0.311269 0.514576 0.287454 0.489557 0.260986
5 0.451461 0.240102 0.449839 0.242657 0.446706 0.239412 0.439331 0.231185 0.439766 0.240181 0.440266 0.249509 0.440211 0.252102 0.437727 0.253926 0.434974 0.255463 0.433948 0.257000 0.436797 0.259120 0.445964 0.269815 0.464237 0.290875 0.480622 0.308231 0.488049 0.313931 0.500633 0.331287 0.511859 0.346162 0.517961 0.354032 0.521133 0.351491 0.526328 0.345542 0.531870 0.341514 0.535951 0.339593 0.535724 0.338417 0.534596 0.334616 0.533424 0.333111 0.525440 0.323931 0.507609 0.302417 0.498818 0.293671 0.494823 0.288435 0.474815 0.265917 0.462190 0.251861
