0 0.430656 0.320347 0.424628 0.316921 0.420190 0.317699 0.416917 0.318269 0.411086 0.326139 0.407664 0.329009 0.406719 0.331370 0.405833 0.333736 0.405188 0.337894 0.404883 0.346023 0.416310 0.378227 0.424602 0.364495 0.429484 0.369014 0.429643 0.374894 0.428104 0.393097 0.427185 0.406329 0.438714 0.437014 0.444099 0.432153 0.444266 0.428815 0.447628 0.416704 0.447495 0.413338 0.445307 0.409338 0.440482 0.401204 0.441164 0.383491 0.443247 0.371690 0.453021 0.380333 0.454805 0.387148 0.453026 0.390958 0.455716 0.394185 0.455339 0.398181 0.453552 0.404477 0.451612 0.410495 0.450992 0.416889 0.451492 0.419222 0.455372 0.422181 0.463987 0.417375 0.470688 0.407968 0.471482 0.403750 0.471336 0.394051 0.469477 0.381625 0.468430 0.374310 0.467237 0.369463 0.460302 0.356708 0.455930 0.351023 0.458557 0.351069 0.458437 0.349412 0.459068 0.349306 0.463195 0.352843 0.466250 0.351500 0.472924 0.352245 0.476359 0.354579 0.477984 0.358907 0.478354 0.363556 0.478263 0.367625 0.477922 0.371593 0.477484 0.378926 0.477867 0.383204 0.477867 0.385926 0.476495 0.387005 0.478388 0.387898 0.483294 0.383014 0.484919 0.380347 0.486445 0.375861 0.487589 0.372644 0.488451 0.369648 0.489617 0.360773 0.489044 0.352134 0.487107 0.345690 0.484482 0.335917 0.481484 0.329583 0.478117 0.327773 0.470172 0.326065 0.465880 0.325153 0.462427 0.325898 0.460091 0.326153 0.454302 0.324574
5 0.514750 0.475060 0.513357 0.479519 0.521742 0.527255 0.525240 0.528431 0.527346 0.529718 0.528281 0.531912 0.528763 0.537486 0.528643 0.542412 0.526565 0.547718 0.525299 0.548356 0.529708 0.567472 0.534427 0.585639 0.538406 0.586407 0.539273 0.592833 0.542021 0.604792 0.546794 0.624301 0.555039 0.646731 0.555805 0.645366 0.556573 0.638981 0.560164 0.636255 0.566648 0.632116 0.571341 0.631144 0.574409 0.629852 0.576786 0.630856 0.577148 0.633444 0.577148 0.638963 0.580135 0.637023 0.580862 0.631144 0.582674 0.628491 0.585279 0.626917 0.579906 0.622028 0.573784 0.614699 0.568224 0.607144 0.566096 0.609699 0.565284 0.609810 0.564534 0.605699 0.564911 0.600037 0.561349 0.599255 0.560536 0.596704 0.560411 0.593375 0.561411 0.592259 0.558901 0.588088 0.557151 0.581644 0.555091 0.577977 0.553031 0.568421 0.552500 0.564306 0.551242 0.559329 0.549794 0.559657 0.549000 0.552940 0.549154 0.547875 0.548396 0.542495 0.541052 0.526560 0.529505 0.502718 0.528057 0.500921 0.527768 0.497833 0.526685 0.493343 0.526456 0.491116 0.526451 0.489370 0.520542 0.484088 0.520542 0.484088 0.517794 0.481134 0.515841 0.479588
2 0.460302 0.356708 0.477922 0.371593 0.477484 0.378926 0.469987 0.373259
2 0.443247 0.371690 0.453021 0.380333 0.454805 0.387148 0.453026 0.390958 0.455716 0.394185 0.455339 0.398181 0.453552 0.404477 0.451612 0.410495 0.440482 0.401204 0.441164 0.383491
2 0.424602 0.364495 0.429484 0.369014 0.429643 0.374894 0.428104 0.393097 0.427185 0.406329 0.416310 0.378227
2 0.416917 0.318269 0.396234 0.321532 0.398503 0.327866 0.411086 0.326139
6 0.422255 0.285833 0.419643 0.286995 0.417169 0.293796 0.430656 0.320347 0.430516 0.311634
6 0.489617 0.360773 0.505484 0.344676 0.507164 0.347245 0.507633 0.350565 0.488451 0.369648
5 0.521742 0.527255 0.525240 0.528431 0.527346 0.529718 0.528281 0.531912 0.528763 0.537486 0.528643 0.542412 0.526565 0.547718 0.525299 0.548356
5 0.444099 0.432153 0.438714 0.437014 0.459482 0.497250 0.462607 0.509861 0.464755 0.509616
9 0.512513 0.431241 0.511781 0.432602 0.510224 0.427981 0.509107 0.429282 0.507573 0.432009 0.506076 0.436287 0.504750 0.438083 0.502133 0.440315 0.494227 0.493009 0.495909 0.495833 0.497544 0.491148 0.496393 0.487676 0.497159 0.483588 0.500542 0.480671
2 0.474242 0.385880 0.473112 0.388171 0.471336 0.394051 0.471482 0.403750 0.470688 0.407968 0.472221 0.407347 0.474609 0.398685 0.478388 0.387898
9 0.485518 0.443028 0.481396 0.441472 0.479271 0.441583 0.476833 0.444139 0.476656 0.455019 0.477557 0.468139 0.477557 0.481546 0.477117 0.483093 0.478612 0.481046 0.481052 0.479250 0.482068 0.479620 0.482940 0.480921 0.483984 0.483898 0.484255 0.485884 0.487508 0.466250 0.487927 0.464449 0.483430 0.463083 0.481583 0.457505 0.482734 0.456269 0.482870 0.450634 0.483568 0.448773
5 0.447143 0.432028 0.453273 0.437181 0.459797 0.436620 0.459747 0.429380 0.459641 0.425537 0.455372 0.422181 0.463987 0.417375 0.470688 0.407968 0.472221 0.407347 0.473339 0.409889 0.472990 0.413051 0.473826 0.415032 0.475638 0.419681 0.476651 0.422903 0.477810 0.429759 0.477776 0.434037 0.476836 0.437444 0.476836 0.437444 0.476552 0.454704 0.477557 0.468139 0.477557 0.481546 0.477102 0.483074 0.477117 0.488606 0.477729 0.492606 0.478148 0.496917 0.476487 0.505278 0.475862 0.514741 0.473995 0.521213 0.473995 0.521213 0.473622 0.527769
2 0.508732 0.417912 0.504846 0.422630 0.505719 0.426537 0.505810 0.429644 0.505419 0.431949 0.504154 0.433662 0.503250 0.433236 0.502133 0.440315 0.504750 0.438083 0.506076 0.436287 0.507573 0.432009 0.509107 0.429282 0.510224 0.427981 0.511026 0.424639 0.510643 0.421657
5 0.514667 0.524014 0.511565 0.524444 0.504836 0.527667 0.505115 0.536032 0.502604 0.543593 0.504732 0.551343 0.503232 0.559148 0.501872 0.564046 0.485104 0.571977 0.480711 0.572167 0.478690 0.567329 0.474609 0.573963 0.492396 0.668565 0.498320 0.699069 0.502609 0.702157 0.510372 0.713597 0.542443 0.695259 0.543365 0.679097 0.543753 0.675194 0.541091 0.674977 0.539479 0.673398
2 0.466250 0.351500 0.478354 0.363556 0.478263 0.367625 0.477180 0.367361 0.458557 0.351069 0.458437 0.349412 0.459068 0.349306 0.463195 0.352843
5 0.549305 0.659833 0.550305 0.655722 0.552367 0.650727 0.555039 0.646731 0.555805 0.645366 0.556573 0.638981 0.560164 0.636255 0.566648 0.632116 0.571341 0.631144 0.574409 0.629852 0.576786 0.630856 0.577148 0.633444 0.577148 0.638963
5 0.502068 0.508194 0.500201 0.506454 0.498615 0.501806 0.495909 0.495833 0.494227 0.493009 0.490680 0.493259 0.486573 0.493843 0.484146 0.494838 0.482094 0.497991 0.479107 0.505458 0.475862 0.514741 0.473995 0.521213 0.473622 0.527769 0.473185 0.534282 0.473576 0.545074 0.475023 0.553125 0.476810 0.561560 0.478690 0.567329 0.480711 0.572167 0.485104 0.571977 0.501872 0.564046 0.503232 0.559148 0.504732 0.551343 0.502604 0.543593 0.505115 0.536032 0.504836 0.527667 0.503286 0.519875
7 0.524276 0.433315 0.531177 0.427366 0.534456 0.432264 0.535466 0.435176 0.535570 0.438338 0.545026 0.456713 0.542599 0.459454 0.530799 0.469583 0.523021 0.466898 0.521901 0.464722 0.522062 0.463042 0.522062 0.455231 0.520529 0.453620 0.519307 0.453060
5 0.548396 0.542495 0.549154 0.547875 0.549000 0.552940 0.549794 0.559657 0.551242 0.559329 0.552500 0.564306 0.553031 0.568421 0.555078 0.577954 0.557151 0.581644 0.558901 0.588088 0.561411 0.592259 0.560411 0.593375 0.560536 0.596704 0.561349 0.599255 0.564911 0.600037 0.564534 0.605699 0.565284 0.609810 0.566096 0.609699 0.568224 0.607144 0.573784 0.614699 0.579906 0.622028 0.585279 0.626917 0.582674 0.628491 0.580862 0.631144 0.580135 0.637023 0.583372 0.634792 0.584292 0.638421 0.585620 0.640963 0.587560 0.642236 0.589398 0.642236 0.590930 0.640236 0.592258 0.637694 0.589091 0.616995 0.584596 0.596111 0.578469 0.569236 0.576732 0.563792 0.566974 0.524972 0.561201 0.505639 0.558833 0.496583 0.548315 0.457713 0.547370 0.456454 0.545833 0.456241 0.545026 0.456713 0.542599 0.459454 0.530799 0.469583 0.522992 0.466852 0.521901 0.464722 0.522062 0.463042 0.522062 0.455231 0.520529 0.453620 0.519307 0.453060 0.518156 0.458949 0.518156 0.458949 0.517534 0.462736 0.514750 0.475060 0.515841 0.479588 0.517794 0.481134 0.520542 0.484088 0.526451 0.489370 0.526469 0.491153 0.526685 0.493343 0.527768 0.497833 0.528057 0.500921 0.529505 0.502718 0.541052 0.526560 0.548396 0.542495
2 0.503659 0.502000 0.503659 0.502000 0.503008 0.504546 0.502617 0.506722 0.505294 0.509343 0.507500 0.510287 0.510414 0.510287 0.512180 0.510287 0.511740 0.508245 0.509859 0.498028 0.509047 0.498028 0.506544 0.497171 0.504375 0.498991
6 0.511784 0.470255 0.504521 0.467097 0.514667 0.524014 0.539479 0.673398 0.541091 0.674977 0.543753 0.675194 0.543753 0.669458 0.545328 0.663361
2 0.447143 0.432028 0.473622 0.527769 0.473185 0.534282 0.467284 0.535690 0.465974 0.528801 0.469596 0.528014 0.444099 0.432153
6 0.482094 0.497991 0.484146 0.494838 0.486573 0.493843 0.490680 0.493259 0.494227 0.493009 0.508966 0.395773 0.504773 0.393713 0.502966 0.388958 0.500940 0.388958
2 0.531727 0.401671 0.530823 0.399852 0.529706 0.400014 0.528260 0.402102 0.527026 0.407458 0.523831 0.411370 0.524917 0.406870 0.522927 0.407940 0.521602 0.413190 0.518396 0.416907 0.518990 0.414866 0.518151 0.414120 0.515466 0.420194 0.511635 0.425648 0.510224 0.427981 0.511781 0.432602 0.512513 0.431241 0.500542 0.480671 0.497159 0.483588 0.496393 0.487676 0.497544 0.491148 0.495909 0.495833 0.498615 0.501806 0.501570 0.486500 0.503904 0.484426 0.499471 0.504426 0.500201 0.506454 0.502068 0.508194 0.502617 0.506722 0.503008 0.504546 0.503659 0.502000 0.504375 0.498991 0.506544 0.497171 0.509047 0.498028 0.509859 0.498028 0.504521 0.467097 0.511784 0.470255 0.513357 0.479519 0.514750 0.475060 0.517534 0.462736 0.518156 0.458949 0.518156 0.458949 0.519307 0.453060 0.524276 0.433315
7 0.513440 0.371634 0.473339 0.409889 0.472990 0.413051 0.473826 0.415032 0.475638 0.419681 0.476651 0.422903 0.477810 0.429759 0.477776 0.434037 0.476836 0.437444 0.476833 0.444139 0.479271 0.441583 0.481396 0.441472 0.485518 0.443028 0.488518 0.439662 0.493021 0.434907 0.500940 0.388958 0.502966 0.388958 0.504773 0.393713 0.508966 0.395773 0.504846 0.422630 0.508732 0.417912 0.529034 0.399176 0.529034 0.395144
6 0.447628 0.416704 0.455372 0.422181 0.459641 0.425537 0.459747 0.429380 0.459802 0.436676 0.453273 0.437181 0.447143 0.432028 0.444266 0.428815
4 0.459852 0.272282 0.456344 0.270273 0.454005 0.270347 0.452109 0.271778 0.450979 0.273861 0.451099 0.275435 0.449768 0.277375 0.448115 0.277731 0.446422 0.278162 0.446904 0.288773 0.446984 0.291644 0.447753 0.294083 0.448195 0.296088 0.449164 0.296519 0.450339 0.298866 0.450766 0.312245 0.451786 0.313287 0.453745 0.315356 0.455096 0.319838 0.454302 0.324574 0.460091 0.326153 0.462427 0.325898 0.465880 0.325153 0.470172 0.326065 0.478117 0.327773 0.479284 0.323125 0.480307 0.316069 0.480677 0.306435 0.479013 0.296181 0.474930 0.289218 0.471922 0.286093 0.469578 0.283713 0.469578 0.279551 0.468742 0.276579 0.465565 0.274792
9 0.477117 0.488606 0.477604 0.488731 0.478159 0.487551 0.478443 0.484889 0.480883 0.482287 0.482307 0.489412 0.483008 0.489972 0.483516 0.489949 0.482094 0.497991 0.479107 0.505458 0.475862 0.514741 0.476516 0.505301 0.478148 0.496917 0.477729 0.492606
2 0.424682 0.308602 0.393240 0.313236 0.394935 0.317611 0.427297 0.313671
5 0.297013 0.203889 0.288721 0.187306 0.294810 0.183389 0.308674 0.177398 0.311911 0.175097 0.316057 0.171644 0.321370 0.171644 0.331484 0.192037 0.343005 0.212407 0.357388 0.241662 0.371185 0.271329 0.373984 0.280079 0.374555 0.283259 0.376224 0.285444 0.376458 0.288046 0.372870 0.284847 0.369734 0.282472 0.366146 0.278491 0.361979 0.280648 0.359266 0.284731 0.335143 0.254995 0.306938 0.217222
5 0.357547 0.158755 0.356435 0.154731 0.355596 0.153046 0.355523 0.149398 0.359219 0.149204 0.362883 0.148806 0.362883 0.147792 0.358784 0.143718 0.358755 0.142060 0.361227 0.140282 0.364388 0.132481 0.363685 0.130005 0.362427 0.128514 0.362516 0.125519 0.365508 0.125852 0.372786 0.132907 0.378664 0.138218 0.384917 0.144190 0.389536 0.148009 0.395753 0.153481 0.403409 0.161954 0.415229 0.173750 0.423760 0.180292 0.433701 0.189894 0.442901 0.199713 0.447419 0.204171 0.447044 0.206278 0.448794 0.213167 0.449609 0.219051 0.456609 0.225056 0.455227 0.227278 0.454115 0.228287 0.453177 0.229907 0.451172 0.228051 0.449734 0.227046 0.447943 0.231296 0.446706 0.239412 0.439331 0.231185 0.439766 0.240181 0.440266 0.249509 0.434219 0.242505 0.424984 0.232806 0.411701 0.218213 0.396148 0.201894 0.379083 0.182597 0.362451 0.164551
5 0.384917 0.144190 0.377315 0.135782 0.371388 0.129644 0.368401 0.126907 0.368401 0.125662 0.370081 0.123171 0.374234 0.120435 0.375401 0.119190 0.376521 0.112801 0.377409 0.110560 0.381047 0.102597 0.383055 0.102264 0.383570 0.102500 0.384411 0.103250 0.410234 0.129417 0.441930 0.159255 0.468906 0.185454 0.466456 0.189551 0.466456 0.189551 0.465057 0.192620 0.463003 0.198014 0.461883 0.200171 0.461229 0.200088 0.460622 0.199009 0.459596 0.200333 0.460016 0.202412 0.458661 0.206560 0.456328 0.208051 0.456281 0.209546 0.454010 0.212546 0.447419 0.204171 0.442901 0.199713 0.433701 0.189894 0.423760 0.180292 0.415229 0.173750 0.403409 0.161954 0.395753 0.153481 0.389536 0.148009
5 0.464870 0.234852 0.462633 0.232213 0.459487 0.232356 0.457607 0.233384 0.456609 0.233602 0.453638 0.235727 0.452146 0.237019 0.450979 0.238903 0.451461 0.240102 0.462190 0.251861 0.474815 0.265917 0.494823 0.288435 0.498818 0.293671 0.507609 0.302417 0.525440 0.323931 0.533424 0.333111 0.534596 0.334616 0.535724 0.338417 0.535951 0.339593 0.531870 0.341514 0.530984 0.342181 0.531474 0.344005 0.539958 0.353324 0.541630 0.352431 0.541044 0.350500 0.541044 0.345296 0.543135 0.343958 0.546984 0.349014 0.548823 0.347676 0.548992 0.343065 0.552003 0.347676 0.554094 0.347227 0.554010 0.342917 0.556518 0.331167 0.559279 0.325815 0.562307 0.327806 0.563315 0.327157 0.562786 0.326019 0.559375 0.322639 0.557318 0.320694 0.553078 0.316412 0.551865 0.314755 0.550130 0.314398 0.547383 0.311681 0.544583 0.314171 0.542344 0.311602 0.540198 0.310602 0.538469 0.311185 0.536695 0.311269 0.514576 0.287454 0.489557 0.260986
5 0.451461 0.240102 0.449839 0.242657 0.446706 0.239412 0.439331 0.231185 0.439766 0.240181 0.440266 0.249509 0.440211 0.252102 0.437727 0.253926 0.434974 0.255463 0.433948 0.257000 0.436797 0.259120 0.445964 0.269815 0.464237 0.290875 0.480622 0.308231 0.488049 0.313931 0.500633 0.331287 0.511859 0.346162 0.517961 0.354032 0.521133 0.351491 0.526328 0.345542 0.531870 0.341514 0.535951 0.339593 0.535724 0.338417 0.534596 0.334616 0.533424 0.333111 0.525440 0.323931 0.507609 0.302417 0.498818 0.293671 0.494823 0.288435 0.474815 0.265917 0.462190 0.251861
