0 0.996057 0.616745 0.995479 0.605440 0.991724 0.594653 0.985221 0.584426 0.980250 0.580884 0.968490 0.571532 0.964760 0.572870 0.959992 0.578213 0.952997 0.583093 0.927047 0.567523 0.923289 0.568759 0.913781 0.575384 0.908174 0.579032 0.907047 0.587667 0.907625 0.597630 0.909099 0.602255 0.906326 0.606880 0.906875 0.612222 0.910979 0.610528 0.915083 0.609241 0.920312 0.610889 0.922914 0.611861 0.920312 0.623472 0.912971 0.622806 0.906240 0.624144 0.902510 0.624144 0.894880 0.619468 0.887396 0.630769 0.878755 0.647208 0.875404 0.658616 0.875982 0.666528 0.875664 0.672593 0.874333 0.681838 0.874190 0.686412 0.875115 0.693088 0.877599 0.701977 0.883091 0.711227 0.887339 0.718676 0.889737 0.719037 0.889419 0.713125 0.891414 0.696634 0.892656 0.688468 0.897539 0.678653 0.905141 0.667403 0.910055 0.664421 0.912018 0.665194 0.914216 0.672745 0.911701 0.679991 0.909737 0.684769 0.904216 0.692935 0.903174 0.725509 0.902596 0.749037 0.904737 0.757259 0.907539 0.762602 0.910458 0.766148 0.913174 0.767227 0.915141 0.769282 0.920312 0.774880 0.924042 0.779505 0.927279 0.780069 0.933578 0.781662 0.937076 0.782074 0.939357 0.771389 0.941901 0.760241 0.940081 0.756384 0.930255 0.734398 0.932276 0.704806 0.934646 0.701157 0.935284 0.695866 0.934734 0.694116 0.933461 0.692681 0.937161 0.687542 0.944443 0.688519 0.950021 0.687903 0.951987 0.693759 0.951063 0.699514 0.951583 0.708398 0.954271 0.712667 0.957508 0.723194 0.959589 0.734139 0.961263 0.740560 0.954500 0.758546 0.951872 0.763681 0.951872 0.770102 0.957536 0.785671 0.960424 0.788444 0.963922 0.791477 0.967044 0.796407 0.972331 0.797694 0.974990 0.798310 0.978604 0.799389 0.979818 0.796819 0.979440 0.794458 0.978719 0.789319 0.986203 0.784796 0.990771 0.783102 0.993169 0.782227 0.994151 0.780532 0.994497 0.777093 0.995711 0.770259 0.996089 0.767481 0.999208 0.753560 0.999323 0.739227 0.998602 0.734704 0.996549 0.733727 0.985307 0.728745 0.976724 0.688773 0.973516 0.682866 0.969500 0.674185 0.967969 0.672949 0.966148 0.672435 0.959039 0.655329 0.964039 0.655843 0.972680 0.662519 0.981060 0.665245 0.985799 0.666991 0.990799 0.672694 0.995279 0.679370 1.000000 0.684273 1.000000 0.640778 0.992995 0.630769 0.991060 0.625787
2 0.564318 0.319310 0.565563 0.319176 0.565563 0.333968 0.562995 0.334519 0.558328 0.335625 0.555453 0.337009 0.553352 0.340190 0.553042 0.342954 0.551253 0.342125 0.553508 0.328435 0.557396 0.323736 0.562063 0.326778
2 0.463133 0.660931 0.465016 0.660810 0.464747 0.673833 0.466495 0.675745 0.466292 0.680407 0.465956 0.683755 0.461654 0.686264
2 0.497641 0.697190 0.499997 0.696634 0.502820 0.695917 0.505779 0.694005 0.506451 0.702968 0.508802 0.711810 0.509745 0.716824 0.510081 0.721486 0.500052 0.705620 0.500440 0.701060 0.499664 0.698986
2 0.466443 0.384208 0.473440 0.388079 0.478341 0.388352 0.478651 0.385176 0.479195 0.383241 0.493271 0.386144 0.483247 0.391426 0.472888 0.398495 0.467461 0.400912
2 0.488138 0.455542 0.502680 0.465495 0.501747 0.468954 0.498482 0.469921 0.498169 0.473792 0.495263 0.477852 0.494182 0.476569 0.493464 0.476569 0.492833 0.476569 0.492383 0.477690 0.490253 0.482394 0.489245 0.471282 0.488760 0.469366 0.489461 0.466602 0.489539 0.464116 0.490706 0.463009
2 0.506180 0.461764 0.513878 0.457894 0.515435 0.457894 0.517844 0.457616 0.520177 0.454162 0.522977 0.454301 0.523367 0.453606 0.523367 0.451949 0.520878 0.452639 0.521578 0.451532 0.523755 0.446556 0.525698 0.440889 0.526865 0.432315 0.530365 0.444069 0.528422 0.445588 0.527565 0.446144 0.526398 0.447384 0.524378 0.452361 0.523055 0.456097 0.521734 0.458861 0.519555 0.466051 0.519089 0.468125 0.518312 0.468954 0.517068 0.468954 0.516523 0.468954 0.515667 0.468954 0.514268 0.469231 0.513956 0.469231 0.512789 0.469093 0.512401 0.469093 0.512245 0.470060 0.512245 0.471579 0.510758 0.463440 0.510055 0.462546 0.508599 0.463083 0.506641 0.464958 0.505557 0.467019
2 0.505557 0.467019 0.506641 0.464958 0.508599 0.463083 0.510055 0.462546 0.510758 0.463440 0.512245 0.471579 0.513023 0.473653 0.516367 0.475588 0.516883 0.475847 0.515680 0.479329 0.514021 0.482273 0.513669 0.483880 0.514372 0.484685 0.515427 0.484685 0.516081 0.485042 0.516583 0.485398 0.517336 0.485130 0.517888 0.484236 0.518589 0.483134 0.517784 0.483014 0.515901 0.482301 0.515901 0.482301 0.515901 0.480745 0.516708 0.480028 0.518320 0.480028 0.520208 0.479907 0.520000 0.483241 0.518763 0.488259 0.516211 0.490056 0.515122 0.489412 0.511779 0.488171 0.509292 0.495773 0.506646 0.506694 0.506646 0.506694 0.506646 0.507801 0.506724 0.509185 0.507268 0.510843 0.502500 0.514852 0.504260 0.505204 0.504979 0.493528 0.505479 0.489000 0.506258 0.488861 0.511156 0.481949 0.511003 0.474898 0.510924 0.473792 0.507581 0.470889
2 0.450112 0.637634 0.444805 0.642912 0.438414 0.647870 0.441206 0.649949 0.444083 0.653792 0.444443 0.656028 0.446693 0.653792 0.447953 0.647713
2 0.502500 0.514852 0.504260 0.505204 0.504979 0.493528 0.505479 0.489000 0.504391 0.489412 0.503224 0.489412 0.502057 0.489412 0.500969 0.488861 0.500193 0.487755 0.498482 0.487065 0.496305 0.482639 0.498169 0.473792 0.495263 0.477852 0.494182 0.476569 0.493464 0.476569 0.492833 0.476569 0.492383 0.477690 0.490253 0.482394 0.488909 0.484069 0.486557 0.485620 0.484875 0.484546 0.482927 0.474759 0.481685 0.476972 0.480440 0.478352 0.480206 0.479875 0.480052 0.483468 0.478807 0.486236 0.478029 0.488171 0.477951 0.492181 0.478185 0.495773 0.486154 0.490398 0.487362 0.492194 0.488654 0.495972 0.494068 0.496528 0.499065 0.497639
2 0.535599 0.504676 0.535607 0.498750 0.534628 0.495551 0.526878 0.496741 0.531453 0.489968 0.532484 0.488384 0.532484 0.488384 0.540604 0.479505 0.542685 0.478579 0.543935 0.477097 0.545706 0.479505 0.548203 0.482278 0.549589 0.487343 0.546047 0.492093 0.544070 0.498292 0.543664 0.499944 0.543547 0.500667 0.544039 0.503931 0.542372 0.508005
2 0.530466 0.510486 0.535599 0.504676 0.542372 0.508005 0.546432 0.509671 0.548099 0.509116 0.549141 0.511704 0.559031 0.510597 0.565083 0.507444 0.565453 0.518079 0.562836 0.519681 0.561135 0.518241 0.559424 0.519681 0.557536 0.522880 0.550703 0.517769 0.546969 0.515412 0.543115 0.515199 0.541909 0.516699 0.538417 0.515412 0.533839 0.510917
2 0.557255 0.606940 0.558875 0.605977 0.560495 0.602139 0.562565 0.600060 0.564456 0.598620 0.565083 0.596380 0.565380 0.593324 0.561362 0.594949 0.560154 0.598417 0.558203 0.600565 0.554708 0.602356 0.551818 0.602838 0.549130 0.602241 0.550120 0.606676 0.551349 0.607375 0.555008 0.606139
2 0.515013 0.550630 0.508143 0.555625 0.505646 0.559880 0.501792 0.557477 0.498357 0.557477 0.503042 0.569505 0.505646 0.575056 0.506893 0.567838 0.510745 0.560435 0.511786 0.560250 0.516367 0.565991 0.518659 0.561176 0.517872 0.557972 0.517945 0.555097 0.516229 0.550792
2 0.550125 0.406134 0.548641 0.405495 0.545174 0.410718 0.543099 0.413500 0.542497 0.415727 0.542497 0.417523 0.543740 0.418218 0.544828 0.420426 0.545607 0.421394 0.546703 0.420509 0.551526 0.413458 0.549346 0.408481
2 0.524578 0.343921 0.523023 0.338389 0.518979 0.332861 0.516648 0.330648 0.515792 0.329269 0.516305 0.324773 0.517177 0.321468 0.517471 0.319616 0.515901 0.318370 0.513755 0.317444 0.512534 0.316935 0.511602 0.316935 0.510326 0.316935 0.509508 0.317861 0.508818 0.321644 0.508818 0.322977 0.508380 0.324644 0.508130 0.325421 0.508005 0.326977 0.507755 0.327977 0.508568 0.330088 0.508630 0.330861 0.508255 0.331861 0.507818 0.332639 0.507568 0.333639 0.507417 0.335102
2 0.439729 0.601324 0.438109 0.595565 0.436401 0.591565 0.432799 0.588208 0.428302 0.596204 0.426773 0.601801 0.426503 0.604204 0.429112 0.602921 0.432081 0.605644 0.433880 0.605000 0.434961 0.606120
2 0.503224 0.355449 0.501669 0.359875 0.500401 0.370556 0.498385 0.367926 0.496167 0.365296 0.495227 0.364940 0.493893 0.365542 0.492339 0.365542 0.490471 0.363745 0.490471 0.359458 0.490471 0.353514 0.491404 0.352685 0.493349 0.352685 0.494826 0.352685 0.495526 0.347847 0.496333 0.347630 0.503570 0.343417 0.506068 0.342528
2 0.493271 0.386144 0.497042 0.383940 0.499529 0.382144 0.500401 0.370556 0.498385 0.367926 0.496167 0.365296 0.495227 0.364940 0.493893 0.365542 0.494049 0.366648 0.494128 0.370380 0.493893 0.373287 0.493427 0.377157 0.493815 0.384759
2 0.463982 0.338102 0.474453 0.342870 0.473831 0.342181 0.473440 0.341347 0.473130 0.341074 0.472742 0.340796 0.471885 0.339968 0.471497 0.339000 0.471107 0.338032 0.471031 0.336787 0.471263 0.336370 0.471807 0.336370 0.472508 0.336236 0.472896 0.335958 0.473286 0.334713 0.473596 0.333745 0.474062 0.333194 0.474607 0.333194 0.475073 0.333745 0.475073 0.335269 0.476240 0.332639 0.474141 0.328352 0.470409 0.321579 0.471031 0.319644 0.471654 0.318537 0.471654 0.318537 0.470560 0.317861 0.469687 0.318102 0.468341 0.319653 0.468341 0.319653 0.467940 0.322759 0.467669 0.325986 0.466729 0.325097 0.463867 0.327597 0.461172 0.331995
2 0.538711 0.632829 0.538711 0.629361 0.538914 0.622912 0.539844 0.621019 0.538221 0.618903 0.536714 0.615514 0.535711 0.613458 0.534755 0.609264 0.534656 0.606495 0.535258 0.603282 0.536615 0.600519 0.535732 0.599597 0.529276 0.607477 0.528677 0.610542 0.529375 0.613227 0.533151 0.619116 0.534221 0.625815 0.537552 0.630611
2 0.488083 0.745250 0.487698 0.748847 0.490320 0.750282 0.490320 0.750282 0.491867 0.753630 0.493883 0.761634 0.489109 0.764810 0.486826 0.768037 0.484406 0.774611 0.483128 0.788231 0.477474 0.778333 0.485682 0.766245 0.484607 0.754824 0.480352 0.748477 0.483849 0.746088
2 0.516263 0.550815 0.509685 0.532991 0.509997 0.530769 0.519990 0.518741 0.526133 0.510968 0.526758 0.511523 0.527937 0.515199 0.531531 0.524287 0.537896 0.539468 0.543518 0.551495 0.545081 0.556125 0.542164 0.559083 0.541021 0.559824 0.539042 0.557051 0.537896 0.557051 0.536615 0.558773 0.535958 0.554023 0.534005 0.548056 0.531721 0.543625 0.529768 0.541005 0.527555 0.541005 0.525198 0.540764 0.522911 0.541593 0.520159 0.543514 0.518682 0.547815 0.518216 0.550551 0.517945 0.555097
2 0.572669 0.640796 0.580021 0.637009 0.580021 0.634130 0.578940 0.632213 0.577945 0.632079 0.574260 0.633597 0.571474 0.634931 0.570034 0.632852 0.570034 0.631250 0.568953 0.627093 0.566615 0.621333 0.563826 0.614778 0.560945 0.610778 0.558966 0.608218 0.557255 0.606940 0.555008 0.606139 0.551349 0.607375 0.548391 0.609171 0.548055 0.611199 0.550206 0.615023 0.555755 0.630509 0.560539 0.644000 0.564911 0.644185
2 0.565380 0.593324 0.568919 0.591657 0.573708 0.591287 0.577456 0.591102 0.577320 0.594491 0.578320 0.615829 0.576969 0.616755 0.573948 0.619162 0.572906 0.622861 0.572701 0.627306 0.573115 0.631745 0.574260 0.633597 0.571474 0.634931 0.570034 0.632852 0.570034 0.631250 0.568953 0.627093 0.566615 0.621333 0.563826 0.614778 0.560945 0.610778 0.558966 0.608218 0.557255 0.606940 0.558875 0.605977 0.560495 0.602139 0.562565 0.600060 0.564456 0.598620 0.565083 0.596380
2 0.477474 0.778333 0.475695 0.775866 0.474841 0.769782 0.473674 0.767296 0.472042 0.767569 0.467919 0.760796 0.467865 0.757505 0.477732 0.744653 0.478740 0.744176 0.480352 0.748477 0.484607 0.754824 0.485682 0.766245
2 0.485029 0.625866 0.477253 0.625866 0.476552 0.626972 0.476552 0.626972 0.479974 0.636648 0.482229 0.646329 0.482307 0.651856 0.485029 0.653102 0.486583 0.651718 0.488294 0.651306 0.490549 0.654620 0.492104 0.655866 0.500349 0.646463 0.499932 0.621718 0.499393 0.616935 0.497982 0.616935 0.493411 0.619324 0.487362 0.611319 0.483008 0.606616 0.480513 0.605931 0.478104 0.606079 0.476237 0.608694 0.474841 0.612569 0.478107 0.613977 0.480906 0.614806 0.481529 0.614528 0.481529 0.614528 0.482927 0.616602
2 0.545081 0.556125 0.550391 0.553718 0.552604 0.552824 0.554922 0.564676 0.550971 0.567079 0.549182 0.566806 0.545216 0.566954 0.542487 0.569023 0.539594 0.570449 0.536471 0.569894 0.534727 0.566292 0.535987 0.562292 0.536615 0.558773 0.537896 0.557051 0.539042 0.557051 0.541021 0.559824 0.542164 0.559083
2 0.547786 0.525403 0.545497 0.517074 0.531547 0.524292 0.537896 0.539468 0.543518 0.551495 0.545081 0.556125 0.550378 0.553681 0.552667 0.552611
2 0.554922 0.564676 0.559987 0.561694 0.554471 0.538597 0.553753 0.537505 0.550461 0.523338 0.547786 0.525403 0.552667 0.552611
2 0.555997 0.538236 0.557536 0.522880 0.550703 0.517769 0.546969 0.515412 0.543115 0.515199 0.541909 0.516699 0.538417 0.515412 0.533839 0.510917 0.530466 0.510486 0.528901 0.510704 0.527937 0.515199 0.531547 0.524292 0.545497 0.517074 0.547786 0.525403 0.550461 0.523338 0.553753 0.537505
2 0.581945 0.498972 0.582643 0.496843 0.582701 0.491060 0.582469 0.488685 0.582583 0.486829 0.582815 0.484968 0.581539 0.475778 0.579273 0.483005 0.576427 0.493542 0.572888 0.504333 0.579510 0.501037
2 0.581539 0.475778 0.582352 0.472060 0.582294 0.465245 0.574451 0.483315 0.566492 0.499014 0.565565 0.498806 0.562427 0.494366 0.559057 0.497259 0.557026 0.498806 0.549589 0.487343 0.546047 0.492093 0.544070 0.498292 0.543664 0.499944 0.543547 0.500667 0.544039 0.503931 0.551846 0.503380 0.561424 0.504301 0.565276 0.504486 0.566615 0.506005 0.570034 0.508403 0.571654 0.508403 0.572552 0.506162 0.572888 0.504333 0.576427 0.493542 0.579273 0.483005
2 0.502500 0.514852 0.512807 0.505968 0.513641 0.518926 0.514992 0.524662 0.509997 0.530769 0.509685 0.532991 0.516263 0.550815 0.515013 0.550630 0.508143 0.555625 0.504839 0.544769 0.502604 0.535394 0.499169 0.519847 0.499273 0.518000
2 0.534669 0.495606 0.526878 0.496741 0.519151 0.499634 0.516247 0.500870 0.514677 0.501593 0.512646 0.502421 0.512807 0.505968 0.513641 0.518926 0.514992 0.524662 0.519990 0.518741 0.526133 0.510968 0.526758 0.511523 0.527937 0.515199 0.528901 0.510704 0.530466 0.510486 0.535599 0.504676 0.535607 0.498750
2 0.582294 0.465245 0.583440 0.461856 0.584430 0.458977 0.585148 0.456417 0.585510 0.453856 0.582271 0.454657 0.579930 0.452417 0.577141 0.450019 0.576331 0.450019 0.575391 0.454435 0.574776 0.457699 0.574352 0.462815 0.574443 0.466495 0.568055 0.478810 0.555276 0.496088 0.557026 0.498806 0.559057 0.497259 0.562427 0.494366 0.565565 0.498806 0.566492 0.499014 0.574451 0.483315
2 0.585510 0.453856 0.584792 0.444963 0.585633 0.436398 0.586115 0.428685 0.585995 0.424190 0.584792 0.415412 0.582984 0.414125 0.582021 0.415625 0.581417 0.419694 0.580935 0.422690 0.580911 0.429551 0.580602 0.431903 0.579591 0.434255 0.577141 0.450019 0.579930 0.452417 0.582271 0.454657
2 0.536898 0.446907 0.535419 0.444343 0.530365 0.444069 0.526865 0.432315 0.527333 0.427894 0.526242 0.426370 0.524625 0.424384 0.527997 0.424384 0.530646 0.422884 0.536188 0.436588 0.539440 0.433162 0.539773 0.435222 0.540865 0.434116
2 0.530365 0.444069 0.528422 0.445588 0.527565 0.446144 0.526398 0.447384 0.524378 0.452361 0.523055 0.456097 0.521734 0.458861 0.519555 0.466051 0.519089 0.468125 0.518312 0.468954 0.517068 0.468954 0.516523 0.468954 0.515667 0.468954 0.514268 0.469231 0.513956 0.469231 0.512789 0.469093 0.512401 0.469093 0.512245 0.470060 0.512245 0.471579 0.513023 0.473653 0.516367 0.475588 0.522745 0.477940 0.524143 0.478769 0.524844 0.478079 0.528266 0.463838 0.529977 0.467708 0.533786 0.466329 0.536354 0.465495 0.543273 0.466051 0.548122 0.457662 0.545568 0.460292 0.545164 0.461125 0.544224 0.462083 0.543552 0.462917 0.542544 0.463514 0.541333 0.463514 0.540526 0.463037 0.540057 0.460769 0.539990 0.457542 0.539721 0.455273 0.538646 0.454194 0.537503 0.452167 0.539786 0.449176 0.537435 0.447861 0.536898 0.446907 0.536898 0.446907 0.535419 0.444343
2 0.502732 0.429065 0.503542 0.435301 0.507141 0.449218 0.508219 0.451616 0.520276 0.439463 0.518747 0.425065 0.517036 0.413708 0.516406 0.411630 0.501831 0.420588 0.502102 0.422185 0.503180 0.424745
2 0.526865 0.432315 0.525698 0.440889 0.523755 0.446556 0.521578 0.451532 0.520878 0.452639 0.523367 0.451949 0.523367 0.453606 0.522977 0.454301 0.520177 0.454162 0.517844 0.457616 0.515435 0.457894 0.513878 0.457894 0.506180 0.461764 0.506336 0.454713 0.507141 0.449218 0.508219 0.451616 0.520276 0.439463 0.518747 0.425065 0.521357 0.423787 0.522615 0.422824 0.522977 0.420014 0.524625 0.419028 0.524625 0.424384 0.526242 0.426370 0.527333 0.427894
2 0.496430 0.426968 0.494641 0.426000 0.493318 0.425861 0.492385 0.426278 0.492773 0.429315 0.488419 0.429315 0.486242 0.430699 0.493008 0.450606 0.496974 0.451162 0.506539 0.450194 0.507141 0.449218 0.503542 0.435301 0.500031 0.429542 0.496971 0.429222
2 0.547339 0.850602 0.544664 0.841699 0.536016 0.841157 0.531130 0.839847 0.528112 0.846694 0.522073 0.847620 0.526341 0.863907 0.538833 0.863352 0.550773 0.861148
2 0.536016 0.841157 0.538417 0.833000 0.539667 0.825042 0.539667 0.816528 0.519479 0.836574 0.526563 0.838333 0.531130 0.839847
2 0.539667 0.816528 0.547891 0.807829 0.547995 0.819676 0.546953 0.833185 0.544664 0.841699 0.536016 0.841157 0.538417 0.833000 0.539667 0.825042
2 0.521656 0.714551 0.520878 0.706880 0.520995 0.705153 0.516948 0.708190 0.513617 0.712671 0.511909 0.716509 0.510081 0.721486 0.510081 0.721486 0.513224 0.726949 0.514474 0.723620 0.517076 0.719176
2 0.520995 0.705153 0.521112 0.704116 0.520177 0.696375 0.516755 0.698310 0.513568 0.701074 0.510924 0.705495 0.509214 0.709370 0.508802 0.711810 0.509745 0.716824 0.510081 0.721486 0.511909 0.716509 0.513617 0.712671 0.516948 0.708190
2 0.564911 0.644185 0.572669 0.640796 0.572979 0.649782 0.573680 0.656833 0.574690 0.663194 0.558599 0.659218 0.557005 0.658333 0.557833 0.652329 0.559396 0.650847 0.563143 0.653625 0.564271 0.654847 0.565745 0.654917
2 0.524206 0.729579 0.522107 0.718106 0.521656 0.714551 0.517076 0.719176 0.514474 0.723620 0.513224 0.726949 0.516763 0.732875 0.521031 0.731394
2 0.520378 0.477148 0.519974 0.483361 0.518763 0.488259 0.516211 0.490056 0.520956 0.493560 0.519151 0.499634 0.526878 0.496741 0.526878 0.496741 0.528846 0.493875 0.529854 0.479301 0.527771 0.475718 0.526224 0.472491 0.524844 0.478079 0.524143 0.478769 0.522745 0.477940
2 0.427419 0.346204 0.426966 0.340093 0.426263 0.332773 0.425510 0.328755 0.424758 0.326523 0.425159 0.324560 0.430630 0.311796 0.432789 0.307245 0.433742 0.306801 0.434747 0.308407 0.434646 0.310014 0.442177 0.323847 0.444036 0.328935 0.443232 0.331792 0.442026 0.335005 0.440331 0.340273 0.437591 0.344806 0.435180 0.349921 0.432924 0.359875 0.433167 0.362162 0.431292 0.361236 0.430299 0.354685 0.428409 0.349884
2 0.519151 0.499634 0.520956 0.493560 0.515122 0.489412 0.511779 0.488171 0.509292 0.495773 0.506646 0.506694 0.506646 0.506694 0.506646 0.507801 0.506724 0.509185 0.507268 0.510843 0.512807 0.505968 0.512646 0.502421 0.514677 0.501593 0.516247 0.500870
2 0.502680 0.465495 0.502680 0.465495 0.501747 0.468954 0.498482 0.469921 0.498169 0.473792 0.496305 0.482639 0.498482 0.487065 0.500193 0.487755 0.500969 0.488861 0.502057 0.489412 0.503224 0.489412 0.504391 0.489412 0.505479 0.489000 0.506258 0.488861 0.511156 0.481949 0.511003 0.474898 0.510924 0.473792 0.507581 0.470889 0.505557 0.467019 0.503924 0.463699
2 0.543273 0.466051 0.536354 0.465495 0.533786 0.466329 0.529977 0.467708 0.528266 0.463838 0.526224 0.472491 0.527771 0.475718 0.529854 0.479301 0.528846 0.493875 0.531388 0.489847 0.532484 0.488384 0.540604 0.479505 0.542685 0.478579 0.543935 0.477097 0.540708 0.471579 0.540630 0.470333
2 0.488760 0.469366 0.489245 0.471282 0.490253 0.482394 0.488909 0.484069 0.486557 0.485620 0.484875 0.484546 0.482927 0.474759 0.485883 0.473931 0.487362 0.472273 0.488216 0.470750
2 0.466130 0.446417 0.466521 0.443375 0.475307 0.436051 0.476784 0.434944 0.479430 0.438398 0.481372 0.435634 0.482695 0.436602 0.486583 0.450843 0.488138 0.455542 0.490706 0.463009 0.489539 0.464116 0.489461 0.466602 0.488760 0.469366 0.488216 0.470750 0.487362 0.472273 0.485883 0.473931 0.482927 0.474759 0.481685 0.476972 0.480440 0.478352 0.480206 0.479875 0.480052 0.483468 0.478807 0.486236 0.478029 0.488171 0.477951 0.492181 0.475695 0.491347 0.475073 0.488722 0.475307 0.483333 0.475773 0.477250 0.476318 0.473241 0.474141 0.467019
2 0.475773 0.477250 0.476318 0.473241 0.474141 0.467019 0.466130 0.446417 0.464310 0.438662 0.463320 0.439782 0.461253 0.442981 0.461880 0.447458 0.470253 0.471856 0.473362 0.479046
2 0.460260 0.431301 0.460982 0.431301 0.463320 0.439782 0.461253 0.442981 0.461880 0.447458 0.470253 0.471856 0.466365 0.471440 0.462781 0.457856 0.459633 0.445542 0.456661 0.433704
2 0.466365 0.471440 0.462781 0.457856 0.459633 0.445542 0.456661 0.433704 0.460260 0.431301 0.457651 0.423144 0.455763 0.422505 0.453424 0.422986 0.452615 0.426023 0.455477 0.445449 0.456487 0.451120 0.456799 0.458310 0.456021 0.471028 0.457966 0.472824 0.460143 0.470611 0.463797 0.471440
2 0.506180 0.461764 0.505557 0.467019 0.503924 0.463699 0.502680 0.465495 0.488138 0.455542 0.486583 0.450843 0.482695 0.436602 0.481372 0.435634 0.481995 0.430519 0.482695 0.426926 0.488419 0.429315 0.486242 0.430699 0.493008 0.450606 0.496974 0.451162 0.506539 0.450194 0.506336 0.454713
2 0.552487 0.803301 0.562294 0.805861 0.567693 0.806343 0.574622 0.808102 0.573721 0.800102 0.573273 0.794824 0.571753 0.795671 0.569503 0.795514 0.565992 0.794875 0.563383 0.792472 0.557255 0.797546
2 0.569826 0.846713 0.568888 0.852264 0.565349 0.858931 0.550773 0.861148 0.547339 0.850602 0.548693 0.843755 0.558063 0.845972
2 0.547891 0.807829 0.552487 0.803301 0.554451 0.803944 0.556115 0.812458 0.556427 0.822634 0.555281 0.834481 0.553617 0.840773 0.551846 0.844657 0.548693 0.843755 0.544664 0.841699 0.546953 0.833185 0.547995 0.819676
2 0.554451 0.803944 0.562294 0.805861 0.564234 0.813194 0.564651 0.825042 0.563404 0.835963 0.561008 0.843366 0.558063 0.845972 0.551846 0.844657 0.553617 0.840773 0.555281 0.834481 0.556427 0.822634 0.556115 0.812458
2 0.562294 0.805861 0.567693 0.806343 0.570690 0.811347 0.572357 0.818750 0.571940 0.831519 0.569857 0.841144 0.565901 0.846509 0.558063 0.845972 0.561008 0.843366 0.563404 0.835963 0.564651 0.825042 0.564234 0.813194
2 0.567693 0.806343 0.574622 0.808102 0.575792 0.807458 0.578289 0.811347 0.579539 0.819676 0.579539 0.829111 0.578602 0.834481 0.572044 0.846509 0.569826 0.846713 0.565901 0.846509 0.569857 0.841144 0.571940 0.831519 0.572357 0.818750 0.570690 0.811347
2 0.473961 0.591282 0.477250 0.592523 0.477250 0.594880 0.483008 0.603852 0.483008 0.606616 0.480513 0.605931 0.478104 0.606079 0.476237 0.608694 0.474841 0.612569 0.473203 0.611454 0.471107 0.611176 0.467841 0.610769 0.467216 0.615759 0.466203 0.616444 0.464734 0.611329 0.461927 0.607449 0.467216 0.601926 0.466203 0.598051 0.473359 0.596403
2 0.483008 0.603852 0.497578 0.612875 0.498857 0.612394 0.502352 0.604630 0.502687 0.610843 0.502016 0.618968 0.499932 0.621718 0.499393 0.616935 0.497982 0.616935 0.493411 0.619324 0.487362 0.611319 0.483008 0.606616
2 0.541305 0.688468 0.542964 0.704528 0.549263 0.694301 0.555560 0.684208 0.556727 0.685588 0.558750 0.684347 0.559995 0.685727 0.562172 0.687662 0.572591 0.672454 0.573602 0.671625 0.574846 0.667204 0.574690 0.663194 0.558599 0.659218 0.557005 0.658333 0.554549 0.656833 0.552451 0.656833 0.546909 0.658764 0.543229 0.659806 0.549760 0.676310 0.549221 0.679509 0.546703 0.678069 0.545531 0.678389 0.543914 0.685111
2 0.539844 0.621019 0.538914 0.622912 0.538711 0.629361 0.538711 0.632829 0.539620 0.634292 0.540701 0.641968 0.541060 0.644208 0.541690 0.650926 0.542591 0.654606 0.545021 0.654764 0.546909 0.658764 0.552451 0.656833 0.554549 0.656833 0.557005 0.658333 0.557833 0.652329 0.556792 0.651218 0.548776 0.644370 0.546380 0.641037 0.544612 0.634005 0.543750 0.628407 0.544099 0.626597 0.543547 0.626241 0.542492 0.624810 0.541089 0.621509
2 0.524206 0.729579 0.522107 0.718106 0.524362 0.710778 0.528951 0.706079 0.532682 0.704005 0.537893 0.704282 0.542482 0.705940
2 0.542482 0.705940 0.542964 0.704528 0.542185 0.696648 0.538919 0.693056 0.534719 0.691671 0.528576 0.692917 0.524065 0.697343 0.521112 0.704116 0.520878 0.706880 0.522107 0.718106 0.524362 0.710778 0.528951 0.706079 0.532682 0.704005 0.537893 0.704282
2 0.542185 0.696648 0.541305 0.688468 0.541109 0.686755 0.541109 0.686755 0.537216 0.682213 0.533208 0.681181 0.527633 0.683037 0.523451 0.686343 0.521242 0.690370 0.520021 0.695431 0.521112 0.704116 0.524065 0.697343 0.528576 0.692917 0.534719 0.691671 0.538919 0.693056
2 0.541109 0.686755 0.540326 0.676319 0.537974 0.672977 0.535620 0.670824 0.530849 0.669630 0.526411 0.670704 0.522380 0.676917 0.520297 0.680620 0.519289 0.683727 0.520021 0.695431 0.521242 0.690370 0.523451 0.686343 0.527633 0.683037 0.533208 0.681181 0.537216 0.682213
2 0.540326 0.676319 0.539307 0.663333 0.534797 0.659458 0.528031 0.659458 0.523599 0.662366 0.519789 0.668310 0.517922 0.672870 0.519289 0.683727 0.520297 0.680620 0.522380 0.676917 0.526411 0.670704 0.530849 0.669630 0.535620 0.670824 0.537974 0.672977
2 0.539307 0.663333 0.539091 0.660926 0.538219 0.653653 0.535419 0.651028 0.529198 0.648676 0.523133 0.650750 0.517922 0.658079 0.516367 0.663745 0.517922 0.672870 0.519789 0.668310 0.523599 0.662366 0.528031 0.659458 0.534797 0.659458
2 0.538219 0.653653 0.537216 0.645759 0.535068 0.642866 0.531174 0.639667 0.531174 0.639667 0.527167 0.639769 0.527167 0.639769 0.523216 0.641319 0.519326 0.644727 0.516943 0.649579 0.515781 0.654227 0.516367 0.663745 0.517922 0.658079 0.523133 0.650750 0.529198 0.648676 0.535419 0.651028
2 0.537216 0.645759 0.537102 0.644847 0.536112 0.638426 0.534138 0.634606 0.531174 0.631921 0.527633 0.631199 0.523565 0.632023 0.519557 0.634810 0.516654 0.639870 0.514794 0.645241 0.515781 0.654227 0.516943 0.649579 0.519326 0.644727 0.523216 0.641319 0.527167 0.639769 0.527167 0.639769 0.531174 0.639667 0.531174 0.639667 0.535068 0.642866
2 0.536112 0.638426 0.534836 0.629856 0.531930 0.625727 0.526529 0.623144 0.521242 0.624690 0.521242 0.624690 0.516362 0.631093 0.514531 0.635569 0.514378 0.639028 0.514794 0.645241 0.516654 0.639870 0.519557 0.634810 0.523565 0.632023 0.527633 0.631199 0.531174 0.631921 0.534138 0.634606
2 0.534836 0.629856 0.534221 0.625815 0.533151 0.619116 0.529375 0.613227 0.528677 0.610542 0.528677 0.610542 0.524089 0.609616 0.519789 0.610852 0.516654 0.614157 0.516654 0.614157 0.513401 0.619630 0.512411 0.623657 0.512977 0.626861 0.514531 0.635569 0.516362 0.631093 0.521242 0.624690 0.521242 0.624690 0.526529 0.623144 0.531930 0.625727
2 0.528677 0.610542 0.528677 0.610542 0.521766 0.603106 0.521997 0.601662 0.525773 0.590819 0.525773 0.590819 0.523159 0.590509 0.518510 0.590611 0.518510 0.594227 0.517583 0.603935 0.517583 0.603935 0.517583 0.606620 0.514388 0.607861 0.510380 0.610648 0.511367 0.616843 0.512411 0.623657 0.513401 0.619630 0.516654 0.614157 0.516654 0.614157 0.519789 0.610852 0.524089 0.609616
2 0.525773 0.590819 0.528294 0.582764 0.526479 0.580375 0.521776 0.578463 0.517878 0.578940 0.518510 0.590611 0.523159 0.590509
2 0.528294 0.582764 0.529706 0.577866 0.528630 0.574639 0.524664 0.572727 0.522044 0.571532 0.517339 0.570815 0.517878 0.578940 0.521776 0.578463 0.526479 0.580375
2 0.520177 0.696375 0.520021 0.695431 0.519500 0.687995 0.517003 0.688718 0.513052 0.691301 0.509682 0.695431 0.507534 0.700597 0.506451 0.702968 0.508802 0.711810 0.509214 0.709370 0.510924 0.705495 0.513568 0.701074 0.516755 0.698310
2 0.519500 0.687995 0.519289 0.683727 0.518685 0.679319 0.516247 0.679528 0.511891 0.682315 0.507591 0.687171 0.505789 0.692023 0.505779 0.694005 0.506451 0.702968 0.507534 0.700597 0.509682 0.695431 0.513052 0.691301 0.517003 0.688718
2 0.518685 0.679319 0.517922 0.672870 0.517583 0.670958 0.512935 0.672194 0.507125 0.677051 0.503758 0.684380 0.505383 0.688407 0.505789 0.692023 0.507591 0.687171 0.511891 0.682315 0.516247 0.679528
2 0.483698 0.737824 0.479831 0.729676 0.477042 0.722634 0.469573 0.727755 0.463547 0.736231 0.461836 0.740870 0.462737 0.747588 0.467865 0.757505 0.472633 0.746949 0.477763 0.741509
2 0.488083 0.745250 0.485461 0.740231 0.483698 0.737824 0.477763 0.741509 0.472633 0.746949 0.467865 0.757505 0.477732 0.744653 0.478740 0.744176 0.480352 0.748477 0.483849 0.746088
2 0.477042 0.722634 0.476708 0.718079 0.478417 0.715727 0.477406 0.713241 0.473518 0.712412 0.469552 0.713653 0.463253 0.720153 0.459987 0.726375 0.460922 0.728032 0.460531 0.732042 0.461836 0.740870 0.463547 0.736231 0.469573 0.727755
2 0.477406 0.713241 0.474479 0.701319 0.471799 0.700231 0.468133 0.700856 0.464870 0.702375 0.460352 0.706569 0.459497 0.707907 0.459443 0.717870 0.459695 0.721171 0.459896 0.723222 0.459945 0.726347 0.463253 0.720153 0.469552 0.713653 0.473518 0.712412
2 0.474479 0.701319 0.472680 0.694398 0.470008 0.693264 0.466638 0.693264 0.463849 0.694088 0.459898 0.697806 0.459497 0.707907 0.460352 0.706569 0.464870 0.702375 0.468133 0.700856 0.471799 0.700231
2 0.472680 0.694398 0.471693 0.690782 0.470424 0.687315 0.469216 0.686000 0.467201 0.684921 0.465956 0.683755 0.461654 0.686264 0.460888 0.690269 0.459898 0.697806 0.463849 0.694088 0.466638 0.693264 0.470008 0.693264
2 0.439635 0.561995 0.433729 0.567111 0.430435 0.561134 0.434589 0.549630 0.438904 0.550741 0.442602 0.549546 0.448583 0.519676 0.448984 0.516685 0.452279 0.518241 0.457992 0.522065 0.459872 0.525648 0.457185 0.535329 0.455034 0.543213 0.453354 0.546319 0.450995 0.541565
2 0.516763 0.732875 0.510648 0.737463 0.499312 0.750259 0.497602 0.752181 0.496883 0.756181 0.493883 0.761634 0.491867 0.753630 0.490320 0.750282 0.490320 0.750282 0.487698 0.748847 0.488083 0.745250 0.485461 0.740231 0.483698 0.737824 0.479831 0.729676 0.477042 0.722634 0.476708 0.718079 0.478417 0.715727 0.480766 0.714606 0.484266 0.715852 0.488232 0.716681 0.494609 0.714745 0.498341 0.710185 0.500052 0.705620
2 0.412701 0.798935 0.405141 0.801014 0.400552 0.801977 0.400372 0.826000 0.407570 0.842750 0.409451 0.844236 0.424128 0.847019 0.422984 0.839421 0.421734 0.836829 0.421320 0.833134 0.418612 0.831472 0.415904 0.819250
2 0.405141 0.801014 0.404745 0.771926 0.407557 0.766926 0.412656 0.764338 0.411617 0.787843 0.411617 0.792097 0.412701 0.798935
2 0.412656 0.764338 0.415195 0.743792 0.408974 0.746144 0.405708 0.748630 0.404745 0.771926 0.407557 0.766926
2 0.415195 0.743792 0.417839 0.742963 0.421883 0.743931 0.425732 0.744815 0.426789 0.744796 0.428521 0.733662 0.426195 0.731389 0.421260 0.729000 0.412784 0.729278 0.406797 0.732454 0.405708 0.748630 0.408974 0.746144
2 0.421260 0.729000 0.417138 0.724023 0.408281 0.713333 0.406797 0.732454 0.412784 0.729278
2 0.458052 0.742671 0.458760 0.736917 0.456708 0.729884 0.456708 0.729884 0.452742 0.724750 0.446828 0.721644 0.442057 0.722718 0.439234 0.724630 0.437016 0.726181 0.437016 0.728454 0.439971 0.727856 0.445484 0.729769 0.447836 0.731199 0.451870 0.731440 0.453346 0.736935 0.454625 0.740282
2 0.437016 0.726181 0.437047 0.715389 0.439026 0.715389 0.439836 0.715389 0.441635 0.711389 0.445776 0.710593 0.451354 0.711551 0.455583 0.715389 0.458732 0.720028 0.458841 0.726528 0.458760 0.736917 0.456708 0.729884 0.452742 0.724750 0.446828 0.721644 0.442057 0.722718 0.439234 0.724630
2 0.458732 0.720028 0.458740 0.717778 0.459443 0.717870 0.459497 0.707907 0.458060 0.703681 0.455237 0.700338 0.451406 0.697468 0.447909 0.696394 0.441635 0.711389 0.445776 0.710593 0.451354 0.711551 0.455583 0.715389
2 0.459497 0.707907 0.459898 0.697806 0.458865 0.693884 0.456313 0.689583 0.452818 0.687792 0.449388 0.686833 0.446229 0.687194 0.446029 0.688866 0.449388 0.689343 0.449591 0.691972 0.449255 0.694245 0.447909 0.696394 0.451406 0.697468 0.455237 0.700338 0.458060 0.703681
2 0.459898 0.697806 0.460888 0.690269 0.461352 0.687315 0.459471 0.682176 0.456042 0.677875 0.451943 0.676199 0.447104 0.676199 0.444617 0.677157 0.442062 0.680144 0.442062 0.682176 0.446565 0.684444 0.446229 0.687194 0.449388 0.686833 0.452818 0.687792 0.456313 0.689583 0.458865 0.693884
2 0.461352 0.687315 0.461654 0.686264 0.462227 0.676083 0.460747 0.672977 0.456917 0.667597 0.456917 0.667597 0.454161 0.665926 0.450396 0.665565 0.446701 0.666282 0.443406 0.669630 0.440247 0.672495 0.441794 0.677037 0.442062 0.680144 0.444617 0.677157 0.447104 0.676199 0.451943 0.676199 0.456042 0.677875 0.459471 0.682176
2 0.422443 0.374935 0.419737 0.377153 0.415573 0.391037 0.418487 0.406583 0.420049 0.408986 0.422234 0.409727 0.426919 0.406028 0.430875 0.391037 0.429315 0.385296 0.426294 0.375491 0.424734 0.373824
2 0.462227 0.676083 0.462573 0.670852 0.461237 0.664759 0.459378 0.660630 0.456531 0.657736 0.452698 0.655361 0.448573 0.655361 0.444911 0.657324 0.443810 0.658977 0.442531 0.662694 0.439336 0.670338 0.440247 0.672495 0.443406 0.669630 0.446701 0.666282 0.450396 0.665565 0.454161 0.665926 0.456917 0.667597 0.456917 0.667597 0.460747 0.672977
2 0.462573 0.670852 0.463133 0.660931 0.460888 0.654745 0.457924 0.650407 0.455427 0.648648 0.450547 0.647412 0.447953 0.647713 0.446693 0.653792 0.444443 0.656028 0.443810 0.658977 0.444911 0.657324 0.448573 0.655361 0.452698 0.655361 0.456531 0.657736 0.459378 0.660630 0.461237 0.664759
2 0.463133 0.660931 0.463560 0.657431 0.464430 0.649685 0.464490 0.645329 0.462224 0.640907 0.458216 0.635949 0.453625 0.634810 0.450664 0.635949 0.450112 0.637634 0.447953 0.647713 0.450547 0.647412 0.455427 0.648648 0.457924 0.650407 0.460888 0.654745
2 0.464490 0.645329 0.465419 0.635019 0.463849 0.630681 0.460133 0.625727 0.458042 0.624486 0.455427 0.623245 0.455021 0.625727 0.453799 0.626861 0.453161 0.629028 0.450664 0.635949 0.453625 0.634810 0.458216 0.635949 0.462224 0.640907
2 0.465419 0.635019 0.466232 0.626241 0.464255 0.621079 0.461409 0.617463 0.456880 0.616431 0.455427 0.623245 0.458042 0.624486 0.460133 0.625727 0.463849 0.630681
2 0.466232 0.626241 0.467216 0.615759 0.466203 0.616444 0.464734 0.611329 0.461927 0.607449 0.460714 0.607551 0.458331 0.610440 0.457750 0.614157 0.456880 0.616431 0.461409 0.617463 0.464255 0.621079
2 0.414115 0.669764 0.415117 0.666375 0.416516 0.645361 0.415195 0.643699 0.409596 0.641625 0.407885 0.642731 0.406641 0.664023 0.406719 0.670106 0.413794 0.670796
2 0.416516 0.645361 0.418151 0.643838 0.418383 0.620199 0.410219 0.616741 0.409596 0.641625 0.415195 0.643699
2 0.426503 0.604204 0.423849 0.606301 0.424924 0.611560 0.426000 0.623028 0.426201 0.642505 0.427815 0.644894 0.430031 0.648602 0.432721 0.649676 0.435005 0.644060 0.435005 0.637847 0.434669 0.622671 0.436820 0.621718 0.437292 0.619324 0.436956 0.615620 0.433729 0.615500 0.433461 0.610366 0.432081 0.605644 0.429112 0.602921
2 0.435005 0.637847 0.439568 0.630130 0.443076 0.624213 0.442625 0.611417 0.440198 0.614296 0.436956 0.615620 0.437292 0.619324 0.436820 0.621718 0.434669 0.622671
2 0.443076 0.624213 0.445602 0.621995 0.447857 0.626833 0.448867 0.628491 0.453799 0.626861 0.453161 0.629028 0.450664 0.635949 0.450112 0.637634 0.444805 0.642912 0.438414 0.647870 0.435477 0.648602 0.432721 0.649676 0.435005 0.644060 0.435005 0.637847 0.439568 0.630130
2 0.445602 0.621995 0.442802 0.615083 0.442625 0.611417 0.455477 0.602917 0.456721 0.604991 0.458331 0.610440 0.457750 0.614157 0.456880 0.616431 0.455427 0.623245 0.455021 0.625727 0.453799 0.626861 0.448867 0.628491 0.447857 0.626833
2 0.455477 0.602917 0.459833 0.600704 0.457344 0.591718 0.453068 0.583148 0.452990 0.594208 0.451901 0.595449 0.442880 0.600292 0.438109 0.595565 0.439729 0.601324 0.434961 0.606120 0.433880 0.605000 0.432081 0.605644 0.433461 0.610366 0.433729 0.615500 0.436956 0.615620 0.440198 0.614296 0.442625 0.611417
2 0.453068 0.583148 0.442258 0.568907 0.433159 0.575542 0.432380 0.578310 0.432799 0.588208 0.436401 0.591565 0.438109 0.595565 0.442880 0.600292 0.451901 0.595449 0.452990 0.594208
2 0.466216 0.567787 0.456956 0.554255 0.456721 0.551486 0.453143 0.550519 0.449023 0.560338 0.443656 0.570704 0.453068 0.583148 0.457344 0.591718 0.459294 0.598755 0.462872 0.599444 0.463107 0.596542
2 0.472359 0.558940 0.474258 0.552773 0.475333 0.547037 0.474258 0.542259 0.472510 0.538315 0.468341 0.533894 0.465990 0.532102 0.456378 0.542972 0.456245 0.545722 0.456721 0.551486 0.456956 0.554255 0.466216 0.567787 0.468859 0.565301 0.471271 0.562259 0.471271 0.562259
2 0.454422 0.550764 0.454734 0.549356 0.453354 0.546319 0.450961 0.541509 0.441383 0.558653 0.439635 0.561995 0.442258 0.568907 0.443656 0.570704 0.449023 0.560338 0.453143 0.550519
2 0.428302 0.596204 0.429359 0.584079 0.430435 0.568306 0.428284 0.567111 0.425932 0.571653 0.424857 0.572250 0.424049 0.570338 0.423581 0.567829 0.421294 0.567708 0.421227 0.569856 0.419411 0.585153 0.418875 0.587185 0.417073 0.588222 0.417883 0.594301 0.419591 0.594940 0.422909 0.595546 0.425596 0.598176 0.426469 0.598296
2 0.421294 0.567708 0.420151 0.560898 0.418740 0.550981 0.416859 0.550144 0.412154 0.551338 0.412154 0.551338 0.408794 0.570454 0.411885 0.587903 0.411885 0.587903 0.412693 0.588616 0.414284 0.588065 0.414914 0.586144 0.415992 0.585824 0.416622 0.586625 0.417073 0.588222 0.418875 0.587185 0.419411 0.585153 0.421227 0.569856
2 0.423164 0.542102 0.422424 0.561102 0.422693 0.566356 0.423581 0.567829 0.424049 0.570338 0.424857 0.572250 0.425932 0.571653 0.428284 0.567111 0.434589 0.549630 0.434521 0.547958 0.432706 0.545565 0.427195 0.545329
2 0.456245 0.545722 0.454378 0.544306 0.455034 0.543213 0.457185 0.535329 0.459872 0.525648 0.457992 0.522065 0.452279 0.518241 0.450362 0.517171 0.452169 0.509051 0.453674 0.511102 0.456034 0.511815 0.477724 0.530648 0.476971 0.532255 0.472510 0.538315 0.468341 0.533894 0.465990 0.532102 0.456378 0.542972
2 0.448984 0.516685 0.447063 0.515227 0.443867 0.508616 0.442648 0.508616 0.440672 0.511199 0.439219 0.506241 0.435445 0.509028 0.433354 0.510269 0.429810 0.513162 0.429404 0.514708 0.432831 0.516880 0.433526 0.516880 0.435503 0.523593 0.437768 0.542593 0.436432 0.547861 0.438904 0.550741 0.442602 0.549546 0.448583 0.519676
2 0.423164 0.542102 0.419529 0.528856 0.419935 0.527204 0.422549 0.512954 0.423826 0.512440 0.429404 0.514708 0.432831 0.516880 0.433526 0.516880 0.435503 0.523593 0.437768 0.542593 0.436432 0.547861 0.434521 0.547958 0.432706 0.545565 0.427195 0.545329
2 0.422549 0.512954 0.424049 0.500199 0.423917 0.493028 0.422773 0.491833 0.421430 0.493028 0.419010 0.503426 0.418203 0.510713 0.418000 0.526843 0.419529 0.528856 0.419935 0.527204
2 0.477724 0.530648 0.480505 0.529037 0.482846 0.521042 0.481857 0.519759 0.472677 0.512722 0.471508 0.509843 0.461612 0.506481 0.456393 0.505523 0.453424 0.504403 0.452703 0.504565 0.452169 0.509051 0.453674 0.511102 0.456034 0.511815
2 0.452703 0.504565 0.448474 0.499926 0.443706 0.494167 0.439747 0.490486 0.437227 0.490009 0.435969 0.496088 0.434349 0.505046 0.434078 0.509681 0.435445 0.509028 0.439219 0.506241 0.440672 0.511199 0.442648 0.508616 0.443867 0.508616 0.447063 0.515227 0.448984 0.516685 0.450362 0.517171 0.452169 0.509051
2 0.448474 0.499926 0.449643 0.488727 0.450185 0.484088 0.451083 0.484407 0.451354 0.481208 0.450904 0.478171 0.450633 0.475292 0.449734 0.472412 0.447664 0.470491 0.446315 0.470333 0.445505 0.468894 0.444966 0.466815 0.444516 0.465056 0.443797 0.463616 0.442807 0.462653 0.442266 0.462333 0.441188 0.461537 0.438667 0.459296 0.437589 0.457537 0.436237 0.456579 0.434169 0.457218 0.435969 0.490167 0.435969 0.496088 0.437227 0.490009 0.439747 0.490486 0.443706 0.494167
2 0.475130 0.497569 0.478185 0.495773 0.477951 0.492181 0.477951 0.492181 0.475695 0.491347 0.475073 0.488722 0.475307 0.483333 0.468698 0.482088 0.466443 0.479597 0.463565 0.477801 0.457031 0.475588 0.457966 0.472824 0.456021 0.471028 0.454776 0.470060 0.453221 0.469782 0.454430 0.485981 0.456042 0.487176 0.457253 0.488486 0.458396 0.488727 0.460479 0.489444
2 0.475307 0.483333 0.475773 0.477250 0.473362 0.479046 0.470253 0.471856 0.466365 0.471440 0.463797 0.471440 0.460143 0.470611 0.457966 0.472824 0.457031 0.475588 0.463565 0.477801 0.466443 0.479597 0.468698 0.482088
2 0.453221 0.469782 0.453688 0.455130 0.452289 0.446833 0.448633 0.448907 0.436237 0.456579 0.437589 0.457537 0.438667 0.459296 0.441188 0.461537 0.442266 0.462333 0.442807 0.462653 0.443797 0.463616 0.444516 0.465056 0.444966 0.466815 0.445505 0.468894 0.446315 0.470333 0.447664 0.470491 0.449734 0.472412 0.450633 0.475292 0.450904 0.478171 0.451354 0.481208 0.451083 0.484407 0.454430 0.485981
2 0.456021 0.471028 0.456799 0.458310 0.456487 0.451120 0.455477 0.445449 0.452755 0.440333 0.451667 0.434806 0.449177 0.428032 0.449177 0.428032 0.446534 0.432181 0.442724 0.441995 0.436237 0.456579 0.448633 0.448907 0.452289 0.446833 0.453688 0.455130 0.453221 0.469782 0.454776 0.470060
2 0.437591 0.344806 0.451823 0.346463 0.453221 0.347431 0.453534 0.352273 0.454776 0.366509 0.455010 0.371074 0.454388 0.373699 0.453062 0.375000 0.451354 0.373880 0.449464 0.375477 0.447216 0.377079 0.446315 0.377079 0.444875 0.377079 0.441727 0.376435 0.440378 0.376435 0.438937 0.375477 0.438036 0.375796 0.438036 0.375796 0.435768 0.373824 0.440625 0.367065 0.441013 0.364162 0.440234 0.362227 0.438758 0.364296
2 0.482115 0.299296 0.480427 0.303852 0.481990 0.307736 0.482302 0.310069 0.481927 0.315736 0.481240 0.316181 0.480865 0.315514 0.480927 0.312958 0.481115 0.309403 0.480052 0.307181 0.476367 0.316292 0.474680 0.317403 0.467331 0.314296 0.467932 0.309833 0.468234 0.307958 0.468786 0.306444 0.469089 0.304569 0.469036 0.303676 0.468786 0.302426 0.468687 0.301088 0.469138 0.299926 0.469388 0.298944 0.469388 0.297875 0.469138 0.297250 0.468786 0.296713 0.468385 0.296269 0.469490 0.295227 0.469922 0.294843 0.470464 0.293977 0.470625 0.293019 0.470786 0.291866 0.471003 0.289560
2 0.492760 0.298319 0.494622 0.298505 0.497109 0.298269 0.500805 0.296593 0.504568 0.295278 0.512365 0.289185 0.513240 0.287634 0.512432 0.284407 0.510013 0.285838 0.507661 0.285481 0.505578 0.286676 0.501680 0.289065 0.496234 0.292171 0.494286 0.293366 0.492539 0.293486 0.490857 0.293727 0.488773 0.293250 0.487203 0.302713
2 0.482302 0.310069 0.483326 0.305981 0.484451 0.301319 0.486609 0.303287 0.487203 0.302713 0.492760 0.298319 0.494323 0.302759 0.497323 0.305648 0.496760 0.313648 0.496573 0.315870 0.497823 0.316866 0.504258 0.316755 0.504320 0.319866 0.504820 0.320199 0.505820 0.319755 0.506630 0.319421 0.507630 0.319421 0.508818 0.321644 0.508818 0.322977 0.508380 0.324644 0.508130 0.325421 0.508005 0.326977 0.507755 0.327977 0.508568 0.330088 0.508630 0.330861 0.508255 0.331861 0.507818 0.332639 0.507568 0.333639 0.507193 0.337194 0.506068 0.342528 0.503570 0.343417 0.504133 0.341639 0.503633 0.339417 0.491807 0.330079 0.482570 0.314375 0.482086 0.313801
2 0.482570 0.314375 0.481927 0.315736 0.481240 0.316181 0.480865 0.315514 0.479352 0.315634 0.476367 0.316292 0.474680 0.317403 0.471654 0.318537 0.471031 0.319644 0.470409 0.321579 0.474141 0.328352 0.476240 0.332639 0.475073 0.335269 0.475073 0.333745 0.474607 0.333194 0.474062 0.333194 0.473596 0.333745 0.473286 0.334713 0.472896 0.335958 0.472508 0.336236 0.471807 0.336370 0.471263 0.336370 0.471031 0.336787 0.471107 0.338032 0.471497 0.339000 0.471885 0.339968 0.472742 0.340796 0.473130 0.341074 0.473440 0.341347 0.473831 0.342181 0.474453 0.342870 0.474997 0.343977 0.476008 0.345083 0.476862 0.345495 0.479430 0.346741 0.480206 0.345912 0.480828 0.343838 0.490859 0.347986 0.493815 0.348264 0.496383 0.347708 0.503570 0.343417 0.504133 0.341639 0.503633 0.339417 0.491807 0.330079
2 0.476862 0.345495 0.481141 0.351856 0.484794 0.354759 0.481839 0.366787 0.481451 0.372870 0.479195 0.383241 0.493271 0.386144 0.493815 0.384759 0.493427 0.377157 0.493893 0.373287 0.494128 0.370380 0.494049 0.366648 0.493893 0.365542 0.492339 0.365542 0.490471 0.363745 0.490471 0.359458 0.490471 0.353514 0.491404 0.352685 0.493349 0.352685 0.494826 0.352685 0.495526 0.347847 0.493815 0.348264 0.490859 0.347986 0.480828 0.343838 0.480206 0.345912 0.479430 0.346741
2 0.479195 0.383241 0.478651 0.385176 0.478341 0.388352 0.473440 0.388079 0.466443 0.384208 0.461154 0.378954 0.456383 0.372713 0.463982 0.338102 0.473831 0.342181 0.474453 0.342870 0.474997 0.343977 0.476008 0.345083 0.476862 0.345495 0.481141 0.351856 0.484794 0.354759 0.481839 0.366787 0.481451 0.372870
2 0.500818 0.281630 0.501318 0.278324 0.501724 0.277292 0.511831 0.274194 0.512354 0.276259 0.512646 0.280495 0.512432 0.284407 0.510013 0.285838 0.507661 0.285481 0.505578 0.286676 0.501680 0.289065 0.501169 0.287699
2 0.514151 0.288324 0.515859 0.294838 0.515081 0.298829 0.512349 0.301519 0.510378 0.302032 0.508167 0.299444 0.504568 0.295278 0.512365 0.289185 0.513240 0.287634
2 0.490714 0.281690 0.497857 0.276634 0.498810 0.276009 0.499461 0.276097 0.500417 0.278329 0.500818 0.281630 0.501169 0.287699 0.501068 0.289394 0.496234 0.292171 0.494286 0.293366 0.492539 0.293486 0.491430 0.293681 0.490125 0.290019 0.489823 0.287074
2 0.467708 0.277847 0.468086 0.277370 0.468195 0.275833 0.468247 0.274968 0.468518 0.273435 0.468896 0.272185 0.469328 0.270745 0.469977 0.269787 0.470299 0.268537 0.470299 0.267000 0.470409 0.266139 0.470893 0.265176 0.471435 0.264986 0.472784 0.265847 0.489794 0.279194 0.490625 0.280111 0.490714 0.281690 0.489823 0.287074 0.490125 0.290019 0.491430 0.293681 0.490857 0.293727 0.488773 0.293250 0.487174 0.302713 0.486609 0.303287 0.471003 0.289560 0.470516 0.288792 0.468680 0.287259 0.467115 0.285819 0.467060 0.283995 0.467438 0.280347
2 0.511018 0.306829 0.510807 0.309301 0.510443 0.311144 0.507307 0.312074 0.505737 0.312694 0.504258 0.316755 0.497823 0.316866 0.496573 0.315870 0.496760 0.313648 0.497323 0.305648 0.494323 0.302759 0.492760 0.298319 0.494622 0.298505 0.497109 0.298269 0.500805 0.296593 0.504568 0.295278 0.508167 0.299444 0.510378 0.302032 0.510380 0.303315
2 0.517841 0.282963 0.518391 0.282792 0.527477 0.273685 0.529034 0.273597 0.530641 0.272704 0.531643 0.272259 0.532547 0.271991 0.533451 0.274667 0.534055 0.276097 0.536112 0.276097 0.536112 0.276097 0.538021 0.274403 0.540279 0.273778 0.538724 0.290019 0.526172 0.277616 0.524966 0.278060 0.521185 0.287931 0.520255 0.287620 0.518279 0.289065 0.517167 0.287565 0.516716 0.285630 0.516641 0.284231 0.517091 0.283694
2 0.527477 0.273685 0.530188 0.271722 0.531594 0.258602 0.527026 0.252264 0.525820 0.252889 0.515729 0.264940 0.514766 0.278097 0.514766 0.278097 0.515815 0.278963 0.517878 0.281898 0.517841 0.282963 0.518391 0.282792
2 0.532547 0.271991 0.531896 0.249588 0.532247 0.247537 0.532648 0.246019 0.536464 0.246019 0.541284 0.243968 0.543091 0.244588 0.544497 0.247894 0.545049 0.270653 0.544997 0.273954 0.544547 0.274491 0.544547 0.274491 0.544044 0.274579 0.540180 0.275028 0.540279 0.273778 0.538010 0.274347 0.536112 0.276097 0.536112 0.276097 0.534055 0.276097 0.533451 0.274667
2 0.544044 0.274579 0.543432 0.280287 0.547789 0.287722 0.549068 0.288032 0.554992 0.287102 0.561266 0.287722 0.562310 0.277292 0.557953 0.270685 0.545049 0.270653 0.544997 0.273954 0.544547 0.274491
2 0.540180 0.275028 0.538724 0.290019 0.541818 0.293963 0.543120 0.295815 0.544422 0.297199 0.544466 0.299282 0.548284 0.299745 0.550323 0.294810 0.551104 0.294810 0.552276 0.295120 0.555010 0.298667 0.556138 0.301213 0.558568 0.302444 0.559000 0.300134 0.561734 0.301907 0.564513 0.303833 0.565812 0.303912 0.566292 0.303065 0.566508 0.289875 0.565812 0.285014 0.563862 0.282546 0.562690 0.282157 0.561779 0.282157 0.561266 0.287722 0.554992 0.287102 0.549068 0.288032 0.547789 0.287722 0.543432 0.280287 0.544044 0.274579
2 0.562690 0.282157 0.563513 0.279458 0.564339 0.278227 0.565161 0.278069 0.572104 0.288097 0.577747 0.297662 0.579266 0.299051 0.580568 0.300440 0.580698 0.301986 0.580479 0.303912 0.580133 0.305611 0.578398 0.306921 0.577703 0.309236 0.577008 0.310083 0.574622 0.308542 0.572930 0.308694 0.571151 0.309620 0.569633 0.310778 0.568245 0.311551 0.563643 0.308773 0.561563 0.306306 0.560737 0.305301 0.560000 0.307616 0.556138 0.301213 0.558568 0.302444 0.559000 0.300134 0.561734 0.301907 0.564513 0.303833 0.565812 0.303912 0.566292 0.303065 0.566508 0.289875 0.565812 0.285014 0.563862 0.282546
2 0.577008 0.310083 0.578633 0.310444 0.580318 0.311991 0.582469 0.316847 0.583630 0.319736 0.584906 0.331921 0.585315 0.336468 0.585023 0.339773 0.585023 0.344727 0.585721 0.356296 0.585315 0.359394 0.584849 0.361458 0.582990 0.361458 0.578807 0.359704 0.574161 0.355676 0.570617 0.351852 0.567656 0.346792 0.565797 0.339773 0.565563 0.333968 0.565563 0.319176 0.564318 0.319310 0.564318 0.319310 0.565216 0.316329 0.564982 0.315194 0.560000 0.307616 0.560737 0.305301 0.561563 0.306306 0.563643 0.308773 0.568245 0.311551 0.569633 0.310778 0.571151 0.309620 0.572930 0.308694 0.574622 0.308542
2 0.557396 0.323736 0.555583 0.321648 0.549831 0.308792 0.546331 0.303398 0.548284 0.299745 0.550323 0.294810 0.551104 0.294810 0.552276 0.295120 0.555010 0.298667 0.556138 0.301213 0.560000 0.307616 0.564982 0.315194 0.565216 0.316329 0.564318 0.319310 0.562063 0.326778
2 0.549414 0.352782 0.549107 0.354898 0.537987 0.346741 0.530133 0.338171 0.528266 0.336370 0.530521 0.326833 0.534099 0.314944 0.532620 0.312454 0.529354 0.302361 0.538375 0.299185 0.540008 0.299736 0.543430 0.302917 0.547008 0.305542 0.549831 0.308792 0.555583 0.321648 0.557396 0.323736 0.553508 0.328435 0.551253 0.342125
2 0.544466 0.299282 0.543430 0.302917 0.540008 0.299736 0.538375 0.299185 0.529354 0.302361 0.532620 0.312454 0.534099 0.314944 0.530982 0.325153 0.530849 0.318102 0.528026 0.318338 0.517471 0.319616 0.515901 0.318370 0.513755 0.317444 0.512534 0.316935 0.511948 0.316926 0.513172 0.311144 0.514583 0.306273 0.516130 0.301769 0.521185 0.287931 0.524966 0.278060 0.526172 0.277616 0.538724 0.290019 0.541818 0.293963 0.543120 0.295815 0.544422 0.297199
2 0.524578 0.343921 0.528008 0.346245 0.530133 0.338171 0.528266 0.336370 0.530521 0.326833 0.530982 0.325153 0.530849 0.318102 0.528026 0.318338 0.517471 0.319616 0.517177 0.321468 0.516305 0.324773 0.515792 0.329269 0.516648 0.330648 0.518979 0.332861 0.523023 0.338389
2 0.528008 0.346245 0.527654 0.352921 0.524685 0.370199 0.537372 0.378676 0.542411 0.381236 0.551768 0.374282 0.554266 0.359412 0.553424 0.354227 0.551854 0.354954 0.549414 0.352782 0.549107 0.354898 0.537987 0.346741 0.530133 0.338171
2 0.556706 0.371185 0.559596 0.384116 0.559776 0.387634 0.552128 0.393074 0.548799 0.390352 0.547539 0.388755 0.547539 0.385236 0.542411 0.381236 0.551768 0.374282
2 0.524685 0.370199 0.521656 0.370306 0.518221 0.389185 0.499794 0.378079 0.500401 0.370556 0.501669 0.359875 0.503224 0.355449 0.506068 0.342528 0.507193 0.337194 0.507417 0.335102 0.524578 0.343921 0.528008 0.346245 0.527654 0.352921
2 0.499529 0.382144 0.499940 0.384273 0.497872 0.391634 0.494273 0.411310 0.494362 0.417546 0.496971 0.429222 0.500031 0.429542 0.502732 0.429065 0.503180 0.424745 0.502102 0.422185 0.501831 0.420588 0.516406 0.411630 0.517036 0.413708 0.518747 0.425065 0.521357 0.423787 0.522615 0.422824 0.523875 0.414028 0.522167 0.411310 0.514518 0.407630 0.518221 0.389185 0.499794 0.378079
2 0.523875 0.414028 0.527635 0.416458 0.531250 0.415176 0.535948 0.414319 0.538958 0.417958 0.538711 0.401981 0.539250 0.393019 0.540729 0.390870 0.542273 0.389912 0.545703 0.393259 0.547539 0.388755 0.547539 0.385236 0.542411 0.381236 0.537372 0.378676 0.524685 0.370199 0.521656 0.370306 0.518221 0.389185 0.514518 0.407630 0.522167 0.411310
2 0.556706 0.371185 0.559596 0.384116 0.560945 0.385236 0.572372 0.381074 0.574802 0.377718 0.575161 0.368597 0.577232 0.367481 0.578940 0.365560 0.579482 0.362843 0.579661 0.359963 0.578807 0.359704 0.574161 0.355676 0.570617 0.351852 0.567656 0.346792 0.565797 0.339773 0.565563 0.333968 0.562995 0.334519 0.558328 0.335625 0.555453 0.337009 0.553352 0.340190 0.553042 0.342954 0.553365 0.345968 0.553424 0.354227 0.554266 0.359412
2 0.574802 0.377718 0.576870 0.379093 0.579047 0.377431 0.579979 0.377847 0.586044 0.394162 0.585344 0.396370 0.582552 0.399537 0.578112 0.402870 0.570336 0.391120 0.566448 0.387523 0.560945 0.385236 0.572372 0.381074
2 0.582552 0.399537 0.583013 0.403560 0.581456 0.405912 0.579901 0.407847 0.581068 0.408537 0.582544 0.409093 0.583789 0.409231 0.584724 0.412273 0.573370 0.415037 0.571036 0.416144 0.564271 0.412407 0.559917 0.410611 0.559190 0.407148 0.555484 0.403421 0.551310 0.399116 0.548719 0.397338 0.546695 0.395403 0.545703 0.393259 0.547539 0.388755 0.548799 0.390352 0.552128 0.393074 0.559776 0.387634 0.559596 0.384116 0.560945 0.385236 0.566448 0.387523 0.570336 0.391120 0.578112 0.402870
2 0.556424 0.429356 0.555794 0.435773 0.555794 0.438264 0.556805 0.439921 0.558049 0.440889 0.559917 0.442134 0.561549 0.441440 0.562326 0.440472 0.563805 0.439644 0.564427 0.433838 0.564815 0.431625 0.574768 0.418491 0.574380 0.417250 0.571268 0.419736 0.568937 0.420014 0.566760 0.421671 0.564505 0.423329 0.563727 0.418907 0.563104 0.416005 0.559917 0.410611 0.559216 0.407157 0.555484 0.403421 0.555102 0.404889 0.556190 0.408208 0.556503 0.418435
2 0.550117 0.406069 0.548641 0.405495 0.545174 0.410718 0.544193 0.410199 0.543148 0.408551 0.543148 0.404523 0.543148 0.401731 0.543612 0.399463 0.544542 0.398532 0.545122 0.398634 0.545872 0.398532 0.546742 0.398120 0.547505 0.397912 0.548719 0.397338 0.551310 0.399116 0.555484 0.403421 0.555102 0.404889 0.556190 0.408208 0.556503 0.418435 0.556424 0.429356 0.546703 0.420509 0.551526 0.413458 0.549346 0.408481
2 0.539440 0.433162 0.539773 0.435222 0.540865 0.434116 0.542263 0.429690 0.546229 0.426370 0.545607 0.421394 0.544828 0.420426 0.543740 0.418218 0.542497 0.417523 0.542497 0.415727 0.543120 0.413514 0.545174 0.410718 0.544193 0.410199 0.543148 0.408551 0.543148 0.404523 0.543148 0.401731 0.543612 0.399463 0.544542 0.398532 0.545122 0.398634 0.545872 0.398532 0.546742 0.398120 0.547505 0.397912 0.548719 0.397338 0.546695 0.395403 0.545703 0.393259 0.542273 0.389912 0.540729 0.390870 0.539250 0.393019 0.538964 0.398014 0.538711 0.401981 0.538958 0.417958 0.539922 0.430167
2 0.540865 0.434116 0.536898 0.446907 0.537435 0.447861 0.539786 0.449176 0.537503 0.452167 0.538646 0.454194 0.539721 0.455273 0.539990 0.457542 0.540057 0.460769 0.540526 0.463037 0.541333 0.463514 0.542544 0.463514 0.543552 0.462917 0.544224 0.462083 0.545164 0.461125 0.545568 0.460292 0.546307 0.456468 0.546440 0.454792 0.547180 0.452167 0.549534 0.453000 0.555794 0.438264 0.555794 0.435773 0.556424 0.429356 0.546703 0.420509 0.545607 0.421394 0.546229 0.426370 0.542263 0.429690
2 0.517583 0.670958 0.516901 0.667301 0.516367 0.663745 0.515781 0.654227 0.514794 0.645241 0.514500 0.640796 0.512013 0.645634 0.509523 0.650199 0.509214 0.651306 0.510224 0.653241 0.512323 0.655449 0.513646 0.656556 0.514112 0.658079 0.514034 0.660426 0.512529 0.663106 0.508055 0.667343 0.504802 0.669718 0.500794 0.675398 0.502247 0.680148 0.503758 0.684380 0.507125 0.677051 0.512935 0.672194
2 0.567784 0.551912 0.568503 0.547912 0.569133 0.546472 0.573091 0.546472 0.575167 0.547611 0.575479 0.545019 0.576417 0.543537 0.577781 0.544472 0.580208 0.547671 0.579039 0.524958 0.578940 0.518481 0.578672 0.513843 0.572552 0.506162 0.571654 0.508403 0.570034 0.508403 0.566615 0.506005 0.565083 0.507444 0.565453 0.518079 0.565453 0.529917 0.565812 0.539833 0.563115 0.539037 0.562497 0.544167 0.564161 0.547685 0.564635 0.549991
2 0.484406 0.657523 0.485029 0.655727 0.485029 0.653102 0.482307 0.651856 0.482229 0.646329 0.479974 0.636648 0.476552 0.626972 0.476086 0.628356 0.473753 0.638032 0.471419 0.645495 0.473130 0.654898 0.473984 0.656833 0.475307 0.656282 0.478185 0.659597 0.481219 0.662639 0.481995 0.662917
2 0.528630 0.574639 0.531164 0.573986 0.532513 0.573505 0.538630 0.576384 0.536471 0.569894 0.534727 0.566292 0.518659 0.561176 0.516367 0.565991 0.517339 0.570815 0.522044 0.571532 0.524664 0.572727
2 0.474927 0.559491 0.474927 0.569310 0.474794 0.571056 0.474096 0.587523 0.473961 0.591282 0.473359 0.596403 0.466203 0.598051 0.467216 0.601926 0.461927 0.607449 0.460714 0.607551 0.458331 0.610440 0.456721 0.604991 0.455477 0.602917 0.459833 0.600704 0.459294 0.598755 0.462872 0.599444 0.463107 0.596542 0.466216 0.567787 0.468859 0.565301 0.471271 0.562259 0.472359 0.558940
2 0.502352 0.604630 0.501073 0.602597 0.494352 0.599611 0.490521 0.602241 0.488841 0.602958 0.487901 0.601046 0.481448 0.586347 0.476745 0.575116 0.474927 0.569310 0.474794 0.571056 0.477281 0.580611 0.478625 0.585750 0.478557 0.589213 0.477250 0.592523 0.477250 0.594880 0.483008 0.603852 0.497578 0.612875 0.498857 0.612394
2 0.502352 0.604630 0.503292 0.604032 0.504839 0.584912 0.501948 0.582403 0.496302 0.577028 0.493344 0.574398 0.492268 0.571769 0.490120 0.567468 0.488641 0.565556 0.487161 0.564361 0.485414 0.562449 0.485818 0.561019 0.487026 0.561852 0.487633 0.561616 0.487565 0.560060 0.486286 0.558509 0.484943 0.557551 0.474862 0.565796 0.474927 0.569310 0.476745 0.575116 0.481448 0.586347 0.487901 0.601046 0.488841 0.602958 0.490521 0.602241 0.494352 0.599611 0.501073 0.602597
2 0.504839 0.584912 0.505646 0.575056 0.503042 0.569505 0.498357 0.557477 0.501792 0.557477 0.505646 0.559880 0.508143 0.555625 0.504839 0.544769 0.503628 0.542616 0.500333 0.537241 0.495159 0.542139 0.491799 0.545963 0.490792 0.545722 0.485951 0.541181 0.484138 0.539866 0.483195 0.539866 0.482523 0.540824 0.481651 0.543333 0.482859 0.548352 0.484943 0.557551 0.486286 0.558509 0.487565 0.560060 0.487633 0.561616 0.487026 0.561852 0.485818 0.561019 0.485414 0.562449 0.487161 0.564361 0.488641 0.565556 0.490120 0.567468 0.492268 0.571769 0.493344 0.574398 0.496302 0.577028 0.501948 0.582403
2 0.480505 0.529037 0.483263 0.525769 0.484138 0.527681 0.489581 0.544648 0.485951 0.541181 0.484138 0.539866 0.483195 0.539866 0.482523 0.540824 0.481651 0.543333 0.482859 0.548352 0.484943 0.557551 0.474862 0.565796 0.474927 0.559491 0.472359 0.558940 0.474258 0.552773 0.475333 0.547037 0.474258 0.542259 0.472510 0.538315 0.476971 0.532255 0.477724 0.530648
2 0.517583 0.606620 0.517583 0.603935 0.517583 0.603935 0.518510 0.594227 0.518510 0.590611 0.517878 0.578940 0.517339 0.570815 0.516367 0.565991 0.511786 0.560250 0.510745 0.560435 0.506893 0.567838 0.505646 0.575056 0.504839 0.584912 0.503292 0.604032 0.502687 0.610843 0.502016 0.618968 0.503070 0.618537 0.503302 0.615912 0.507112 0.612731 0.510380 0.610648 0.514388 0.607861
5 0.543219 0.577134 0.545911 0.574741 0.548844 0.574398 0.552690 0.575597 0.555529 0.577134 0.558411 0.580213 0.557018 0.581921 0.555479 0.582435 0.552401 0.582435 0.549083 0.581667 0.546680 0.580213
2 0.437591 0.344806 0.438758 0.364296 0.440234 0.362227 0.441013 0.364162 0.440625 0.367065 0.435768 0.373824 0.434312 0.371972 0.433167 0.362162 0.432924 0.359875 0.435180 0.349921
2 0.421430 0.493028 0.420987 0.458773 0.419633 0.458588 0.419008 0.445079 0.420362 0.444338 0.419529 0.419352 0.417966 0.415468 0.418487 0.406583 0.420049 0.408986 0.422234 0.409727 0.426919 0.406028 0.430875 0.391037 0.429315 0.385296 0.426294 0.375491 0.424734 0.373824 0.422443 0.374935 0.424630 0.359759 0.431292 0.361236 0.433167 0.362162 0.434312 0.371972 0.435768 0.373824 0.438036 0.375796 0.435518 0.401870 0.435789 0.408588 0.435698 0.410509 0.435607 0.412426 0.436328 0.415148 0.438216 0.412106 0.439656 0.409069 0.440016 0.411468 0.439927 0.415787 0.437589 0.437542 0.436599 0.444259 0.436057 0.448579 0.436237 0.456579 0.434169 0.457218 0.433089 0.426505 0.432370 0.425227 0.431828 0.425227 0.430570 0.431944 0.427690 0.435144 0.425260 0.436583 0.423641 0.436583 0.424901 0.463935 0.424542 0.470171 0.423917 0.493028 0.422773 0.491833
2 0.449177 0.428032 0.451263 0.419625 0.452253 0.411787 0.452344 0.401551 0.452435 0.393394 0.452794 0.386514 0.453604 0.380278 0.453964 0.377875 0.453062 0.375000 0.451354 0.373880 0.449464 0.375477 0.447216 0.377079 0.446315 0.377079 0.444875 0.377079 0.441727 0.376435 0.440378 0.376435 0.438937 0.375477 0.438036 0.375796 0.435518 0.401870 0.435789 0.408588 0.435698 0.410509 0.435607 0.412426 0.436328 0.415148 0.438216 0.412106 0.439656 0.409069 0.440016 0.411468 0.439927 0.415787 0.437589 0.437542 0.436599 0.444259 0.436057 0.448579 0.436237 0.456579 0.442724 0.441995 0.446534 0.432181
2 0.539440 0.433162 0.539922 0.430167 0.538958 0.417958 0.535948 0.414319 0.531250 0.415176 0.527635 0.416458 0.524625 0.419028 0.524625 0.424384 0.527997 0.424384 0.530646 0.422884 0.536188 0.436588
2 0.564911 0.644185 0.560539 0.644000 0.555807 0.630556 0.554086 0.631597 0.546589 0.624009 0.544500 0.624870 0.544099 0.626597 0.543750 0.628407 0.544612 0.634005 0.546380 0.641037 0.548776 0.644370 0.556792 0.651218 0.557833 0.652329 0.559396 0.650847 0.563143 0.653625 0.564286 0.654917 0.565745 0.654917
2 0.577945 0.632079 0.583672 0.619681 0.583776 0.600801 0.584401 0.585995 0.583974 0.573856 0.579654 0.590495 0.577320 0.594491 0.578320 0.615829 0.576969 0.616755 0.573948 0.619162 0.572906 0.622861 0.572701 0.627306 0.573115 0.631745 0.574260 0.633597
2 0.579039 0.524958 0.580560 0.524000 0.581909 0.528477 0.584250 0.539356 0.584250 0.562389 0.582810 0.564148 0.577781 0.547032 0.577781 0.544472 0.580208 0.547671
2 0.565453 0.518079 0.562836 0.519681 0.561135 0.518241 0.559424 0.519681 0.557536 0.522880 0.555997 0.538236 0.557500 0.538616 0.562497 0.544167 0.563115 0.539037 0.565812 0.539833 0.565453 0.529917
2 0.493271 0.386144 0.483247 0.391426 0.472888 0.398495 0.467461 0.400912 0.470841 0.404491 0.474938 0.405130 0.479513 0.405130 0.486927 0.404537 0.487826 0.401921 0.488427 0.396565 0.491922 0.395495 0.494570 0.394852 0.496859 0.396565 0.497872 0.391634 0.499940 0.384273 0.499529 0.382144 0.497042 0.383940
2 0.428521 0.733662 0.430253 0.732875 0.431708 0.727690 0.432542 0.724731 0.435039 0.713625 0.442062 0.682176 0.442060 0.680106 0.440263 0.678579 0.439219 0.677963 0.431432 0.674491 0.425729 0.672963 0.420466 0.669579 0.414115 0.669764 0.404432 0.707704 0.404849 0.709551 0.408281 0.713333 0.417138 0.724023 0.421260 0.729000 0.426195 0.731389
2 0.438414 0.647870 0.435477 0.648602 0.432721 0.649676 0.430031 0.648602 0.430458 0.669394 0.439307 0.676241 0.440036 0.677167 0.440870 0.677537 0.436185 0.663282 0.435549 0.661412 0.435651 0.660741 0.436602 0.660324 0.436602 0.660324 0.439336 0.670338 0.442531 0.662694 0.443810 0.658977 0.444443 0.656028 0.444083 0.653792 0.441206 0.649949
2 0.423849 0.606301 0.420763 0.605338 0.419591 0.594940 0.417883 0.594301 0.417073 0.588222 0.416622 0.586625 0.415992 0.585824 0.414914 0.586144 0.414284 0.588065 0.413833 0.589500 0.413203 0.592380 0.413474 0.599102 0.414372 0.608375 0.411763 0.612218 0.410219 0.616741 0.418383 0.620199 0.418122 0.643773 0.416516 0.645361 0.415117 0.666375 0.414115 0.669764 0.420466 0.669579 0.425151 0.661991 0.430458 0.669394 0.430031 0.648602 0.427917 0.645139 0.426201 0.642505 0.426000 0.623028 0.424924 0.611560
2 0.429195 0.301597 0.428552 0.299940 0.428961 0.297356 0.431518 0.288167 0.433190 0.283690 0.434534 0.282731 0.435677 0.284644 0.437432 0.290259 0.438859 0.292616 0.440583 0.297069 0.443339 0.295639 0.444953 0.295278 0.448044 0.296116 0.449859 0.298028 0.452211 0.302088 0.454698 0.308421 0.454698 0.308421 0.455102 0.312963 0.454698 0.317384 0.453422 0.321565 0.452479 0.322880 0.452211 0.324194 0.452143 0.325509 0.452143 0.327301 0.451875 0.329213 0.450935 0.330287 0.450128 0.330287 0.449456 0.329931 0.448919 0.328856 0.447708 0.327421 0.445961 0.324912 0.445357 0.324315 0.438703 0.316190 0.434646 0.310014 0.434747 0.308407 0.433742 0.306801 0.432789 0.307245
2 0.451432 0.298194 0.452630 0.296806 0.455313 0.294398 0.458143 0.292787 0.464167 0.290019 0.465021 0.291894 0.466026 0.292787 0.466930 0.294037 0.467432 0.294931 0.468385 0.296269 0.468786 0.296713 0.469138 0.297250 0.469388 0.297875 0.469388 0.298944 0.469138 0.299926 0.468687 0.301088 0.468786 0.302426 0.469036 0.303676 0.469089 0.304569 0.468786 0.306444 0.468234 0.307958 0.467932 0.309833 0.467331 0.314296 0.467331 0.320546 0.466729 0.325097 0.463867 0.327597 0.461172 0.331995 0.452010 0.340694 0.443432 0.337505 0.450161 0.332685 0.450563 0.331704 0.450128 0.330287 0.450935 0.330287 0.451875 0.329213 0.452143 0.327301 0.452143 0.325509 0.452211 0.324194 0.452479 0.322880 0.453422 0.321565 0.454698 0.317384 0.455102 0.312963 0.454698 0.308421 0.454698 0.308421 0.452211 0.302088 0.450625 0.299213
2 0.476784 0.434944 0.472888 0.428472 0.474938 0.426116 0.475177 0.420977 0.475177 0.416481 0.476503 0.413056 0.478190 0.410699 0.479875 0.409630 0.485417 0.407699 0.488547 0.407273 0.490836 0.408343 0.491440 0.405130 0.493005 0.403847 0.495896 0.402560 0.494273 0.411310 0.494362 0.417546 0.496352 0.426968 0.494641 0.426000 0.493318 0.425861 0.492385 0.426278 0.492773 0.429315 0.488419 0.429315 0.482695 0.426926 0.481995 0.430519 0.481372 0.435634 0.479430 0.438398
2 0.572875 0.559824 0.575167 0.547611 0.575479 0.545019 0.576417 0.543537 0.577781 0.544472 0.577781 0.547032 0.582810 0.564148 0.583870 0.566787 0.584594 0.571667 0.583974 0.573856 0.579654 0.590495 0.577320 0.594491 0.577456 0.591102 0.577456 0.591102 0.576526 0.588810 0.576562 0.585926 0.576146 0.571481 0.573958 0.559583
2 0.572875 0.559824 0.573935 0.559528 0.575130 0.565509 0.576146 0.571481 0.576562 0.585926 0.576526 0.588810 0.573708 0.591287 0.568919 0.591657 0.565380 0.593324 0.561362 0.594949 0.562034 0.591009 0.562034 0.587903 0.559997 0.582481 0.563643 0.576926 0.566245 0.568412
2 0.439836 0.715389 0.439026 0.715389 0.437047 0.715389 0.434557 0.715875 0.435771 0.713306 0.440578 0.701935 0.446029 0.688866 0.446029 0.688866 0.449388 0.689343 0.449591 0.691972 0.449255 0.694245 0.447909 0.696394 0.441635 0.711389
2 0.442062 0.682176 0.446565 0.684444 0.446229 0.687194 0.446029 0.688866 0.440578 0.701935 0.435771 0.713306 0.434557 0.715875 0.435039 0.713625
2 0.420466 0.669579 0.425151 0.661991 0.425156 0.662037 0.430458 0.669394 0.439307 0.676241 0.440036 0.677167 0.440263 0.678579 0.439219 0.677963 0.431432 0.674491 0.425729 0.672963
2 0.475177 0.416481 0.469797 0.424699 0.467906 0.424384 0.466784 0.419551 0.469023 0.415801 0.470052 0.413500 0.473180 0.409704 0.474938 0.405130 0.479513 0.405130 0.482315 0.404856 0.482258 0.408741 0.479875 0.409630 0.478190 0.410699 0.476503 0.413056
2 0.467461 0.400912 0.461706 0.408319 0.461646 0.415250 0.462060 0.419134 0.462591 0.423542 0.462651 0.435301 0.464310 0.438662 0.466130 0.446417 0.466521 0.443375 0.475307 0.436051 0.476784 0.434944 0.472888 0.428472 0.474938 0.426116 0.475177 0.420977 0.475177 0.416481 0.469797 0.424699 0.467906 0.424384 0.466784 0.419551 0.469023 0.415801 0.470052 0.413500 0.473180 0.409704 0.474938 0.405130 0.470841 0.404491
2 0.488654 0.495972 0.487362 0.492194 0.486154 0.490398 0.478185 0.495773 0.475130 0.497569 0.474055 0.500556 0.471508 0.509843 0.471997 0.511153
2 0.541305 0.688468 0.543914 0.685111 0.545531 0.678389 0.546703 0.678069 0.549221 0.679509 0.549760 0.676310 0.543229 0.659806 0.539091 0.660926
2 0.543229 0.659806 0.546909 0.658764 0.545021 0.654764 0.542591 0.654606 0.541690 0.650926 0.541060 0.644208 0.540701 0.641968 0.537102 0.644847 0.539091 0.660926
2 0.471508 0.509843 0.474055 0.500556 0.475130 0.497569 0.460479 0.489444 0.458396 0.488727 0.457253 0.488486 0.456042 0.487176 0.454430 0.485981 0.451083 0.484407 0.450185 0.484088 0.449643 0.488727 0.448474 0.499926 0.452703 0.504565 0.453424 0.504403 0.456393 0.505523 0.461612 0.506481 0.461612 0.506481
5 0.534727 0.566292 0.535987 0.562292 0.536615 0.558773 0.535958 0.554023 0.534005 0.548056 0.531721 0.543625 0.529768 0.541005 0.527555 0.541005 0.525198 0.540764 0.522911 0.541593 0.520159 0.543514 0.518682 0.547815 0.518216 0.550551 0.517945 0.555097 0.517872 0.557972 0.518659 0.561176
5 0.541883 0.577667 0.540122 0.581329 0.539721 0.584315 0.539654 0.588500 0.541602 0.592801 0.542544 0.596144 0.544828 0.599968 0.549130 0.602241 0.551818 0.602838 0.554708 0.602356 0.558203 0.600565 0.560154 0.598417 0.561362 0.594949 0.562034 0.591009 0.562034 0.587903 0.559997 0.582481 0.556667 0.584699 0.548443 0.583218
5 0.555755 0.630509 0.550206 0.615023 0.548055 0.611199 0.548391 0.609171 0.551349 0.607375 0.550120 0.606676 0.548469 0.606514 0.547161 0.606694 0.545406 0.607227 0.544299 0.608389 0.543698 0.610440 0.543497 0.613296 0.543799 0.616509 0.544151 0.619722 0.546589 0.624009 0.554086 0.631597
5 0.577510 0.779037 0.563383 0.792472 0.565992 0.794875 0.569503 0.795514 0.571753 0.795671 0.574362 0.794074 0.576701 0.791676 0.578049 0.788153 0.578409 0.783356
5 0.550120 0.606676 0.549130 0.602241 0.544828 0.599968 0.541383 0.599181 0.538872 0.598912 0.536615 0.600519 0.535258 0.603282 0.534656 0.606495 0.534755 0.609264 0.535711 0.613458 0.536714 0.615514 0.538221 0.618903 0.539844 0.621019 0.541089 0.621509 0.542492 0.624810 0.543547 0.626241 0.544099 0.626597 0.544508 0.624935 0.546589 0.624009 0.544151 0.619722 0.543799 0.616509 0.543497 0.613296 0.543698 0.610440 0.544299 0.608389 0.545406 0.607227 0.547161 0.606694 0.548469 0.606514
5 0.575167 0.547611 0.573091 0.546472 0.569133 0.546472 0.568503 0.547912 0.567784 0.551912 0.564635 0.549991 0.566349 0.555644 0.566870 0.563417 0.566245 0.568412 0.572875 0.559824
2 0.542372 0.508005 0.544039 0.503931 0.551846 0.503380 0.561424 0.504301 0.565276 0.504486 0.566615 0.506005 0.565083 0.507444 0.559031 0.510597 0.549141 0.511704 0.548099 0.509116 0.546432 0.509671
2 0.452344 0.401551 0.452435 0.393394 0.452794 0.386514 0.453604 0.380278 0.453964 0.377875 0.453062 0.375000 0.457336 0.374093 0.458753 0.375667 0.457513 0.383019 0.456982 0.387218 0.456922 0.395407 0.455565 0.398241 0.455268 0.412097 0.454443 0.415773 0.453497 0.420500 0.453424 0.422986 0.452615 0.426023 0.455477 0.445449 0.452755 0.440333 0.452755 0.440333 0.451667 0.434806 0.449177 0.428032 0.451263 0.419625 0.452253 0.411787
5 0.497641 0.697190 0.499664 0.698986 0.500440 0.701060 0.500052 0.705620 0.498341 0.710185 0.494609 0.714745 0.488232 0.716681 0.484266 0.715852 0.480766 0.714606 0.478432 0.712120 0.477344 0.709769 0.477034 0.706727 0.477500 0.703412 0.478823 0.700370 0.481544 0.697463 0.486521 0.700370 0.486755 0.705208 0.487299 0.704792 0.487299 0.700921 0.495385 0.706449 0.496943 0.705898 0.497641 0.704792 0.494763 0.699815 0.494453 0.697329
2 0.452448 0.340236 0.455102 0.350579 0.457602 0.358111 0.459133 0.360745 0.463982 0.338102 0.463982 0.338102 0.461172 0.331995 0.461172 0.331995
2 0.467115 0.285819 0.468680 0.287259 0.470516 0.288792 0.471003 0.289560 0.470786 0.291866 0.470625 0.293019 0.470464 0.293977 0.469922 0.294843 0.469490 0.295227 0.468385 0.296269 0.467432 0.294931 0.466930 0.294037 0.466026 0.292787 0.465021 0.291894 0.464167 0.290019 0.458143 0.292787 0.453576 0.287074 0.453576 0.287074 0.449849 0.282454 0.447732 0.277907 0.449453 0.275944 0.451526 0.276495 0.453776 0.277435 0.454305 0.278769 0.456599 0.282769 0.457701 0.283787 0.463745 0.288417 0.468112 0.291241 0.468289 0.288731
2 0.450776 0.267986 0.451526 0.263519 0.453115 0.260458 0.457701 0.266338 0.459112 0.267125 0.467708 0.277847 0.467438 0.280347 0.467060 0.283995 0.467115 0.285819 0.464891 0.276417 0.461229 0.273514 0.459422 0.270694 0.456688 0.270694 0.451615 0.267241 0.451615 0.267282
2 0.467115 0.285819 0.468289 0.288731 0.468112 0.291241 0.463745 0.288417 0.457701 0.283787 0.456599 0.282769 0.454305 0.278769 0.453776 0.277435 0.451526 0.276495 0.449453 0.275944 0.447732 0.277907 0.445836 0.274222 0.446055 0.272968 0.449232 0.269671 0.451615 0.267241 0.456688 0.270694 0.459422 0.270694 0.461229 0.273514 0.464891 0.276417
2 0.471836 0.678352 0.470964 0.676560 0.471885 0.675773 0.484406 0.678264 0.484794 0.682273 0.486273 0.682824 0.489927 0.682546 0.497625 0.679231 0.500794 0.675398 0.502247 0.680148 0.503758 0.684380 0.505383 0.688407 0.505789 0.692023 0.505779 0.694005 0.502820 0.695917 0.499997 0.696634 0.497641 0.697190 0.494453 0.697329 0.494763 0.699815 0.497641 0.704792 0.496943 0.705898 0.495385 0.706449 0.487299 0.700921 0.487299 0.704792 0.486755 0.705208 0.486521 0.700370 0.481518 0.697403 0.476604 0.693852 0.476552 0.691162 0.475310 0.690394 0.474714 0.688097 0.473115 0.680861 0.472643 0.679426
2 0.484406 0.678264 0.484406 0.671352 0.481917 0.671903 0.480284 0.672870 0.478651 0.670384 0.478417 0.668722 0.478417 0.666648 0.478185 0.659597 0.475307 0.656282 0.473984 0.656833 0.473130 0.654898 0.471419 0.645495 0.470201 0.647685 0.469531 0.646065 0.468411 0.642269 0.467474 0.640421 0.467068 0.643366 0.466474 0.647495 0.465286 0.650083 0.464732 0.655315 0.465016 0.660810 0.464747 0.673833 0.466495 0.675745 0.468612 0.676083 0.469352 0.675722 0.470089 0.675602 0.470964 0.676560 0.471885 0.675773
2 0.485029 0.653102 0.486583 0.651718 0.488294 0.651306 0.490549 0.654620 0.492104 0.655866 0.500349 0.646463 0.499932 0.621718 0.502016 0.618968 0.503750 0.619861 0.507292 0.621250 0.510417 0.622500 0.511484 0.623380 0.512411 0.623657 0.512977 0.626861 0.510021 0.630042 0.510721 0.636676 0.514378 0.639028 0.514500 0.640796 0.512013 0.645634 0.509523 0.650199 0.509214 0.651306 0.510224 0.653241 0.512323 0.655449 0.513646 0.656556 0.514112 0.658079 0.514034 0.660426 0.512529 0.663106 0.508055 0.667343 0.504802 0.669718 0.500794 0.675398 0.497625 0.679231 0.489927 0.682546 0.486273 0.682824 0.484794 0.682273 0.484406 0.678264 0.484406 0.671352 0.484406 0.657523 0.485029 0.655727
2 0.474841 0.612569 0.478107 0.613977 0.480906 0.614806 0.481529 0.614528 0.481529 0.614528 0.482927 0.616602 0.485029 0.625866 0.477253 0.625866 0.476552 0.626972 0.476552 0.626972 0.476086 0.628356 0.473753 0.638032 0.471419 0.645495 0.470253 0.647708 0.469531 0.646065 0.468411 0.642269 0.467474 0.640421 0.467029 0.637269 0.465536 0.633824 0.466232 0.626241 0.467109 0.626653 0.469047 0.623644 0.472315 0.618051 0.472758 0.617333
2 0.539594 0.570449 0.541346 0.574324 0.543219 0.577134 0.546680 0.580213 0.549083 0.581667 0.552401 0.582435 0.555479 0.582435 0.557018 0.581921 0.558411 0.580213 0.562672 0.573880 0.564784 0.564111 0.564721 0.556000 0.562828 0.547778 0.560685 0.543806 0.555594 0.539111 0.554471 0.538597 0.553753 0.537505 0.555997 0.538236 0.557500 0.538616 0.562497 0.544167 0.564161 0.547685 0.564635 0.549991 0.566349 0.555644 0.566870 0.563417 0.566245 0.568412 0.563643 0.576926 0.559997 0.582481 0.556667 0.584699 0.548443 0.583218 0.541883 0.577667 0.538956 0.573880 0.536471 0.569894
2 0.581945 0.498972 0.583630 0.503722 0.584273 0.506407 0.580560 0.524000 0.579039 0.524958 0.578940 0.518481 0.578672 0.513843 0.572552 0.506162 0.572888 0.504333 0.579510 0.501037
2 0.558013 0.562731 0.561961 0.566278 0.561294 0.569676 0.558557 0.573296 0.556271 0.575144 0.553904 0.574185 0.551784 0.572042 0.550370 0.570861 0.546297 0.570713 0.543638 0.571671 0.543219 0.577134 0.541346 0.574324 0.539594 0.570449 0.542487 0.569023 0.545216 0.566954 0.549182 0.566806 0.550971 0.567079 0.554922 0.564676
2 0.559638 0.560000 0.562589 0.562144 0.564081 0.559481 0.564661 0.557778 0.564740 0.556296 0.562878 0.548106 0.560685 0.543806 0.555594 0.539111 0.554471 0.538597
2 0.575391 0.454435 0.574667 0.451657 0.572258 0.453319 0.566536 0.455880 0.566737 0.445435 0.566792 0.439917 0.563805 0.439644 0.562326 0.440472 0.561549 0.441440 0.559917 0.442134 0.558049 0.440889 0.556805 0.439921 0.555794 0.438264 0.549534 0.453000 0.548122 0.457662 0.543273 0.466051 0.540630 0.470333 0.540708 0.471579 0.543935 0.477097 0.545706 0.479505 0.548203 0.482278 0.549589 0.487343 0.555276 0.496088 0.568055 0.478810 0.574443 0.466495 0.574352 0.462815 0.574802 0.457694
2 0.566792 0.439917 0.570625 0.423907 0.574768 0.418491 0.575469 0.416417 0.576714 0.415588 0.578190 0.420981 0.580911 0.429551 0.580602 0.431903 0.579591 0.434255 0.577141 0.449968 0.576331 0.450019 0.575391 0.454435 0.574667 0.451657 0.572227 0.453315 0.572508 0.449500 0.571060 0.446014 0.569380 0.443856 0.566737 0.445435 0.566737 0.445435
2 0.522073 0.847620 0.520339 0.847917 0.516445 0.847065 0.516367 0.839185 0.519479 0.836574 0.526563 0.838333 0.531130 0.839847 0.528112 0.846694
2 0.520339 0.847917 0.523289 0.860060 0.524534 0.864208 0.518466 0.864898 0.513333 0.864620 0.512635 0.862412 0.513724 0.854806 0.516445 0.847065
2 0.423917 0.493028 0.424542 0.470171 0.424901 0.463935 0.423641 0.436583 0.425260 0.436583 0.427690 0.435144 0.430570 0.431944 0.431828 0.425227 0.432370 0.425227 0.433089 0.426505 0.434169 0.457218 0.435969 0.490167 0.435969 0.496088 0.434349 0.505046 0.434078 0.509681 0.433354 0.510269 0.429810 0.513162 0.429404 0.514708 0.423826 0.512440 0.422549 0.512954 0.424049 0.500199
2 0.500333 0.537241 0.502604 0.535394 0.499169 0.519847 0.499273 0.518000 0.502500 0.514852 0.499065 0.497639 0.494068 0.496528 0.488654 0.495972 0.488654 0.495972 0.471997 0.511153 0.472677 0.512722 0.481857 0.519759 0.482846 0.521042 0.480505 0.529037 0.483263 0.525769 0.484138 0.527681 0.489581 0.544648 0.490792 0.545722 0.491799 0.545963 0.495159 0.542139
2 0.528677 0.610542 0.529276 0.607477 0.535732 0.599597 0.536615 0.600519 0.538872 0.598912 0.541383 0.599181 0.544828 0.599968 0.542544 0.596144 0.541602 0.592801 0.539654 0.588500 0.539721 0.584315 0.540122 0.581329 0.541883 0.577667 0.538630 0.576384 0.532513 0.573505 0.531164 0.573986 0.529706 0.577866 0.528294 0.582764 0.525773 0.590819 0.525773 0.590819 0.521997 0.601662 0.521766 0.603106
5 0.297013 0.203889 0.288721 0.187306 0.294810 0.183389 0.308674 0.177398 0.311911 0.175097 0.316057 0.171644 0.321370 0.171644 0.331484 0.192037 0.343005 0.212407 0.357388 0.241662 0.371185 0.271329 0.373984 0.280079 0.374555 0.283259 0.376224 0.285444 0.376458 0.288046 0.372870 0.284847 0.369734 0.282472 0.366146 0.278491 0.361979 0.280648 0.359266 0.284731 0.335143 0.254995 0.306938 0.217222
5 0.357547 0.158755 0.356435 0.154731 0.355596 0.153046 0.355523 0.149398 0.359219 0.149204 0.362883 0.148806 0.362883 0.147792 0.358784 0.143718 0.358755 0.142060 0.361227 0.140282 0.364388 0.132481 0.363685 0.130005 0.362427 0.128514 0.362516 0.125519 0.365508 0.125852 0.372786 0.132907 0.378664 0.138218 0.384917 0.144190 0.389536 0.148009 0.395753 0.153481 0.403409 0.161954 0.415229 0.173750 0.423760 0.180292 0.433701 0.189894 0.442901 0.199713 0.447419 0.204171 0.447044 0.206278 0.448794 0.213167 0.449609 0.219051 0.456609 0.225056 0.455227 0.227278 0.454115 0.228287 0.453177 0.229907 0.451172 0.228051 0.449734 0.227046 0.447943 0.231296 0.446706 0.239412 0.439331 0.231185 0.439766 0.240181 0.440266 0.249509 0.434219 0.242505 0.424984 0.232806 0.411701 0.218213 0.396148 0.201894 0.379083 0.182597 0.362451 0.164551
5 0.384917 0.144190 0.377315 0.135782 0.371388 0.129644 0.368401 0.126907 0.368401 0.125662 0.370081 0.123171 0.374234 0.120435 0.375401 0.119190 0.376521 0.112801 0.377409 0.110560 0.381047 0.102597 0.383055 0.102264 0.383570 0.102500 0.384411 0.103250 0.410234 0.129417 0.441930 0.159255 0.468906 0.185454 0.466456 0.189551 0.466456 0.189551 0.465057 0.192620 0.463003 0.198014 0.461883 0.200171 0.461229 0.200088 0.460622 0.199009 0.459596 0.200333 0.460016 0.202412 0.458661 0.206560 0.456328 0.208051 0.456281 0.209546 0.454010 0.212546 0.447419 0.204171 0.442901 0.199713 0.433701 0.189894 0.423760 0.180292 0.415229 0.173750 0.403409 0.161954 0.395753 0.153481 0.389536 0.148009
5 0.464870 0.234852 0.462633 0.232213 0.459487 0.232356 0.457607 0.233384 0.456609 0.233602 0.453638 0.235727 0.452146 0.237019 0.450979 0.238903 0.451461 0.240102 0.462190 0.251861 0.474815 0.265917 0.494823 0.288435 0.498818 0.293671 0.507609 0.302417 0.525440 0.323931 0.533424 0.333111 0.534596 0.334616 0.535724 0.338417 0.535951 0.339593 0.531870 0.341514 0.530984 0.342181 0.531474 0.344005 0.539958 0.353324 0.541630 0.352431 0.541044 0.350500 0.541044 0.345296 0.543135 0.343958 0.546984 0.349014 0.548823 0.347676 0.548992 0.343065 0.552003 0.347676 0.554094 0.347227 0.554010 0.342917 0.556518 0.331167 0.559279 0.325815 0.562307 0.327806 0.563315 0.327157 0.562786 0.326019 0.559375 0.322639 0.557318 0.320694 0.553078 0.316412 0.551865 0.314755 0.550130 0.314398 0.547383 0.311681 0.544583 0.314171 0.542344 0.311602 0.540198 0.310602 0.538469 0.311185 0.536695 0.311269 0.514576 0.287454 0.489557 0.260986
5 0.451461 0.240102 0.449839 0.242657 0.446706 0.239412 0.439331 0.231185 0.439766 0.240181 0.440266 0.249509 0.440211 0.252102 0.437727 0.253926 0.434974 0.255463 0.433948 0.257000 0.436797 0.259120 0.445964 0.269815 0.464237 0.290875 0.480622 0.308231 0.488049 0.313931 0.500633 0.331287 0.511859 0.346162 0.517961 0.354032 0.521133 0.351491 0.526328 0.345542 0.531870 0.341514 0.535951 0.339593 0.535724 0.338417 0.534596 0.334616 0.533424 0.333111 0.525440 0.323931 0.507609 0.302417 0.498818 0.293671 0.494823 0.288435 0.474815 0.265917 0.462190 0.251861
