5 0.655013 0.857676 0.646018 0.884995 0.645857 0.887366 0.647065 0.889370 0.652349 0.894463 0.655617 0.886505 0.657109 0.886000 0.657070 0.888870 0.658078 0.888940 0.658602 0.887792 0.662393 0.888009 0.663927 0.890019 0.666227 0.885500 0.667919 0.879403 0.667154 0.875458 0.656839 0.857792
5 0.528109 0.749222 0.530971 0.763241 0.532378 0.775528 0.531404 0.788870 0.530216 0.805000 0.530669 0.847894 0.539380 0.848574 0.538750 0.841435 0.534065 0.838264 0.533885 0.836444 0.537523 0.826551 0.537846 0.805403 0.537721 0.800028 0.535990 0.790917 0.536555 0.786542 0.534737 0.774213 0.529375 0.749606
5 0.491224 0.668398 0.492068 0.664542 0.493393 0.663468 0.495263 0.663736 0.499661 0.663148 0.504362 0.657630 0.506531 0.657736 0.507495 0.658810 0.514065 0.658329 0.515208 0.659505 0.523576 0.649968 0.524620 0.650106 0.528656 0.654134 0.528370 0.656218 0.524177 0.651819 0.515844 0.661542 0.513656 0.661583 0.508318 0.662421 0.499750 0.666907 0.491935 0.669778
15 0.473331 0.746648 0.473125 0.751324 0.470857 0.765306 0.473901 0.780926 0.494622 0.837514 0.478060 0.763903
5 0.460286 0.701056 0.462240 0.701241 0.465729 0.699898 0.471250 0.697255 0.471771 0.694847 0.473221 0.706954 0.474185 0.714829 0.474005 0.716866 0.459755 0.706028
5 0.457911 0.724694 0.459318 0.723630 0.460620 0.722843 0.461323 0.724000 0.463146 0.725759 0.468849 0.726917 0.469526 0.728167 0.470385 0.728954 0.471063 0.730148 0.469659 0.734454 0.469083 0.744231 0.466740 0.745111 0.463016 0.745250 0.462052 0.743306 0.459344 0.741500 0.457104 0.733583 0.457156 0.729556
5 0.474904 0.691736 0.477099 0.710829 0.476924 0.718593 0.478651 0.720495 0.480185 0.720352 0.483451 0.723935 0.485023 0.725296 0.489138 0.724796 0.490995 0.726375 0.492688 0.724653 0.493617 0.719921 0.493695 0.713394 0.492406 0.707014 0.490146 0.700343 0.486234 0.694463 0.482563 0.688009 0.480990 0.687148 0.479094 0.687222 0.476714 0.688009
5 0.444245 0.698463 0.446172 0.696657 0.448073 0.694343 0.449948 0.693139 0.458177 0.692162 0.458594 0.693417 0.460573 0.692907 0.464948 0.689616 0.467318 0.689106 0.469922 0.690218 0.471589 0.692069 0.471771 0.694847 0.471250 0.697255 0.465729 0.699898 0.462240 0.701241 0.460286 0.701056 0.457474 0.700824 0.453333 0.696745 0.449219 0.698278 0.446849 0.700958 0.445391 0.701606
5 0.431536 0.498907 0.431536 0.495181 0.438154 0.491023 0.440573 0.488727 0.441339 0.483778 0.439474 0.475866 0.441083 0.475875 0.442771 0.474162 0.445604 0.475231 0.445935 0.475981 0.447411 0.476037 0.451148 0.473731 0.455427 0.471856 0.458680 0.467949 0.459766 0.467731 0.460820 0.464037 0.461870 0.466426 0.463927 0.467931 0.463242 0.474458 0.461589 0.477755 0.460823 0.478398 0.460234 0.481157 0.459948 0.484537 0.459255 0.485824 0.458182 0.488491 0.456437 0.488769 0.456255 0.489602 0.456102 0.496616 0.444948 0.510880 0.445102 0.507236 0.442297 0.507667 0.441945 0.508949 0.438758 0.509449 0.431698 0.509736 0.430891 0.511245 0.429964 0.510815 0.430247 0.508731 0.431013 0.507444
5 0.459255 0.485824 0.463805 0.490162 0.463667 0.492616 0.463018 0.493384 0.462208 0.495111 0.463396 0.506634 0.463542 0.510046 0.461745 0.511574 0.457219 0.501083 0.459797 0.496917 0.458260 0.493676 0.458000 0.491963 0.456255 0.489602 0.456437 0.488769 0.458182 0.488491
5 0.445102 0.507236 0.444859 0.512917 0.443594 0.515060 0.443081 0.518218 0.442419 0.520042 0.443190 0.519898 0.443284 0.526870 0.442208 0.532185 0.440641 0.531718 0.440310 0.530005 0.438562 0.528931 0.437115 0.527699 0.436995 0.526523 0.435398 0.527167 0.434885 0.524486 0.433831 0.521486 0.433018 0.521060 0.433591 0.517093 0.436000 0.516236 0.437779 0.516829 0.439135 0.517630 0.440883 0.514361 0.440883 0.512542 0.442297 0.507667
5 0.438745 0.535148 0.437938 0.538528 0.438253 0.541981 0.437393 0.547120 0.436013 0.547259 0.435102 0.548370 0.434711 0.551935 0.435023 0.554019 0.434659 0.558741 0.434997 0.571519 0.435094 0.576245 0.430901 0.576014 0.426398 0.574023 0.421943 0.572032 0.422620 0.566708 0.422594 0.560968 0.423896 0.552593 0.425745 0.541250 0.429104 0.533931 0.430174 0.531523 0.433190 0.531560 0.434130 0.527593 0.434513 0.527718 0.435456 0.531560 0.436432 0.530630 0.437896 0.531560 0.440789 0.534597
5 0.442208 0.532185 0.443927 0.534778 0.444161 0.536583 0.446714 0.538713 0.447813 0.539977 0.451826 0.537819 0.452711 0.538653 0.454440 0.538403 0.460880 0.541968 0.462104 0.543204 0.463875 0.541630 0.466219 0.540796 0.468299 0.539977 0.468674 0.530023 0.468628 0.528032 0.466341 0.524630 0.463820 0.525625 0.463026 0.527199 0.461065 0.526954 0.460458 0.524130 0.459807 0.523718 0.459013 0.524630 0.458500 0.524713 0.458638 0.519898 0.459339 0.517245 0.460458 0.514671 0.457893 0.506708 0.456865 0.506458 0.450846 0.506792 0.449445 0.507537 0.448557 0.508699 0.448372 0.510606 0.445010 0.516250 0.444125 0.516579 0.443190 0.519898 0.443284 0.526870
5 0.499945 0.630056 0.503563 0.640463 0.505539 0.632722 0.500549 0.618634 0.496023 0.610421 0.492865 0.608333
5 0.584833 0.535662 0.579096 0.537736 0.579424 0.539481 0.579190 0.544792 0.578164 0.548523 0.580497 0.552120 0.580799 0.558602 0.580685 0.564120 0.582318 0.562296 0.585315 0.561264 0.589474 0.548731 0.589984 0.542463
5 0.603099 0.688889 0.605039 0.695370 0.605310 0.698056 0.603526 0.697769 0.602865 0.699954 0.604714 0.704171 0.609141 0.704852 0.612208 0.706958 0.614544 0.706708 0.619286 0.713157 0.620193 0.720468 0.621620 0.723630 0.626536 0.737574 0.634521 0.746560 0.635602 0.749662 0.638703 0.752449 0.643862 0.759269 0.644073 0.761065 0.642609 0.769185 0.647461 0.776500 0.649518 0.781019 0.658312 0.796435 0.660732 0.796505 0.665089 0.803032 0.667359 0.798995 0.669000 0.791185 0.669557 0.783190 0.671091 0.775815 0.664677 0.759639 0.653659 0.746560 0.652370 0.745139 0.650974 0.735593 0.649232 0.735532 0.643062 0.721648 0.641945 0.720657 0.636891 0.719477 0.631346 0.714704 0.625315 0.712167 0.621378 0.706833 0.614789 0.698468 0.611547 0.695245
5 0.609385 0.775194 0.613706 0.773370 0.618068 0.767255 0.617372 0.765056 0.616076 0.764681 0.616497 0.762167 0.619365 0.763454 0.634820 0.788815 0.633977 0.789245 0.634068 0.796634 0.633674 0.797921 0.635875 0.802259 0.636206 0.803597 0.637380 0.803384 0.637380 0.800546 0.638346 0.796153 0.637320 0.791759 0.659190 0.825657 0.656016 0.830741 0.656016 0.830741 0.651948 0.837903 0.640516 0.848676 0.636141 0.843903 0.631831 0.837125 0.627651 0.826306 0.629576 0.826120 0.632388 0.824454 0.634628 0.823944 0.634628 0.823065 0.632674 0.823065 0.629523 0.825287 0.627156 0.825287 0.622333 0.815023
5 0.578490 0.803009 0.571245 0.790153 0.570990 0.793903 0.570966 0.796454 0.586341 0.829796 0.599344 0.857315 0.607919 0.874296 0.609625 0.875356 0.619107 0.890292 0.619297 0.892222 0.620539 0.894565 0.621901 0.893759 0.608591 0.866481 0.605362 0.859208 0.600974 0.850069 0.600062 0.850162 0.599802 0.848773 0.598656 0.847755 0.598812 0.845069 0.597354 0.843866 0.593891 0.837708 0.590766 0.829792
5 0.636427 0.895051 0.636688 0.900560 0.638667 0.904125 0.641531 0.902875 0.644708 0.902829 0.645594 0.900144 0.648589 0.899403 0.651740 0.900236 0.654841 0.902009 0.659513 0.905917 0.669391 0.916912 0.675302 0.923532 0.682229 0.933440 0.688380 0.940384 0.689391 0.939333 0.689703 0.940245 0.691422 0.939829 0.691474 0.937884 0.691422 0.934319 0.691031 0.933116 0.689990 0.933301 0.689768 0.935519 0.688625 0.935519 0.687661 0.933644 0.681573 0.925231 0.679122 0.923093 0.678135 0.919347 0.677195 0.916843 0.675945 0.916843 0.668109 0.908741 0.662510 0.901889 0.656781 0.898556 0.647406 0.895273 0.639513 0.895176
5 0.609786 0.923102 0.609937 0.929259 0.609185 0.933866 0.606052 0.939815 0.602255 0.941954 0.602466 0.950097 0.598971 0.962741 0.596229 0.967241 0.587039 0.976023 0.577427 0.986148 0.569531 0.996324 0.564893 0.987648 0.558708 0.973019 0.556885 0.973847 0.555219 0.972926 0.554984 0.975005 0.556500 0.979009 0.557307 0.987255 0.559870 1.000000 0.559870 1.000000 0.559870 1.000000 0.639508 1.000000 0.643513 0.994852 0.644177 0.991810 0.647560 0.987472 0.651393 0.986662 0.644201 0.970750 0.639641 0.957532 0.637516 0.948866 0.637909 0.945593 0.638437 0.937991 0.639516 0.933759 0.639453 0.929870 0.633643 0.928653 0.633581 0.933315 0.630893 0.933870 0.626021 0.937648 0.623396 0.934426 0.616898 0.926875 0.614461 0.923431 0.613273 0.920431
5 0.539266 0.890597 0.542159 0.890755 0.545594 0.891935 0.549964 0.895361 0.552070 0.894505 0.554513 0.891315 0.555190 0.887056 0.564034 0.879204 0.569083 0.879713 0.573565 0.879801 0.574294 0.880912 0.578432 0.881426 0.582784 0.882764 0.582940 0.885125 0.584729 0.887125 0.586539 0.890500 0.587654 0.893449 0.587893 0.896824 0.589198 0.898574 0.589120 0.899870 0.588443 0.901255 0.587844 0.904218 0.586411 0.905843 0.585370 0.917139 0.584458 0.918245 0.584458 0.919171 0.584927 0.920190 0.584875 0.921440 0.584016 0.922227 0.582531 0.921625 0.580656 0.924130 0.580320 0.925426 0.578911 0.923384 0.571648 0.917968 0.567870 0.917370 0.567844 0.918713 0.565682 0.918338 0.563747 0.921116 0.563656 0.928458 0.563008 0.932000 0.564995 0.931838 0.566802 0.929968 0.568367 0.927019 0.571471 0.929106 0.572138 0.932269 0.571380 0.943676 0.571534 0.946468 0.571021 0.947852 0.570086 0.949250 0.569997 0.951120 0.570659 0.954120 0.570508 0.956532 0.569424 0.957870 0.569271 0.960176 0.569693 0.961407 0.568823 0.963338 0.566221 0.967931 0.564352 0.966431 0.559917 0.964394 0.559336 0.962505 0.558214 0.962875 0.558112 0.965884 0.558813 0.966671 0.559411 0.966625 0.561573 0.968574 0.560531 0.970657 0.558708 0.973019 0.564893 0.987648 0.569531 0.996324 0.577427 0.986148 0.587039 0.976023 0.596229 0.967241 0.598971 0.962741 0.602466 0.950097 0.602255 0.941954 0.606052 0.939815 0.609185 0.933866 0.609937 0.929259 0.609786 0.923102 0.604003 0.892301 0.602495 0.891657 0.590654 0.878907 0.588094 0.878745 0.586948 0.880194 0.585292 0.878481 0.582036 0.873926 0.579898 0.871139 0.576854 0.863694 0.576885 0.862463 0.577729 0.861231 0.577698 0.859676 0.577245 0.856894 0.576612 0.852551 0.575859 0.850681 0.575497 0.848319 0.574052 0.844787 0.571430 0.840019 0.569833 0.840181 0.568930 0.842000 0.569109 0.843019 0.563656 0.847037 0.560221 0.850250 0.548229 0.871301 0.547958 0.875106
5 0.553792 0.567125 0.554797 0.569801 0.554044 0.572773 0.552622 0.574111 0.552706 0.578574 0.554461 0.577981 0.555883 0.579912 0.556638 0.585264 0.556721 0.588685 0.556154 0.590667 0.556818 0.590773 0.563083 0.567847 0.562753 0.566454
5 0.524333 0.573343 0.522943 0.578046 0.522419 0.581764 0.521591 0.590023 0.522594 0.590171 0.521172 0.596269 0.521508 0.601324 0.522344 0.604449 0.521255 0.607125 0.522846 0.610097 0.523096 0.611736 0.524352 0.613815 0.525521 0.612921 0.527781 0.612921 0.529536 0.617532 0.531711 0.617236 0.534221 0.617681 0.533885 0.618870 0.533469 0.623185 0.532297 0.625412 0.532380 0.627940 0.530372 0.631810 0.529117 0.634338 0.529034 0.636866 0.528867 0.649801 0.529708 0.651782 0.531005 0.651403 0.533922 0.650921 0.542560 0.652074 0.546826 0.653032 0.544174 0.646231 0.541331 0.643259 0.541164 0.639394 0.542500 0.635227 0.543505 0.627644 0.546599 0.623630 0.547937 0.619764 0.549026 0.620060 0.550365 0.612921 0.551034 0.596120 0.553375 0.594486 0.555633 0.592403 0.556721 0.588685 0.556638 0.585264 0.555883 0.579912 0.554461 0.577981 0.552706 0.578574 0.552622 0.574111 0.554044 0.572773 0.554797 0.569801 0.553792 0.567125 0.547352 0.565338 0.547018 0.563407 0.546266 0.562514 0.545344 0.559245 0.544341 0.557907 0.541247 0.558500 0.541497 0.562662 0.540828 0.564449 0.539656 0.565639 0.537148 0.566083 0.533969 0.571287 0.528617 0.568463 0.526273 0.567718
5 0.569836 0.732787 0.570052 0.741523 0.570862 0.750259 0.573617 0.760819 0.577674 0.769421 0.584289 0.764042 0.584133 0.772713 0.585227 0.774838 0.589513 0.773370 0.609385 0.775194 0.613706 0.773370 0.618068 0.767255 0.617372 0.765056 0.616076 0.764681 0.616497 0.762167 0.619365 0.763454 0.619938 0.761417 0.619602 0.758736 0.620174 0.745931 0.620299 0.739287 0.622951 0.744106 0.623161 0.742130 0.622044 0.737685 0.620570 0.736398 0.618068 0.735815 0.616331 0.734269 0.606940 0.714023 0.605432 0.709847 0.601680 0.702292 0.600951 0.698912 0.600195 0.696454 0.598370 0.694324 0.595849 0.693995 0.595352 0.695111 0.592047 0.694139 0.589125 0.694551 0.587435 0.694880 0.586732 0.693546 0.585328 0.692106 0.584573 0.693546 0.584951 0.694407 0.580414 0.696810 0.580091 0.698153 0.574529 0.700745 0.566862 0.699690 0.565997 0.700745 0.562497 0.710259 0.560203 0.706926 0.559685 0.708454 0.560781 0.712620 0.559656 0.713505 0.559398 0.716190 0.561195 0.723593 0.563469 0.725551 0.565732 0.725926
5 0.488021 0.572037 0.485727 0.571537 0.485135 0.569926 0.483740 0.569366 0.482589 0.565028 0.481430 0.566333 0.479320 0.567491 0.477786 0.565741 0.477448 0.567778 0.477266 0.570556 0.477865 0.573889 0.480182 0.577824 0.481823 0.577639 0.483203 0.579306 0.484844 0.580324 0.487396 0.579722 0.488594 0.577037 0.488594 0.574167
5 0.483641 0.563898 0.484187 0.562046 0.483927 0.560750 0.482885 0.560796 0.482104 0.557509 0.481036 0.550241 0.480958 0.547093 0.480073 0.545796 0.479435 0.543880 0.482729 0.545991 0.483161 0.547912 0.484240 0.549449 0.485591 0.549736 0.486401 0.550694 0.486724 0.554824 0.487102 0.558185 0.489154 0.555111 0.490612 0.554634 0.492286 0.555019 0.501659 0.567199 0.505146 0.572528 0.511177 0.566208 0.513516 0.566528 0.519648 0.577051 0.515883 0.586597 0.514732 0.586287 0.514000 0.587157 0.514070 0.589139 0.517591 0.593227 0.516161 0.593417 0.513372 0.590130 0.509120 0.587278 0.502253 0.583500 0.492768 0.575440 0.488021 0.572037 0.485727 0.571537 0.485135 0.569926 0.483740 0.569366 0.482589 0.565028
5 0.697130 0.966356 0.697831 0.965148 0.701656 0.964991 0.704940 0.964241 0.706086 0.965310 0.707172 0.967505 0.707411 0.969755 0.710333 0.973454 0.710818 0.982236 0.708648 0.982773 0.713831 0.986310 0.716661 0.985505 0.720128 0.984699 0.720518 0.991023 0.722115 0.993648 0.720156 0.994449 0.715969 0.995093 0.711750 0.994236 0.706297 0.991292 0.703586 0.981917 0.702289 0.980981 0.702568 0.979245
5 0.438253 0.541981 0.437393 0.547120 0.436013 0.547259 0.435102 0.548370 0.434711 0.551935 0.435023 0.554019 0.434659 0.558741 0.434997 0.571519 0.435805 0.572954 0.436117 0.574806 0.437784 0.576287 0.440310 0.577398 0.442185 0.575593 0.444529 0.575639 0.447758 0.576287 0.449763 0.575824 0.451794 0.574204 0.452888 0.574898 0.453695 0.573602 0.454268 0.571750 0.459112 0.568880 0.461247 0.566009 0.463643 0.564111 0.464164 0.562306 0.463878 0.560083 0.465023 0.559343 0.466638 0.559111 0.470284 0.556009 0.470466 0.557398 0.471221 0.557722 0.472237 0.557213 0.473096 0.559204 0.474867 0.562352 0.479320 0.567491 0.481430 0.566333 0.483641 0.563898 0.484187 0.562046 0.483927 0.560750 0.482885 0.560796 0.482104 0.557509 0.481036 0.550241 0.480958 0.547093 0.480073 0.545796 0.479057 0.542741 0.477104 0.542093 0.475542 0.540426 0.472547 0.540241 0.471583 0.539361 0.470620 0.538065 0.469396 0.539500 0.466219 0.540796 0.463875 0.541630 0.462104 0.543204 0.460854 0.548528 0.459578 0.550241 0.459031 0.552417 0.456609 0.552093 0.454109 0.549315 0.452703 0.546213 0.446714 0.538713 0.444161 0.536583 0.443927 0.534778 0.442208 0.532185 0.441635 0.534361 0.438745 0.535148 0.437938 0.538528
5 0.472161 0.348704 0.474542 0.349708 0.486625 0.352023 0.489828 0.353968 0.494326 0.356222 0.501289 0.357088 0.501344 0.364106 0.498661 0.367083 0.494232 0.368764 0.489036 0.376384 0.486807 0.379606 0.486831 0.383069 0.481857 0.392819 0.478365 0.396463 0.476526 0.398227 0.474987 0.398394 0.472068 0.404662 0.469958 0.406208 0.466914 0.409051 0.464130 0.415565 0.465211 0.382157 0.467047 0.381681 0.470719 0.354417
5 0.463102 0.422375 0.466482 0.425829 0.470875 0.431343 0.472198 0.429639 0.475896 0.432880 0.476339 0.435153 0.480893 0.439227 0.487917 0.445005 0.494169 0.450097 0.498115 0.455806 0.498945 0.455157 0.498919 0.452056 0.500352 0.446778 0.505055 0.434949 0.505198 0.430116 0.506385 0.420875 0.506260 0.433259 0.510091 0.459727 0.512391 0.461444 0.513924 0.463745 0.513763 0.466606 0.512391 0.469769 0.510091 0.470481 0.509284 0.469838 0.506906 0.469694 0.504807 0.472421 0.501620 0.473495 0.500128 0.471921 0.495310 0.472833 0.490833 0.470245 0.487445 0.467736 0.485549 0.464440 0.481516 0.464153 0.478047 0.459208 0.466458 0.459134 0.463740 0.463657 0.462693 0.463597 0.459440 0.461565 0.459406 0.456667 0.460346 0.441236
5 0.396977 0.422449 0.395344 0.423444 0.386570 0.447426 0.386755 0.450162 0.388156 0.453065 0.391143 0.457380 0.394036 0.460616 0.398424 0.465014 0.400128 0.458718 0.408740 0.439069 0.407414 0.436722 0.405565 0.436282
5 0.368956 0.448759 0.370917 0.446685 0.376469 0.445523 0.378388 0.444944 0.381698 0.444361 0.383750 0.445523 0.384870 0.447681 0.386570 0.447426 0.386755 0.450162 0.388156 0.453065 0.391143 0.457380 0.394036 0.460616 0.394018 0.468505 0.394672 0.474977 0.396586 0.481866 0.401018 0.491986 0.397612 0.515245 0.392479 0.523125 0.390706 0.525366 0.384219 0.531009 0.375677 0.506699 0.378336 0.503546 0.377591 0.501639 0.376049 0.488278 0.375443 0.474273 0.374482 0.471426 0.371466 0.471005 0.370021 0.470199 0.368000 0.469824 0.367518 0.471380 0.366612 0.471917 0.363211 0.471644 0.358992 0.459968 0.363271 0.453912 0.365982 0.453648 0.367247 0.451880
5 0.432581 0.654074 0.433953 0.656944 0.437625 0.658593 0.440690 0.658306 0.444135 0.668347 0.445565 0.670579 0.446263 0.675847 0.447133 0.679005 0.446716 0.680741 0.445495 0.681176 0.444589 0.683097 0.444518 0.684958 0.443544 0.685514 0.440893 0.688611 0.430227 0.659546 0.430992 0.656755
5 0.468247 0.662759 0.467885 0.665986 0.470414 0.676644 0.470906 0.686505 0.471589 0.692069 0.471771 0.694847 0.473221 0.706954 0.474185 0.714829 0.474005 0.716866 0.473044 0.719102 0.473354 0.722694 0.472029 0.726301 0.471010 0.727921 0.471063 0.730148 0.469659 0.734454 0.468417 0.755440 0.468201 0.765306 0.469917 0.770306 0.470414 0.769338 0.470857 0.765306 0.473125 0.751324 0.473331 0.746648 0.473435 0.728778 0.476794 0.720537 0.476924 0.718593 0.477099 0.710829 0.474904 0.691736 0.472727 0.672620 0.471341 0.667528 0.471943 0.663593 0.473583 0.657389 0.474781 0.658958 0.477565 0.666648 0.479958 0.671259 0.482120 0.674593 0.485271 0.676301 0.485896 0.677231 0.487250 0.676903 0.487667 0.673898 0.487016 0.672088 0.484125 0.669032 0.482378 0.665838 0.479594 0.662458 0.478969 0.660005 0.478760 0.656856 0.477224 0.654032 0.475115 0.650750 0.473083 0.651259 0.472794 0.653296 0.470451 0.658014
5 0.429703 0.651907 0.431500 0.646630 0.432359 0.645935 0.434237 0.644250 0.437464 0.644440 0.439753 0.644486 0.443633 0.643606 0.452490 0.638694 0.452490 0.638694 0.453880 0.638801 0.453677 0.641384 0.452427 0.648125 0.450573 0.652500 0.448596 0.651926 0.444924 0.654435 0.443151 0.657301 0.441982 0.656514 0.440690 0.658306 0.437625 0.658593 0.433953 0.656944 0.432581 0.654074
5 0.418620 0.626713 0.424495 0.642792 0.425224 0.642509 0.428687 0.651954 0.429703 0.651907 0.431500 0.646630 0.432359 0.645935 0.432307 0.642606 0.431604 0.640292 0.430849 0.639625 0.429901 0.639352 0.428786 0.635120 0.428141 0.632787 0.426109 0.627648 0.426109 0.625333 0.425146 0.624454 0.422385 0.624824 0.421005 0.625014
5 0.429208 0.619954 0.429570 0.622588 0.430896 0.623551 0.431708 0.625903 0.431919 0.629120 0.433122 0.629870 0.432010 0.631264 0.430443 0.633514 0.428786 0.635120 0.429901 0.639352 0.430849 0.639625 0.431422 0.638977 0.432255 0.639162 0.432646 0.640829 0.433896 0.642171 0.435430 0.642079 0.437464 0.644440 0.439753 0.644486 0.443633 0.643606 0.452490 0.638694 0.454469 0.638884 0.454547 0.640644 0.455768 0.639491 0.457568 0.631477 0.461211 0.613236 0.461396 0.609810 0.458956 0.606565 0.455281 0.605222 0.450177 0.603972 0.448591 0.605315 0.442365 0.607398 0.440203 0.609157 0.435570 0.610690 0.432029 0.614852
5 0.392479 0.523125 0.397612 0.515245 0.400799 0.511458 0.402133 0.511102 0.402253 0.513537 0.403180 0.515046 0.399510 0.528023 0.397937 0.530532 0.397896 0.535838 0.397250 0.536630 0.395396 0.537347 0.395234 0.536699 0.396122 0.533042 0.396846 0.530676 0.396404 0.528528 0.395154 0.525227 0.393823 0.523579
5 0.439474 0.475866 0.439799 0.473556 0.443117 0.467245 0.448177 0.464417 0.449719 0.461319 0.454042 0.461009 0.459440 0.461565 0.461542 0.462912 0.460820 0.464037 0.459766 0.467731 0.458680 0.467949 0.455427 0.471856 0.451148 0.473731 0.447411 0.476037 0.445935 0.475981 0.445604 0.475231 0.442771 0.474162 0.441083 0.475875
5 0.414924 0.494375 0.419174 0.490144 0.424214 0.488731 0.437003 0.479606 0.439474 0.475866 0.441339 0.483778 0.440573 0.488727 0.438154 0.491023 0.431536 0.495181 0.431536 0.498907 0.428633 0.503856 0.427180 0.504935 0.426133 0.507083 0.424437 0.507083 0.422664 0.505579 0.422784 0.506653 0.423995 0.510815 0.426010 0.516838 0.425487 0.519130 0.425849 0.521644 0.424195 0.522574 0.423995 0.520495 0.422099 0.519991 0.422503 0.516046 0.421896 0.515690 0.419758 0.517769 0.417984 0.514542 0.416331 0.505722
15 0.622951 0.744106 0.620299 0.739287 0.620174 0.745931 0.619602 0.758736 0.619938 0.761417 0.619365 0.763454 0.634820 0.788815 0.637320 0.791759 0.659190 0.825657 0.663310 0.832093 0.671542 0.843620 0.682513 0.860329 0.691549 0.841898 0.665089 0.803032 0.660732 0.796505 0.658312 0.796435 0.649518 0.781019 0.647461 0.776500 0.629794 0.749894 0.627576 0.750898
5 0.638437 0.937991 0.637909 0.945593 0.644891 0.955630 0.656948 0.977935 0.660289 0.978241 0.662625 0.980417 0.666250 0.981528 0.675000 0.982088 0.676013 0.983139 0.676951 0.982208 0.677372 0.970245 0.673677 0.968949 0.672701 0.970310 0.667784 0.969194 0.661857 0.970741 0.653177 0.959954 0.646622 0.948431 0.643383 0.940403 0.640641 0.938106
5 0.661130 0.988292 0.665628 0.989782 0.676435 0.995671 0.677586 0.999944 0.642469 0.999991 0.644177 0.991810 0.647560 0.987472 0.651393 0.986662
15 0.508318 0.662421 0.502547 0.665403 0.504318 0.670449 0.511042 0.689352 0.512703 0.691051 0.514760 0.695079 0.516375 0.702389 0.518068 0.707255 0.519578 0.708690 0.525411 0.719801 0.529865 0.730259 0.530336 0.731745 0.532258 0.734981 0.534599 0.742866 0.536695 0.750468 0.538591 0.758787 0.543391 0.774134 0.545125 0.775639 0.546336 0.773991 0.548070 0.774778 0.553638 0.774347 0.554042 0.772843 0.541294 0.743370 0.532177 0.719921 0.522659 0.695755 0.520318 0.687935 0.510839 0.662051
15 0.467865 0.564144 0.465026 0.567894 0.464323 0.572898 0.464453 0.576227 0.463698 0.580028 0.463854 0.582292 0.465234 0.583449 0.469349 0.584472 0.472969 0.589190 0.477966 0.596750 0.481792 0.607032 0.485708 0.618606 0.489154 0.630458 0.500878 0.661787 0.504362 0.657630 0.506531 0.657736 0.507495 0.658810 0.509781 0.658681 0.499945 0.630056 0.487633 0.592218 0.484242 0.585856 0.480182 0.577824 0.477865 0.573889 0.477260 0.570537 0.475255 0.566741 0.474370 0.567065 0.473979 0.566046 0.474214 0.565028 0.473745 0.563917 0.472833 0.566139 0.471766 0.565907 0.471505 0.564750 0.469734 0.566278 0.468458 0.565120
11 0.663310 0.832093 0.683534 0.874505 0.707474 0.931574 0.706831 0.933889 0.701307 0.932671 0.687068 0.899755 0.661117 0.841792 0.656016 0.830741 0.659190 0.825657
5 0.746893 0.978222 0.748284 0.972273 0.751107 0.963597 0.752081 0.953801 0.753214 0.949579 0.755698 0.947370 0.758344 0.948042 0.760505 0.950727 0.767578 0.961671 0.770711 0.968778 0.772870 0.975977 0.760750 0.970449 0.755503 0.971449 0.751255 0.975222 0.749193 0.982444 0.748693 0.992440 0.750193 0.999995 0.737427 1.000000 0.737427 1.000000 0.737427 1.000000 0.736081 0.997769 0.732734 0.996486 0.737500 0.992583 0.742091 0.993255 0.745602 0.989898
8 0.750193 0.999995 0.748693 0.992440 0.749193 0.982444 0.751255 0.975222 0.755503 0.971449 0.760750 0.970449 0.774872 0.976889 0.811784 1.000000 0.797505 1.000000 0.761969 0.978866 0.758557 0.979778 0.756133 0.982343 0.754685 0.986907 0.756133 1.000000 0.751672 1.000000
5 0.711388 0.929981 0.707273 0.941384 0.703823 0.948634 0.700826 0.954028 0.699745 0.956630 0.699641 0.959667 0.701656 0.964991 0.704940 0.964241 0.706086 0.965310 0.707172 0.967505 0.707411 0.969755 0.710333 0.973454 0.710583 0.978032 0.711078 0.978032 0.712615 0.981273 0.716234 0.985579 0.716661 0.985505 0.720128 0.984699 0.716703 0.951977 0.719932 0.953736 0.722943 0.983889 0.722943 0.988227 0.725836 0.992519 0.734003 0.985810 0.735133 0.986019 0.738034 0.988134 0.740977 0.989241 0.743305 0.984481 0.745773 0.979380 0.746893 0.978222 0.748284 0.972273 0.751107 0.963597 0.747099 0.951819 0.739945 0.944116 0.739682 0.940782 0.729031 0.917676 0.728948 0.913708 0.727451 0.896542 0.719591 0.887625 0.717977 0.886884 0.712354 0.887259 0.710216 0.888741 0.708135 0.891704 0.706703 0.892764 0.707693 0.894894 0.708917 0.908273
5 0.633641 0.914958 0.660182 0.921338 0.662362 0.922343 0.670630 0.934532 0.690839 0.968796 0.709656 0.999912 0.701583 1.000000 0.699672 1.000000 0.687875 0.981005 0.659326 0.933486 0.657771 0.933995 0.630383 0.927838 0.631104 0.926495 0.633755 0.924301 0.633122 0.920495
5 0.756133 1.000000 0.756133 1.000000 0.754685 0.986907 0.756133 0.982343 0.758557 0.979778 0.761969 0.978866 0.773409 0.985634 0.774034 0.990963 0.773352 1.000000 0.756133 1.000000
5 0.456661 0.634958 0.460063 0.633745 0.462234 0.632532 0.464281 0.632329 0.465281 0.634148 0.466255 0.643569 0.466326 0.648403 0.467336 0.652060 0.468031 0.652139 0.468247 0.662759 0.467885 0.665986 0.470414 0.676644 0.470906 0.686505 0.471589 0.692069 0.469922 0.690218 0.467318 0.689106 0.464948 0.689616 0.460573 0.692907 0.458594 0.693417 0.458177 0.692162 0.449948 0.693139 0.451073 0.692208 0.451979 0.692144 0.452711 0.690782 0.452852 0.689852 0.455258 0.688366 0.455362 0.686259 0.456755 0.684958 0.457315 0.682912 0.461427 0.677023 0.462961 0.673676 0.462333 0.667356 0.455013 0.652171 0.454698 0.648389 0.454547 0.640644 0.455768 0.639491
5 0.453763 0.372556 0.452388 0.373296 0.453620 0.380602 0.455469 0.381759 0.456563 0.386944 0.457109 0.391852 0.456302 0.394028 0.456354 0.395278 0.457135 0.395278 0.459297 0.396389 0.458177 0.400000 0.458385 0.404259 0.458299 0.411097 0.459664 0.412106 0.461711 0.412106 0.462620 0.412514 0.461484 0.416755 0.461823 0.420995 0.464130 0.415565 0.464893 0.391088 0.461711 0.382394 0.463984 0.377949 0.462516 0.373847
5 0.503563 0.640463 0.509781 0.658681 0.514065 0.658329 0.515208 0.659505 0.521836 0.651866 0.518568 0.640394 0.514049 0.629352 0.509250 0.617806 0.508281 0.617519 0.507315 0.618954 0.507273 0.626556 0.505539 0.632722
5 0.452427 0.648125 0.450573 0.652500 0.448596 0.651926 0.444924 0.654435 0.443151 0.657301 0.441982 0.656514 0.440690 0.658306 0.444135 0.668347 0.445565 0.670579 0.446263 0.675847 0.447133 0.679005 0.446716 0.680741 0.449365 0.685639 0.448703 0.686755 0.448599 0.688181 0.450237 0.688491 0.451596 0.688801 0.451667 0.690287 0.450969 0.691403 0.451073 0.692208 0.451979 0.692144 0.452711 0.690782 0.452852 0.689852 0.455258 0.688366 0.455362 0.686259 0.456755 0.684958 0.457315 0.682912 0.461427 0.677023 0.462961 0.673676 0.462333 0.667356 0.455013 0.652171 0.454698 0.648389 0.452922 0.645537
5 0.454448 0.580227 0.447682 0.582931 0.439638 0.584477 0.437917 0.584986 0.429768 0.584157 0.425471 0.580819 0.421224 0.576884 0.418935 0.569106 0.418701 0.566792 0.418909 0.561194 0.418526 0.555824 0.419362 0.549630 0.421648 0.542111 0.415792 0.551282 0.411992 0.555560 0.413003 0.557481 0.412898 0.559218 0.410773 0.560889 0.409727 0.557606 0.413513 0.610255 0.412466 0.610750 0.418620 0.626713 0.421005 0.625014 0.422385 0.624824 0.425146 0.624454 0.426109 0.625333 0.426109 0.627648 0.428141 0.632787 0.428786 0.635120 0.430443 0.633514 0.432010 0.631264 0.433122 0.629870 0.431919 0.629120 0.431708 0.625903 0.430896 0.623551 0.429570 0.622588 0.429208 0.619954 0.432029 0.614852 0.435570 0.610690 0.440203 0.609157 0.442365 0.607398 0.448591 0.605315 0.450177 0.603972 0.453318 0.604778 0.454719 0.600380 0.455047 0.593991 0.456026 0.592583 0.456120 0.586523
5 0.429349 0.363380 0.431620 0.363106 0.441898 0.373940 0.443073 0.379829 0.443932 0.381574 0.442969 0.381389 0.440443 0.378333 0.437812 0.375926 0.434479 0.374259 0.431302 0.373611 0.426615 0.374444 0.427682 0.368657
5 0.449469 0.399981 0.450052 0.395185 0.452083 0.380509 0.453620 0.380602 0.455469 0.381759 0.456563 0.386944 0.457109 0.391852 0.456302 0.394028 0.455443 0.393750 0.454844 0.397315 0.455234 0.400880 0.454609 0.405556 0.453411 0.404491 0.449583 0.403796
5 0.426667 0.380231 0.429531 0.383102 0.429427 0.384306 0.431768 0.385769 0.432680 0.388500 0.434919 0.393037 0.436273 0.395213 0.439685 0.399843 0.440932 0.400509 0.440872 0.398366 0.439789 0.395792 0.439578 0.392847 0.438823 0.389310 0.437708 0.386741 0.436714 0.385347 0.434786 0.385028 0.433130 0.384921 0.432104 0.383097 0.431081 0.381009 0.430930 0.379134 0.430177 0.377421 0.429182 0.377366
5 0.438565 0.400259 0.435023 0.395491 0.431638 0.388546 0.429841 0.388500 0.430104 0.389954 0.426771 0.390324 0.424115 0.391852 0.421927 0.395556 0.420781 0.399120 0.423773 0.399269 0.429094 0.404245 0.433823 0.410579 0.435299 0.410685 0.437919 0.413310 0.438492 0.409079
5 0.438281 0.416481 0.443516 0.424319 0.447758 0.420093 0.449227 0.412069 0.449609 0.405005 0.449469 0.399981 0.447760 0.399051 0.446159 0.399051 0.445773 0.400417 0.444555 0.400417 0.441625 0.402648 0.440997 0.407917 0.439742 0.414361
5 0.469359 0.620755 0.468695 0.624935 0.469185 0.644745 0.470263 0.647648 0.473083 0.651259 0.476982 0.648398 0.477224 0.651449 0.478005 0.654449 0.478760 0.656856 0.478969 0.660005 0.479594 0.662458 0.482378 0.665838 0.484125 0.669032 0.487016 0.672088 0.487667 0.673898 0.487250 0.676903 0.485896 0.677231 0.485271 0.676301 0.482120 0.674593 0.479958 0.671259 0.477565 0.666648 0.476557 0.663940 0.474083 0.671023 0.473771 0.674495 0.478068 0.680884 0.479682 0.685560 0.480990 0.687148 0.482563 0.688009 0.486234 0.694463 0.490146 0.700343 0.492406 0.707014 0.493695 0.713394 0.495990 0.712472 0.501057 0.714111 0.504185 0.713880 0.506135 0.715454 0.510932 0.712463 0.511766 0.713944 0.511479 0.715611 0.512544 0.719662 0.513380 0.722481 0.514940 0.725634 0.516948 0.727579 0.519398 0.730681 0.521193 0.733829 0.522625 0.733593 0.524318 0.734431 0.526870 0.733500 0.527911 0.732255 0.530099 0.732995 0.530336 0.731745 0.529865 0.730259 0.525411 0.719801 0.519578 0.708690 0.518068 0.707255 0.516375 0.702389 0.514760 0.695079 0.512703 0.691051 0.509578 0.687944 0.504240 0.684889 0.504786 0.681648 0.505021 0.676556 0.504318 0.670449 0.502547 0.665403 0.499750 0.666907 0.491935 0.669778 0.491224 0.668398 0.492068 0.664542 0.493393 0.663468 0.495263 0.663736 0.499661 0.663148 0.500878 0.661787 0.489154 0.630458 0.485880 0.624815 0.482602 0.621722 0.475805 0.619551 0.471969 0.619361
5 0.426615 0.527315 0.424784 0.532583 0.421648 0.542111 0.419362 0.549630 0.418526 0.555824 0.418909 0.561194 0.418701 0.566792 0.418935 0.569106 0.421224 0.576884 0.425471 0.580819 0.429768 0.584157 0.437917 0.584986 0.439638 0.584477 0.447682 0.582931 0.454448 0.580227 0.462289 0.575088 0.463146 0.574810 0.462951 0.576116 0.462299 0.580051 0.462352 0.583565 0.462766 0.592458 0.462948 0.602259 0.463635 0.611009 0.464156 0.620333 0.464966 0.625565 0.465281 0.634148 0.466255 0.643569 0.466326 0.648403 0.467336 0.652060 0.469115 0.651935 0.469185 0.644745 0.468523 0.618282 0.467859 0.614440 0.466943 0.599440 0.465201 0.590597 0.464263 0.588056 0.463323 0.580505 0.463661 0.573884 0.461005 0.574023 0.457307 0.575741 0.448453 0.576894 0.443534 0.578653 0.441109 0.578704 0.439026 0.577727 0.436216 0.576106 0.435094 0.576245 0.430901 0.576014 0.426398 0.574023 0.421943 0.572032 0.422620 0.566708 0.422594 0.560968 0.423896 0.552593 0.425745 0.541250 0.429104 0.533931 0.430174 0.531523 0.430042 0.529815 0.428404 0.528148
5 0.403380 0.510875 0.404008 0.512671 0.404289 0.520542 0.403729 0.526741 0.404742 0.529898 0.408333 0.550912 0.409500 0.554245 0.409727 0.557606 0.410773 0.560889 0.412898 0.559218 0.413003 0.557481 0.411992 0.555560 0.415792 0.551282 0.421648 0.542111 0.424784 0.532583 0.423836 0.529551 0.424104 0.526556 0.421755 0.523667 0.422099 0.519991 0.422503 0.516046 0.421896 0.515690 0.419758 0.517769 0.417190 0.517144 0.414768 0.515065 0.412839 0.511449 0.410969 0.510199 0.410526 0.508671 0.408987 0.507005 0.407451 0.506269 0.405940 0.506634 0.403466 0.509366
5 0.405026 0.562917 0.406297 0.566931 0.408526 0.598787 0.412466 0.610750 0.413513 0.610255 0.409500 0.554245 0.407573 0.553602
5 0.468464 0.338889 0.470479 0.341282 0.470688 0.344523 0.469568 0.346745 0.470607 0.348046 0.472161 0.348704 0.470719 0.354417 0.467799 0.376000 0.466026 0.375639 0.462516 0.373847 0.453763 0.372556 0.452997 0.366102 0.453401 0.357926 0.455336 0.349681 0.457878 0.345810 0.459169 0.344875 0.460521 0.339861 0.461385 0.340282 0.464372 0.339157
5 0.425372 0.349991 0.423940 0.354551 0.426979 0.357315 0.429115 0.358102 0.432604 0.357176 0.436198 0.355463 0.437422 0.353565 0.437969 0.350370 0.438411 0.339259 0.437161 0.338148 0.435339 0.341389 0.433776 0.344259 0.433099 0.346528 0.433099 0.348241 0.429505 0.348611 0.428724 0.346019 0.426589 0.346713
5 0.380672 0.334148 0.378849 0.336926 0.378172 0.336324 0.377521 0.336556 0.376219 0.338593 0.376297 0.340769 0.377826 0.343324 0.378943 0.344389 0.379203 0.346796 0.379023 0.350593 0.379724 0.351287 0.380560 0.351102 0.381445 0.355083 0.382693 0.356194 0.383659 0.360917 0.384492 0.363139 0.385143 0.363000 0.386078 0.366241 0.386885 0.366102 0.387096 0.365083 0.389359 0.365731 0.392615 0.368417 0.394698 0.370315 0.399255 0.370778 0.401964 0.369343 0.405586 0.362352 0.405951 0.350778 0.405326 0.341889 0.403917 0.348602 0.401313 0.351889 0.402148 0.364019 0.401599 0.364574 0.398214 0.364620 0.396445 0.367352 0.395117 0.363463 0.386599 0.347491 0.386029 0.342167 0.385453 0.339852 0.384021 0.338139
5 0.577279 0.533894 0.576826 0.537856 0.574969 0.538694 0.573849 0.543181 0.572003 0.542963 0.571536 0.554829 0.571070 0.574907 0.575859 0.582162 0.574490 0.589194 0.573383 0.599676 0.580643 0.612083 0.584219 0.610648 0.588229 0.612685 0.591432 0.612130 0.591745 0.609815 0.591641 0.601574 0.593594 0.590602 0.593776 0.584537 0.592526 0.582454 0.592083 0.577731 0.591536 0.571093 0.591792 0.570264 0.588479 0.560806 0.587732 0.560389 0.582318 0.562296 0.580685 0.564120 0.580648 0.565727 0.579323 0.572421 0.578057 0.576870 0.573867 0.568833 0.572753 0.564120 0.572784 0.554907 0.575344 0.546870 0.577091 0.546819 0.578164 0.548523 0.579190 0.544792 0.579424 0.539481 0.579096 0.537736 0.585677 0.535417 0.585865 0.533343 0.585070 0.530352
5 0.509060 0.406102 0.508461 0.413769 0.506385 0.420875 0.506260 0.433259 0.510091 0.459727 0.512391 0.461444 0.512414 0.457532 0.508943 0.439819 0.509669 0.436380 0.510034 0.430495 0.509630 0.411352
5 0.591792 0.570264 0.591560 0.571343 0.592083 0.577731 0.592526 0.582454 0.593776 0.584537 0.593594 0.590602 0.591641 0.601574 0.591745 0.609815 0.591432 0.612130 0.588229 0.612685 0.584219 0.610648 0.580643 0.612083 0.593578 0.629907 0.597451 0.625454 0.598336 0.626009 0.598232 0.629019 0.597060 0.630917 0.593779 0.633556 0.591997 0.636773 0.596945 0.635620 0.598740 0.636171 0.599289 0.635384 0.600122 0.635528 0.600932 0.637463 0.601948 0.630843 0.602810 0.631861 0.603328 0.633435 0.602990 0.638759 0.604867 0.640148 0.605151 0.645079 0.609609 0.651065 0.609036 0.620370 0.609349 0.618935 0.608906 0.617407 0.606094 0.610833 0.605365 0.609167 0.603958 0.607870 0.601224 0.607407 0.595938 0.602500 0.595625 0.599630 0.596536 0.598935 0.598906 0.601667 0.602161 0.604722 0.604740 0.606667 0.606589 0.608796 0.605859 0.594398 0.602135 0.573750 0.596328 0.567639 0.593698 0.565463 0.592370 0.565926 0.590990 0.567963
5 0.478047 0.459208 0.481516 0.464153 0.485549 0.464440 0.487445 0.467736 0.488669 0.474954 0.490018 0.482056 0.490990 0.490694 0.492341 0.508074 0.491422 0.509801 0.493042 0.512968 0.493745 0.513065 0.495904 0.520074 0.498930 0.531306 0.500062 0.540810 0.501682 0.546759 0.503680 0.550602 0.504383 0.554153 0.505464 0.555495 0.506164 0.558472 0.504060 0.561833 0.499198 0.559722 0.492286 0.555019 0.490612 0.554634 0.489154 0.555111 0.487102 0.558185 0.486724 0.554824 0.486401 0.550694 0.485591 0.549736 0.484240 0.549449 0.483161 0.547912 0.482729 0.545991 0.479435 0.543880 0.479057 0.542741 0.477104 0.542093 0.475542 0.540426 0.474089 0.537449 0.471388 0.533319 0.468904 0.525736 0.468203 0.520074 0.468687 0.515273 0.466367 0.507019 0.463396 0.506634 0.462208 0.495111 0.463018 0.493384 0.463667 0.492616 0.463805 0.490162 0.465615 0.492838 0.469893 0.498787 0.473206 0.505856 0.474081 0.506981 0.474714 0.506125 0.474714 0.504412 0.470586 0.497338 0.467091 0.492356 0.463987 0.488449 0.464531 0.485991 0.463667 0.484551 0.465016 0.476394 0.467826 0.466889 0.467878 0.464394 0.468687 0.461222 0.469922 0.459167
5 0.389940 0.419338 0.392180 0.420917 0.392273 0.422407 0.391406 0.427130 0.387240 0.428704 0.382604 0.429213 0.380391 0.426898 0.379661 0.424907 0.376771 0.423056 0.378568 0.418009 0.389870 0.418380
5 0.431620 0.363106 0.438935 0.360620 0.441286 0.360407 0.443966 0.358532 0.449612 0.357120 0.453620 0.380602 0.452083 0.380509 0.450052 0.395185 0.449549 0.392903 0.443073 0.379829 0.441898 0.373940
5 0.405154 0.372542 0.406974 0.373787 0.413229 0.377440 0.415375 0.377685 0.421070 0.381255 0.422005 0.381574 0.424063 0.380185 0.422945 0.378435 0.422583 0.376144 0.421654 0.374347 0.420000 0.369972 0.418831 0.369972 0.416977 0.368111 0.414193 0.368685 0.410078 0.370477
5 0.346771 0.389074 0.346802 0.392019 0.346648 0.394644 0.348427 0.400157 0.347313 0.403213 0.349221 0.418051 0.348979 0.422065 0.346034 0.423069 0.355115 0.448477 0.357214 0.443333 0.355953 0.440421 0.356466 0.438440 0.355766 0.430208 0.354797 0.427421 0.357844 0.418019 0.358544 0.411134 0.355698 0.406153 0.354997 0.395287 0.353690 0.394787 0.352477 0.396125 0.349055 0.391958
5 0.411042 0.280972 0.421646 0.288727 0.423393 0.294296 0.425292 0.296546 0.427854 0.284208 0.426773 0.279065 0.417885 0.274167
5 0.422995 0.301991 0.431232 0.309153 0.431232 0.311051 0.432013 0.312810 0.433359 0.312824 0.434427 0.320046 0.435495 0.324120 0.435339 0.341389 0.433776 0.344259 0.433099 0.346528 0.433099 0.348241 0.429505 0.348611 0.428724 0.346019 0.426589 0.346713 0.425372 0.349991 0.425112 0.349625 0.422456 0.349440 0.422039 0.350690 0.421365 0.348977 0.420974 0.345968 0.420089 0.342356 0.418917 0.342171 0.416362 0.343421 0.415685 0.341704 0.415997 0.338375 0.412456 0.339343 0.411974 0.331968 0.412982 0.330606 0.414151 0.323148
5 0.408234 0.337694 0.406526 0.340792 0.406630 0.344699 0.406214 0.346681 0.405654 0.346745 0.405951 0.350778 0.405859 0.353565 0.408305 0.355667 0.411406 0.354926 0.414057 0.354616 0.416846 0.355792 0.418372 0.358588 0.419000 0.362940 0.422672 0.367708 0.424104 0.367338 0.424258 0.364468 0.424547 0.358264 0.423940 0.354551 0.425372 0.349991 0.425112 0.349625 0.422456 0.349440 0.422039 0.350690 0.421365 0.348977 0.420974 0.345968 0.420089 0.342356 0.418917 0.342171 0.416362 0.343421 0.415685 0.341704 0.415997 0.338375 0.412456 0.339343 0.411622 0.340824 0.409930 0.340315 0.409174 0.338421
5 0.437484 0.312606 0.437083 0.315926 0.437917 0.318981 0.439375 0.320093 0.439974 0.323935 0.442448 0.327963 0.443411 0.327824 0.444010 0.333056 0.442448 0.333287 0.441536 0.334398 0.439036 0.334444 0.437526 0.331898 0.438177 0.329630 0.437292 0.327361 0.436380 0.323796 0.435495 0.324120 0.434427 0.320046 0.433359 0.312824 0.434826 0.312764
5 0.481346 0.282014 0.479047 0.283088 0.476706 0.289685 0.476867 0.297144 0.475294 0.303815 0.473237 0.309407 0.472349 0.309769 0.468479 0.316935 0.468656 0.336005 0.468159 0.337208 0.468464 0.338889 0.470479 0.341282 0.470688 0.344523 0.469568 0.346745 0.470607 0.348046 0.474542 0.349708 0.486625 0.352023 0.489828 0.353968 0.494326 0.356222 0.501289 0.357088 0.503854 0.354565 0.504026 0.355310 0.503193 0.357417 0.503193 0.360208 0.501344 0.364106 0.498661 0.367083 0.494232 0.368764 0.489036 0.376384 0.486807 0.379606 0.486831 0.383069 0.481857 0.392819 0.478365 0.396463 0.476526 0.398227 0.474987 0.398394 0.472068 0.404662 0.469958 0.406208 0.466914 0.409051 0.461823 0.420995 0.466482 0.425829 0.470875 0.431343 0.472198 0.429639 0.475896 0.432880 0.476339 0.435153 0.480893 0.439227 0.487917 0.445005 0.494169 0.450097 0.498115 0.455806 0.498945 0.455157 0.498919 0.452056 0.500352 0.446778 0.505055 0.434949 0.505198 0.430116 0.506385 0.420875 0.508461 0.413769 0.509060 0.406102 0.509607 0.402731 0.509516 0.398287 0.508911 0.396838 0.509909 0.392343 0.510029 0.378417 0.509573 0.375731 0.511286 0.372620 0.511740 0.364426 0.512130 0.357079 0.512555 0.352046 0.510867 0.349958 0.509992 0.351722 0.508516 0.350870 0.508336 0.347921 0.506500 0.348032 0.502188 0.344389 0.497487 0.342134 0.491732 0.339782 0.491247 0.323306 0.492422 0.325204 0.495625 0.320116 0.495544 0.317241 0.493766 0.312264 0.493268 0.308519 0.491628 0.304259 0.493089 0.302963 0.492773 0.299116 0.491393 0.295412 0.492563 0.290639 0.492563 0.288560 0.488841 0.285093 0.486104 0.284440
5 0.437484 0.312606 0.441250 0.315764 0.442333 0.315069 0.444805 0.317264 0.445979 0.318069 0.449927 0.317852 0.452401 0.320468 0.455031 0.325468 0.461385 0.340282 0.459609 0.339259 0.456458 0.334954 0.451875 0.331574 0.445495 0.331620 0.443411 0.327824 0.442448 0.327963 0.439974 0.323935 0.439375 0.320093 0.437917 0.318981 0.437083 0.315926
5 0.431560 0.302759 0.437281 0.308426 0.442073 0.310000 0.447307 0.312963 0.451865 0.316574 0.455068 0.318009 0.458016 0.322338 0.458081 0.320111 0.463833 0.316023 0.465542 0.312486 0.469586 0.308894 0.470805 0.309704 0.472349 0.309769 0.473237 0.309407 0.475294 0.303815 0.476867 0.297144 0.476706 0.289685 0.479047 0.283088 0.481346 0.282014 0.486104 0.284440 0.488841 0.285093 0.488740 0.282259 0.486690 0.278778 0.486359 0.276421 0.485182 0.276366 0.476385 0.279741 0.466953 0.282583 0.462646 0.281403 0.461289 0.278671 0.460083 0.278296 0.457070 0.280759 0.455177 0.282940 0.453458 0.281389 0.446227 0.286903 0.445956 0.289690 0.443635 0.305009 0.442039 0.302116 0.437729 0.298421 0.433724 0.299222
5 0.422995 0.301991 0.431232 0.309153 0.431232 0.311051 0.432013 0.312810 0.434826 0.312764 0.437484 0.312606 0.441250 0.315764 0.442333 0.315069 0.444805 0.317264 0.445979 0.318069 0.449927 0.317852 0.452401 0.320468 0.455031 0.325468 0.461385 0.340282 0.464372 0.339157 0.464734 0.337014 0.458016 0.322338 0.455068 0.318009 0.451865 0.316574 0.447307 0.312963 0.442073 0.310000 0.437281 0.308426 0.425292 0.296546 0.423393 0.294296 0.421646 0.288727 0.411042 0.280972 0.409625 0.282889 0.414474 0.285778 0.420352 0.291028 0.421104 0.293653 0.421737 0.298315
5 0.438273 0.342894 0.437969 0.350370 0.437422 0.353565 0.436198 0.355463 0.436435 0.358694 0.438935 0.360620 0.441286 0.360407 0.443966 0.358532 0.445956 0.355694 0.447102 0.353981 0.449211 0.353713 0.449904 0.352375 0.452857 0.351731 0.453307 0.349750 0.455049 0.344273 0.456654 0.338389 0.456458 0.334954 0.454318 0.334542 0.451286 0.332190 0.450065 0.332250 0.449750 0.333861 0.448253 0.335472 0.447065 0.333926 0.445430 0.333366 0.444010 0.333056 0.442448 0.333287 0.442044 0.337954
5 0.427227 0.243245 0.427365 0.249407 0.430016 0.257495 0.427497 0.268014 0.418911 0.265037 0.406690 0.261190 0.406003 0.257606 0.408828 0.254162 0.411208 0.247778 0.412378 0.241329 0.415833 0.238255 0.419937 0.238352
5 0.528656 0.654134 0.528370 0.656218 0.526576 0.659079 0.526307 0.663495 0.525549 0.669546 0.525930 0.672134 0.528089 0.677606 0.529224 0.678282 0.530680 0.680778 0.532464 0.678088 0.534138 0.679815 0.534299 0.681736 0.537484 0.681255 0.538510 0.680394 0.540508 0.687403 0.541156 0.688167 0.541643 0.690667 0.544234 0.694889 0.545747 0.696810 0.545747 0.699019 0.546557 0.700935 0.548068 0.700935 0.549904 0.704491 0.552714 0.701991 0.552930 0.699403 0.554818 0.695560 0.557086 0.694602 0.558599 0.696329 0.558870 0.698343 0.563568 0.698153 0.565997 0.700745 0.566862 0.699690 0.574529 0.700745 0.580091 0.698153 0.580414 0.696810 0.584951 0.694407 0.584573 0.693546 0.585328 0.692106 0.586732 0.693546 0.586841 0.692870 0.586247 0.690759 0.588461 0.692778 0.591594 0.693065 0.594076 0.692681 0.594724 0.691338 0.595102 0.689704 0.596615 0.687593 0.598234 0.691241 0.600826 0.694407 0.603526 0.697769 0.605310 0.698056 0.605039 0.695370 0.603099 0.688889 0.599099 0.679046 0.599315 0.676361 0.595643 0.673384 0.594076 0.670310 0.591430 0.667431 0.581495 0.661384 0.579281 0.657162 0.577500 0.655625 0.575393 0.653991 0.569508 0.654282 0.567888 0.652745 0.556331 0.653606 0.554172 0.654856 0.551904 0.658407 0.551255 0.658505 0.548716 0.654856 0.546826 0.653032 0.542560 0.652074 0.533922 0.650921 0.531005 0.651403 0.529708 0.651782
11 0.573383 0.599676 0.580643 0.612083 0.593578 0.629907 0.592549 0.630898 0.589924 0.629227 0.588961 0.627046 0.582794 0.622319 0.576555 0.617056 0.570323 0.605944
11 0.511878 0.552019 0.524333 0.573343 0.522943 0.578046 0.522419 0.581764 0.506206 0.554060 0.508997 0.552324
11 0.605151 0.645079 0.617221 0.661306 0.625370 0.671991 0.638768 0.690944 0.651555 0.709773 0.650760 0.715505 0.649737 0.718736 0.648336 0.721148 0.646188 0.721310 0.603065 0.657176
5 0.446849 0.700958 0.446310 0.703644 0.447685 0.708014 0.449945 0.708185 0.450339 0.712204 0.450633 0.716046 0.453779 0.724606 0.457911 0.724694 0.459318 0.723630 0.460620 0.722843 0.461323 0.724000 0.463146 0.725759 0.468849 0.726917 0.469526 0.728167 0.470385 0.728954 0.471063 0.730148 0.471010 0.727921 0.472029 0.726301 0.473354 0.722694 0.473044 0.719102 0.474005 0.716866 0.459755 0.706028 0.460286 0.701056 0.457474 0.700824 0.453333 0.696745 0.449219 0.698278
5 0.408740 0.439069 0.400128 0.458718 0.398424 0.465014 0.399758 0.477116 0.401255 0.475287 0.403393 0.479352 0.404052 0.482847 0.404797 0.490634 0.406849 0.493218 0.412076 0.496611 0.414924 0.494375 0.419174 0.490144 0.424214 0.488731 0.437003 0.479606 0.439474 0.475866 0.439799 0.473556 0.443117 0.467245 0.448177 0.464417 0.449719 0.461319 0.454042 0.461009 0.459440 0.461565 0.459406 0.456667 0.460346 0.441236 0.461625 0.432375 0.456065 0.417444 0.453456 0.417444 0.447758 0.420093 0.443516 0.424319 0.438281 0.416481 0.429094 0.404245 0.423773 0.399269 0.418685 0.399014 0.411266 0.403500 0.408326 0.407069 0.412055 0.422171 0.412987 0.429384
5 0.500747 0.781806 0.512044 0.790167 0.515987 0.792963 0.524000 0.795565 0.530880 0.795718 0.530216 0.805000 0.530669 0.847894 0.527214 0.850074 0.526760 0.855208 0.522630 0.854352 0.517602 0.853278 0.505440 0.849523 0.502130 0.847481 0.498328 0.847958 0.494622 0.837514 0.493146 0.826694 0.494750 0.824903 0.496109 0.811634 0.497049 0.790560 0.496492 0.789389 0.497401 0.786097 0.498826 0.785111
5 0.516539 0.413204 0.520026 0.417273 0.520448 0.420435 0.525359 0.418773 0.529909 0.416847 0.531411 0.421167 0.533130 0.422560 0.535961 0.428505 0.537349 0.437074 0.538703 0.437769 0.540268 0.440019 0.543464 0.435199 0.549510 0.450199 0.552862 0.452671 0.556167 0.457347 0.556557 0.459898 0.556190 0.460593 0.558563 0.463306 0.563021 0.472731 0.562396 0.475167 0.562529 0.477019 0.561068 0.479796 0.561383 0.482065 0.560419 0.484106 0.563102 0.488690 0.564380 0.492731 0.567273 0.496264 0.569714 0.498352 0.569411 0.501088 0.571492 0.507787 0.571190 0.509657 0.569956 0.512495 0.570346 0.514426 0.575518 0.516889 0.576740 0.524620 0.576049 0.525903 0.576302 0.528745 0.577070 0.531287 0.577279 0.533894 0.576826 0.537856 0.574969 0.538694 0.573849 0.543181 0.569422 0.542630 0.564578 0.541241 0.560112 0.542463 0.557172 0.540884 0.556000 0.537870 0.552732 0.539736 0.549104 0.540315 0.546969 0.539421 0.544859 0.546361 0.544755 0.552616 0.543609 0.555528 0.542229 0.553954 0.541161 0.548681 0.538422 0.543556 0.537328 0.536190 0.536273 0.534690 0.535703 0.531157 0.533440 0.527352 0.532951 0.525792 0.531781 0.526208 0.531023 0.520653 0.532250 0.518523 0.532224 0.516481 0.530453 0.512037 0.529255 0.507366 0.529357 0.505741 0.530427 0.503657 0.533578 0.492731 0.532187 0.491796 0.530573 0.491662 0.527760 0.492074 0.525703 0.491431 0.524560 0.488046 0.527474 0.484625 0.531669 0.472634 0.526833 0.474602 0.525857 0.473176 0.522544 0.472250 0.522091 0.470759 0.523383 0.467394 0.522734 0.465912 0.523568 0.463505 0.522240 0.462810 0.520206 0.463648 0.518747 0.462486 0.517419 0.461838 0.517315 0.460403 0.518464 0.459153 0.517755 0.458106 0.517573 0.457032 0.515042 0.457356 0.515049 0.454384 0.514164 0.453185 0.513042 0.449662 0.512807 0.446329 0.511141 0.445222 0.510880 0.440588 0.511089 0.437162 0.511865 0.433079 0.513477 0.423259 0.514958 0.416176
5 0.481333 0.721611 0.483451 0.723935 0.485023 0.725296 0.489138 0.724796 0.490995 0.726375 0.491276 0.732269 0.494711 0.731037 0.496128 0.735644 0.497573 0.735324 0.500102 0.739171 0.507003 0.744042 0.508357 0.742435 0.510977 0.744310 0.513570 0.744528 0.514096 0.746278 0.514578 0.748954 0.513977 0.750454 0.511867 0.752329 0.511083 0.752171 0.507258 0.759884 0.505721 0.764491 0.506987 0.767116 0.507167 0.770222 0.506234 0.773222 0.504607 0.774398 0.503159 0.774509 0.501201 0.780560 0.499906 0.778847 0.493880 0.774616 0.494784 0.772417 0.492977 0.771935 0.491500 0.773597 0.488607 0.773542 0.487461 0.772259 0.478060 0.763903 0.477578 0.758222 0.478693 0.742421
5 0.393091 0.260903 0.395945 0.265861 0.399654 0.268736 0.402979 0.270657 0.406690 0.261190 0.406003 0.257606 0.408828 0.254162 0.411208 0.247778 0.403664 0.247708
5 0.522719 0.388222 0.525099 0.392375 0.527292 0.394778 0.528086 0.392870 0.529953 0.391296 0.530513 0.394778 0.532099 0.398264 0.535273 0.404069 0.535320 0.406065 0.531492 0.410792 0.530419 0.408968 0.529206 0.409051 0.526872 0.402745 0.525518 0.401000 0.522393 0.398014 0.519497 0.393287 0.518128 0.390060 0.514091 0.387704 0.509932 0.388185 0.509909 0.392343 0.508911 0.396838 0.509516 0.398287 0.509607 0.402731 0.511138 0.405648 0.513247 0.407417 0.514211 0.410366 0.520026 0.417273 0.520448 0.420435 0.525359 0.418773 0.529909 0.416847 0.530513 0.415185 0.535182 0.412347 0.537594 0.404579 0.537984 0.396167 0.533315 0.390972 0.530422 0.389259 0.526414 0.388296
5 0.512586 0.373458 0.515898 0.370833 0.519937 0.380741 0.522719 0.388222 0.525099 0.392375 0.527292 0.394778 0.528086 0.392870 0.529953 0.391296 0.530513 0.394778 0.532099 0.398264 0.535273 0.404069 0.535320 0.406065 0.531492 0.410792 0.530419 0.408968 0.529206 0.409051 0.526872 0.402745 0.525518 0.401000 0.522393 0.398014 0.519497 0.393287 0.516932 0.387227
5 0.491732 0.339782 0.497487 0.342134 0.502188 0.344389 0.506500 0.348032 0.508336 0.347921 0.508516 0.350870 0.509992 0.351722 0.510867 0.349958 0.512555 0.352046 0.512130 0.357079 0.511740 0.364426 0.511286 0.372620 0.509573 0.375731 0.510029 0.378417 0.512586 0.373458 0.515898 0.370833 0.519937 0.380741 0.523672 0.385134 0.527169 0.382616 0.528284 0.381116 0.528583 0.378440 0.528523 0.375440 0.529729 0.363815 0.527740 0.358671 0.524909 0.355671 0.524216 0.351333 0.520992 0.341801 0.519034 0.336926 0.516742 0.333176 0.517315 0.322731 0.514271 0.319356 0.513549 0.315069 0.510203 0.311801 0.505203 0.305051 0.503154 0.305694 0.500833 0.307782 0.500352 0.310569 0.503154 0.315282 0.502974 0.316514 0.501648 0.317426 0.497852 0.326477 0.497669 0.329102
5 0.442740 0.265366 0.444065 0.264931 0.451318 0.262889 0.453133 0.262185 0.454565 0.263435 0.457482 0.261444 0.458758 0.263019 0.459201 0.264685 0.462430 0.268389 0.463310 0.271315 0.466953 0.282583 0.462646 0.281403 0.461289 0.278671 0.460083 0.278296 0.457070 0.280759 0.455177 0.282940 0.453458 0.281389 0.447924 0.285565 0.446701 0.281954 0.445607 0.282787 0.443940 0.281306 0.445893 0.276583 0.446544 0.272972 0.445216 0.269731 0.444044 0.270565 0.442456 0.268111
5 0.430016 0.257495 0.453654 0.246713 0.456896 0.246338 0.459370 0.247083 0.462578 0.250306 0.456997 0.237694 0.452779 0.235958 0.449221 0.232241 0.446224 0.227157 0.443990 0.221394 0.440961 0.219037 0.428057 0.226597 0.428685 0.230440 0.426070 0.231681 0.425898 0.233852 0.427221 0.240046 0.427365 0.249407
5 0.426773 0.279065 0.428203 0.279250 0.429424 0.281046 0.432945 0.300509 0.433724 0.299222 0.437729 0.298421 0.433643 0.269644 0.438070 0.266917 0.444065 0.264931 0.451318 0.262889 0.461078 0.258921 0.461185 0.260097 0.460729 0.262824 0.463310 0.271315 0.466953 0.282583 0.476385 0.279741 0.473768 0.270449 0.470352 0.260472 0.468190 0.258671 0.462578 0.250306 0.459370 0.247083 0.456896 0.246338 0.453654 0.246713 0.430016 0.257495 0.426216 0.273301
5 0.426773 0.279065 0.427854 0.284208 0.425292 0.296546 0.431560 0.302759 0.432945 0.300509 0.429424 0.281046 0.428203 0.279250
2 0.503174 0.515102 0.503656 0.521745 0.503839 0.523889 0.505464 0.526940 0.505615 0.528870 0.506880 0.531870 0.510466 0.529995 0.512846 0.527421 0.513177 0.525546 0.512818 0.520458 0.513117 0.517245 0.516552 0.508083 0.515378 0.506315 0.513872 0.507708 0.511500 0.508208 0.510432 0.510940 0.509523 0.510060 0.507701 0.510523 0.506294 0.513343
2 0.591815 0.939352 0.591656 0.953769 0.592461 0.955486 0.592099 0.959648 0.590404 0.960005 0.586612 0.957065 0.585927 0.953120 0.584151 0.951616 0.582781 0.950542 0.582578 0.945880 0.583547 0.942292 0.585646 0.939926 0.589427 0.939074
1 0.661130 0.988292 0.662909 0.986560 0.665875 0.985194 0.671172 0.985380 0.674414 0.987620 0.677203 0.991023 0.679365 0.995856 0.680732 1.000000 0.678898 1.000000 0.677586 0.999944 0.676435 0.995671 0.673682 0.992384 0.669253 0.989597 0.665628 0.989782
1 0.609992 0.867023 0.612523 0.872162 0.617073 0.877630 0.624185 0.884269 0.626474 0.889144 0.631094 0.894907 0.630633 0.890431 0.625117 0.881968 0.622979 0.880093 0.614240 0.871306 0.612674 0.868093
1 0.598190 0.812792 0.597745 0.817523 0.598839 0.823403 0.600375 0.832847 0.603240 0.845116 0.607057 0.860000 0.609034 0.861014 0.604206 0.842000 0.602721 0.836398 0.601497 0.828852 0.600768 0.823343 0.599802 0.817310
1 0.688380 0.940384 0.691482 0.952407 0.695596 0.966602 0.701453 0.981352 0.702289 0.980981 0.702568 0.979245 0.697130 0.966356 0.692529 0.949870 0.689391 0.939333
5 0.415003 0.383662 0.417521 0.383829 0.419435 0.384986 0.423682 0.383907 0.427742 0.384824 0.428302 0.383829 0.422005 0.381574 0.424063 0.380185 0.426667 0.380231 0.429531 0.383102 0.429323 0.386157 0.430104 0.389954 0.426771 0.390324 0.424115 0.391852 0.421927 0.395556 0.420781 0.399120 0.418685 0.399014 0.411266 0.403500 0.408326 0.407069 0.409531 0.412083 0.408464 0.413148 0.407995 0.417685 0.406589 0.418657 0.405625 0.418380 0.404818 0.417500 0.407813 0.411852 0.407318 0.404769 0.408516 0.391389 0.409427 0.390370 0.410417 0.390046 0.413516 0.384259
5 0.401768 0.372199 0.398703 0.372199 0.395273 0.377144 0.393906 0.378931 0.392786 0.400005 0.389893 0.408718 0.389518 0.412532 0.389940 0.419338 0.392180 0.420917 0.392273 0.422407 0.393299 0.423236 0.395344 0.423444 0.396977 0.422449 0.399786 0.426972 0.401560 0.427718 0.403286 0.419505 0.404174 0.418426 0.403799 0.416602 0.404781 0.411125 0.404781 0.406394 0.404362 0.403491 0.405107 0.402245 0.405388 0.399921 0.405154 0.395606 0.405995 0.388722 0.407021 0.388639 0.409542 0.386481 0.413276 0.380509 0.413883 0.382500 0.415003 0.383662 0.417521 0.383829 0.419435 0.384986 0.423682 0.383907 0.427742 0.384824 0.428302 0.383829 0.421070 0.381255 0.415375 0.377685 0.413229 0.377440 0.406974 0.373787 0.405154 0.372542
5 0.363849 0.366069 0.365156 0.370801 0.363651 0.371338 0.363529 0.372699 0.366352 0.373917 0.363896 0.392454 0.364622 0.393111 0.363784 0.402778 0.361633 0.402171 0.358930 0.393639 0.357802 0.393352 0.354695 0.384889 0.354453 0.374708 0.355138 0.373847 0.357641 0.373630 0.361229 0.366245
5 0.333208 0.386926 0.346034 0.423069 0.348979 0.422065 0.349221 0.418051 0.347313 0.403213 0.348427 0.400157 0.346648 0.394644 0.346802 0.392019 0.346768 0.382375 0.347099 0.376694 0.344930 0.372245 0.342036 0.368819 0.339630 0.371120 0.337729 0.375458 0.334898 0.381569
5 0.351875 0.304167 0.351977 0.310685 0.356091 0.320130 0.356620 0.322338 0.353937 0.321963 0.352924 0.319306 0.350273 0.319921 0.352089 0.326861 0.355227 0.327292 0.359268 0.329528 0.361396 0.331694 0.361891 0.327657 0.363805 0.331639 0.364318 0.333713 0.363289 0.338278 0.364318 0.339935 0.364549 0.342755 0.365669 0.345495 0.363344 0.347264 0.361174 0.345278 0.360060 0.345278 0.358760 0.349028 0.355820 0.352023 0.356693 0.356111 0.357107 0.360824 0.351984 0.373102 0.349719 0.370125 0.341945 0.359153 0.334031 0.350542 0.331555 0.347565 0.325628 0.347500 0.325349 0.327606 0.325349 0.309106 0.326721 0.309106 0.326682 0.306310 0.327706 0.303500 0.332078 0.300815 0.338302 0.302343 0.339500 0.303819 0.339969 0.305722 0.344398 0.307394 0.346010 0.304796 0.347706 0.304245 0.349943 0.305722
5 0.365781 0.279093 0.373628 0.284241 0.374255 0.283370 0.375266 0.277606 0.375789 0.277361 0.376625 0.280023 0.382732 0.288532 0.385182 0.282889 0.386456 0.283032 0.385260 0.285569 0.385573 0.287194 0.383844 0.290005 0.378737 0.294264 0.377445 0.297690 0.376115 0.302926 0.374258 0.306440 0.371112 0.309236 0.369669 0.308940 0.368096 0.311477 0.367352 0.310231 0.365578 0.306912 0.362776 0.305583 0.361284 0.307162 0.360630 0.315625 0.360630 0.325500 0.358333 0.323454 0.356091 0.320130 0.351977 0.310685 0.351823 0.301102 0.350911 0.297907 0.350911 0.293417 0.351901 0.288139 0.356312 0.279324 0.361677 0.277505
5 0.365781 0.279093 0.373628 0.284241 0.374255 0.283370 0.375266 0.277606 0.375789 0.277361 0.376625 0.280023 0.382732 0.288532 0.385182 0.282889 0.386456 0.283032 0.385260 0.285569 0.385573 0.287194 0.387932 0.290375 0.393943 0.283491 0.394266 0.281412 0.394711 0.280019 0.394896 0.277565 0.395625 0.277333 0.397292 0.279190 0.399549 0.280051 0.401729 0.280051 0.404471 0.278972 0.407294 0.279833 0.409625 0.282889 0.411042 0.280972 0.411680 0.280347 0.410414 0.277935 0.404867 0.271773 0.399654 0.268736 0.395945 0.265861 0.393091 0.260903 0.391086 0.261139 0.387828 0.262713 0.384313 0.265625 0.378740 0.270630 0.376604 0.270162
5 0.370758 0.314796 0.372018 0.317366 0.373138 0.318528 0.377245 0.317282 0.381073 0.320273 0.382052 0.322347 0.385273 0.324917 0.385365 0.328319 0.383841 0.332718 0.385477 0.331671 0.394508 0.300370 0.409625 0.282889 0.407294 0.279833 0.404471 0.278972 0.401729 0.280051 0.399549 0.280051 0.394266 0.281412 0.393943 0.283491 0.387932 0.290375 0.382286 0.293389 0.377445 0.297690 0.376115 0.302926 0.374258 0.306440 0.371112 0.309236 0.370466 0.310454 0.370063 0.313394
5 0.383841 0.332718 0.383021 0.336991 0.380672 0.334148 0.378849 0.336926 0.378172 0.336324 0.377521 0.336556 0.376219 0.338593 0.376297 0.340769 0.377826 0.343324 0.378943 0.344389 0.379203 0.346796 0.379023 0.350593 0.373169 0.361227 0.368612 0.361440 0.366432 0.370333 0.365156 0.370801 0.363849 0.366069 0.363849 0.358273 0.365018 0.353375 0.365763 0.351551 0.365669 0.345495 0.364549 0.342755 0.364318 0.339935 0.363289 0.338278 0.364318 0.333713 0.363805 0.331639 0.361891 0.327657 0.360630 0.325500 0.360630 0.315625 0.361284 0.307162 0.362776 0.305583 0.365578 0.306912 0.367352 0.310231 0.368096 0.311477 0.368797 0.314546 0.370758 0.314796 0.372018 0.317366 0.373138 0.318528 0.377245 0.317282 0.381073 0.320273 0.382052 0.322347 0.385273 0.324917 0.385365 0.328319
5 0.364622 0.393111 0.366651 0.394694 0.371737 0.397102 0.377526 0.397681 0.380885 0.397681 0.382435 0.397759 0.384109 0.404329 0.382227 0.407861 0.376021 0.425088 0.372255 0.432153 0.367969 0.433023 0.365529 0.432528 0.361344 0.428310 0.361344 0.418088 0.362354 0.404699 0.363784 0.402778
5 0.366352 0.373917 0.369742 0.376500 0.371557 0.375495 0.372766 0.376713 0.372000 0.385750 0.373089 0.387616 0.378656 0.388764 0.380885 0.397681 0.377526 0.397681 0.371737 0.397102 0.366651 0.394694 0.363896 0.392454
5 0.379023 0.350593 0.379724 0.351287 0.380560 0.351102 0.381445 0.355083 0.382693 0.356194 0.383659 0.360917 0.384492 0.363139 0.385143 0.363000 0.386078 0.366241 0.386885 0.366102 0.387096 0.365083 0.389359 0.365731 0.392615 0.368417 0.394698 0.370315 0.399255 0.370778 0.401964 0.369343 0.401768 0.372199 0.398703 0.372199 0.395273 0.377144 0.388578 0.385606 0.385471 0.388546 0.378656 0.388764 0.373089 0.387616 0.372000 0.385750 0.372766 0.376713 0.371557 0.375495 0.369742 0.376500 0.366352 0.373917 0.363529 0.372699 0.363651 0.371338 0.366432 0.370333 0.368612 0.361440 0.373169 0.361227
5 0.383021 0.336991 0.384021 0.338139 0.385453 0.339852 0.386029 0.342167 0.386599 0.347491 0.395117 0.363463 0.397753 0.362204 0.399771 0.357597 0.401313 0.351889 0.403917 0.348602 0.405326 0.341889 0.406526 0.340792 0.408234 0.337694 0.414151 0.323148 0.422995 0.301991 0.421737 0.298315 0.421104 0.293653 0.420352 0.291028 0.414474 0.285778 0.409625 0.282889 0.394508 0.300370 0.385477 0.331671 0.383841 0.332718
5 0.534273 0.945648 0.534935 0.941866 0.537932 0.940815 0.540409 0.940690 0.540862 0.943727 0.543581 0.944037 0.544487 0.942856 0.547729 0.942486 0.550857 0.944037 0.551951 0.942606 0.553151 0.940472 0.554974 0.933667 0.555885 0.933574 0.555984 0.932000 0.563008 0.932000 0.564995 0.931838 0.566802 0.929968 0.568367 0.927019 0.571471 0.929106 0.572138 0.932269 0.571380 0.943676 0.571534 0.946468 0.571021 0.947852 0.570086 0.949250 0.569997 0.951120 0.570659 0.954120 0.570508 0.956532 0.569424 0.957870 0.569271 0.960176 0.569693 0.961407 0.568823 0.963338 0.566221 0.967931 0.564352 0.966431 0.559917 0.964394 0.559336 0.962505 0.558214 0.962875 0.558112 0.965884 0.558813 0.966671 0.559411 0.966625 0.561573 0.968574 0.560531 0.970657 0.558708 0.973019 0.556885 0.973847 0.555219 0.972926 0.554984 0.975005 0.552956 0.974079 0.549013 0.971565 0.549638 0.965870 0.546695 0.961190 0.548047 0.958644 0.546276 0.955958 0.544271 0.955037 0.541016 0.955500 0.539141 0.952306 0.537474 0.954620
5 0.546336 0.773991 0.548070 0.774778 0.553638 0.774347 0.554042 0.772843 0.553464 0.771477 0.554023 0.771106 0.555487 0.772282 0.557125 0.772407 0.558031 0.773708 0.558346 0.776190 0.561240 0.783500 0.561354 0.786574 0.554336 0.796144 0.550536 0.796329 0.550432 0.783375 0.548130 0.779843
5 0.622753 0.882977 0.624185 0.884269 0.626474 0.889144 0.631094 0.894907 0.631656 0.900199 0.630201 0.900986 0.629367 0.899644 0.629185 0.898255 0.628326 0.898301 0.627883 0.899505 0.626971 0.899505 0.626034 0.899088 0.625513 0.897745 0.624940 0.897699 0.622232 0.899644 0.620695 0.897699 0.620539 0.894565 0.621901 0.893759 0.624159 0.894505 0.623612 0.891079 0.623716 0.887375
5 0.537484 0.681255 0.538510 0.680394 0.540508 0.687403 0.541156 0.688167 0.541643 0.690667 0.544234 0.694889 0.545747 0.696810 0.545747 0.699019 0.546557 0.700935 0.548068 0.700935 0.549904 0.704491 0.553708 0.714519 0.556115 0.728153 0.560297 0.750097 0.563539 0.762366 0.565633 0.767199 0.569956 0.774079 0.569969 0.776162 0.566992 0.779597 0.557615 0.767264 0.548828 0.735097 0.540495 0.699023
1 0.596190 0.785056 0.597518 0.788991 0.600333 0.794963 0.601971 0.798528 0.605281 0.801630 0.607805 0.805472 0.610253 0.810148 0.612987 0.811306 0.615617 0.814361 0.618352 0.818574 0.620539 0.818944 0.622648 0.820565 0.624943 0.823713 0.627156 0.825287 0.629523 0.825287 0.632674 0.823065 0.634628 0.823065 0.634628 0.823944 0.632388 0.824454 0.629576 0.826120 0.627651 0.826306 0.625669 0.825657 0.621060 0.820472 0.618247 0.819685 0.615047 0.815009 0.613299 0.813204 0.611086 0.812278 0.609862 0.811120 0.604966 0.802463 0.603432 0.801259 0.601245 0.799083 0.596867 0.789546 0.595646 0.785796
5 0.576060 0.790153 0.572260 0.787056 0.571245 0.790153 0.578490 0.803009 0.584453 0.811389 0.587604 0.818426 0.589948 0.815093 0.589792 0.813287 0.587448 0.809907 0.581016 0.800463
5 0.569659 0.789889 0.568932 0.801005 0.569055 0.820509 0.569901 0.822014 0.570708 0.821440 0.572443 0.809463 0.572401 0.805380 0.570951 0.803296 0.570990 0.793903 0.571245 0.790153 0.572260 0.787056 0.576060 0.790153 0.577417 0.789509 0.578484 0.790528 0.579187 0.789509 0.581083 0.791579 0.588115 0.791903 0.588815 0.794958 0.589779 0.795884 0.590797 0.798199 0.592018 0.803153 0.593063 0.803245 0.592747 0.801579 0.589755 0.793296 0.589026 0.790324 0.588242 0.789907 0.582906 0.789588 0.582542 0.788194 0.579807 0.785421 0.576734 0.784870 0.574443 0.785139 0.571289 0.786116
5 0.530669 0.847894 0.527214 0.850074 0.526760 0.855208 0.527352 0.859361 0.527214 0.864690 0.531466 0.871384 0.534604 0.877708 0.537917 0.881116 0.539938 0.884278 0.541891 0.880931 0.542526 0.878148 0.540234 0.876343 0.538073 0.870880 0.537240 0.867361 0.537422 0.863472 0.535023 0.859731 0.534953 0.857875 0.533174 0.851056
5 0.540937 0.848935 0.544661 0.857593 0.542448 0.861759 0.540703 0.862037 0.541016 0.866574 0.541641 0.867685 0.542891 0.867778 0.548229 0.871301 0.547958 0.875106 0.545703 0.879120 0.542526 0.878148 0.540234 0.876343 0.538073 0.870880 0.537240 0.867361 0.537422 0.863472 0.539740 0.849861
5 0.541354 0.845093 0.546615 0.853843 0.547898 0.856194 0.552659 0.856088 0.552990 0.854537 0.552690 0.836481 0.553352 0.833481 0.554526 0.833324 0.554167 0.831343 0.547385 0.830162 0.547086 0.828500 0.546000 0.828875
1 0.545208 0.819861 0.548177 0.823565 0.550781 0.825648 0.558776 0.832454 0.560547 0.834259 0.564245 0.838148 0.569167 0.841435 0.568930 0.842000 0.563099 0.838472 0.558464 0.833657 0.551328 0.827731 0.547083 0.824167 0.544922 0.820880
5 0.590766 0.829792 0.594099 0.821921 0.595688 0.819931 0.597250 0.820440 0.598839 0.823403 0.600375 0.832847 0.603240 0.845116 0.601859 0.848403 0.601156 0.848403 0.600974 0.850069 0.600062 0.850162 0.599802 0.848773 0.598656 0.847755 0.598812 0.845069 0.597354 0.843866 0.593891 0.837708
5 0.579057 0.856968 0.581167 0.863611 0.584721 0.872231 0.585052 0.874056 0.586378 0.874162 0.587161 0.873519 0.587854 0.875981 0.590266 0.877269 0.590654 0.878907 0.602495 0.891657 0.605672 0.887611 0.608078 0.889162 0.611948 0.889718 0.615747 0.891699 0.616823 0.892921 0.617789 0.893347 0.619297 0.892222 0.619107 0.890292 0.609625 0.875356 0.605893 0.873000 0.603357 0.874125 0.600049 0.866250 0.600440 0.861949 0.599503 0.859727 0.597547 0.857968 0.592344 0.848773 0.590443 0.848306 0.587891 0.845440 0.587477 0.843588 0.584560 0.841870 0.580992 0.841921 0.578831 0.852056
5 0.622453 0.828630 0.623573 0.831917 0.625005 0.847333 0.625786 0.848120 0.627349 0.855852 0.630005 0.861454 0.629875 0.870574 0.629909 0.877968 0.629969 0.884130 0.631656 0.900199 0.632620 0.902236 0.632620 0.904162 0.634008 0.906736 0.633641 0.914958 0.637669 0.915958 0.636966 0.905866 0.636237 0.891699 0.635169 0.881514 0.635091 0.876792 0.633529 0.872579 0.631237 0.861745 0.630456 0.859338 0.627773 0.848875 0.626388 0.843412 0.625755 0.836986 0.624398 0.830449 0.622802 0.825468 0.622229 0.826273
5 0.549013 0.971565 0.552956 0.974079 0.554984 0.975005 0.556500 0.979009 0.557307 0.987255 0.559870 1.000000 0.554154 1.000000 0.548878 0.986611 0.548232 0.978940
5 0.575344 0.546870 0.572784 0.554907 0.572753 0.564120 0.573867 0.568833 0.578057 0.576870 0.579323 0.572421 0.580648 0.565727 0.580799 0.558602 0.580497 0.552120 0.577091 0.546819
13 0.760505 0.950727 0.767578 0.961671 0.770711 0.968778 0.772870 0.975977 0.774872 0.976889 0.811784 1.000000 0.811784 1.000000 0.811784 1.000000 0.814036 0.981940 0.814326 0.968449 0.811721 0.957394 0.792781 0.932718 0.788878 0.930148 0.782878 0.930921 0.777602 0.933875 0.766612 0.943000
2 0.716703 0.951977 0.720128 0.984699 0.720518 0.991023 0.722115 0.993648 0.724753 0.998037 0.726289 0.997870 0.728096 0.998565 0.729133 1.000000 0.737427 1.000000 0.736081 0.997769 0.732734 0.996486 0.725836 0.992519 0.722943 0.988227 0.722943 0.983889 0.719932 0.953736
13 0.773352 1.000000 0.773352 1.000000 0.774034 0.990963 0.773409 0.985634 0.797505 1.000000 0.797505 1.000000
5 0.506599 0.870833 0.511828 0.873315 0.518661 0.882546 0.528388 0.895917 0.524414 0.903250 0.519464 0.897051 0.516500 0.890417 0.512596 0.887259
5 0.539266 0.890597 0.542159 0.890755 0.545594 0.891935 0.549964 0.895361 0.552070 0.894505 0.554513 0.891315 0.555190 0.887056 0.564034 0.879204 0.569083 0.879713 0.573565 0.879801 0.574294 0.880912 0.578432 0.881426 0.582784 0.882764 0.582940 0.885125 0.584729 0.887125 0.586539 0.890500 0.587654 0.893449 0.587893 0.896824 0.589198 0.898574 0.589120 0.899870 0.588443 0.901255 0.587844 0.904218 0.586411 0.905843 0.585370 0.917139 0.584458 0.918245 0.584458 0.919171 0.584927 0.920190 0.584875 0.921440 0.584016 0.922227 0.582531 0.921625 0.580656 0.924130 0.580320 0.925426 0.578911 0.923384 0.571648 0.917968 0.567870 0.917370 0.567844 0.918713 0.565682 0.918338 0.559242 0.914074 0.558229 0.915130 0.555094 0.916185 0.554219 0.915750 0.549063 0.921389 0.546935 0.922565 0.542297 0.919903 0.540799 0.920648 0.537138 0.922940 0.535081 0.921204 0.529573 0.921694 0.528039 0.922875 0.526122 0.920833 0.524029 0.915005 0.522880 0.908866 0.523159 0.905648 0.528388 0.895917 0.532607 0.892880 0.536477 0.891829
5 0.584289 0.764042 0.577674 0.769421 0.569969 0.776162 0.564161 0.782690 0.549398 0.802981 0.545484 0.808574 0.542534 0.814852 0.540484 0.818551 0.533885 0.836444 0.534065 0.838264 0.539430 0.841907 0.546901 0.813440 0.568969 0.786782 0.573464 0.782069 0.584133 0.772713
5 0.632620 0.904162 0.634008 0.906736 0.633641 0.914958 0.633122 0.920495 0.626794 0.913347 0.624276 0.914009 0.623716 0.916333 0.625768 0.921231 0.626003 0.924134 0.625068 0.925296 0.624836 0.926870 0.621896 0.930773 0.621289 0.928199 0.621943 0.927120 0.621008 0.923801 0.620776 0.919157 0.621195 0.912102 0.623669 0.905301 0.628289 0.901898 0.631089 0.902644
5 0.559398 0.716190 0.556763 0.716398 0.558138 0.727227 0.559122 0.734917 0.563346 0.749940 0.568065 0.759023 0.570128 0.763917 0.572289 0.772477 0.573076 0.773000 0.577674 0.769421 0.573617 0.760819 0.570862 0.750259 0.570052 0.741523 0.564232 0.730722 0.563469 0.725551 0.561195 0.723593
5 0.517492 0.672815 0.516857 0.676509 0.528674 0.709833 0.543549 0.746060 0.553128 0.764171 0.557125 0.772407 0.557615 0.767264 0.548828 0.735097 0.540495 0.699023 0.530680 0.680778 0.529018 0.682023 0.527573 0.684264 0.525333 0.684014 0.522625 0.681444 0.520013 0.678375 0.518331 0.675801
5 0.651948 0.837903 0.654076 0.847134 0.657990 0.859755 0.667154 0.875458 0.667919 0.879403 0.666227 0.885500 0.671099 0.900417 0.671945 0.904574 0.675294 0.903282 0.675214 0.897403 0.665977 0.870727 0.658474 0.848926 0.655286 0.836162 0.654219 0.833889
5 0.524896 0.750324 0.524633 0.753750 0.523935 0.755486 0.522448 0.756343 0.522018 0.757782 0.522297 0.758648 0.521844 0.762181 0.521253 0.766083 0.519786 0.771912 0.519927 0.774079 0.520380 0.775074 0.520240 0.786042 0.521148 0.793046 0.523867 0.792676 0.524250 0.793542 0.524250 0.794657 0.525750 0.794472 0.526096 0.792116 0.525122 0.782880 0.525227 0.773958 0.526690 0.756477 0.527143 0.753690 0.527266 0.750741
5 0.504607 0.774398 0.506234 0.773222 0.507167 0.770222 0.506987 0.767116 0.505721 0.764491 0.507258 0.759884 0.511083 0.752171 0.511867 0.752329 0.513977 0.750454 0.514578 0.748954 0.515547 0.748519 0.517422 0.744491 0.518880 0.745093 0.520938 0.744769 0.521667 0.743704 0.523620 0.742176 0.522924 0.754745 0.522018 0.757782 0.521531 0.759639 0.520833 0.760134 0.521253 0.761500 0.521253 0.766083 0.519786 0.771912 0.517661 0.775319 0.511664 0.778667
5 0.515844 0.661542 0.513656 0.661583 0.510839 0.662051 0.513711 0.669912 0.517492 0.672815 0.518331 0.675801 0.520013 0.678375 0.522625 0.681444 0.525333 0.684014 0.527573 0.684264 0.529018 0.682023 0.527992 0.680616 0.529224 0.678282 0.528089 0.677606 0.525930 0.672134 0.525549 0.669546 0.522706 0.661745 0.522161 0.654120
5 0.592747 0.801579 0.593063 0.803245 0.592018 0.803153 0.588203 0.803796 0.587448 0.809907 0.589792 0.813287 0.589948 0.815093 0.587604 0.818426 0.585677 0.814120 0.583854 0.814722 0.590766 0.829792 0.594099 0.821921 0.595688 0.819931 0.597250 0.820440 0.598839 0.823403 0.597745 0.817523 0.598190 0.812792 0.599802 0.817310 0.600768 0.823343 0.602018 0.822787 0.603294 0.825611 0.603034 0.828250 0.604232 0.829685 0.605508 0.829407 0.606732 0.830241 0.606914 0.831630 0.606628 0.834685 0.604206 0.842000 0.607135 0.853333 0.613047 0.842500 0.612943 0.840231 0.611432 0.837546 0.611849 0.835463 0.611328 0.831250 0.610260 0.831204 0.609922 0.829676 0.608698 0.828009 0.608906 0.827037 0.608594 0.825417 0.606953 0.823611 0.605755 0.823565 0.600078 0.814907 0.598125 0.809306 0.595729 0.802546 0.595182 0.799444
5 0.605362 0.859208 0.609034 0.861014 0.616508 0.863838 0.621221 0.866019 0.626117 0.868056 0.629875 0.870574 0.629909 0.877968 0.624138 0.873704 0.616977 0.869856 0.608591 0.866481
5 0.557943 0.586620 0.561029 0.591713 0.563576 0.594440 0.564063 0.597102 0.563227 0.602681 0.560786 0.611977 0.561552 0.613588 0.563365 0.611852 0.566365 0.607204 0.568734 0.607514 0.570513 0.613463 0.570792 0.616500 0.575289 0.618421 0.579745 0.621019 0.582812 0.622329 0.588961 0.627046 0.589924 0.629227 0.589547 0.633167 0.590227 0.635574 0.590409 0.637519 0.591997 0.636773 0.596945 0.635620 0.598740 0.636171 0.599289 0.635384 0.600122 0.635528 0.600932 0.637463 0.601948 0.630843 0.602810 0.631861 0.603328 0.633435 0.602990 0.638759 0.604867 0.640148 0.605151 0.645079 0.603065 0.657176 0.601422 0.664856 0.598198 0.675468 0.595643 0.673384 0.594076 0.670310 0.591430 0.667431 0.585812 0.664019 0.585760 0.662167 0.587010 0.659856 0.587557 0.657681 0.587219 0.656750 0.584354 0.654440 0.584148 0.652171 0.581281 0.651426 0.578885 0.655412 0.577500 0.655625 0.575393 0.653991 0.569508 0.654282 0.567888 0.652745 0.566745 0.650148 0.565388 0.650056 0.563174 0.647199 0.562031 0.642148 0.560758 0.642389 0.560154 0.636824 0.559854 0.632593 0.557258 0.626852 0.556896 0.625329 0.552964 0.618616 0.549706 0.616481 0.550365 0.612921 0.551034 0.596120 0.553375 0.594486 0.555633 0.592403 0.556154 0.590667 0.556818 0.590773
