0 0.493526 0.846806 0.490703 0.839907 0.480555 0.833005 0.476674 0.833634 0.469792 0.844611 0.462997 0.852454 0.462734 0.861866 0.463792 0.869394 0.461109 0.879731 0.459432 0.880986 0.459346 0.885222 0.468432 0.895417 0.479841 0.906806 0.477987 0.907745 0.465195 0.907273 0.448607 0.931713 0.445307 0.940213 0.444602 0.952134 0.445995 0.958407 0.447055 0.968134 0.446966 0.978801 0.449701 0.987111 0.456549 0.995065 0.459745 1.000000 0.465013 1.000000 0.478737 0.990185 0.476523 0.983426 0.472570 0.976963 0.466721 0.971065 0.464508 0.966282 0.467346 0.957861 0.480318 0.944639 0.485531 0.938176 0.485690 0.934801 0.489484 0.935083 0.492810 0.944356 0.498026 0.951380 0.494867 0.953639 0.490596 0.963759 0.487279 0.981185 0.484589 0.999741 0.507898 0.999866 0.507898 0.996773 0.512487 0.976542 0.513914 0.968384 0.511542 0.959116 0.519607 0.959662 0.529091 0.953764 0.529885 0.962204 0.532099 0.970625 0.540940 0.991236 0.542529 0.996852 0.542846 0.999944 0.577714 0.999912 0.577299 0.991157 0.575659 0.979991 0.573885 0.977310 0.562953 0.977074 0.552427 0.948889 0.546693 0.938440 0.540674 0.935037 0.543268 0.920468 0.543411 0.915602 0.547786 0.912685 0.557924 0.916106 0.570497 0.915870 0.574872 0.917815 0.582654 0.932389 0.583891 0.937250 0.583477 0.944292 0.584023 0.947208 0.594000 0.945986 0.596320 0.942347 0.600151 0.930926 0.601245 0.921690 0.596737 0.890838 0.594099 0.884250 0.589141 0.877741 0.584182 0.875213 0.578508 0.868296 0.575201 0.868704 0.574732 0.873333 0.562917 0.872486 0.563393 0.868926 0.563508 0.864926 0.549956 0.841194 0.549956 0.833176 0.548448 0.824926 0.545307 0.824440 0.535195 0.820551 0.532187 0.817384 0.528086 0.820787 0.522896 0.828801 0.520576 0.843625
8 0.550234 0.426019 0.551253 0.419574 0.553359 0.409491 0.555005 0.401292 0.558490 0.385713 0.558557 0.379778 0.559047 0.376514 0.560018 0.373731 0.562068 0.375361 0.562177 0.377088 0.560393 0.386014 0.560341 0.406079 0.559802 0.409537 0.558938 0.412227 0.558451 0.391394 0.554940 0.410884 0.552682 0.422500 0.551109 0.427588
8 0.552664 0.472829 0.553419 0.439134 0.552987 0.435199 0.551854 0.432894 0.550773 0.432319 0.550773 0.430685 0.552880 0.429630 0.555688 0.429630 0.556336 0.430880 0.554393 0.433856 0.554932 0.436449 0.554766 0.449815 0.554766 0.452824 0.554555 0.461597 0.554068 0.474079 0.552773 0.474079
8 0.536268 0.406292 0.534638 0.404134 0.534812 0.403019 0.535755 0.402463 0.537534 0.401968 0.537987 0.403824 0.538255 0.408935 0.538312 0.411690 0.539151 0.414426 0.541646 0.429111 0.542500 0.434769 0.542815 0.439324 0.544401 0.447704 0.546526 0.456259 0.547852 0.460412 0.547154 0.464810 0.546180 0.463569 0.544888 0.458986 0.542938 0.448509 0.542396 0.443843 0.542732 0.441972 0.541646 0.440889 0.540599 0.434583 0.540313 0.430324 0.539521 0.428866 0.538823 0.425949 0.537812 0.417458 0.536870 0.411435 0.536870 0.411435 0.536961 0.408704
8 0.548385 0.527824 0.546945 0.504773 0.546432 0.494653 0.546479 0.482620 0.546482 0.480537 0.546484 0.477546 0.546534 0.470500 0.546727 0.468889 0.547076 0.466468 0.547154 0.464810 0.547852 0.460412 0.548888 0.456449 0.550000 0.454352 0.551594 0.454014 0.553135 0.454046 0.553089 0.456370 0.550474 0.457116 0.548654 0.464083 0.548000 0.474375 0.547854 0.477315 0.547734 0.479954 0.547953 0.495861 0.549615 0.519019 0.550174 0.529468 0.550013 0.532255 0.549255 0.531389
8 0.554727 0.454171 0.556539 0.454356 0.563234 0.458134 0.568646 0.462639 0.573552 0.468981 0.577003 0.474685 0.575818 0.476606 0.572271 0.470630 0.566953 0.464815 0.562747 0.459926 0.559109 0.458106 0.557010 0.457940 0.554724 0.456861
8 0.578057 0.476606 0.584497 0.489796 0.587672 0.501083 0.589714 0.510278 0.590146 0.513694 0.588698 0.515694 0.587810 0.509380 0.586784 0.505148 0.584323 0.493843 0.580109 0.485815 0.577031 0.478097
8 0.548654 0.464083 0.551695 0.470681 0.552664 0.472829 0.552773 0.474079 0.555070 0.478444 0.557073 0.485583 0.557586 0.488315 0.559919 0.495588 0.560221 0.500625 0.559378 0.499926 0.557255 0.492704 0.556591 0.490509 0.556169 0.488366 0.555568 0.486009 0.555391 0.485139 0.554531 0.482778 0.552615 0.476458 0.551799 0.474639 0.549255 0.469449 0.548411 0.467731
8 0.551951 0.496884 0.552508 0.503032 0.553383 0.506407 0.554057 0.516208 0.554161 0.519218 0.554255 0.533514 0.555401 0.533352 0.555672 0.521301 0.554677 0.508176 0.553336 0.498009 0.553247 0.495972
8 0.557943 0.542917 0.558070 0.536148 0.558854 0.523657 0.558984 0.521389 0.559141 0.519060 0.559966 0.505097 0.560221 0.500625 0.559919 0.495588 0.559792 0.489097 0.560539 0.486708 0.560628 0.485523 0.561378 0.484644 0.561901 0.483255 0.562664 0.485384 0.561826 0.487958 0.562104 0.497667 0.562057 0.503194 0.561753 0.508282 0.560797 0.522981 0.560708 0.524681 0.560320 0.539074 0.559766 0.543380
8 0.561901 0.483255 0.563122 0.481644 0.563682 0.480338 0.565013 0.480694 0.565013 0.483778 0.567917 0.496759 0.570336 0.502926 0.576508 0.515903 0.580341 0.533833 0.578687 0.533977 0.575299 0.520495 0.574896 0.516838 0.575177 0.515759 0.573805 0.514685 0.568924 0.503856 0.566786 0.498907 0.566198 0.496236 0.564974 0.490958 0.563763 0.486792 0.562664 0.485384
8 0.589310 0.439662 0.588391 0.434861 0.587310 0.416241 0.587583 0.408250 0.587521 0.399810 0.586721 0.380759 0.588060 0.380019 0.588812 0.380759 0.589065 0.414213 0.590612 0.437227 0.592318 0.437685 0.592570 0.439042 0.591779 0.441042
8 0.574706 0.441000 0.574846 0.431380 0.575911 0.427778 0.579513 0.424241 0.582174 0.424574 0.584167 0.427963 0.584896 0.430046 0.587495 0.436273 0.588380 0.437352 0.588753 0.439519 0.588055 0.440671 0.586888 0.440755 0.583247 0.432208 0.582406 0.429144 0.579885 0.428639 0.578112 0.428815 0.577133 0.429894 0.576154 0.432296 0.576107 0.435528 0.576667 0.436690 0.576526 0.441167
8 0.577708 0.426074 0.574052 0.413773 0.569570 0.400301 0.569089 0.398690 0.569115 0.396356 0.568292 0.395699 0.566268 0.396407 0.564000 0.399634 0.561992 0.404111 0.559802 0.409537 0.558938 0.412227 0.558010 0.415343 0.557784 0.419694 0.557859 0.433588 0.559273 0.443708 0.562328 0.457718 0.563234 0.458134 0.564135 0.458815 0.562898 0.453375 0.562479 0.451125 0.559911 0.435745 0.559695 0.433347 0.559328 0.421565 0.559479 0.420292 0.559641 0.417218 0.561315 0.410116 0.561315 0.410116 0.562836 0.408329 0.565523 0.402213 0.567112 0.400727 0.570286 0.408472 0.576112 0.425741 0.576815 0.427074
8 0.554557 0.422639 0.555542 0.415301 0.556724 0.404389 0.557448 0.400324 0.557294 0.397884 0.558451 0.391394 0.558938 0.412227 0.558010 0.415343 0.557784 0.419694 0.557448 0.422486 0.556763 0.422894 0.556875 0.425333 0.555688 0.429630 0.552880 0.429630 0.552721 0.428315 0.553596 0.425602 0.555216 0.425171 0.554948 0.422824
8 0.557784 0.419694 0.557448 0.422486 0.556763 0.422894 0.556875 0.425333 0.555688 0.429630 0.556068 0.430324 0.556458 0.429398 0.557109 0.430185 0.556224 0.435417 0.557786 0.445907 0.558172 0.448634 0.559167 0.451852 0.559609 0.454861 0.559948 0.456384 0.562328 0.457718 0.559273 0.443708 0.557859 0.433588
8 0.562747 0.459926 0.563299 0.462537 0.565529 0.470037 0.565318 0.471431 0.567935 0.479144 0.570104 0.487662 0.570044 0.489426 0.575497 0.502231 0.584146 0.524083 0.585049 0.527245 0.585411 0.523440 0.576313 0.498639 0.573057 0.489963 0.572305 0.486694 0.571370 0.485356 0.567214 0.471213 0.566596 0.468750 0.566073 0.466741 0.565013 0.462269
8 0.575112 0.501463 0.576331 0.507352 0.578841 0.514912 0.582536 0.525264 0.583813 0.533093 0.584893 0.535694 0.584893 0.530116 0.584146 0.524083
8 0.567917 0.496759 0.570297 0.498764 0.576094 0.509722 0.580341 0.521426 0.584010 0.536269 0.584859 0.539782 0.584779 0.541505 0.583232 0.538046 0.582177 0.534060 0.581591 0.533116 0.577891 0.520556 0.576508 0.515903 0.571870 0.504792 0.569370 0.500486
8 0.590654 0.437264 0.591081 0.433449 0.591432 0.432500 0.591547 0.430782 0.594393 0.413495 0.598055 0.395023 0.599031 0.393352 0.600180 0.392171 0.601227 0.392546 0.602203 0.399361 0.601018 0.402648 0.600180 0.395644 0.599693 0.395829 0.595789 0.416282 0.595719 0.419690 0.592318 0.437685
8 0.624635 0.567083 0.637958 0.586292 0.646872 0.598968 0.645901 0.600407 0.636445 0.586773 0.625807 0.571509 0.623854 0.568056
8 0.388464 0.216574 0.385690 0.212019 0.382560 0.208370 0.377682 0.206065 0.368034 0.205394 0.346703 0.205778 0.348268 0.208370 0.361445 0.208560 0.375810 0.208273 0.381424 0.210292 0.385529 0.214324 0.387419 0.218352
8 0.382969 0.238644 0.365057 0.226954 0.358281 0.222153 0.361750 0.227745 0.374094 0.235778 0.382966 0.241083
8 0.390083 0.265213 0.387284 0.262222 0.386070 0.257991 0.384997 0.253681 0.384505 0.241806 0.384542 0.239648 0.384622 0.236171 0.384096 0.236204 0.384177 0.235130 0.384578 0.235093 0.384763 0.232190 0.387378 0.221981 0.389151 0.217750 0.391966 0.212616 0.391451 0.211120 0.388979 0.214690 0.388464 0.216574 0.387419 0.218352 0.384404 0.227551 0.382958 0.232611 0.382969 0.238644 0.382966 0.241083 0.383284 0.251181 0.384492 0.256343 0.386029 0.262657 0.389714 0.267361 0.390224 0.267185 0.390547 0.266343
8 0.399401 0.263611 0.400076 0.261931 0.400768 0.254167 0.401432 0.250736 0.401948 0.245764 0.401945 0.243889 0.401914 0.234023 0.401070 0.224542 0.399865 0.224222 0.399875 0.231657 0.399753 0.236264 0.400195 0.243824 0.400052 0.247407 0.399938 0.250421 0.399029 0.256171
8 0.385990 0.197454 0.381643 0.178968 0.377732 0.157310 0.371185 0.120458 0.370753 0.116810 0.372370 0.115662 0.378583 0.150505 0.386719 0.193588
8 0.380596 0.184676 0.380151 0.183384 0.379909 0.181231 0.378901 0.179009 0.377812 0.178148 0.376240 0.179296 0.376159 0.183597 0.379870 0.192421 0.387609 0.205954 0.390232 0.209653 0.391076 0.211741 0.391451 0.211120 0.391966 0.212616 0.393297 0.214417 0.397440 0.221870 0.399865 0.224222 0.401070 0.224542 0.410349 0.226287 0.421740 0.225713 0.438958 0.218750 0.442240 0.218565 0.445747 0.216681 0.446747 0.215236 0.448000 0.213574 0.451120 0.211352 0.455870 0.204796 0.456016 0.200926 0.447247 0.211236 0.444188 0.214569 0.434128 0.218681 0.422440 0.223125 0.413516 0.223889 0.404510 0.222787 0.399638 0.221454 0.394391 0.213236 0.388620 0.202361 0.387102 0.199917 0.386302 0.198611 0.385990 0.197454 0.381331 0.188574
8 0.389284 0.184519 0.386661 0.170389 0.386542 0.167523 0.386984 0.160782 0.388195 0.159778 0.389245 0.159921 0.390172 0.162574 0.391039 0.168435 0.391948 0.174074 0.389323 0.174815 0.389406 0.177060 0.390130 0.177273 0.390534 0.180287
8 0.402672 0.187144 0.399026 0.182375 0.398305 0.183181 0.398516 0.185106 0.404187 0.193042 0.405724 0.195125 0.407560 0.197773 0.409128 0.199917 0.411120 0.202454 0.411862 0.204875 0.413279 0.207338 0.414862 0.211685 0.416193 0.212764 0.418169 0.221870 0.418729 0.222380 0.418891 0.223454 0.419943 0.223306 0.419742 0.219000 0.417242 0.209676 0.413935 0.202866 0.408448 0.194903
8 0.391948 0.174074 0.389323 0.174815 0.389406 0.177060 0.390130 0.177273 0.392266 0.176944 0.394141 0.177361 0.396745 0.179259 0.399026 0.182375 0.408448 0.194903 0.413437 0.201435 0.416823 0.205463 0.420391 0.208194 0.420964 0.208333 0.420521 0.205278 0.415469 0.200880 0.408099 0.191667 0.401589 0.182037 0.400078 0.180556 0.399740 0.179306 0.396380 0.175185 0.393828 0.173843
8 0.395529 0.174815 0.403802 0.172222 0.408125 0.171019 0.411784 0.173023 0.414891 0.177324 0.414471 0.179162 0.412135 0.176574 0.409974 0.174861 0.408427 0.173787 0.403664 0.175782 0.397961 0.177125 0.396380 0.175185
8 0.418646 0.185787 0.417974 0.185921 0.417135 0.185648 0.416380 0.187361 0.418214 0.189616 0.422130 0.192722 0.424180 0.195991 0.425563 0.198921 0.426648 0.201815 0.430659 0.211634 0.434128 0.218681 0.435872 0.217954 0.432135 0.210028 0.430026 0.204079 0.425536 0.194065 0.422625 0.190000 0.421755 0.188949 0.419000 0.187088
8 0.432708 0.180694 0.432943 0.176713 0.434323 0.166019 0.434729 0.164139 0.434911 0.162884 0.434573 0.160713 0.433974 0.160060 0.419268 0.146389 0.415292 0.141995 0.414839 0.140926 0.416167 0.139051 0.418125 0.137657 0.434576 0.137870 0.435810 0.139051 0.437076 0.143764 0.437031 0.153843 0.436924 0.159407 0.442891 0.163046 0.441414 0.165671 0.436654 0.162727 0.435992 0.171190 0.435469 0.176273 0.433724 0.180046
8 0.445398 0.164671 0.449956 0.166940 0.458003 0.173097 0.463849 0.179713 0.467523 0.185227 0.468156 0.186833 0.466620 0.188602 0.459690 0.178639 0.453695 0.173389 0.444115 0.166852
8 0.422578 0.187963 0.425102 0.185417 0.427656 0.183611 0.429245 0.182685 0.429245 0.182685 0.430417 0.181852 0.431302 0.181296 0.432708 0.180694 0.433724 0.180046 0.437156 0.178829 0.440302 0.177236 0.449227 0.174755 0.454419 0.175500 0.457768 0.178657 0.458812 0.181509 0.459266 0.187028 0.458156 0.198269 0.457943 0.202222 0.457872 0.204565 0.456016 0.200926 0.457315 0.188204 0.457104 0.182750 0.456128 0.181014 0.453862 0.178537 0.448878 0.177852 0.438940 0.181014 0.429180 0.185106 0.422625 0.190000 0.421755 0.188949
8 0.423893 0.189194 0.422625 0.190000 0.425536 0.194065 0.430026 0.204079 0.432135 0.210028 0.434938 0.210347 0.436570 0.207620 0.437716 0.206231 0.439667 0.204079 0.441898 0.198079 0.442469 0.195565 0.444638 0.207722 0.445966 0.212653 0.447247 0.211236 0.447292 0.209542 0.443826 0.192190 0.444367 0.190634 0.444279 0.184528 0.443495 0.181259 0.443193 0.180509 0.442591 0.180509 0.440932 0.183028 0.440721 0.186833 0.441898 0.192884 0.439456 0.199579 0.437057 0.203426 0.435964 0.204954 0.433099 0.207991 0.431094 0.203426 0.430008 0.200417 0.428086 0.196046 0.427331 0.194519 0.425729 0.191389 0.424284 0.190398
8 0.447247 0.211236 0.447292 0.209542 0.447760 0.197685 0.449750 0.187583 0.449401 0.182565 0.448878 0.177852 0.449888 0.177852 0.450760 0.185602 0.451143 0.189074 0.449818 0.198060 0.449086 0.206116 0.448669 0.209708
8 0.396302 0.192333 0.400094 0.194843 0.408203 0.201944 0.410180 0.204810 0.417440 0.221088 0.418729 0.222380 0.418891 0.223454 0.416146 0.223657 0.408307 0.206389 0.406872 0.204380 0.396667 0.195491
8 0.398924 0.281296 0.405135 0.271472 0.409482 0.263644 0.410448 0.261565 0.412813 0.253981 0.416971 0.234315 0.418609 0.228856 0.418932 0.225870 0.420107 0.225870 0.419115 0.230736 0.416875 0.242454 0.414385 0.254236 0.411521 0.263176 0.406469 0.272787 0.400182 0.283426
8 0.591969 0.461333 0.591344 0.461380 0.589971 0.462481 0.588013 0.473019 0.584419 0.487375 0.584497 0.489796 0.585258 0.492102 0.587497 0.481403 0.591326 0.465472 0.593146 0.463398 0.606073 0.454352 0.617320 0.444477 0.620448 0.441574 0.619747 0.439833 0.610695 0.447384 0.597193 0.457556 0.595513 0.458718 0.593141 0.460176
8 0.584779 0.541505 0.584859 0.539782 0.584893 0.535694 0.584893 0.530116 0.585049 0.527245 0.585411 0.523440 0.585867 0.507444 0.586471 0.503787 0.586784 0.505148 0.587641 0.508444 0.587036 0.521356 0.586849 0.526296 0.586432 0.532130 0.586391 0.542579 0.586714 0.543370 0.587398 0.550037 0.587641 0.552690 0.587479 0.553912 0.586406 0.553889 0.585464 0.549824 0.585505 0.545426 0.585375 0.542847
8 0.404698 0.251468 0.400961 0.258319 0.401487 0.260259 0.403180 0.260185 0.403594 0.258565 0.404115 0.256667 0.405763 0.254019 0.411570 0.234514 0.413143 0.226194 0.411612 0.226194 0.410240 0.233153 0.409271 0.237130 0.408620 0.238935 0.408135 0.240403
8 0.414385 0.254236 0.414635 0.254815 0.414609 0.257352 0.414740 0.272778 0.415182 0.282685 0.415990 0.288426 0.415156 0.287824 0.413802 0.287917 0.413151 0.278750 0.412839 0.274815 0.412880 0.269537 0.412656 0.263565 0.412552 0.260093
8 0.413906 0.303426 0.412370 0.294769 0.412464 0.289954 0.412776 0.288102 0.413802 0.287917 0.415156 0.287824 0.415990 0.288426 0.424573 0.297222 0.434000 0.308282 0.435693 0.310366 0.435000 0.313704 0.431917 0.309255 0.426396 0.301986 0.424521 0.300551 0.419391 0.294579 0.416453 0.291634 0.414635 0.289537 0.413906 0.290046 0.414396 0.298671 0.415104 0.304444
8 0.427943 0.294583 0.432344 0.294444 0.432760 0.295185 0.433490 0.295046 0.433802 0.294306 0.441589 0.294306 0.447578 0.296019 0.452448 0.298241 0.454453 0.299583 0.454453 0.301250 0.455052 0.301852 0.456016 0.300787 0.461953 0.306620 0.464010 0.309769 0.463776 0.311806 0.460286 0.308194 0.455964 0.303426 0.449271 0.299537 0.445703 0.298194 0.437891 0.297407 0.432240 0.296898 0.427995 0.297454
8 0.573359 0.488676 0.573810 0.489000 0.578510 0.500032 0.580753 0.507431 0.581318 0.509222 0.585531 0.520227 0.585411 0.523440 0.576313 0.498639 0.576313 0.498639 0.573057 0.489963 0.572878 0.489157
8 0.438654 0.270144 0.433706 0.278662 0.433549 0.284773 0.434695 0.290005 0.436180 0.293940 0.437378 0.293847 0.440268 0.288431 0.443646 0.281157 0.443445 0.278847 0.442656 0.278426 0.439695 0.285005 0.437560 0.289727 0.437065 0.289634 0.435529 0.282181 0.435242 0.280282 0.438341 0.274773 0.439844 0.271806 0.440841 0.270421 0.439464 0.269917
8 0.419667 0.240477 0.420328 0.246426 0.420815 0.249773 0.420328 0.262912 0.419771 0.272333 0.419630 0.275370 0.420792 0.279417 0.421201 0.275120 0.421687 0.264278 0.422211 0.255352 0.422352 0.247542 0.421096 0.241343 0.420573 0.240537
8 0.588331 0.501079 0.588117 0.501935 0.588849 0.503176 0.589651 0.503236 0.591081 0.485079 0.591708 0.482662 0.591812 0.479560 0.592336 0.470144 0.591674 0.468343 0.590943 0.469273 0.589617 0.472185 0.588956 0.475347 0.590349 0.474292 0.589935 0.476477 0.589411 0.484593 0.589029 0.490856
8 0.599112 0.456042 0.596482 0.445056 0.595643 0.444250 0.596482 0.439708 0.597625 0.438347 0.606164 0.435972 0.615010 0.432931 0.615924 0.433940 0.616307 0.434889 0.610130 0.437532 0.603039 0.439505 0.599760 0.440380 0.597854 0.441199 0.597893 0.442690 0.599492 0.450139 0.601057 0.454611
8 0.417964 0.236940 0.418844 0.238468 0.419667 0.240477 0.420573 0.240537 0.421096 0.241343 0.421922 0.243144 0.422859 0.243931 0.422729 0.250690 0.422120 0.260250 0.421687 0.264278 0.422073 0.273745 0.424333 0.283602 0.424747 0.286606 0.424901 0.288042 0.425443 0.287176 0.426797 0.287269 0.426359 0.284431 0.425784 0.282241 0.425784 0.282241 0.425091 0.280847 0.425180 0.278810 0.424250 0.271884 0.423604 0.268222 0.423885 0.257755 0.424820 0.247889 0.424943 0.244088 0.423698 0.241019 0.421849 0.238981 0.418396 0.234764
8 0.422195 0.225542 0.422794 0.228042 0.423576 0.237764 0.424409 0.241468 0.424943 0.244088 0.425414 0.257653 0.426266 0.270963 0.426753 0.276602 0.428427 0.274620 0.428427 0.271519 0.428115 0.271273 0.428008 0.268981 0.427138 0.262037 0.426859 0.250694 0.426523 0.242157 0.425313 0.235088 0.424831 0.233963 0.423958 0.224815
8 0.456016 0.200926 0.457872 0.204565 0.460286 0.211389 0.462526 0.218611 0.463281 0.221620 0.464427 0.223148 0.471354 0.243426 0.472161 0.244028 0.472318 0.246250 0.476823 0.256389 0.479115 0.263009 0.479297 0.264537 0.481484 0.268750 0.482448 0.272639 0.487057 0.285093 0.489714 0.291713 0.490755 0.294722 0.489583 0.295602 0.482154 0.275773 0.481242 0.273597 0.481112 0.271329 0.480357 0.270773 0.480357 0.270773 0.479398 0.268611 0.478461 0.266296 0.475201 0.258088 0.470703 0.245231 0.465651 0.232731 0.461849 0.221343 0.461458 0.219907 0.461031 0.218477 0.458750 0.212917 0.457370 0.207361 0.456146 0.205278 0.455870 0.204796
8 0.452891 0.253435 0.453414 0.248477 0.454284 0.238125 0.455539 0.230440 0.456167 0.225296 0.456341 0.221579 0.458398 0.221579 0.458049 0.225361 0.456445 0.236824 0.455643 0.242343 0.455339 0.247407 0.453867 0.255171
8 0.469367 0.189139 0.471568 0.194014 0.473586 0.202852 0.474646 0.211463 0.473953 0.225602 0.471432 0.243657 0.470276 0.240306 0.471734 0.231417 0.472930 0.218130 0.472500 0.206204 0.470039 0.195940 0.467990 0.190741
8 0.467253 0.301579 0.470013 0.292875 0.471862 0.287088 0.474896 0.278069 0.476484 0.273718 0.477917 0.268981 0.478461 0.266296 0.479398 0.268611 0.477628 0.274954 0.473477 0.287745 0.470667 0.295500 0.470068 0.296565 0.469859 0.298690 0.468490 0.302361 0.467682 0.304630 0.467292 0.305185
8 0.488951 0.282995 0.501581 0.273782 0.507628 0.269995 0.508620 0.269810 0.508724 0.270875 0.508620 0.272634 0.496875 0.280597 0.489896 0.285921
8 0.471094 0.311806 0.471224 0.309213 0.471445 0.308616 0.472148 0.307736 0.475344 0.304699 0.484766 0.298657 0.489583 0.295602 0.490755 0.294722 0.492310 0.293782 0.493750 0.292778 0.494453 0.292870 0.494688 0.293981 0.494661 0.295556 0.483568 0.302778 0.474062 0.308426 0.472995 0.308935 0.472370 0.309769 0.472135 0.311898
8 0.451302 0.255741 0.451242 0.266333 0.451039 0.279023 0.450878 0.284759 0.450557 0.287056 0.450677 0.292361 0.450318 0.294579 0.448992 0.296616 0.450435 0.297310 0.451190 0.295009 0.451370 0.291532 0.452396 0.288310 0.452909 0.272727 0.453026 0.259676 0.452945 0.257454
8 0.448927 0.251273 0.451302 0.255741 0.452945 0.257454 0.456224 0.263472 0.459089 0.268935 0.459609 0.270787 0.459870 0.269306 0.461328 0.269537 0.461432 0.274167 0.463385 0.281111 0.464896 0.287963 0.465794 0.298338 0.465898 0.300051 0.465820 0.305190 0.465794 0.307088 0.465495 0.308102 0.464010 0.309769 0.466615 0.309583 0.466914 0.308292 0.467070 0.306069 0.467292 0.305185 0.467253 0.301579 0.467344 0.293843 0.466615 0.287870 0.466117 0.285245 0.465674 0.282699 0.463646 0.274352 0.463151 0.272870 0.462031 0.269815 0.459365 0.264120 0.457802 0.261250 0.456128 0.258611 0.454490 0.256319 0.453867 0.255171 0.452891 0.253435 0.451875 0.252125 0.451250 0.250273 0.450076 0.248449 0.449891 0.250301 0.449557 0.251481
8 0.442177 0.246921 0.442057 0.248583 0.442539 0.250352 0.442992 0.251477 0.442810 0.257852 0.442599 0.264653 0.442385 0.267241 0.442596 0.270991 0.443187 0.276926 0.443445 0.278847 0.443646 0.281157 0.443818 0.284856 0.443365 0.289519 0.442281 0.294500 0.443516 0.294875 0.445083 0.289144 0.445625 0.280787 0.445654 0.276394 0.444232 0.272019 0.444128 0.259565 0.444323 0.255569 0.444654 0.251389 0.444081 0.249995 0.443177 0.249088 0.443117 0.247370
8 0.439323 0.303843 0.443385 0.301620 0.447396 0.301250 0.452005 0.302917 0.460859 0.309398 0.464870 0.313981 0.466120 0.315417 0.465703 0.317130 0.464635 0.316852 0.461406 0.312685 0.460312 0.311528 0.453542 0.306528 0.449271 0.304491 0.445208 0.303565 0.439427 0.306481 0.438974 0.305644
8 0.447453 0.351319 0.445370 0.348398 0.441932 0.349005 0.435917 0.351551 0.430786 0.354648 0.430682 0.355486 0.429719 0.356134 0.429276 0.355486 0.428911 0.352894 0.429146 0.352199 0.436281 0.347755 0.442245 0.345301 0.443885 0.344477 0.445526 0.345532 0.448234 0.352333
8 0.485430 0.378421 0.483021 0.375852 0.476964 0.371144 0.472143 0.366000 0.470906 0.364981 0.466154 0.359375 0.463370 0.356042 0.462534 0.355574 0.461570 0.355394 0.461284 0.356829 0.461362 0.357708 0.466128 0.362755 0.466938 0.362935 0.474750 0.372060 0.481753 0.377662 0.483698 0.378333 0.485104 0.379676
8 0.474008 0.351616 0.474555 0.353653 0.476664 0.358745 0.478721 0.366431 0.478826 0.368468 0.480518 0.373884 0.482419 0.375366 0.482203 0.373995 0.481380 0.371250 0.478539 0.360782 0.476951 0.354856 0.476039 0.351829 0.475906 0.350343 0.475906 0.348120 0.475625 0.343657 0.474057 0.340759 0.473224 0.338861 0.471844 0.338352 0.470779 0.336870 0.469891 0.336917 0.469266 0.337380 0.469648 0.338023 0.470768 0.339597 0.471349 0.339926 0.472234 0.341361 0.473927 0.344648 0.473849 0.346870 0.474232 0.348301 0.475313 0.348565 0.475307 0.350157 0.475227 0.351708
8 0.592115 0.474602 0.592917 0.475074 0.593070 0.491139 0.593565 0.500560 0.593641 0.505032 0.593031 0.508287 0.592039 0.508625 0.591380 0.505514 0.591380 0.505514 0.591534 0.499620 0.591419 0.498736 0.590477 0.495273 0.590971 0.490935 0.591276 0.489579 0.591708 0.482662 0.591812 0.479560
8 0.482755 0.322486 0.478641 0.316699 0.476693 0.313611 0.475104 0.312083 0.472135 0.311898 0.471094 0.311806 0.468380 0.313181 0.466120 0.315417 0.465703 0.317130 0.464635 0.316852 0.462813 0.318690 0.461016 0.320926 0.459167 0.324306 0.458505 0.325500 0.456422 0.329806 0.455026 0.333241 0.453880 0.335926 0.451966 0.340324 0.450990 0.341500 0.449701 0.344106 0.450034 0.344264 0.450576 0.345389 0.450581 0.346412 0.452013 0.342847 0.453445 0.341185 0.454417 0.338972 0.454870 0.337579 0.455682 0.336292 0.457169 0.332523 0.458445 0.331231 0.459018 0.329051 0.459948 0.327222 0.461146 0.325417 0.462786 0.321884 0.465365 0.319106 0.465922 0.319227 0.466492 0.318046 0.467276 0.317403 0.468953 0.316102 0.471099 0.314537 0.475055 0.314491 0.478281 0.319583 0.481174 0.322963
8 0.472995 0.308935 0.480859 0.311296 0.489945 0.313537 0.499505 0.316333 0.508255 0.317917 0.508021 0.320787 0.502732 0.320134 0.494503 0.317699 0.493490 0.317037 0.487888 0.316120 0.481193 0.314329 0.475104 0.312083 0.472135 0.311898 0.472370 0.309769
8 0.477833 0.336537 0.480130 0.337130 0.485276 0.341574 0.490339 0.346986 0.495672 0.354699 0.499107 0.362838 0.499831 0.364338 0.500010 0.367556 0.499276 0.369125 0.498401 0.367407 0.497135 0.363231 0.496924 0.361088 0.495469 0.360972 0.494755 0.357500 0.492164 0.352787 0.489182 0.348981 0.488279 0.347375 0.485023 0.344213 0.481859 0.341699 0.479299 0.339606 0.477391 0.338954
8 0.484823 0.341162 0.485211 0.339019 0.487109 0.330343 0.488568 0.325509 0.490091 0.320032 0.490302 0.318023 0.490698 0.317380 0.491417 0.317431 0.492354 0.319199 0.492065 0.323912 0.491984 0.325671 0.491320 0.329153 0.490930 0.329616 0.490773 0.331468 0.490417 0.332269 0.489974 0.335046 0.488857 0.341537 0.487956 0.344431 0.485276 0.341574
2 0.528568 0.432787 0.529102 0.429602 0.529758 0.429176 0.530628 0.430417 0.530055 0.435431 0.531617 0.437667 0.533372 0.439227 0.533385 0.440602 0.534990 0.440903 0.535049 0.439431 0.536573 0.441125 0.539242 0.440921 0.540430 0.442333 0.542396 0.443843 0.542938 0.448509 0.543094 0.449727 0.541148 0.449796 0.537375 0.445935 0.537260 0.444644 0.536117 0.444444 0.535312 0.445120 0.534424 0.443616 0.533659 0.444329 0.532076 0.442074 0.530818 0.441940 0.530161 0.441042
2 0.653661 0.517213 0.660560 0.513894 0.662078 0.513884 0.663854 0.513597 0.664628 0.513463 0.666708 0.515282 0.668214 0.518125 0.666617 0.518657 0.665896 0.516838 0.664927 0.518699 0.664539 0.521176 0.661948 0.524231 0.659023 0.525463 0.653753 0.525463
2 0.496279 0.412144 0.497242 0.412519 0.499292 0.411926 0.502602 0.409676 0.505286 0.408713 0.510497 0.407806 0.515117 0.407792 0.516893 0.408102 0.517547 0.408125 0.518094 0.409088 0.519208 0.409144 0.519174 0.410319 0.517971 0.410694 0.516008 0.411074 0.514893 0.411014 0.506880 0.411606 0.504685 0.412519 0.500677 0.415088 0.498659 0.415782 0.495057 0.413593
8 0.483193 0.383347 0.488477 0.380481 0.492266 0.378241 0.493792 0.377329 0.494781 0.376125 0.498242 0.370477 0.499276 0.369125 0.500010 0.367556 0.501563 0.362810 0.502122 0.361894 0.504318 0.348542 0.504948 0.343426 0.505224 0.342278 0.505667 0.339824 0.505990 0.336528 0.506615 0.333241 0.507227 0.328199 0.507505 0.325968 0.508021 0.320787 0.508255 0.317917 0.508523 0.310167 0.507583 0.304250 0.505508 0.296366 0.505617 0.293769 0.506750 0.293296 0.507721 0.294250 0.510477 0.308556 0.510367 0.315468 0.509909 0.318069 0.509818 0.320926 0.509263 0.325171 0.508940 0.328255 0.506466 0.346116 0.505721 0.351898 0.504406 0.360338 0.503721 0.361227 0.503596 0.364995 0.501284 0.369222 0.496161 0.377884 0.490599 0.382778 0.485227 0.385329 0.483852 0.385106
8 0.591779 0.441042 0.591919 0.447347 0.592615 0.449069 0.593521 0.448634 0.593695 0.438222 0.594708 0.432088 0.594880 0.428245 0.595578 0.426259 0.597635 0.418574 0.598286 0.417231 0.598219 0.415991 0.598776 0.414505 0.602586 0.404444 0.604992 0.396634 0.615870 0.364963 0.615659 0.363042 0.614474 0.362546 0.613393 0.365463 0.602203 0.399361 0.601018 0.402648 0.597357 0.413741 0.597461 0.416097 0.595719 0.419690
8 0.604042 0.406560 0.611828 0.383185 0.614328 0.374792 0.614852 0.374935 0.614852 0.393509 0.614995 0.402069 0.616266 0.401755 0.615982 0.374579 0.614852 0.372569 0.613279 0.372500 0.604992 0.396634 0.603115 0.402616
8 0.603719 0.423986 0.604826 0.421032 0.605753 0.419384 0.609036 0.413380 0.610982 0.412727 0.611844 0.412861 0.613198 0.413875 0.617151 0.420259 0.618161 0.422264 0.623161 0.428074 0.629979 0.441056 0.632094 0.444755 0.632417 0.449343 0.631609 0.450130 0.630841 0.449486 0.628737 0.444042 0.628544 0.442829 0.625078 0.435431 0.620557 0.428046 0.618177 0.425176 0.616768 0.424389 0.615878 0.423097 0.615961 0.421519 0.612526 0.415556 0.611672 0.414907 0.610391 0.414921 0.607568 0.419227 0.605310 0.423671
8 0.620297 0.412204 0.626339 0.407343 0.629594 0.405352 0.631312 0.402250 0.632276 0.401741 0.634203 0.401741 0.634883 0.404361 0.631133 0.422648 0.630547 0.422361 0.629964 0.422361 0.630245 0.417486 0.632987 0.404648 0.631375 0.406440 0.627461 0.410315 0.621935 0.414259
8 0.618531 0.590315 0.617812 0.593148 0.616057 0.598620 0.613755 0.605375 0.611070 0.610398 0.609781 0.611759 0.608737 0.610829 0.608875 0.609713 0.607969 0.608042 0.607341 0.608102 0.606294 0.609528 0.606120 0.612009 0.606747 0.614981 0.608805 0.617648 0.609643 0.617523 0.613792 0.610213 0.616755 0.603704 0.616893 0.602528 0.618951 0.599241 0.619404 0.591370
8 0.623854 0.568056 0.622698 0.569222 0.626964 0.581130 0.630635 0.589384 0.630258 0.590537 0.631336 0.592745 0.632417 0.593514 0.633659 0.597162 0.636883 0.602903 0.638180 0.603764 0.640680 0.603495 0.640732 0.601958 0.639599 0.600616 0.638411 0.601194 0.632201 0.588903 0.625807 0.571509
8 0.633279 0.545810 0.636102 0.553481 0.641466 0.574204 0.642872 0.581028 0.643396 0.582949 0.646880 0.597463 0.649128 0.596019 0.649568 0.593023 0.649443 0.585463 0.647815 0.575690 0.643943 0.562801 0.644445 0.556588 0.645005 0.549926 0.644255 0.546588 0.644380 0.545255 0.643255 0.543699 0.636255 0.538477 0.635755 0.540593 0.643193 0.546588 0.642378 0.556694 0.641503 0.558917 0.642003 0.562250 0.646130 0.577806 0.647690 0.587801 0.648065 0.594463 0.646130 0.587907 0.642818 0.572245 0.639943 0.559139 0.636445 0.545593 0.634633 0.542810
8 0.646328 0.529551 0.646896 0.537884 0.648396 0.551394 0.649964 0.564037 0.650591 0.569181 0.649685 0.569491 0.648430 0.569306 0.646023 0.548171 0.644352 0.534287 0.644026 0.529861
8 0.646807 0.536468 0.651154 0.544185 0.656193 0.549412 0.656661 0.551736 0.660487 0.555056 0.660628 0.556546 0.661047 0.557625 0.661701 0.556963 0.668375 0.566421 0.662589 0.556218 0.663656 0.554889 0.670336 0.565759 0.670336 0.567583 0.668841 0.570069 0.667674 0.570153 0.661701 0.560944 0.656380 0.553727 0.650076 0.545759 0.647141 0.540449 0.646896 0.537884
8 0.662536 0.552731 0.661469 0.554060 0.660487 0.555056 0.660628 0.556546 0.661047 0.557625 0.661701 0.556963 0.662589 0.556218 0.663656 0.554889 0.670495 0.547315 0.674406 0.541579 0.674245 0.539352 0.669042 0.524583 0.665896 0.516838 0.664927 0.518699 0.667711 0.527236 0.667911 0.531824 0.669565 0.532255 0.671542 0.538708 0.671979 0.541713
8 0.646953 0.511657 0.645138 0.511157 0.645865 0.514028 0.647557 0.514884 0.648687 0.522773 0.650260 0.527866 0.652115 0.531269 0.653021 0.533255 0.653997 0.534741 0.656674 0.540704 0.656328 0.542769 0.656661 0.551736 0.659036 0.553750 0.658828 0.551250 0.658573 0.548995 0.658526 0.546343 0.657982 0.541046 0.656979 0.538472 0.656328 0.537222 0.656135 0.536208 0.655646 0.534472 0.653893 0.531644 0.652151 0.527861 0.651044 0.526273 0.649672 0.516306 0.649068 0.514440
8 0.514336 0.345523 0.514151 0.344208 0.514875 0.335694 0.515779 0.329852 0.517315 0.327926 0.519305 0.327389 0.527440 0.329213 0.540005 0.331407 0.542625 0.331352 0.542505 0.332370 0.542052 0.335477 0.532833 0.333870 0.522167 0.331889 0.518971 0.330819 0.517224 0.330926 0.516591 0.337833 0.515930 0.342657 0.515531 0.342731 0.515352 0.343801
8 0.517357 0.364565 0.517568 0.363227 0.518432 0.362310 0.519826 0.360454 0.524258 0.354764 0.529497 0.349986 0.533742 0.346583 0.535984 0.345917 0.537013 0.348491 0.536732 0.352634 0.534677 0.365750 0.531643 0.374125 0.531086 0.375699 0.530289 0.375954 0.529404 0.374458 0.530443 0.371991 0.532997 0.365917 0.533836 0.357949 0.535937 0.350727 0.535703 0.349565 0.532297 0.351394 0.523615 0.359356 0.520349 0.363005 0.519323 0.364917 0.518010 0.367134
8 0.529208 0.396282 0.529479 0.393333 0.530935 0.390384 0.531719 0.388241 0.531990 0.387491 0.533195 0.385616 0.533500 0.385236 0.534479 0.383412 0.542948 0.376245 0.551602 0.368806 0.553982 0.365806 0.559362 0.361431 0.563518 0.359935 0.569896 0.360139 0.574089 0.363157 0.580523 0.375926 0.587521 0.399810 0.587583 0.408250 0.580523 0.382815 0.575026 0.369264 0.571776 0.364491 0.568029 0.362931 0.564781 0.362597 0.560156 0.364708 0.549870 0.372824 0.548359 0.375417 0.539542 0.381977 0.537344 0.383796 0.534529 0.386116 0.532862 0.389264 0.530076 0.397273
8 0.549870 0.372824 0.548948 0.377356 0.545820 0.392375 0.541714 0.411537 0.541620 0.413861 0.542320 0.414444 0.543346 0.413611 0.543628 0.410708 0.549182 0.384241 0.552216 0.370884
8 0.565398 0.362792 0.565773 0.376565 0.564654 0.391833 0.564000 0.399634 0.561992 0.404111 0.563299 0.387769 0.564094 0.370426 0.563906 0.362958 0.564781 0.362597
8 0.500021 0.371287 0.500508 0.373829 0.506365 0.391986 0.508005 0.397319 0.507586 0.399301 0.504029 0.399426 0.504135 0.400972 0.506190 0.401532 0.508667 0.401718 0.509120 0.400542 0.509643 0.398495 0.509258 0.394528 0.508258 0.390468 0.506026 0.384148 0.502948 0.374139 0.501284 0.369222
8 0.483852 0.385106 0.485482 0.385977 0.494518 0.392569 0.495508 0.393583 0.500833 0.397917 0.503437 0.399722 0.504135 0.400972 0.506190 0.401532 0.511281 0.405560 0.515953 0.399051 0.516997 0.398681 0.518289 0.400417 0.516893 0.408102 0.515117 0.407792 0.515917 0.404199 0.516685 0.401718 0.516128 0.401097 0.513513 0.404694 0.511352 0.407171 0.509224 0.406861 0.499044 0.399361 0.492943 0.394343 0.491724 0.394653 0.489177 0.391986 0.487331 0.390745 0.484307 0.387065
8 0.483656 0.387310 0.482281 0.385032 0.481695 0.385736 0.481276 0.386648 0.482120 0.388764 0.487203 0.394356 0.489203 0.398079 0.490130 0.398940 0.492487 0.403176 0.494792 0.405833 0.497453 0.407620 0.498339 0.408407 0.501201 0.409273 0.503740 0.408699 0.505677 0.407551 0.505474 0.406116 0.504708 0.405903 0.502693 0.406620 0.500432 0.407120 0.495875 0.403894 0.490995 0.397796 0.488372 0.392921 0.487242 0.391417 0.485831 0.388833 0.484307 0.387065
8 0.497828 0.422472 0.497948 0.421037 0.504482 0.426060 0.506096 0.426921 0.507469 0.427852 0.516544 0.432657 0.524482 0.436616 0.526539 0.437046 0.527552 0.437731 0.527786 0.440093 0.523401 0.438843 0.514893 0.434630 0.505378 0.429356 0.498927 0.424153
8 0.508216 0.388023 0.510971 0.388694 0.518201 0.397111 0.519135 0.398273 0.519135 0.398273 0.529792 0.412269 0.538365 0.426935 0.540313 0.430324 0.540599 0.434583 0.533792 0.423537 0.522732 0.405699 0.518289 0.400417 0.516997 0.398681 0.513346 0.394657 0.512651 0.394333 0.510781 0.391421 0.508258 0.390468
8 0.532526 0.474676 0.532919 0.470625 0.533029 0.468847 0.532995 0.466431 0.532344 0.463519 0.532505 0.461968 0.532297 0.461097 0.531596 0.459463 0.530909 0.455699 0.530701 0.454028 0.529328 0.448181 0.527786 0.440093 0.527552 0.437731 0.526003 0.429167 0.524146 0.415736 0.523305 0.412500 0.521625 0.410593 0.520924 0.408704 0.521005 0.407120 0.523625 0.409347 0.525401 0.412718 0.528065 0.429639 0.530161 0.441042 0.532112 0.451616 0.533716 0.460417 0.534138 0.464630 0.534570 0.468565 0.534359 0.471458 0.534010 0.476991
