0 0.015203 0.826194 0.018628 0.823083 0.020984 0.816949 0.022250 0.811468 0.025698 0.809523 0.032964 0.787880 0.035490 0.784037 0.040229 0.778208 0.052911 0.766935 0.057818 0.766935 0.061802 0.768227 0.068898 0.774361 0.077232 0.782741 0.083768 0.789176 0.085589 0.797556 0.084497 0.813713 0.083961 0.820491 0.083768 0.825634 0.087216 0.828227 0.091760 0.829824 0.092294 0.833708 0.090667 0.839843 0.086125 0.839843 0.081240 0.835958 0.076161 0.833060 0.072349 0.829824 0.067974 0.827273 0.065083 0.829176 0.054562 0.840491 0.052378 0.844681 0.054708 0.852977 0.100120 0.963120 0.096716 0.969597 0.094044 0.976074 0.092102 0.984713 0.087727 0.988171 0.085784 0.982556 0.084326 0.966144 0.080924 0.950593 0.055414 0.949296 0.048854 0.951454 0.045695 0.960958 0.043995 0.970463 0.044724 0.976940 0.051039 0.988171 0.052466 1.000000 -0.000000 1.000000 0.000000 0.868097
5 0.434766 0.629977 0.436135 0.631120 0.436781 0.634708 0.437266 0.635782 0.437831 0.636000 0.441487 0.634880 0.462346 0.606319 0.460273 0.603324 0.441875 0.627278 0.438896 0.629352 0.436305 0.629120 0.435917 0.625894 0.435010 0.612537 0.433927 0.609792 0.431977 0.611333 0.432216 0.616356 0.432552 0.618884 0.433807 0.625278
5 0.373021 0.507639 0.394479 0.523704 0.393057 0.516028 0.387979 0.512106 0.375599 0.502292 0.367526 0.496440 0.365901 0.495995 0.364526 0.501329 0.364901 0.501551 0.371081 0.506778
5 0.481375 0.982023 0.481422 0.984079 0.481867 0.984940 0.483396 0.985023 0.491229 0.978042 0.498359 0.969958 0.496721 0.965875
5 0.404323 0.523931 0.396667 0.517731 0.398393 0.526370 0.410107 0.535773 0.433164 0.554477 0.440703 0.560741 0.441703 0.559741 0.442638 0.556301 0.427721 0.543060 0.407979 0.526546
5 0.586029 0.869352 0.602924 0.866231 0.612818 0.862556 0.633969 0.853620 0.652523 0.845856 0.651854 0.842440 0.650602 0.843032 0.650016 0.842139 0.635924 0.847444 0.634039 0.848236 0.615245 0.855523 0.605122 0.859546 0.602422 0.861028 0.584487 0.865509
5 0.615245 0.855523 0.634039 0.848236 0.634182 0.838861 0.634182 0.836931 0.633320 0.834231 0.627609 0.823176 0.622693 0.835384 0.623917 0.848116 0.622617 0.848505 0.621893 0.838981
5 0.709802 0.986023 0.704682 1.000000 0.719359 1.000000 0.711727 0.986319
5 0.671237 1.000000 0.670159 0.991366 0.668125 0.991194 0.667932 0.969000 0.666383 0.968315 0.657276 0.982315 0.654182 0.997236 0.654182 1.000000 0.654182 1.000000 0.654182 1.000000
5 0.672513 1.000000 0.669771 0.971755 0.678964 0.970032 0.701036 1.000000
5 0.398182 0.487866 0.396344 0.482218 0.394651 0.481620 0.390589 0.478699 0.384878 0.479042 0.383716 0.477838 0.383128 0.493963 0.382458 0.497681 0.377773 0.493370 0.373844 0.491583 0.373258 0.491583 0.375599 0.502292 0.387979 0.512106 0.390070 0.507495 0.391492 0.504523 0.392831 0.501694 0.393247 0.499315 0.394922 0.494856 0.395005 0.493963
5 0.475055 0.555602 0.476893 0.555259 0.481849 0.550718 0.478945 0.548134 0.475073 0.544181 0.469849 0.535060 0.446523 0.501167 0.446331 0.498412 0.448654 0.491190 0.452427 0.484134 0.455331 0.480523 0.458042 0.476394 0.459299 0.469681 0.460969 0.464088 0.455763 0.446991 0.449185 0.429644 0.446799 0.423606 0.442604 0.411009 0.442534 0.409204 0.453302 0.403458 0.451286 0.403579 0.448677 0.402046 0.446943 0.400630 0.446146 0.399079 0.445643 0.397028 0.445576 0.395477 0.445576 0.394204 0.444914 0.393426 0.444120 0.390481 0.443906 0.388148 0.443906 0.384685 0.444914 0.375949 0.445497 0.373639 0.435279 0.375639 0.430247 0.372718 0.428505 0.372542 0.425456 0.373769 0.425393 0.374435 0.425018 0.375213 0.424643 0.375769 0.424206 0.376764 0.424143 0.378986 0.424456 0.381431 0.424456 0.382653 0.423956 0.383431 0.423878 0.386722 0.424526 0.393051 0.425070 0.400727 0.428039 0.416088 0.432240 0.433671 0.435086 0.444083 0.439518 0.454491 0.440523 0.459394 0.442440 0.468616 0.443109 0.477546 0.444036 0.489880 0.445536 0.507139 0.448130 0.530778 0.451393 0.546829 0.452148 0.550991 0.461099 0.553968 0.468378 0.555912
5 0.555276 0.796866 0.556695 0.786773 0.564740 0.758384 0.566396 0.753759 0.575029 0.715903 0.577042 0.707912 0.578578 0.703079 0.582836 0.692981 0.586268 0.682259 0.586268 0.682046 0.586977 0.680995 0.608742 0.694875 0.635594 0.718218 0.632398 0.727051 0.627667 0.740931 0.622701 0.759014 0.617378 0.781935 0.608979 0.816634 0.607323 0.812639 0.605313 0.809273 0.603656 0.808431 0.602708 0.807380 0.601289 0.806750 0.598451 0.808644 0.593482 0.815162 0.587805 0.820000 0.576214 0.810745 0.573846 0.809694 0.571599 0.808852 0.569234 0.809481 0.567104 0.813690 0.567224 0.808009 0.566750 0.807171 0.566396 0.806958 0.565568 0.806750 0.563201 0.805486 0.560245 0.805486
5 0.654182 1.000000 0.654182 0.997236 0.657276 0.982315 0.657187 0.962366 0.656391 0.960954 0.654714 0.960009 0.653034 0.957810 0.635273 0.947444 0.630237 0.965194 0.627320 0.973833 0.626880 0.976662 0.625995 0.984829 0.625643 0.987500 0.624495 0.991269 0.621612 1.000000
5 0.553802 0.898278 0.554620 0.910093 0.555641 0.918634 0.559323 0.934991 0.561979 0.942806 0.563411 0.942986 0.582630 0.915542 0.583961 0.909907 0.580383 0.886644 0.583961 0.876829 0.578031 0.864653
5 0.470398 0.907347 0.473365 0.934792 0.484201 0.950602 0.490641 0.947514 0.492073 0.944421 0.492992 0.943694 0.494833 0.944421 0.495513 0.944519 0.509120 0.938380 0.509958 0.937856 0.510271 0.934611 0.503727 0.883176 0.502602 0.880630 0.493607 0.886083 0.488646 0.887407 0.482565 0.892259 0.474182 0.901167 0.470807 0.903528
5 0.473365 0.934792 0.467245 0.925824 0.463807 0.901662 0.464112 0.900167 0.464190 0.896366 0.463807 0.895278 0.462815 0.894329 0.461974 0.892023 0.459685 0.873963 0.460753 0.874102 0.460448 0.867310 0.464878 0.865278 0.468008 0.863241 0.483815 0.859032 0.485573 0.859574 0.488594 0.887407 0.482565 0.892259 0.474182 0.901167 0.470807 0.903528 0.470398 0.907347
5 0.514148 0.951440 0.512078 0.946796 0.509120 0.938380 0.505786 0.899861 0.507768 0.893171 0.509036 0.886222 0.509302 0.873662 0.510628 0.870199 0.510716 0.866745 0.510805 0.862347 0.509214 0.843500 0.518581 0.835019 0.521760 0.838005 0.521760 0.840356 0.522201 0.842713 0.522555 0.845542 0.525117 0.846481 0.535367 0.849315 0.535630 0.849315 0.535719 0.843657 0.533247 0.834069 0.537044 0.829204 0.544115 0.822449 0.543143 0.838005 0.543581 0.841301 0.544820 0.841931 0.550297 0.847269 0.550651 0.850250 0.548000 0.854491 0.546323 0.860778 0.543937 0.873819 0.542521 0.883398 0.537310 0.885125 0.536784 0.885597 0.537932 0.892819 0.537932 0.897537 0.535190 0.910569 0.535190 0.912148 0.535719 0.914815 0.529359 0.928634 0.522466 0.923139 0.520878 0.928792 0.527060 0.933509 0.515573 0.951574
5 0.425844 0.426514 0.410552 0.448537 0.406102 0.457829 0.403102 0.464023 0.400102 0.471074 0.397875 0.477958 0.396906 0.482431 0.397583 0.483981 0.399036 0.486903 0.402617 0.484153 0.405617 0.484667 0.413648 0.481056 0.435133 0.464023 0.434651 0.459375 0.427971 0.421528
5 0.537932 0.897537 0.538953 0.906139 0.539870 0.906685 0.539945 0.906685 0.539716 0.935194 0.529359 0.928634 0.535719 0.914815 0.535190 0.912148 0.535190 0.910569
5 0.490641 0.947514 0.491070 0.950806 0.493057 0.957593 0.496721 0.965875 0.499318 0.972259 0.499852 0.974292 0.500539 0.974838 0.500617 0.974972 0.505961 0.972120 0.510086 0.966421 0.512224 0.963838 0.514286 0.960991 0.514667 0.959361 0.515279 0.958000 0.515432 0.956644 0.515583 0.952708 0.515573 0.951574 0.514148 0.951440 0.512078 0.946796 0.509120 0.938380 0.495513 0.944519 0.494833 0.944421 0.492992 0.943694 0.492073 0.944421
5 0.550651 0.850250 0.555518 0.853486 0.556357 0.854361 0.559560 0.853662 0.560349 0.852519 0.563997 0.852958 0.568385 0.860935 0.568880 0.862426 0.569570 0.865491 0.559315 0.866634 0.559464 0.871278 0.569273 0.871190 0.569570 0.876537 0.565576 0.881884 0.542521 0.883398 0.543937 0.873819 0.546323 0.860778 0.548000 0.854491
5 0.489266 0.856134 0.486964 0.861134 0.485857 0.862801 0.485573 0.859574 0.483815 0.859032 0.468008 0.863241 0.464878 0.865278 0.460448 0.867310 0.460503 0.868556 0.455687 0.860829 0.455346 0.858403 0.453216 0.854088 0.453471 0.852875 0.453729 0.852343 0.453898 0.851815 0.452237 0.848708 0.452451 0.846361 0.452833 0.844921 0.453643 0.844616 0.455177 0.846588 0.457435 0.848481 0.459779 0.848481 0.462208 0.847875 0.464466 0.845681 0.466682 0.843782 0.467576 0.842347 0.467961 0.840301 0.468430 0.838556 0.471109 0.834912 0.472341 0.833954 0.473375 0.834824 0.473526 0.835620 0.473232 0.836491 0.473232 0.838157 0.473479 0.838681 0.474266 0.839472 0.475154 0.839907 0.475596 0.840704 0.475844 0.842014 0.477224 0.842449 0.478505 0.842014 0.477323 0.834824 0.477815 0.834741 0.489253 0.854458 0.489352 0.855421
5 0.410107 0.535773 0.423828 0.546894 0.421914 0.548634 0.416086 0.551278 0.413557 0.548065
5 0.332995 0.603005 0.326883 0.585588 0.330732 0.579639 0.322643 0.559593 0.326641 0.554556 0.333250 0.552028 0.349224 0.543551 0.354159 0.540278 0.364529 0.524560 0.365281 0.527991 0.370781 0.544875 0.373385 0.549634 0.378901 0.561120 0.379898 0.563449 0.383461 0.576556 0.388211 0.593880 0.382586 0.601657 0.378148 0.607440 0.374961 0.609431 0.374904 0.610769 0.376651 0.617324 0.375091 0.621319 0.374273 0.625986 0.373464 0.632991 0.373516 0.636718 0.372065 0.635764 0.371513 0.631444 0.371771 0.629764 0.372151 0.624606 0.372000 0.620130 0.371922 0.618227 0.371617 0.612935 0.371312 0.607505 0.370625 0.605194 0.369479 0.597046 0.368258 0.590667 0.367188 0.585644 0.365357 0.582657 0.362302 0.581569 0.358940 0.581569 0.356344 0.582384 0.352755 0.583745 0.349625 0.586593 0.346492 0.591889 0.342979 0.600037 0.338932 0.607505 0.338016 0.612796 0.338016 0.616190
5 0.602924 0.866231 0.600229 0.873269 0.606156 0.881495 0.607385 0.877639 0.606961 0.876968 0.612818 0.862556
5 0.388518 0.468769 0.383716 0.477838 0.384878 0.479042 0.390589 0.478699 0.394651 0.481620 0.396008 0.479213 0.398523 0.470954 0.401331 0.461148 0.407813 0.438782 0.409943 0.427255 0.414104 0.415556 0.423956 0.383431 0.422581 0.383319 0.420331 0.382986 0.415271 0.379764 0.410398 0.375880 0.407023 0.373657 0.406398 0.372435 0.405586 0.370657 0.403586 0.367769 0.400964 0.364546 0.400234 0.364213 0.401073 0.375639 0.403305 0.376134 0.403932 0.389894 0.405750 0.394264 0.404169 0.396440 0.404169 0.409546 0.404357 0.430093 0.404169 0.437204 0.403602 0.444023 0.402375 0.450056 0.400419 0.453653
5 0.446021 0.819653 0.443852 0.826139 0.443310 0.827806 0.443260 0.829468 0.445479 0.833065 0.446318 0.834292 0.448044 0.835606 0.450214 0.838495 0.450953 0.839722 0.451544 0.840690 0.451693 0.842093 0.451937 0.843144 0.452677 0.843931 0.452833 0.844921 0.453643 0.844616 0.455177 0.846588 0.457435 0.848481 0.459779 0.848481 0.462208 0.847875 0.464466 0.845681 0.466682 0.843782 0.467576 0.842347 0.467961 0.840301 0.468430 0.838556 0.471109 0.834912 0.472341 0.833954 0.473375 0.834824 0.473526 0.835620 0.473232 0.836491 0.473232 0.838157 0.473479 0.838681 0.474266 0.839472 0.475154 0.839907 0.475596 0.840704 0.475844 0.842014 0.477224 0.842449 0.478505 0.842014 0.477323 0.834824 0.476638 0.831046 0.473435 0.825699 0.472891 0.823509 0.472794 0.822106 0.473927 0.815884 0.472073 0.801606 0.471156 0.797037 0.468932 0.791255 0.468878 0.791157 0.468760 0.789833 0.468760 0.785681 0.470643 0.777065 0.470531 0.775032 0.469427 0.773565 0.468646 0.773407 0.467396 0.773208 0.466708 0.774523 0.466536 0.776046 0.467167 0.777565 0.467281 0.777977 0.465969 0.784968 0.464940 0.786389 0.464427 0.787204 0.464654 0.791764 0.465685 0.794708 0.466823 0.799477 0.465510 0.800389 0.456953 0.809310 0.452904 0.812954 0.451706 0.813060 0.451193 0.812755 0.450109 0.814278 0.449651 0.816208 0.448503 0.813639 0.446672 0.815681 0.449651 0.823139
5 0.546378 0.889884 0.537594 0.891102 0.537932 0.892819 0.537932 0.897537 0.538953 0.906139 0.539870 0.906685 0.539945 0.906685 0.539716 0.935194 0.539258 0.942796 0.538112 0.964792 0.536891 0.973884 0.538776 0.982176 0.564490 0.983713 0.574034 0.984028 0.578716 0.975486 0.576367 0.972940 0.577690 0.956949 0.576263 0.958944 0.575237 0.958218 0.575544 0.954403 0.578409 0.950764 0.583451 0.915421 0.582630 0.915542 0.563411 0.942986 0.561979 0.942806 0.559323 0.934991 0.555641 0.918634 0.554620 0.910093 0.553802 0.898278 0.561164 0.888060
5 0.527060 0.933509 0.539258 0.942796 0.538112 0.964792 0.536891 0.973884 0.538802 0.982315 0.533203 0.982407 0.507948 0.992894 0.507336 0.992894 0.505198 0.974838 0.505961 0.972120 0.510086 0.966421 0.512224 0.963838 0.514286 0.960991 0.514667 0.959361 0.515279 0.958000 0.515432 0.956644 0.515583 0.952708 0.515573 0.951574
5 0.310591 0.529352 0.330414 0.505255 0.335958 0.497944 0.336898 0.501824 0.342117 0.503995 0.347945 0.507222 0.353070 0.509778 0.353859 0.510569 0.351727 0.512458 0.345932 0.517264 0.338065 0.527718 0.329190 0.539264 0.329109 0.544713 0.328229 0.545634 0.324383 0.550389 0.322521 0.547060 0.319615 0.549685 0.310708 0.529560
5 0.266057 0.310699 0.260034 0.306245 0.258865 0.305343 0.257698 0.305343 0.255773 0.306690 0.255185 0.309208 0.254435 0.333157 0.254935 0.340588 0.255854 0.349963 0.250919 0.355319 0.253841 0.364819 0.267484 0.407968 0.269586 0.407500 0.276143 0.402370 0.278375 0.400500 0.281786 0.397468 0.285716 0.390699 0.288740 0.389778 0.293776 0.391755 0.297187 0.394083 0.298497 0.392690 0.300466 0.388722 0.302823 0.379861 0.304141 0.374736 0.305714 0.367731 0.309776 0.361435 0.316862 0.350713 0.317909 0.347917 0.317557 0.343477 0.306424 0.345444 0.306086 0.348671 0.303591 0.353718 0.300758 0.355528 0.295995 0.357338 0.295312 0.359157 0.293841 0.361773 0.292818 0.363190 0.291346 0.363792 0.285789 0.364000 0.284773 0.362986 0.284430 0.358144 0.284320 0.357546 0.278646 0.359755 0.276042 0.359755 0.274680 0.358144 0.274115 0.354917 0.273888 0.350894
5 0.317083 0.327639 0.316872 0.321463 0.313698 0.285588 0.316273 0.288657 0.316776 0.288995 0.319122 0.288773 0.321398 0.288773 0.321648 0.288773 0.322599 0.292255 0.323862 0.292255 0.324750 0.290454 0.326904 0.289889 0.327664 0.288880 0.328859 0.288551 0.331901 0.285060 0.332534 0.286412 0.333422 0.286273 0.331984 0.289384 0.330924 0.292940 0.330612 0.295157 0.329862 0.297935 0.329674 0.301157 0.329737 0.306380 0.329362 0.308819 0.328862 0.310819 0.331424 0.312597 0.331961 0.314718 0.333055 0.317634 0.332180 0.319282 0.330594 0.319866 0.329828 0.322102 0.328680 0.322394 0.327859 0.324046 0.329008 0.326380 0.329336 0.327644 0.327039 0.330560 0.325781 0.334060 0.323596 0.338528 0.321956 0.338241 0.319878 0.337366 0.318456 0.335130 0.319714 0.330269 0.319768 0.326574 0.319495 0.326282 0.318784 0.326185 0.318401 0.326574 0.317964 0.327741 0.317526 0.327741
5 0.304307 0.263523 0.302383 0.262361 0.300992 0.262620 0.300115 0.262620 0.300042 0.267954 0.301505 0.268343 0.302383 0.268995 0.303115 0.271856 0.302927 0.273093 0.306328 0.279338 0.306328 0.267046 0.307122 0.267046 0.312792 0.284579 0.313698 0.285588 0.316273 0.288657 0.316776 0.288995 0.319122 0.288773 0.321398 0.288773 0.321648 0.288773 0.322599 0.292255 0.323862 0.292255 0.324750 0.290454 0.326904 0.289889 0.327664 0.288880 0.328859 0.288551 0.331901 0.285060 0.332534 0.286412 0.333422 0.286273 0.335609 0.281495 0.339607 0.279056 0.337422 0.273056 0.337487 0.271264 0.336732 0.270014 0.335813 0.267806 0.324526 0.261949 0.323555 0.260796 0.322474 0.260125 0.318586 0.259264 0.318620 0.257949 0.316240 0.262523 0.304307 0.265079
5 0.304974 0.406944 0.302427 0.409731 0.301643 0.410079 0.300073 0.409384 0.298214 0.407468 0.297232 0.405204 0.295568 0.401370 0.294490 0.396491 0.287727 0.396491 0.282633 0.395968 0.285716 0.390699 0.288740 0.389778 0.293776 0.391755 0.297187 0.394083 0.298497 0.392690 0.300466 0.388722 0.302823 0.379861 0.304141 0.374736 0.310951 0.378898
5 0.305937 0.402222 0.310010 0.401181 0.313536 0.397694 0.320102 0.391074 0.327943 0.378009 0.337643 0.364597 0.345286 0.357106 0.345971 0.336204 0.349500 0.316866 0.353703 0.295995 0.352229 0.297380 0.350792 0.298491 0.347232 0.299269 0.342919 0.298713 0.340982 0.300824 0.332984 0.311597 0.331424 0.312597 0.331961 0.314718 0.333055 0.317634 0.332180 0.319282 0.330594 0.319866 0.329828 0.322102 0.328680 0.322394 0.327859 0.324046 0.329008 0.326380 0.329336 0.327644 0.327039 0.330560 0.325781 0.334060 0.323596 0.338528 0.321956 0.338241 0.319878 0.337366 0.318456 0.335130 0.319714 0.330269 0.319768 0.326574 0.319495 0.326282 0.318784 0.326185 0.318401 0.326574 0.317964 0.327741 0.317526 0.327741 0.317109 0.327639 0.317557 0.343477 0.317909 0.347917 0.316862 0.350713 0.309776 0.361435 0.305714 0.367731 0.304141 0.374736 0.310951 0.378898
5 0.339141 0.404671 0.327943 0.378009 0.337643 0.364597 0.345286 0.357106 0.345971 0.336204 0.349500 0.316866 0.353703 0.295995 0.356727 0.292940 0.355789 0.290051 0.360664 0.284829 0.362227 0.283051 0.364036 0.280162 0.367599 0.272611 0.369349 0.268389 0.369974 0.264171 0.370036 0.257727 0.369786 0.252949 0.368786 0.247620 0.367724 0.245287 0.365404 0.243421 0.374312 0.236375 0.389987 0.251852 0.394052 0.261148 0.404031 0.278352 0.408341 0.287241 0.399906 0.307898 0.395891 0.316894 0.389701 0.328417 0.387185 0.333921 0.381664 0.346991 0.372380 0.366782 0.370146 0.372968 0.367344 0.374694 0.361924 0.381579 0.348667 0.399468 0.341305 0.408074
5 0.407729 0.311301 0.404719 0.309343 0.404156 0.309565 0.399906 0.307898 0.395891 0.316894 0.389701 0.328417 0.387185 0.333921 0.385807 0.341301 0.386482 0.349042 0.389674 0.348532 0.395620 0.352880 0.396339 0.350106 0.397276 0.347662 0.398594 0.345093 0.400151 0.344111 0.402151 0.344778 0.403773 0.346667 0.407023 0.352218 0.408898 0.354551 0.411742 0.356273 0.412117 0.349088 0.412648 0.345370 0.413440 0.341032 0.414354 0.339412 0.415708 0.338204 0.420164 0.333903 0.421125 0.332014 0.420258 0.327884 0.417932 0.323583 0.413484 0.316185
5 0.361815 0.490907 0.365062 0.492685 0.367438 0.493796 0.369688 0.493352 0.372060 0.492241 0.373258 0.491583 0.373844 0.491583 0.377773 0.493370 0.382458 0.497681 0.383128 0.493963 0.383716 0.477838 0.388518 0.468769 0.377633 0.477991 0.362089 0.489273 0.360052 0.490324
5 0.370146 0.372968 0.368969 0.374593 0.363844 0.395694 0.360971 0.406134 0.356034 0.402361 0.355159 0.400583 0.355409 0.398806 0.360784 0.388255 0.362096 0.384699 0.363281 0.381477 0.364156 0.378810 0.367344 0.374694
5 0.358958 0.412634 0.360971 0.406134 0.363844 0.395694 0.368969 0.374593 0.370146 0.372968 0.372380 0.366782 0.378703 0.353319 0.387326 0.360648 0.392911 0.366269 0.397164 0.374625 0.397609 0.376421 0.396490 0.377810 0.395372 0.379602 0.392911 0.388366 0.389885 0.394338 0.388206 0.399514 0.386862 0.403491 0.386299 0.413644 0.384844 0.425986 0.383951 0.430171 0.383727 0.431759 0.356180 0.425986
5 0.389674 0.348532 0.386104 0.353093 0.390167 0.363500 0.392911 0.366269 0.397164 0.374625 0.397609 0.376421 0.397784 0.378750 0.401201 0.377574 0.400234 0.364213 0.398714 0.363769 0.397651 0.361991 0.397089 0.360218 0.396214 0.357440 0.395781 0.355417 0.395651 0.352884
5 0.397784 0.378750 0.401878 0.384940 0.405750 0.394264 0.385180 0.422949 0.386299 0.413644 0.386862 0.403491 0.388206 0.399514 0.389885 0.394338 0.392911 0.388366 0.395372 0.379602 0.396490 0.377810 0.397609 0.376421
5 0.404169 0.396440 0.404169 0.409546 0.404357 0.430093 0.404169 0.437204 0.403602 0.444023 0.402375 0.450056 0.400419 0.453653 0.388518 0.468769 0.377633 0.477991 0.362089 0.489273 0.336898 0.501824 0.335958 0.497944 0.357060 0.470824 0.352471 0.462856 0.357458 0.458208 0.366781 0.445866 0.378815 0.430718 0.383727 0.431759 0.383951 0.430171 0.384844 0.425986 0.385180 0.422949
5 0.308802 0.431315 0.307719 0.436454 0.308443 0.440824 0.308513 0.447120 0.309237 0.449819 0.310250 0.450977 0.314370 0.453676 0.314370 0.451231 0.317117 0.452389 0.317622 0.454704 0.318417 0.458685 0.322320 0.457144 0.322674 0.452750 0.324607 0.433486 0.315122 0.431583
5 0.316766 0.414042 0.315315 0.420236 0.313669 0.424880 0.308802 0.431315 0.315122 0.431583 0.324607 0.433486 0.322674 0.452750 0.324701 0.453958 0.325958 0.435894 0.326927 0.429181 0.329250 0.427463 0.328185 0.423505 0.329638 0.423162 0.329154 0.417653 0.328477 0.414556 0.327896 0.414042 0.323346 0.413523
5 0.329154 0.417653 0.332406 0.422769 0.337424 0.417412 0.340435 0.412060 0.341305 0.408074 0.339141 0.404671 0.331487 0.386782 0.330315 0.387079 0.326635 0.390648 0.323206 0.395259 0.321448 0.400167 0.320865 0.404921 0.320612 0.408046 0.320781 0.410870 0.323346 0.413523 0.327896 0.414042 0.328477 0.414556
5 0.316766 0.414042 0.318857 0.407597 0.320026 0.402542 0.319609 0.400759 0.320529 0.396894 0.319273 0.396148 0.318857 0.397639 0.317268 0.396597 0.316263 0.396745 0.313536 0.397694 0.313419 0.399273 0.313586 0.400014 0.312247 0.403287 0.310576 0.403139 0.308904 0.403435 0.306729 0.406111 0.304805 0.409088 0.303799 0.409681 0.303716 0.410130 0.301039 0.412657 0.297109 0.413250 0.294768 0.411019 0.293930 0.408046 0.285232 0.411019 0.282807 0.414440 0.283432 0.416630 0.285529 0.416245 0.286542 0.416245 0.290156 0.417787 0.291747 0.419444 0.293555 0.424329 0.294781 0.429343 0.295687 0.431690 0.297695 0.432880 0.300622 0.433176 0.304302 0.432579 0.308802 0.431315 0.313669 0.424880 0.315315 0.420236
5 0.510753 0.505625 0.512622 0.509769 0.508753 0.515620 0.508849 0.517856 0.518818 0.521296 0.524430 0.521815 0.523076 0.510630 0.520076 0.504435 0.519784 0.499444 0.519107 0.499444 0.521430 0.490843 0.518333 0.489468 0.516612 0.496106 0.513352 0.495806 0.508247 0.495065 0.506242 0.491792 0.505490 0.490157 0.505404 0.487333 0.509839 0.470977 0.511677 0.468000 0.514354 0.467556 0.515818 0.468477 0.516398 0.460907 0.510740 0.451463 0.509115 0.458019 0.506055 0.466236 0.504805 0.467569 0.503180 0.468681 0.501680 0.469236 0.500492 0.469792 0.499057 0.470903 0.497307 0.472569 0.495201 0.474523 0.495883 0.476079 0.501510 0.488630 0.502318 0.488741 0.503880 0.490852
5 0.520089 0.467542 0.516398 0.460907 0.515818 0.468477 0.516781 0.469190 0.519456 0.474097 0.520628 0.480343 0.518333 0.489468 0.521430 0.490843 0.519107 0.499444 0.519784 0.499444 0.520076 0.504435 0.523076 0.510630 0.524430 0.521815 0.518818 0.521296 0.508849 0.517856 0.508919 0.523292 0.510904 0.523301 0.513607 0.524843 0.518141 0.527722 0.521378 0.531269 0.525000 0.538282 0.527271 0.544903 0.528130 0.547972 0.528888 0.552111 0.528888 0.556625 0.528513 0.559208 0.527052 0.562769 0.524112 0.568227 0.518690 0.572083 0.514641 0.572597 0.509797 0.572727 0.503435 0.571440 0.513076 0.585134 0.521471 0.574153 0.531133 0.561023 0.541500 0.513269 0.541818 0.503130 0.537807 0.505208 0.535044 0.490199
5 0.513539 0.448227 0.513258 0.449014 0.511159 0.447796 0.510740 0.451463 0.516398 0.460907 0.520089 0.467542 0.535044 0.490199 0.537807 0.505208 0.541818 0.503130 0.542096 0.503014 0.542138 0.501435 0.533586 0.476764 0.531005 0.468880 0.527779 0.463931 0.522695 0.457477 0.518904 0.453389
5 0.498216 0.525125 0.496549 0.524481 0.490987 0.528130 0.484563 0.535139 0.484237 0.536384 0.484237 0.537921 0.485641 0.541380 0.489693 0.545796 0.491958 0.547426 0.493794 0.550977 0.495245 0.549801 0.499836 0.553167 0.501078 0.553361 0.502104 0.552394 0.502807 0.552394 0.504159 0.552870 0.505938 0.553833 0.506422 0.550468 0.501888 0.549708 0.500753 0.547782 0.492167 0.542796 0.491682 0.542412 0.493734 0.534157 0.495086 0.530019 0.496755 0.527051
5 0.487763 0.513259 0.489721 0.522634 0.489932 0.523435 0.491078 0.523009 0.491349 0.525903 0.496549 0.524481 0.498216 0.525125 0.501781 0.523880 0.507013 0.523019 0.508919 0.523292 0.508849 0.517856 0.508753 0.515620 0.512622 0.509769 0.510753 0.505625 0.510190 0.508069 0.508948 0.511731 0.507815 0.514398 0.506948 0.516287 0.504318 0.517620 0.501260 0.518065 0.498443 0.518176 0.495388 0.518176 0.491578 0.516287 0.488698 0.514287
5 0.478130 0.521486 0.479156 0.526287 0.480128 0.528782 0.484237 0.537921 0.484237 0.536384 0.484563 0.535139 0.490987 0.528130 0.496549 0.524481 0.491349 0.525903 0.491078 0.523009 0.489932 0.523435 0.489721 0.522634 0.487763 0.513259 0.485331 0.510731 0.483260 0.508181 0.481581 0.505292 0.480701 0.502625 0.479206 0.497625 0.478206 0.493741 0.477138 0.487852 0.476576 0.484074 0.477456 0.477745 0.479018 0.475190 0.480888 0.472079 0.482768 0.471190 0.484635 0.470523 0.485435 0.470236 0.482812 0.468569 0.480313 0.466125 0.477437 0.461792 0.474815 0.456463 0.474190 0.453796 0.473815 0.449352 0.473878 0.445579 0.475190 0.440690 0.477000 0.435579 0.479438 0.430806 0.483063 0.427361 0.485242 0.426218 0.483992 0.424662 0.482430 0.420551 0.479870 0.421329 0.474182 0.420662 0.468747 0.416662 0.464000 0.411778 0.460938 0.404444 0.460000 0.401338 0.457568 0.402282 0.453302 0.403458 0.442534 0.409204 0.442604 0.411009 0.446799 0.423606 0.449185 0.429644 0.455763 0.446991 0.460969 0.464088 0.463495 0.472315 0.465159 0.476167 0.468271 0.482597 0.472898 0.496727 0.474630 0.503162 0.476003 0.511255 0.476148 0.515111
5 0.460969 0.464088 0.459299 0.469681 0.458042 0.476394 0.455331 0.480523 0.452427 0.484134 0.448654 0.491190 0.446331 0.498412 0.446523 0.501167 0.469849 0.535060 0.463268 0.522671 0.454557 0.505810 0.453203 0.502889 0.453492 0.500824 0.463495 0.472315
5 0.409880 0.485412 0.414732 0.493116 0.413430 0.495685 0.406128 0.502500 0.404682 0.503782 0.402802 0.505069 0.401357 0.505454 0.398393 0.506352 0.397669 0.507769 0.396729 0.518306 0.395919 0.513806 0.395477 0.513014 0.394669 0.513157 0.393620 0.513731 0.393096 0.514449 0.393057 0.516028 0.387979 0.512106 0.390070 0.507495 0.391492 0.504523 0.392831 0.501694 0.393247 0.499315 0.394922 0.494856 0.395005 0.493963 0.398182 0.487866 0.399755 0.489162 0.401383 0.489588 0.403612 0.489801 0.404969 0.489750 0.407169 0.489106 0.408253 0.487981 0.409458 0.486426
5 0.438063 0.688958 0.438555 0.686625 0.439310 0.684417 0.440604 0.682500 0.442117 0.681829 0.444135 0.680778 0.446487 0.677870 0.450648 0.677028 0.451568 0.675778 0.455833 0.666181 0.458372 0.660032 0.459667 0.660227 0.464042 0.661472 0.462745 0.664162 0.461018 0.666468 0.463609 0.667907 0.464852 0.666755 0.466904 0.663296 0.468146 0.662722 0.469766 0.663009 0.470198 0.663681 0.470036 0.664259 0.467443 0.665699 0.464852 0.668579 0.470198 0.672417 0.470682 0.672417 0.472628 0.668676 0.473221 0.666657 0.472951 0.664741 0.473328 0.664259 0.475328 0.665505 0.476406 0.666852 0.475354 0.668727 0.473263 0.673181 0.475297 0.694343 0.475326 0.697097 0.468349 0.680356 0.455284 0.705458 0.452784 0.703681 0.449307 0.702407 0.446036 0.701681 0.443992 0.701681 0.442357 0.701681 0.441232 0.702407 0.440107 0.703315 0.438779 0.704042 0.438779 0.704042 0.439289 0.700588 0.439391 0.698773 0.439698 0.695134 0.438880 0.694407 0.438471 0.691685
5 0.493930 0.766625 0.494526 0.766051 0.494526 0.765120 0.494391 0.763236 0.492984 0.760546 0.492984 0.758532 0.500000 0.733819 0.500000 0.728181 0.499406 0.727005 0.498781 0.726259 0.491180 0.725394 0.490589 0.729111 0.489263 0.740329 0.489161 0.744718 0.489391 0.747843 0.489391 0.750556 0.488549 0.754898 0.487482 0.758023 0.486182 0.761824 0.485802 0.764269
5 0.472438 0.766815 0.474117 0.763454 0.476638 0.764542 0.476789 0.762231 0.485802 0.764269 0.493930 0.766625 0.502273 0.770819 0.503893 0.767074 0.507953 0.774560 0.510341 0.775329 0.507880 0.771861 0.508029 0.770440 0.509109 0.770319 0.514503 0.775083 0.515128 0.770528 0.516875 0.770861 0.520938 0.772528 0.526685 0.756644 0.534432 0.765861 0.535943 0.771713 0.531297 0.776000 0.530169 0.770116 0.503505 0.792500 0.503331 0.791019 0.502318 0.781125 0.493240 0.783194 0.492312 0.786380 0.491753 0.785468 0.492016 0.785264 0.492016 0.784208 0.491807 0.783403 0.491474 0.782819 0.491852 0.780514 0.491727 0.773056 0.483276 0.770819
5 0.665208 0.873796 0.669792 0.898102 0.671995 0.894083 0.674807 0.891301 0.682643 0.898667 0.682779 0.890023 0.682083 0.884352 0.677596 0.879722 0.678078 0.877282 0.677716 0.876491 0.676789 0.875847 0.675297 0.875634 0.674086 0.874917 0.672307 0.872861 0.669089 0.872949 0.667409 0.873528 0.666289 0.873528
5 0.711727 0.986319 0.692987 0.949833 0.692044 0.946116 0.691245 0.943884 0.693435 0.941630 0.692628 0.938616 0.694120 0.934671 0.693555 0.933236 0.686898 0.921407 0.689167 0.916356 0.684547 0.911009 0.684995 0.908222 0.684771 0.907227 0.678724 0.900060 0.674919 0.896477 0.674372 0.897060 0.671995 0.894083 0.674807 0.891301 0.682643 0.898667 0.682779 0.890023 0.684727 0.893366 0.690802 0.908273 0.692245 0.910069 0.695138 0.914435 0.698318 0.919579 0.702365 0.929343 0.716935 0.960898 0.730414 0.986690 0.736771 1.000000 0.736771 1.000000 0.719359 1.000000 0.719359 1.000000
5 0.696318 0.879116 0.692174 0.868106 0.690190 0.867097 0.685503 0.865319 0.691997 0.885542 0.694456 0.888398 0.694456 0.890477 0.693529 0.891407 0.692841 0.892269 0.691714 0.891551 0.690464 0.893204 0.689776 0.893060 0.689052 0.891912 0.689010 0.890546 0.685099 0.885815 0.683604 0.885958 0.682083 0.884398 0.682779 0.890023 0.684727 0.893366 0.690802 0.908273 0.692245 0.910069 0.695138 0.914435 0.698318 0.919579 0.702365 0.929343 0.716935 0.960898 0.730414 0.986690 0.736771 1.000000 0.738716 1.000000 0.712013 0.918981
5 0.672266 0.860370 0.679128 0.871185 0.679651 0.871472 0.679893 0.870255 0.680661 0.870255 0.681508 0.871116 0.682073 0.872551 0.681911 0.873981 0.691997 0.885542 0.685503 0.865319
5 0.665333 0.844412 0.669763 0.853894 0.684107 0.859301 0.667563 0.818269 0.658253 0.827162 0.664107 0.841593 0.664935 0.838935 0.666714 0.838750 0.666677 0.840111
5 0.662328 0.911963 0.671995 0.894083 0.674372 0.897060 0.674911 0.899653 0.689167 0.916356 0.685711 0.923940 0.682656 0.930792 0.679409 0.937347 0.675469 0.932352 0.676156 0.927347 0.665523 0.920616 0.664500 0.920185
5 0.642370 0.941157 0.649419 0.952065 0.653034 0.957810 0.654714 0.960009 0.656391 0.960954 0.657187 0.962366 0.663885 0.972227 0.666383 0.968315 0.666617 0.964426 0.665547 0.962852 0.663438 0.962991 0.659742 0.958269 0.658841 0.957472 0.655089 0.955250 0.653357 0.954528 0.650292 0.951593 0.647711 0.948440
5 0.644284 0.888343 0.644625 0.886403 0.644521 0.882931 0.644312 0.882435 0.643966 0.882329 0.642706 0.881995 0.632344 0.881852 0.631615 0.894769 0.634188 0.893264 0.644258 0.889824
5 0.590885 0.938472 0.590990 0.929907 0.590398 0.929819 0.588229 0.924806 0.586693 0.920463 0.578716 0.975486 0.581456 0.968241 0.585516 0.955023 0.590141 0.942472
5 0.637495 0.938704 0.639302 0.934815 0.644385 0.931662 0.644505 0.929866 0.645208 0.929028 0.652854 0.923343 0.652531 0.920903 0.651854 0.918509 0.651060 0.915190 0.649427 0.916269 0.648401 0.912704 0.643359 0.915185 0.641609 0.922167
8 0.469896 0.724037 0.470089 0.722819 0.485857 0.723296 0.494930 0.723972 0.503013 0.725532 0.503820 0.723093 0.485458 0.720106 0.473865 0.720083 0.468250 0.720083 0.467865 0.722148
8 0.648060 0.892167 0.652797 0.878454 0.653388 0.877028 0.656846 0.864718 0.662076 0.847611 0.664935 0.838935 0.666714 0.838750 0.666677 0.840111 0.658799 0.865088 0.647000 0.900963 0.647971 0.895148
8 0.582898 0.866009 0.584193 0.869602 0.584461 0.869764 0.586029 0.869352 0.584487 0.865509 0.570904 0.824356 0.569130 0.819546 0.568523 0.819130 0.567544 0.818796 0.567031 0.821120 0.574919 0.841199
8 0.615591 0.801486 0.617195 0.807685 0.618102 0.811963 0.618589 0.815806 0.619437 0.820477 0.621896 0.837310 0.621893 0.838981 0.622617 0.848505 0.623917 0.848116 0.622693 0.835384 0.620089 0.818162 0.616664 0.801208
8 0.651839 0.940384 0.651023 0.938991 0.652786 0.938750 0.660456 0.952704 0.667505 0.963259 0.668802 0.964329 0.669104 0.965134 0.669333 0.972083 0.670159 0.991366 0.668125 0.991194 0.667932 0.969000 0.667687 0.965778 0.662745 0.959134 0.658557 0.952491
8 0.463036 0.920259 0.465036 0.929810 0.468036 0.942806 0.473284 0.964255 0.476284 0.973139 0.479344 0.980583 0.481422 0.984079 0.485219 0.991579 0.486156 0.993579 0.486591 0.995690 0.486716 0.999685 0.482781 0.992690 0.482469 0.990468 0.478906 0.983139 0.475096 0.975472 0.472721 0.968699 0.470099 0.958366 0.466536 0.945037 0.461477 0.921824 0.461977 0.919269 0.462661 0.918046
5 0.313341 0.231968 0.316604 0.229144 0.317107 0.227208 0.325385 0.224236 0.326893 0.223940 0.328398 0.223194 0.327896 0.221111 0.339336 0.219653 0.341266 0.220694 0.342682 0.223069 0.343102 0.224111 0.342263 0.229907 0.341698 0.234940 0.341445 0.236130 0.337516 0.239847 0.333125 0.246574 0.332484 0.241421 0.326987 0.239755 0.313677 0.238065 0.313091 0.236130 0.313677 0.235389 0.314094 0.234347
5 0.306995 0.240199 0.304307 0.263523 0.304307 0.265079 0.316240 0.262523 0.318620 0.257949 0.321680 0.254282 0.324677 0.252167 0.329177 0.251727 0.330924 0.251949 0.333422 0.249065 0.332484 0.241421 0.326987 0.239755 0.308930 0.237644 0.309492 0.240644
5 0.338172 0.217995 0.350604 0.205528 0.356172 0.201287 0.358195 0.201157 0.361232 0.199616 0.362534 0.199102 0.374534 0.182394 0.375328 0.182139 0.378438 0.189593 0.380318 0.188949 0.381979 0.188949 0.383643 0.191648 0.384583 0.194602 0.384437 0.198843 0.383424 0.201542 0.383714 0.202569 0.383932 0.203727 0.383424 0.205528 0.382776 0.204755 0.375328 0.209514 0.375039 0.211694 0.374318 0.214269 0.364195 0.223134 0.349521 0.234060 0.345862 0.239727 0.344779 0.238829 0.343940 0.235111 0.342602 0.233778 0.342263 0.229907 0.343102 0.224111 0.342682 0.223069 0.341266 0.220694 0.339336 0.219653
5 0.262034 0.288917 0.266057 0.310699 0.260034 0.306245 0.258865 0.305343 0.257698 0.305343 0.255773 0.306690 0.255185 0.309208 0.254435 0.333157 0.254935 0.340588 0.255854 0.349963 0.250919 0.355319 0.245232 0.337769 0.249161 0.330037 0.248495 0.326014 0.243896 0.334935 0.238542 0.309667 0.260708 0.289139
8 0.255891 0.255176 0.251951 0.261250 0.253068 0.263356 0.257240 0.256759 0.326589 0.220324 0.325857 0.218144
8 0.399995 0.534671 0.401195 0.541894 0.398672 0.542269 0.396687 0.535245 0.393057 0.516028 0.393096 0.514449 0.393620 0.513731 0.394669 0.513157 0.395477 0.513014 0.395919 0.513806
2 0.353859 0.510569 0.357724 0.509009 0.356466 0.504102 0.355779 0.501440 0.354904 0.498662 0.354216 0.497440 0.353529 0.494662 0.353438 0.493611 0.336898 0.501824 0.342117 0.503995 0.347945 0.507222 0.353070 0.509778
17 0.465448 0.735051 0.454096 0.745139 0.456076 0.746431 0.461026 0.747606 0.464591 0.747958 0.465448 0.747486 0.467099 0.747134 0.468484 0.748426 0.470729 0.746667 0.473039 0.744435 0.474557 0.744083 0.478716 0.743028 0.480961 0.742676 0.484987 0.737750 0.485581 0.735755 0.485315 0.732116 0.483203 0.724491 0.472247 0.724019
17 0.470729 0.746667 0.469453 0.750694 0.469010 0.754907 0.468854 0.760324 0.471445 0.762366 0.473734 0.759519 0.475339 0.758838 0.477096 0.758972 0.476714 0.760736 0.474117 0.763454 0.476638 0.764542 0.476789 0.762231 0.485802 0.764269 0.486182 0.761824 0.487482 0.758023 0.488549 0.754898 0.489391 0.750556 0.489391 0.747843 0.489161 0.744718 0.488628 0.743903 0.485344 0.743903 0.478393 0.744583 0.474557 0.744083 0.473039 0.744435
2 0.433359 0.689139 0.431518 0.722579 0.442049 0.713676 0.449307 0.707861 0.452784 0.703681 0.449307 0.702407 0.446036 0.701681 0.443992 0.701681 0.442357 0.701681 0.441232 0.702407 0.440107 0.703315 0.438779 0.704042 0.438779 0.704042 0.439289 0.700588 0.439391 0.698773 0.439698 0.695134 0.438880 0.694407 0.438471 0.691685 0.438063 0.688958
17 0.423383 0.668602 0.423995 0.671875 0.425427 0.674417 0.424711 0.674963 0.424201 0.676236 0.423995 0.678236 0.424609 0.680417 0.426755 0.682958 0.430641 0.684051 0.434628 0.683505 0.442091 0.680051 0.444135 0.680778 0.446487 0.677870 0.450984 0.674056 0.453437 0.669148 0.455586 0.665509 0.456914 0.662968 0.458141 0.659148 0.458141 0.655514 0.457630 0.652426 0.452826 0.655514 0.445872 0.661514 0.443521 0.664421 0.441578 0.667694 0.440456 0.670602 0.436979 0.669509 0.436773 0.668963 0.436365 0.668421 0.436057 0.667694 0.435240 0.667148 0.432992 0.666782 0.428901 0.666782
17 0.529521 0.744380 0.529445 0.746551 0.530438 0.749403 0.532271 0.754019 0.534792 0.758769 0.535326 0.747231 0.536393 0.743838 0.536852 0.743565 0.537159 0.752389 0.538531 0.752931 0.538380 0.764472 0.540747 0.766917 0.546094 0.763523 0.547773 0.771532 0.552125 0.773296 0.556250 0.773162 0.560602 0.772889 0.564740 0.758384 0.566396 0.753759 0.565109 0.752116 0.563810 0.749403 0.563581 0.745870 0.562969 0.743157 0.561747 0.738676 0.558693 0.734875 0.556937 0.732704 0.554492 0.731208 0.551667 0.730940 0.550141 0.738810 0.549299 0.739764 0.547391 0.740171 0.545328 0.740032 0.542885 0.737593 0.540823 0.737185 0.536930 0.736505 0.535021 0.736505 0.533646 0.737046 0.531659 0.738407 0.530284 0.740032
17 0.568583 0.743440 0.565021 0.736750 0.562841 0.731940 0.562247 0.727245 0.562247 0.723139 0.562234 0.721051 0.563292 0.717769 0.563885 0.718352 0.565008 0.714366 0.564479 0.713657 0.566393 0.707440 0.565534 0.706500 0.561047 0.720231 0.561112 0.713426 0.561706 0.707792 0.562234 0.704389 0.563229 0.699583 0.564948 0.695139 0.566260 0.691602 0.567714 0.689370 0.570156 0.685731 0.571607 0.685500 0.572398 0.686435 0.576359 0.686435 0.580253 0.687375 0.583224 0.687611 0.584346 0.688551 0.582836 0.692981 0.578578 0.703079 0.577042 0.707912 0.575029 0.715903
17 0.612474 0.802176 0.616664 0.801208 0.619560 0.798606 0.622966 0.793968 0.625130 0.789440 0.626148 0.785704 0.626911 0.780384 0.627039 0.775801 0.626148 0.770986 0.624047 0.764880 0.622370 0.760602 0.617378 0.781935
17 0.587805 0.820000 0.596620 0.826931 0.597461 0.829333 0.598299 0.832407 0.598768 0.833648 0.600589 0.836056 0.601195 0.838463 0.600635 0.842611 0.598768 0.851324 0.595875 0.857213 0.593307 0.859870 0.590086 0.863023 0.584487 0.865509 0.570904 0.824356 0.569130 0.819546 0.568523 0.819130 0.567544 0.818796 0.567031 0.821120 0.574919 0.841199 0.582898 0.866009 0.578031 0.864653 0.574266 0.863106 0.570018 0.858292 0.568339 0.854972 0.566703 0.850907 0.566005 0.847176 0.565536 0.839792 0.565445 0.832736 0.565164 0.828176 0.565630 0.823194 0.566005 0.818468 0.567104 0.813690 0.569234 0.809481 0.571599 0.808852 0.573846 0.809694 0.576214 0.810745
2 0.294401 0.473981 0.291917 0.473801 0.291747 0.475588 0.293253 0.479898 0.296354 0.480185 0.305466 0.480046 0.306052 0.477815 0.305214 0.473801
17 0.535859 0.574023 0.534448 0.579356 0.533727 0.584116 0.533727 0.588870 0.533943 0.590023 0.546232 0.595167 0.550208 0.597736 0.552883 0.600435 0.556208 0.605190 0.558232 0.607889 0.564883 0.607505 0.566763 0.607120 0.567052 0.594139 0.566547 0.580644 0.566255 0.576144 0.565099 0.571134 0.562641 0.567148 0.558232 0.562139 0.553750 0.559694 0.551003 0.559310 0.547604 0.559310 0.543411 0.561625 0.539906 0.565028 0.538893 0.567083
17 0.492664 0.552037 0.494617 0.559620 0.497073 0.564630 0.498953 0.567199 0.500977 0.569259 0.503435 0.571440 0.509797 0.572727 0.514641 0.572597 0.518690 0.572083 0.524112 0.568227 0.527052 0.562769 0.528513 0.559208 0.528888 0.556625 0.528888 0.552111 0.528130 0.547972 0.527271 0.544903 0.525000 0.538282 0.521378 0.531269 0.518141 0.527722 0.513607 0.524843 0.510904 0.523301 0.507013 0.523019 0.501781 0.523880 0.498216 0.525125 0.496755 0.527051 0.495086 0.530019 0.493734 0.534157 0.491682 0.542412 0.492167 0.542796 0.500753 0.547782 0.501888 0.549708 0.506422 0.550468 0.505938 0.553833 0.504159 0.552870 0.502807 0.552394 0.502104 0.552394 0.501078 0.553361 0.499836 0.553167 0.495245 0.549801
17 0.485331 0.510731 0.488698 0.514287 0.491578 0.516287 0.495388 0.518176 0.498443 0.518176 0.501260 0.518065 0.504318 0.517620 0.506948 0.516287 0.507815 0.514398 0.508948 0.511731 0.510190 0.508069 0.510753 0.505625 0.503880 0.490852 0.502318 0.488741 0.501510 0.488630 0.495883 0.476079 0.495201 0.474523 0.493195 0.473745 0.489203 0.472745 0.485948 0.470856 0.484635 0.470523 0.482768 0.471190 0.480888 0.472079 0.479018 0.475190 0.477456 0.477745 0.476576 0.484074 0.477138 0.487852 0.478206 0.493741 0.479206 0.497625 0.480701 0.502625 0.481581 0.505292 0.483260 0.508181
17 0.495201 0.474523 0.497307 0.472569 0.499057 0.470903 0.500492 0.469792 0.501680 0.469236 0.503180 0.468681 0.504805 0.467569 0.506055 0.466236 0.509115 0.458019 0.510740 0.451463 0.511427 0.445356 0.511615 0.440690 0.510677 0.436690 0.508990 0.434023 0.503305 0.427472 0.497807 0.423694 0.493182 0.423250 0.488435 0.424028 0.483063 0.427361 0.479438 0.430806 0.477000 0.435579 0.475190 0.440690 0.473878 0.445579 0.473815 0.449352 0.474190 0.453796 0.474815 0.456463 0.477437 0.461792 0.480313 0.466125 0.482812 0.468569 0.485435 0.470236 0.485948 0.470856 0.489203 0.472745 0.493195 0.473745
17 0.481867 0.418995 0.483992 0.424662 0.485242 0.426218 0.488435 0.424028 0.493182 0.423250 0.497807 0.423694 0.501549 0.426106 0.502237 0.423884 0.503049 0.421218 0.503674 0.415884 0.503237 0.411222 0.502362 0.405778 0.499612 0.399449 0.497362 0.395782 0.495990 0.393894 0.493615 0.390227 0.492240 0.388894 0.491802 0.389449 0.488677 0.389227 0.488117 0.382454 0.487305 0.379898 0.486992 0.378009 0.486617 0.375454 0.485555 0.373565 0.485680 0.371903 0.484555 0.371347 0.482930 0.371347 0.479557 0.374454 0.478245 0.376898 0.477745 0.380120 0.477557 0.383231 0.477245 0.385454 0.476932 0.387338 0.476432 0.393671 0.476870 0.401116 0.477932 0.404778 0.479745 0.411111
17 0.476245 0.372681 0.478682 0.375343 0.478682 0.376120 0.478245 0.376898 0.477745 0.380120 0.477557 0.383231 0.477245 0.385454 0.476932 0.387338 0.476432 0.393671 0.476870 0.401116 0.477932 0.404778 0.479745 0.411111 0.481867 0.418995 0.482430 0.420551 0.479870 0.421329 0.474182 0.420662 0.468747 0.416662 0.464000 0.411778 0.460938 0.404444 0.460000 0.401338 0.465810 0.396671 0.471185 0.388671 0.474245 0.383231 0.475495 0.378676
17 0.443906 0.384685 0.443906 0.388148 0.444120 0.390481 0.444914 0.393426 0.445576 0.394204 0.445576 0.395477 0.445643 0.397028 0.446146 0.399079 0.446943 0.400630 0.448677 0.402046 0.451286 0.403579 0.453302 0.403458 0.457568 0.402282 0.460000 0.401338 0.465810 0.396671 0.471185 0.388671 0.474245 0.383231 0.475495 0.378676 0.476245 0.372681 0.476224 0.369657 0.476367 0.366569 0.475932 0.363745 0.474049 0.360005 0.472102 0.358588 0.467904 0.357435 0.466391 0.357435 0.464297 0.356676 0.460245 0.357574 0.454745 0.360259 0.450492 0.364380 0.448240 0.366690 0.446516 0.368880 0.445854 0.369917 0.445497 0.372088 0.445497 0.373639 0.444914 0.375949
17 0.397651 0.361991 0.398714 0.363769 0.400964 0.364546 0.403586 0.367769 0.405586 0.370657 0.406398 0.372435 0.407023 0.373657 0.410398 0.375880 0.415271 0.379764 0.420331 0.382986 0.422581 0.383319 0.423956 0.383431 0.424456 0.382653 0.424456 0.381431 0.424143 0.378986 0.424206 0.376764 0.424643 0.375769 0.425018 0.375213 0.425393 0.374435 0.425456 0.373769 0.425393 0.372102 0.423255 0.365880 0.420331 0.362657 0.418146 0.360218 0.415333 0.357773 0.412146 0.357440 0.408898 0.354551 0.407023 0.352218 0.403773 0.346667 0.402151 0.344778 0.400151 0.344111 0.398594 0.345093 0.397276 0.347662 0.396339 0.350106 0.395651 0.352884 0.395781 0.355417 0.396214 0.357440 0.397089 0.360218
17 0.274107 0.425870 0.285240 0.459542 0.286615 0.458000 0.289578 0.452870 0.291674 0.449648 0.293844 0.442190 0.294927 0.437579 0.295000 0.434106 0.294781 0.429343 0.293555 0.424329 0.291747 0.419444 0.290156 0.417787 0.286542 0.416245 0.285529 0.416245 0.283432 0.416630 0.279529 0.419588 0.275987 0.422917
17 0.226112 0.279921 0.234224 0.304310 0.238406 0.298958 0.239745 0.296727 0.242672 0.293306 0.244094 0.292560 0.245682 0.292861 0.247857 0.290630 0.251789 0.282449 0.253461 0.276204 0.253964 0.269810 0.253461 0.264162 0.250953 0.259106 0.246604 0.255833 0.242922 0.256130 0.239828 0.256875 0.236148 0.259106 0.229539 0.265796 0.227951 0.268028 0.227031 0.270407 0.226445 0.274718
17 0.318586 0.259264 0.322474 0.260125 0.323555 0.260796 0.324526 0.261949 0.335813 0.267806 0.336732 0.270014 0.337487 0.271264 0.341214 0.272032 0.342456 0.270111 0.341104 0.267519 0.337799 0.260722 0.336049 0.256611 0.333484 0.253944 0.330924 0.251949 0.329177 0.251727 0.324677 0.252167 0.321680 0.254282 0.318620 0.257949
17 0.335609 0.281495 0.333422 0.286273 0.331984 0.289384 0.330924 0.292940 0.330612 0.295157 0.329862 0.297935 0.329674 0.301157 0.329737 0.306380 0.329362 0.308819 0.328862 0.310819 0.331424 0.312597 0.332984 0.311597 0.340982 0.300824 0.342919 0.298713 0.347232 0.299269 0.350792 0.298491 0.352229 0.297380 0.356727 0.292940 0.355042 0.288718 0.348979 0.282384 0.350792 0.293051 0.350667 0.294713 0.349229 0.296046 0.348167 0.295824 0.345794 0.280162 0.342995 0.279491 0.340982 0.278833 0.337609 0.279718
17 0.348854 0.280162 0.345232 0.263727 0.343044 0.262616 0.342857 0.263949 0.345794 0.280162 0.342995 0.279491 0.340982 0.278833 0.339607 0.279056 0.337422 0.273056 0.337487 0.271264 0.341214 0.272032 0.342456 0.270111 0.341104 0.267519 0.337799 0.260722 0.336049 0.256611 0.333484 0.253944 0.330924 0.251949 0.333422 0.249065 0.336484 0.245954 0.340732 0.243065 0.343482 0.243065 0.347107 0.244287 0.350479 0.246509 0.352979 0.251282 0.354167 0.254171 0.354229 0.258282 0.354104 0.262060 0.353667 0.266500 0.352354 0.272167 0.350479 0.277056
17 0.360664 0.284829 0.355789 0.290051 0.355042 0.288718 0.348979 0.282384 0.348854 0.280162 0.350479 0.277056 0.352354 0.272167 0.353667 0.266500 0.354104 0.262060 0.354229 0.258282 0.354167 0.254171 0.352979 0.251282 0.350479 0.246509 0.348292 0.245176 0.349292 0.243731 0.351167 0.241954 0.353292 0.240731 0.355664 0.240176 0.361852 0.240176 0.364286 0.241731 0.367724 0.245287 0.368786 0.247620 0.369786 0.252949 0.370036 0.257727 0.369974 0.264171 0.369349 0.268389 0.367599 0.272611 0.364036 0.280162 0.362227 0.283051
17 0.419680 0.266125 0.410932 0.265611 0.405221 0.260083 0.403703 0.256870 0.403198 0.253273 0.403125 0.248903 0.403776 0.246718 0.404859 0.245690 0.407474 0.244676 0.409198 0.245306 0.411148 0.246204 0.412883 0.248644 0.417583 0.257644 0.418378 0.260856
17 0.404031 0.278352 0.408341 0.287241 0.399906 0.307898 0.404156 0.309565 0.404719 0.309343 0.409591 0.302681 0.412154 0.295347 0.412841 0.289685 0.412716 0.284685 0.411654 0.280685 0.410216 0.279130 0.408654 0.278241 0.407154 0.275023 0.406406 0.273356 0.404156 0.274690 0.406031 0.276907 0.405156 0.277463 0.404406 0.277463
17 0.349224 0.543551 0.333250 0.552028 0.326641 0.554556 0.324383 0.550389 0.328229 0.545634 0.331242 0.542361 0.334922 0.539685 0.339438 0.538347 0.342281 0.538347 0.346799 0.539981 0.348974 0.541917
17 0.354159 0.540278 0.368211 0.519014 0.369727 0.518824 0.369826 0.516593 0.370310 0.515727 0.371081 0.514523 0.373891 0.513144 0.373891 0.511417 0.373891 0.509366 0.373021 0.507639 0.371081 0.506778 0.369341 0.507296 0.365661 0.508162 0.362273 0.509009 0.358307 0.509528 0.357924 0.509708 0.357724 0.509009 0.353859 0.510569 0.351727 0.512458 0.349401 0.515727 0.348724 0.518301 0.348531 0.522954 0.348245 0.531894 0.348146 0.533958 0.348724 0.537051 0.349307 0.538616 0.350370 0.539819 0.352404 0.540324
17 0.513073 0.585093 0.512219 0.586875 0.510268 0.591116 0.509182 0.593815 0.508677 0.596259 0.509109 0.598569 0.509906 0.600630 0.512076 0.601657 0.513521 0.601528 0.516411 0.599213 0.520966 0.594588 0.524654 0.588292 0.527328 0.581991 0.529208 0.580194 0.532172 0.578394 0.534630 0.576208 0.535859 0.574023 0.538893 0.567083 0.539906 0.565028 0.538604 0.564130 0.536076 0.564000 0.534630 0.563231 0.532099 0.565801 0.524943 0.573125 0.523857 0.573769 0.522846 0.574153 0.521471 0.574153
2 0.365112 0.223750 0.372237 0.232856 0.372859 0.232523 0.376047 0.234745 0.376297 0.236190 0.389987 0.251852 0.391042 0.253185 0.391104 0.251852 0.394417 0.254852 0.394604 0.255963 0.404044 0.266236 0.406555 0.266148 0.410932 0.265611 0.405221 0.260083 0.402987 0.256819 0.401482 0.254407 0.394492 0.247866 0.388799 0.241921 0.378435 0.230935 0.377953 0.230935 0.374909 0.227236 0.372680 0.223606 0.371536 0.222472 0.369906 0.221884 0.367826 0.221884
10 0.394128 0.224519 0.398555 0.229898 0.400068 0.230375 0.403091 0.227019 0.404604 0.229319 0.401904 0.234505 0.401742 0.236042 0.403091 0.241319 0.403633 0.245065 0.403776 0.246718 0.403125 0.248903 0.403198 0.253273 0.403703 0.256870 0.405221 0.260083 0.402987 0.256819 0.401482 0.254407 0.394492 0.247866 0.388799 0.241921 0.378435 0.230935 0.377953 0.230935 0.374909 0.227236 0.372680 0.223606 0.374526 0.219338 0.376523 0.216935 0.380411 0.214634 0.383003 0.214634 0.384570 0.215593
2 0.267484 0.407968 0.274107 0.425870 0.275987 0.422917 0.279529 0.419588 0.281060 0.417796 0.279435 0.415690 0.281060 0.411245 0.281185 0.407468 0.281372 0.404801 0.280997 0.399694 0.280622 0.398583 0.278375 0.400500 0.276143 0.402370 0.269586 0.407500
17 0.291346 0.363792 0.292818 0.363190 0.293841 0.361773 0.295312 0.359157 0.295995 0.357338 0.300758 0.355528 0.303591 0.353718 0.306086 0.348671 0.306424 0.345444 0.300094 0.346056 0.290456 0.347667 0.287508 0.348875 0.283086 0.354319 0.279685 0.354722 0.277193 0.354722 0.275604 0.353912 0.273888 0.350894 0.274115 0.354917 0.274680 0.358144 0.276042 0.359755 0.278646 0.359755 0.284320 0.357546 0.284430 0.358144 0.284773 0.362986 0.285789 0.364000
10 0.509839 0.470977 0.505404 0.487333 0.505490 0.490157 0.506242 0.491792 0.508247 0.495065 0.513352 0.495806 0.516612 0.496106 0.520628 0.480343 0.519456 0.474097 0.516781 0.469190 0.514354 0.467556 0.511677 0.468000
17 0.458802 0.865833 0.453807 0.885250 0.453807 0.889472 0.447490 0.888995 0.441443 0.886593 0.441549 0.885347 0.442359 0.884481 0.441820 0.882852 0.435125 0.874593 0.434745 0.873731 0.435016 0.865856 0.435609 0.855968 0.436635 0.850116 0.438633 0.846273 0.440307 0.842912 0.442953 0.839171 0.445005 0.837824 0.447219 0.836769 0.448677 0.837056 0.450214 0.838495 0.450953 0.839722 0.451544 0.840690 0.451693 0.842093 0.451937 0.843144 0.452677 0.843931 0.452833 0.844921 0.452451 0.846361 0.452237 0.848708 0.453898 0.851815 0.453729 0.852343 0.453471 0.852875 0.453216 0.854088 0.455346 0.858403 0.455687 0.860829
2 0.348167 0.295824 0.349229 0.296046 0.350667 0.294713 0.350792 0.293051 0.348979 0.282384 0.348854 0.280162 0.345232 0.263727 0.343044 0.262616 0.342857 0.263949 0.345794 0.280162
2 0.409943 0.427255 0.411143 0.425579 0.418143 0.419690 0.418750 0.419773 0.418938 0.428481 0.408857 0.441926 0.405635 0.446241 0.407813 0.438782
2 0.404797 0.449394 0.411003 0.440931 0.412169 0.440181 0.419047 0.430972 0.418776 0.432986 0.413539 0.442681 0.407328 0.452667 0.404951 0.456894 0.403070 0.454870
5 0.663727 0.849532 0.664169 0.853514 0.679128 0.871185 0.679651 0.871472 0.679893 0.870255 0.680661 0.870255 0.681508 0.871116 0.682073 0.872551 0.681911 0.873981 0.694456 0.888398 0.694456 0.890477 0.693529 0.891407 0.692841 0.892269 0.691714 0.891551 0.690464 0.893204 0.689776 0.893060 0.689052 0.891912 0.689010 0.890546 0.685099 0.885815 0.683604 0.885958 0.677596 0.879722 0.678078 0.877282 0.677716 0.876491 0.676789 0.875847 0.675297 0.875634 0.674086 0.874917 0.670698 0.871042 0.668276 0.868319 0.666542 0.865306 0.665211 0.864588 0.664083 0.863227 0.664003 0.862727 0.664164 0.861935 0.664284 0.861148 0.664164 0.860287 0.663638 0.860000 0.663315 0.859426 0.663315 0.858421 0.663396 0.857491 0.661823 0.855407
5 0.583961 0.876829 0.580734 0.870273 0.584461 0.869764 0.585211 0.873426 0.586523 0.881426 0.589523 0.900384 0.587349 0.898306 0.587099 0.899495 0.585677 0.899495 0.583961 0.909907 0.580383 0.886644
5 0.589523 0.900384 0.590615 0.906685 0.591266 0.920306 0.591016 0.929815 0.590398 0.929819 0.588229 0.924806 0.586693 0.920463
10 0.426362 0.350611 0.424924 0.354755 0.423987 0.351421 0.421552 0.348310 0.420052 0.346977 0.415427 0.347278 0.418302 0.339611 0.420052 0.339389 0.421990 0.339722 0.424737 0.342833 0.426487 0.346500 0.426737 0.348722
10 0.423326 0.360153 0.422005 0.364306 0.420331 0.362657 0.418146 0.360218 0.415333 0.357773 0.412146 0.357440 0.411742 0.356273 0.414927 0.348644 0.419013 0.347931 0.419365 0.348532 0.421115 0.349977 0.422362 0.351421 0.423362 0.353310 0.424487 0.355861
2 0.428677 0.342713 0.426362 0.353380 0.425495 0.356722 0.426674 0.360083 0.428315 0.366745 0.429174 0.369968 0.429362 0.371634 0.430247 0.372718 0.434760 0.375255 0.436820 0.366481 0.437945 0.363815 0.439445 0.361926 0.440695 0.361481 0.447906 0.361731 0.449857 0.358005 0.448701 0.357106 0.447833 0.355181 0.447471 0.354537 0.449930 0.348241 0.449930 0.344898 0.445375 0.353380 0.444146 0.353380 0.442484 0.352736 0.436484 0.345667 0.435669 0.347037 0.433779 0.355579 0.432591 0.356435 0.433565 0.348667 0.434320 0.347421 0.436102 0.342907 0.437719 0.340181 0.436635 0.339926 0.435622 0.339926 0.434901 0.339926 0.433888 0.340051 0.433021 0.340440 0.432154 0.341079 0.431430 0.342111 0.430419 0.343778
2 0.448729 0.329491 0.450154 0.330671 0.448779 0.335296 0.447841 0.336454 0.442484 0.352736 0.436484 0.345667 0.437831 0.342046 0.439451 0.341468 0.440693 0.337435 0.442812 0.330278 0.445839 0.334884
2 0.452628 0.361815 0.452685 0.354218 0.452852 0.348713 0.453073 0.338088 0.451682 0.312282 0.450826 0.312912 0.451430 0.322245 0.451346 0.329236 0.450927 0.332806 0.450344 0.339051 0.449930 0.344898 0.449930 0.348241 0.447471 0.354537 0.447833 0.355181 0.448701 0.357106 0.449857 0.358005 0.447906 0.361731
2 0.452852 0.348713 0.452958 0.347106 0.456961 0.341162 0.461547 0.347431 0.462479 0.351444 0.462872 0.353588 0.463534 0.355250 0.464297 0.356676 0.460245 0.357574 0.456664 0.359375 0.452779 0.351931
2 0.420258 0.327884 0.421310 0.328616 0.421599 0.331056 0.422031 0.332472 0.422466 0.333500 0.421021 0.334653 0.420443 0.335940 0.423117 0.337611 0.427961 0.342111 0.430419 0.343778 0.431430 0.342111 0.432154 0.341079 0.433021 0.340440 0.433888 0.340051 0.434901 0.339926 0.435622 0.339926 0.436635 0.339926 0.437719 0.340181 0.440393 0.335940 0.447117 0.313579 0.448997 0.306255 0.443719 0.309338 0.443214 0.311778 0.441911 0.316278 0.434539 0.324500 0.431068 0.330157 0.426948 0.325657 0.423828 0.325602 0.419375 0.326296
2 0.281500 0.258949 0.282453 0.260653 0.282818 0.261551 0.286479 0.261435 0.287430 0.263894 0.295919 0.273264 0.300018 0.272093 0.286844 0.257389 0.282307 0.256491
1 0.410271 0.482676 0.410091 0.483963 0.409880 0.485412 0.409458 0.486426 0.408253 0.487981 0.407169 0.489106 0.404969 0.489750 0.403612 0.489801 0.401383 0.489588 0.399755 0.489162 0.398182 0.487866 0.396344 0.482218 0.398635 0.472829 0.399984 0.468699 0.403872 0.460056 0.404951 0.456894 0.407328 0.452667 0.413539 0.442681 0.418776 0.432986 0.419047 0.430972 0.418721 0.417630 0.419367 0.417435 0.419857 0.430583 0.419047 0.434042 0.415862 0.440861 0.410552 0.448537 0.406102 0.457829 0.403102 0.464023 0.400102 0.471074 0.397875 0.477958 0.396906 0.482431 0.397583 0.483981 0.399036 0.486903 0.401820 0.488380 0.403708 0.488764 0.405060 0.488569 0.406625 0.488088 0.408302 0.486551 0.409326 0.484634
5 0.643385 0.915185 0.648401 0.912704 0.649427 0.916269 0.651060 0.915190 0.651854 0.918509 0.661609 0.916185 0.661664 0.912833 0.656505 0.893310 0.655115 0.888560 0.650828 0.889389 0.647000 0.900963
8 0.460612 0.943995 0.461112 0.940106 0.461174 0.935995 0.461477 0.921824 0.461174 0.913671 0.460240 0.908227 0.458802 0.901676 0.453802 0.888236 0.453615 0.890343 0.454552 0.892898 0.458115 0.903120 0.459990 0.911116 0.460427 0.916671 0.460674 0.925889 0.460115 0.943884
2 0.436474 0.310810 0.440901 0.305481 0.442779 0.299829 0.448852 0.284662 0.450227 0.290444 0.450516 0.294556 0.450443 0.299056 0.448997 0.306255 0.443719 0.309338 0.443214 0.311778 0.441911 0.316278 0.434539 0.324500 0.431068 0.330157 0.426948 0.325657 0.429198 0.321222
17 0.348680 0.646306 0.349711 0.643032 0.350453 0.640560 0.351576 0.641380 0.354969 0.642394 0.359398 0.642394 0.364898 0.641713 0.367786 0.640000 0.369924 0.636097 0.370518 0.634458 0.371245 0.632463 0.371513 0.631444 0.372065 0.635764 0.375961 0.638384 0.378404 0.641671 0.379721 0.645773 0.380253 0.648944 0.380380 0.652579 0.380315 0.656218 0.379260 0.660440 0.379523 0.663139 0.379789 0.670764 0.379461 0.678157 0.378404 0.683204 0.377016 0.686491 0.374112 0.689069 0.371870 0.690014 0.371206 0.688134 0.370089 0.686019 0.368898 0.684847 0.367315 0.684028 0.365992 0.686019 0.365797 0.687546 0.365531 0.690833 0.364146 0.690477 0.360781 0.684028
17 0.338016 0.616190 0.344966 0.635606 0.348474 0.638917 0.350453 0.640560 0.351576 0.641380 0.354969 0.642394 0.359398 0.642394 0.364898 0.641713 0.367786 0.640000 0.369924 0.636097 0.370518 0.634458 0.371245 0.632463 0.371771 0.629764 0.372151 0.624606 0.372000 0.620130 0.371922 0.618227 0.371617 0.612935 0.371312 0.607505 0.370625 0.605194 0.369479 0.597046 0.368258 0.590667 0.367188 0.585644 0.365357 0.582657 0.362302 0.581569 0.358940 0.581569 0.356344 0.582384 0.352755 0.583745 0.349625 0.586593 0.346492 0.591889 0.342979 0.600037 0.338932 0.607505 0.338016 0.612796
2 0.292406 0.446671 0.298750 0.446898 0.299802 0.445347 0.301865 0.441347 0.302615 0.438125 0.302990 0.434903 0.304302 0.432579 0.300622 0.433176 0.297695 0.432880 0.295687 0.431690 0.294781 0.429343 0.295000 0.434106 0.294927 0.437579 0.293844 0.442190
17 0.371576 0.705306 0.371464 0.713315 0.372604 0.717370 0.373174 0.721528 0.373573 0.723861 0.376482 0.729949 0.378250 0.728731 0.379906 0.727412 0.380419 0.726903 0.380018 0.725384 0.379906 0.724370 0.379620 0.710681 0.377852 0.701449 0.377052 0.697495 0.376424 0.695060 0.374828 0.692829 0.373289 0.692120 0.372203 0.691208 0.371862 0.695366 0.371576 0.700741
2 0.353529 0.494662 0.354216 0.497440 0.354904 0.498662 0.355779 0.501440 0.356466 0.504102 0.357724 0.509009 0.357924 0.509708 0.358307 0.509528 0.362273 0.509009 0.365661 0.508162 0.369341 0.507296 0.371081 0.506778 0.364901 0.501551 0.364526 0.501329 0.365901 0.495995 0.367526 0.496440 0.369688 0.493352 0.367438 0.493796 0.365062 0.492685 0.361815 0.490907 0.360026 0.490278 0.353411 0.493519
2 0.649263 0.772671 0.643289 0.791671 0.641609 0.771343 0.644448 0.766972
5 0.590508 1.000000 0.590508 1.000000 0.590508 1.000000 0.594424 0.994741 0.595221 0.992227 0.598224 0.980130 0.601495 0.969764 0.606089 0.951384 0.611568 0.932065 0.607943 0.937917 0.591708 0.958889 0.582766 0.983495 0.576471 1.000000 0.576471 1.000000 0.576471 1.000000
5 0.459549 0.805894 0.459766 0.806435 0.456953 0.809310 0.452904 0.812954 0.451706 0.813060 0.451193 0.812755 0.450109 0.814278 0.449651 0.816208 0.448503 0.813639 0.446672 0.815681 0.449651 0.823139 0.446021 0.819653 0.443852 0.826139 0.443310 0.827806 0.443260 0.829468 0.445479 0.833065 0.446318 0.834292 0.448044 0.835606 0.450214 0.838495 0.448677 0.837056 0.447219 0.836769 0.445005 0.837824 0.442953 0.839171 0.440307 0.842912 0.438633 0.846273 0.436635 0.850116 0.435609 0.855968 0.435156 0.845088 0.437513 0.840361 0.441560 0.830718 0.443729 0.823269 0.445201 0.817782 0.445201 0.816495 0.445362 0.815560 0.445966 0.814412 0.448065 0.800861 0.448372 0.796968 0.455771 0.806083
5 0.437339 0.768509 0.436112 0.769417 0.435247 0.785162 0.435195 0.790727 0.435086 0.798120 0.435195 0.805032 0.434727 0.806884 0.434307 0.813722 0.433966 0.825310 0.433914 0.830880 0.435156 0.845088 0.437513 0.840361 0.441560 0.830718 0.443729 0.823269 0.446044 0.810542 0.448065 0.794606 0.449148 0.782139 0.449370 0.780343 0.450044 0.777667 0.443187 0.771907 0.442479 0.771245 0.442354 0.771213
5 0.442479 0.771245 0.445023 0.766458 0.447128 0.761181 0.447398 0.759741 0.449505 0.758106 0.455445 0.754074 0.461818 0.751194 0.462086 0.749755 0.462794 0.747773 0.464591 0.747958 0.465448 0.747486 0.465398 0.748329 0.463185 0.748602 0.463083 0.749389 0.462924 0.750463 0.464073 0.749764 0.466547 0.749713 0.467951 0.749944 0.468576 0.750227 0.469122 0.750782 0.469305 0.751343 0.468292 0.754486 0.469010 0.754907 0.468891 0.759065 0.468344 0.758884 0.467013 0.758509 0.463625 0.772023 0.463161 0.773843 0.462135 0.774611 0.454630 0.769236 0.453279 0.771347 0.461648 0.778065 0.461758 0.779315 0.461648 0.780273 0.462406 0.781523 0.462729 0.783444 0.463216 0.784690 0.459549 0.805894 0.455771 0.806083 0.448372 0.796968 0.450799 0.778338 0.450044 0.777667 0.443187 0.771907
5 0.438802 0.767685 0.435357 0.763773 0.434654 0.761852 0.434008 0.758204 0.433466 0.756861 0.432638 0.754491 0.437089 0.757245 0.439122 0.759824 0.450099 0.749083 0.451016 0.754269 0.454797 0.751389 0.458146 0.749662 0.461708 0.748315 0.462086 0.749755 0.461818 0.751194 0.455445 0.754074 0.449505 0.758106 0.447398 0.759741 0.447128 0.761181 0.445023 0.766458 0.439406 0.767806
5 0.436112 0.769417 0.435247 0.785162 0.435195 0.790727 0.435086 0.798120 0.435195 0.805032 0.434727 0.806884 0.429549 0.803616 0.417044 0.794231 0.416177 0.792046 0.419357 0.763644 0.420224 0.759148 0.423549 0.759403 0.426661 0.761833
5 0.503013 0.725532 0.501570 0.728005 0.492984 0.758532 0.492984 0.760546 0.494391 0.763236 0.502273 0.770819 0.503893 0.767074 0.496964 0.754509 0.496445 0.752866 0.502505 0.741093
5 0.496445 0.752866 0.502505 0.741093 0.502008 0.752745 0.502344 0.754380 0.504185 0.755421 0.509034 0.750065 0.524810 0.745759 0.534057 0.762977 0.534370 0.764532 0.534432 0.765861 0.526685 0.756644 0.520938 0.772528 0.516875 0.770861 0.515128 0.770528 0.514503 0.775083 0.509109 0.770319 0.508029 0.770440 0.507880 0.771861 0.510341 0.775329 0.507953 0.774560 0.496964 0.754509
5 0.553818 0.796190 0.552396 0.794935 0.550492 0.796926 0.548029 0.806481 0.546013 0.815241 0.544115 0.822449 0.543143 0.838005 0.543581 0.841301 0.544820 0.841931 0.550297 0.847269 0.550651 0.850250 0.555518 0.853486 0.556357 0.854361 0.559560 0.853662 0.560349 0.852519 0.563997 0.852958 0.566344 0.852542 0.566005 0.847176 0.565536 0.839792 0.565445 0.832736 0.565164 0.828176 0.565630 0.823194 0.566005 0.818468 0.567104 0.813690 0.567224 0.808009 0.566750 0.807171 0.566396 0.806958 0.565568 0.806750 0.563201 0.805486 0.560245 0.805486 0.555276 0.796866
5 0.509214 0.843500 0.518581 0.835019 0.521760 0.838005 0.521760 0.840356 0.522201 0.842713 0.522555 0.845542 0.525117 0.846481 0.535367 0.849315 0.535630 0.849315 0.535719 0.843657 0.533247 0.834069 0.527872 0.837537 0.524062 0.821296 0.509526 0.832981 0.507734 0.826250 0.508464 0.832532
5 0.507734 0.826250 0.509526 0.832981 0.524062 0.821296 0.518203 0.796574 0.509979 0.804194 0.504099 0.808588
5 0.509979 0.804194 0.504099 0.808588 0.503474 0.805801 0.503474 0.803616 0.503836 0.795773 0.503505 0.792500 0.530169 0.770116 0.531297 0.776000 0.516677 0.790157 0.518177 0.796574
5 0.502318 0.781125 0.503331 0.791019 0.503836 0.795773 0.503474 0.803616 0.503474 0.805801 0.507669 0.825977 0.508464 0.832532 0.509214 0.843500 0.510805 0.862347 0.510716 0.866745 0.510628 0.870199 0.509302 0.873662 0.509036 0.886222 0.507768 0.893171 0.505786 0.899861 0.503727 0.883176 0.502602 0.880630 0.493607 0.886083 0.492732 0.866676 0.492898 0.855227 0.494034 0.851421 0.500685 0.864144 0.501336 0.862602 0.497359 0.856690 0.493094 0.847181 0.494070 0.843778 0.496073 0.836940 0.496745 0.834856 0.494656 0.812403 0.494323 0.797241 0.493398 0.789065 0.492312 0.786380 0.493240 0.783194
5 0.633062 0.868231 0.631641 0.894630 0.624997 0.898449 0.606961 0.876968 0.612818 0.862556 0.633969 0.853620
5 0.707570 0.981704 0.704320 0.993144 0.699885 0.988148 0.700635 0.985593 0.699896 0.976944
5 0.516677 0.790157 0.527872 0.837537 0.533247 0.834069 0.537044 0.829204 0.544115 0.822449 0.546013 0.815241 0.548029 0.806481 0.550492 0.796926 0.552396 0.794935 0.553180 0.793343 0.547773 0.771532 0.546094 0.763523 0.540747 0.766917
5 0.665125 0.853333 0.668513 0.857977 0.670352 0.859699 0.690190 0.867097 0.694448 0.869162 0.696190 0.871227 0.697547 0.874324 0.712836 0.891699 0.713901 0.888602 0.712932 0.885505 0.711578 0.882583 0.697836 0.866926 0.695997 0.864861 0.690190 0.861421 0.665997 0.852644
5 0.609693 0.820963 0.614268 0.828032 0.615133 0.828995 0.615349 0.829093 0.619437 0.820477 0.618753 0.819106 0.617672 0.817185 0.616969 0.814116 0.615294 0.806917 0.614701 0.805954 0.613190 0.805380 0.612474 0.802176 0.608979 0.816634
5 0.590086 0.863023 0.595411 0.859958 0.608810 0.846949 0.612208 0.843352 0.613870 0.841167 0.614232 0.839880 0.613799 0.836542 0.613292 0.833454 0.612727 0.829755 0.612211 0.828347 0.611372 0.827019 0.611466 0.825606 0.609693 0.820963 0.608979 0.816634 0.607323 0.812639 0.605313 0.809273 0.603656 0.808431 0.602708 0.807380 0.601289 0.806750 0.598451 0.808644 0.593482 0.815162 0.587805 0.820000 0.596620 0.826931 0.597461 0.829333 0.598299 0.832407 0.598768 0.833648 0.600589 0.836056 0.601195 0.838463 0.600635 0.842611 0.598768 0.851324 0.595875 0.857213 0.593307 0.859870
5 0.539482 0.639287 0.559974 0.659509 0.565966 0.614403 0.537391 0.638690
5 0.552133 0.551519 0.549622 0.551769 0.556560 0.556741 0.561302 0.560523 0.564690 0.564653 0.568078 0.574287 0.569240 0.581685 0.569240 0.595792 0.569240 0.608523 0.566896 0.629722 0.580435 0.645463 0.583141 0.643403 0.584419 0.643028 0.581508 0.620333 0.577974 0.609468 0.574599 0.601579 0.573474 0.596361 0.573346 0.585806 0.573536 0.581806 0.575034 0.578481 0.575661 0.573815 0.575411 0.565259 0.574909 0.561037 0.567414 0.554481 0.561042 0.552375 0.556792 0.551153
5 0.583141 0.643403 0.580435 0.645463 0.600372 0.666796 0.612661 0.684690 0.612180 0.687958 0.604242 0.677120 0.599695 0.689338 0.608742 0.694875 0.628385 0.711898 0.625870 0.698949 0.621221 0.674519 0.612034 0.639421 0.605583 0.640042 0.584419 0.643028
5 0.580435 0.645463 0.600372 0.666796 0.612661 0.684690 0.612180 0.687958 0.604242 0.677120 0.599695 0.689338 0.586977 0.680995 0.584346 0.688551 0.583224 0.687611 0.580253 0.687375 0.576359 0.686435 0.572398 0.686435 0.571607 0.685500 0.570156 0.685731 0.567714 0.689370 0.566260 0.691602 0.564948 0.695139 0.563229 0.699583 0.562234 0.704389 0.561706 0.707792 0.561112 0.713426 0.561047 0.720231 0.565534 0.706500 0.566393 0.707440 0.564479 0.713657 0.565008 0.714366 0.563885 0.718352 0.563292 0.717769 0.562234 0.721051 0.562247 0.723139 0.562247 0.727245 0.562841 0.731940 0.565021 0.736750 0.568583 0.743440 0.566396 0.753759 0.565109 0.752116 0.563810 0.749403 0.563581 0.745870 0.562969 0.743157 0.561747 0.738676 0.558693 0.734875 0.556937 0.732704 0.554492 0.731208 0.551667 0.730940 0.559807 0.701741 0.568003 0.678838 0.570094 0.675718 0.571935 0.675125 0.577539 0.668134 0.578961 0.662782 0.578375 0.659509 0.576786 0.659361 0.573943 0.662782 0.571516 0.663523 0.564656 0.664417 0.562755 0.662963 0.566896 0.629722
5 0.581508 0.620333 0.584419 0.643028 0.605583 0.640042 0.610510 0.627301 0.608943 0.620532 0.606031 0.612171 0.603792 0.611176 0.602784 0.607394 0.602336 0.606796 0.599760 0.606398 0.595281 0.611773 0.588451 0.616153
5 0.490539 0.658833 0.488482 0.665162 0.488258 0.669144 0.487724 0.681579 0.489891 0.685569 0.490974 0.690319 0.491622 0.695583 0.495021 0.704565 0.495435 0.706384 0.494836 0.707537 0.493617 0.708296 0.480417 0.707537 0.485458 0.720106 0.503820 0.723093 0.516060 0.683005 0.523924 0.660255 0.526182 0.658616 0.527018 0.654157 0.529529 0.654157 0.537391 0.638690 0.565966 0.614403 0.566302 0.611616 0.562159 0.608630 0.558232 0.607889 0.556208 0.605190 0.552883 0.600435 0.550208 0.597736 0.546232 0.595167 0.533943 0.590023 0.528232 0.587727 0.524984 0.587329 0.524654 0.588292 0.520966 0.594588 0.516411 0.599213 0.508411 0.613208 0.504156 0.624356 0.496807 0.642708
5 0.429039 0.500606 0.426878 0.502046 0.436818 0.508653 0.437010 0.510718 0.429740 0.535838 0.435141 0.533245 0.439461 0.530366 0.440055 0.529792 0.440109 0.528157 0.439893 0.525949 0.439029 0.522782 0.438490 0.520481 0.437680 0.515583 0.437516 0.513088 0.437732 0.507421 0.437680 0.504542 0.437193 0.501949 0.436383 0.498111 0.436112 0.497537 0.435518 0.497056 0.434060 0.497056
5 0.503013 0.725532 0.502008 0.752745 0.502344 0.754380 0.504185 0.755421 0.509034 0.750065 0.529521 0.744380 0.530284 0.740032 0.531659 0.738407 0.533646 0.737046 0.535021 0.736505 0.536930 0.736505 0.540823 0.737185 0.542885 0.737593 0.545328 0.740032 0.547391 0.740171 0.549299 0.739764 0.550141 0.738810 0.551667 0.730940 0.559807 0.701741 0.568003 0.678838 0.570094 0.675718 0.571935 0.675125 0.577539 0.668134 0.578961 0.662782 0.578375 0.659509 0.576786 0.659361 0.573943 0.662782 0.571516 0.663523 0.564656 0.664417 0.559974 0.659509 0.539482 0.639287 0.537391 0.638690 0.529529 0.654157 0.527018 0.654157 0.526182 0.658616 0.523924 0.660255 0.516060 0.683005
5 0.473263 0.673181 0.475297 0.694343 0.475326 0.697097 0.478315 0.704269 0.479380 0.706060 0.480417 0.707537 0.493617 0.708296 0.494836 0.707537 0.495435 0.706384 0.495021 0.704565 0.491622 0.695583 0.490974 0.690319 0.489891 0.685569 0.487724 0.681579 0.485622 0.677208 0.486057 0.668981 0.487286 0.664097 0.490539 0.658833 0.496807 0.642708 0.489792 0.643981 0.485846 0.651639 0.484247 0.654977 0.482729 0.657162 0.480349 0.657282 0.480349 0.658574 0.480203 0.659093 0.479266 0.661019 0.475354 0.668727
5 0.455284 0.705458 0.452784 0.703681 0.449307 0.707861 0.442049 0.713676 0.432057 0.722662 0.430604 0.747782 0.432638 0.754491 0.437089 0.757245 0.439122 0.759824 0.454096 0.745139 0.465448 0.735051 0.472247 0.724019 0.469896 0.724037 0.467865 0.722148 0.468250 0.720083 0.473865 0.720083 0.478026 0.711667 0.478703 0.708056 0.478315 0.704269 0.468349 0.680356
5 0.437471 0.563245 0.437471 0.567639 0.437831 0.569824 0.435229 0.578819 0.431760 0.591671 0.431180 0.595398 0.431398 0.598995 0.433927 0.609792 0.435010 0.612537 0.435917 0.625894 0.436305 0.629120 0.438896 0.629352 0.441875 0.627278 0.460273 0.603324 0.462346 0.606319 0.441487 0.634880 0.442135 0.652611 0.462734 0.649389 0.466104 0.642019 0.476857 0.644093 0.476857 0.646394 0.496807 0.642708 0.497198 0.640176 0.490849 0.554495 0.487172 0.555190 0.470120 0.557491 0.436953 0.561176
5 0.391734 0.591671 0.394745 0.592417 0.397003 0.592713 0.398594 0.591972 0.400182 0.590088 0.404302 0.586361 0.411966 0.583407 0.417099 0.580194 0.417677 0.578394 0.423768 0.577250 0.425180 0.581389 0.425109 0.582676 0.424820 0.584986 0.428289 0.599255 0.429807 0.606194 0.431977 0.611333 0.432216 0.616356 0.432552 0.618884 0.433807 0.625278 0.435562 0.634051 0.440490 0.659481 0.425466 0.666574 0.424396 0.666574 0.420432 0.664329 0.416753 0.664329 0.414526 0.665708 0.411917 0.667597 0.410562 0.669324 0.407560 0.675167 0.406690 0.679986 0.406635 0.683838 0.393984 0.683963 0.391833 0.684074 0.384724 0.653889 0.381714 0.641694 0.380885 0.637407 0.379289 0.629815 0.376651 0.617324 0.374904 0.610769 0.374961 0.609431 0.378148 0.607440 0.382586 0.601657 0.388211 0.593880 0.390529 0.590690
5 0.376482 0.729949 0.380583 0.740088 0.388698 0.760759 0.394052 0.774588 0.399622 0.783565 0.392898 0.753491 0.390081 0.743213 0.387549 0.738454 0.387260 0.736144 0.385596 0.733829 0.388633 0.725347 0.388490 0.724190 0.384081 0.715838 0.383430 0.714935 0.382633 0.715708 0.379906 0.724370 0.380018 0.725384 0.380419 0.726903 0.379906 0.727412 0.378250 0.728731
5 0.377852 0.701449 0.377016 0.686491 0.378404 0.683204 0.381477 0.683963 0.393984 0.683963 0.406635 0.683838 0.433359 0.689139 0.430419 0.755806 0.423549 0.759403 0.420224 0.759148 0.419357 0.763644 0.416177 0.792046 0.417044 0.794231 0.429549 0.803616 0.413935 0.802458 0.413573 0.804255 0.407792 0.804773 0.405044 0.803227 0.399622 0.783565 0.392898 0.753491 0.390081 0.743213 0.387549 0.738454 0.387260 0.736144 0.385596 0.733829 0.388633 0.725347 0.388490 0.724190 0.384081 0.715838 0.383430 0.714935 0.382633 0.715708 0.379906 0.724370 0.379620 0.710681
5 0.483396 0.985023 0.491229 0.978042 0.491391 0.981917 0.491956 0.982417 0.492357 0.981773 0.492318 0.980981 0.497401 0.986361 0.497924 0.984926 0.499820 0.979833 0.500617 0.974972 0.505961 0.972120 0.505198 0.974838 0.507016 0.990440 0.500891 1.000000 0.500891 1.000000 0.500891 1.000000 0.488969 1.000000 0.487768 0.997620 0.487120 0.995690 0.487174 0.992148 0.487174 0.991282 0.486365 0.989639 0.485609 0.989449 0.485122 0.989361 0.484096 0.988583 0.483773 0.987722
5 0.491229 0.978042 0.491391 0.981917 0.491956 0.982417 0.492357 0.981773 0.492318 0.980981 0.497401 0.986361 0.497924 0.984926 0.499820 0.979833 0.500617 0.974972 0.500539 0.974838 0.499852 0.974292 0.499318 0.972259 0.498359 0.969958
5 0.467245 0.925824 0.467992 0.931019 0.477779 0.944403 0.486393 0.955106 0.487479 0.957190 0.487565 0.960014 0.485807 0.966704 0.484135 0.968343 0.483466 0.969829 0.482211 0.973250 0.478865 0.977264 0.481375 0.982023 0.496721 0.965875 0.493057 0.957593 0.491070 0.950806 0.490641 0.947514 0.484201 0.950602 0.473365 0.934792
5 0.500891 1.000000 0.507016 0.990440 0.507336 0.992894 0.507948 0.992894 0.533177 0.982361 0.529753 0.990838 0.529898 0.996236 0.533513 0.988912 0.535247 0.988398 0.538021 0.988472 0.538422 0.997667 0.539122 0.998051 0.568568 0.995417 0.566440 1.000000 0.566440 1.000000 0.566440 1.000000
5 0.538047 0.988565 0.538422 0.997667 0.539122 0.998051 0.568568 0.995417 0.571198 0.989954 0.553247 0.989167
5 0.607943 0.937917 0.611568 0.932065 0.624997 0.898449 0.607385 0.877639 0.606156 0.881495 0.607023 0.897102 0.607273 0.904236 0.606185 0.913755 0.602255 0.927880 0.591708 0.958889
5 0.566440 1.000000 0.574034 0.984028 0.578716 0.975486 0.581456 0.968241 0.585516 0.955023 0.590141 0.942472 0.590885 0.938472 0.594891 0.928588 0.598250 0.922616 0.602617 0.911269 0.605305 0.898528 0.606089 0.881407 0.607023 0.897102 0.607273 0.904236 0.606185 0.913755 0.602255 0.927880 0.591799 0.958958 0.582766 0.983495 0.576471 1.000000
5 0.590990 0.929907 0.590885 0.938472 0.594891 0.928588 0.598250 0.922616 0.602617 0.911269 0.605305 0.898528 0.606089 0.881407 0.600229 0.873269 0.602924 0.866231 0.586029 0.869352 0.584461 0.869764 0.585211 0.873426 0.586523 0.881426 0.589523 0.900384 0.590615 0.906685 0.591266 0.920306
5 0.407203 0.524653 0.406042 0.516736 0.403333 0.514500 0.403430 0.513296 0.408076 0.510028 0.415914 0.495921 0.416979 0.495403 0.436818 0.508653 0.437010 0.510718 0.427721 0.543060 0.407979 0.526546
5 0.616664 0.801208 0.620089 0.818162 0.625221 0.800042 0.626232 0.797213 0.626810 0.797083 0.633172 0.803898 0.633099 0.805569 0.627609 0.823176 0.630591 0.819292 0.632471 0.818394 0.635000 0.816593 0.636737 0.816593 0.638544 0.816468 0.642737 0.814667 0.642880 0.813639 0.642591 0.810810 0.639049 0.792819 0.637315 0.784079 0.635724 0.779194 0.635292 0.779838 0.626148 0.785704 0.625130 0.789440 0.622966 0.793968 0.619560 0.798606
5 0.620089 0.818162 0.622693 0.835384 0.627609 0.823176 0.633099 0.805569 0.633172 0.803898 0.626810 0.797083 0.626232 0.797213 0.625221 0.800042
2 0.640859 0.772713 0.642594 0.801255 0.642591 0.810810 0.639049 0.792819 0.637315 0.784079 0.635724 0.779194 0.635292 0.779838 0.631906 0.782046 0.626979 0.770602 0.630508 0.762782 0.631763 0.773639 0.636513 0.772083 0.638948 0.775639
2 0.644667 0.827708 0.643716 0.814574 0.648284 0.813477 0.648737 0.813352 0.646263 0.798537 0.648146 0.797051 0.645987 0.783093 0.647078 0.779866 0.652807 0.811417 0.654000 0.811361 0.654794 0.813685 0.654841 0.816505 0.655169 0.817171 0.655914 0.816921 0.656708 0.817667 0.656755 0.818495 0.656802 0.820241 0.656661 0.824389 0.657503 0.825718 0.657734 0.826796 0.656289 0.827708 0.655589 0.827875 0.655729 0.831106 0.655914 0.834014 0.655820 0.835259 0.655820 0.836417 0.649055 0.837417 0.645648 0.837829
2 0.380885 0.637407 0.379289 0.629815 0.376651 0.617324 0.375091 0.621319 0.374273 0.625986 0.373464 0.632991 0.373516 0.636718 0.375961 0.638384 0.378404 0.641671 0.379721 0.645773 0.380253 0.648944 0.380380 0.652579 0.380315 0.656218 0.379260 0.660440 0.379523 0.663139 0.379789 0.670764 0.379461 0.678157 0.378404 0.683204 0.381477 0.683963 0.391833 0.684074 0.384724 0.653889 0.381714 0.641694
2 0.349224 0.543551 0.350367 0.542773 0.350370 0.539819 0.349307 0.538616 0.348724 0.537051 0.348146 0.533958 0.348245 0.531894 0.348310 0.528292 0.338065 0.527718 0.329190 0.539264 0.329109 0.544713 0.331242 0.542361 0.334922 0.539685 0.339438 0.538347 0.342281 0.538347 0.346799 0.539981 0.348974 0.541917
2 0.616036 0.638227 0.612034 0.639421 0.621221 0.674519 0.625870 0.698949 0.626409 0.697431 0.624971 0.677435 0.622349 0.660662 0.619599 0.649222
2 0.496781 0.576708 0.492995 0.583333 0.493703 0.593912 0.499526 0.598565 0.503083 0.602282 0.503602 0.602463 0.504195 0.601782 0.509182 0.593815 0.510268 0.591116 0.512219 0.586875 0.513076 0.585134 0.503435 0.571440 0.500977 0.569259
2 0.495729 0.620556 0.503250 0.617639 0.504818 0.613417 0.505789 0.608523 0.506060 0.605931 0.506437 0.598440 0.504195 0.601782 0.503602 0.602463 0.503083 0.602282 0.499526 0.598565 0.494341 0.601417
2 0.507604 0.602361 0.508112 0.597361 0.508677 0.596259 0.509109 0.598569 0.509906 0.600630 0.512076 0.601657 0.513521 0.601528 0.516411 0.599213 0.508411 0.613208 0.504156 0.624356 0.503250 0.617639 0.504818 0.613417 0.505789 0.608523 0.506711 0.605741 0.507271 0.603917
2 0.373044 0.530519 0.368984 0.518843 0.369727 0.518824 0.369826 0.516593 0.370310 0.515727 0.371081 0.514523 0.373891 0.513144 0.373891 0.511417 0.373891 0.509366 0.373021 0.507639 0.377578 0.511898 0.377760 0.512546 0.377604 0.513241 0.377240 0.514213 0.377344 0.515509 0.377734 0.516759 0.379167 0.518194 0.380469 0.519676 0.381544 0.523468 0.382201 0.525000 0.380992 0.523634 0.380708 0.523347 0.379016 0.524856 0.377685 0.522130 0.374779 0.525787 0.375951 0.527653
2 0.348724 0.518301 0.345932 0.517264 0.338065 0.527718 0.348310 0.528292 0.348531 0.522954
2 0.438359 0.768426 0.437339 0.768509 0.436112 0.769417 0.426661 0.761833 0.423549 0.759403 0.430419 0.755806 0.431552 0.753602 0.432273 0.753602 0.432638 0.754491 0.433466 0.756861 0.434008 0.758204 0.434654 0.761852 0.435357 0.763773 0.438802 0.767685
17 0.400182 0.590088 0.395773 0.585333 0.394182 0.584051 0.391508 0.582894 0.390279 0.582120 0.386302 0.567083 0.386591 0.561301 0.387747 0.555778 0.391073 0.549477 0.394531 0.545000 0.398672 0.542269 0.401195 0.541894 0.404737 0.542667 0.409435 0.544208 0.413557 0.548065 0.416086 0.551278 0.418039 0.557060 0.419557 0.561560 0.419917 0.565412 0.419846 0.567727 0.419122 0.571838 0.417677 0.578394 0.417099 0.580194 0.411966 0.583407 0.404302 0.586361
5 0.648802 0.861157 0.645195 0.870833 0.643966 0.882329 0.644312 0.882435 0.644521 0.882931 0.644625 0.886403 0.650552 0.878097 0.647833 0.875185 0.649263 0.872644 0.650029 0.871282 0.650703 0.869398
5 0.691245 0.943884 0.693435 0.941630 0.692628 0.938616 0.694120 0.934671 0.693555 0.933236 0.686898 0.921407 0.685711 0.923940 0.682656 0.930792
17 0.425109 0.582676 0.424820 0.584986 0.428289 0.599255 0.429807 0.606194 0.431977 0.611333 0.433927 0.609792 0.431398 0.598995 0.431180 0.595398 0.431760 0.591671 0.435229 0.578819 0.437831 0.569824 0.437471 0.567639 0.434000 0.571495 0.425180 0.581389
2 0.624531 0.752639 0.626393 0.756472 0.630508 0.762782 0.631763 0.773639 0.636513 0.772083 0.638948 0.775639 0.644448 0.766972 0.641073 0.762977 0.630141 0.745759 0.627667 0.740931
2 0.648888 0.784912 0.649320 0.786926 0.650185 0.789903 0.649536 0.793167 0.649914 0.796144 0.651914 0.799505 0.650940 0.801903 0.651966 0.803343 0.652992 0.801806 0.653716 0.807523 0.655523 0.807523 0.657260 0.806120 0.658128 0.804051 0.658177 0.800463 0.656719 0.794704 0.654505 0.789806 0.653424 0.787218 0.650995 0.785486
2 0.493021 0.583333 0.496781 0.576708 0.500977 0.569259 0.498953 0.567199 0.497073 0.564630 0.494617 0.559620 0.494182 0.560704 0.493102 0.560644 0.492927 0.555931 0.492159 0.555685 0.492404 0.561139 0.491393 0.561264
2 0.373044 0.530519 0.375586 0.538407 0.376997 0.541708 0.378531 0.544074 0.384299 0.536972 0.383935 0.533676 0.384339 0.529014 0.384865 0.526718 0.385146 0.524856 0.384461 0.522917 0.382201 0.525000 0.380992 0.523634 0.380708 0.523347 0.379016 0.524856 0.377685 0.522130 0.374779 0.525787 0.375951 0.527653
2 0.384299 0.536972 0.384896 0.535532 0.395302 0.527500 0.396687 0.535245 0.398672 0.542269 0.394531 0.545000 0.383323 0.553245 0.378531 0.544074
2 0.387318 0.550278 0.387388 0.551056 0.383771 0.554417 0.385714 0.558736 0.386591 0.561301 0.386302 0.567083 0.390279 0.582120 0.391508 0.582894 0.391734 0.591671 0.390529 0.590690 0.388211 0.593880 0.383461 0.576556 0.379898 0.563449 0.378901 0.561120 0.374807 0.552398 0.376266 0.551921 0.377237 0.551537 0.378479 0.550769 0.378747 0.550097 0.380206 0.549421 0.381354 0.549444 0.383323 0.553245
2 0.373385 0.549634 0.374003 0.548069 0.373583 0.545745 0.372508 0.544750 0.371063 0.542014 0.369615 0.538611 0.371716 0.537949 0.372417 0.539356 0.373068 0.540023 0.374049 0.539190 0.375586 0.538407 0.368984 0.518843 0.368211 0.519014 0.364529 0.524560 0.365281 0.527991 0.370781 0.544875
2 0.385146 0.524856 0.385859 0.524458 0.388195 0.524583 0.390044 0.525759 0.389940 0.524028 0.388336 0.523343 0.386872 0.521796 0.385232 0.520120 0.384466 0.518384 0.385086 0.516616 0.394479 0.523704 0.395302 0.527500 0.384896 0.535532 0.384299 0.536972 0.383935 0.533676 0.384339 0.529014 0.384865 0.526718
2 0.411029 0.816477 0.412404 0.821491 0.415294 0.826245 0.416812 0.829718 0.417464 0.833185 0.418331 0.836912 0.419849 0.838968 0.423898 0.851306 0.425633 0.853106 0.428451 0.860431 0.434161 0.869171 0.434745 0.873731 0.435016 0.865856 0.435609 0.855968 0.435156 0.845088 0.433914 0.830880 0.433966 0.825310 0.434307 0.813722 0.412562 0.808667 0.411435 0.807625 0.411154 0.811940 0.411154 0.815671
2 0.476693 0.831019 0.476396 0.829060 0.477263 0.829319 0.490346 0.840241 0.491865 0.843324 0.493094 0.847181 0.494070 0.843778 0.496073 0.836940 0.496745 0.834856 0.494656 0.812403 0.494323 0.797241 0.493398 0.789065 0.492312 0.786380 0.491753 0.785468 0.479133 0.794241 0.478070 0.795574 0.468760 0.785681 0.468760 0.789833 0.468878 0.791157 0.468932 0.791255 0.471156 0.797037 0.472073 0.801606 0.473927 0.815884 0.472794 0.822106 0.472891 0.823509 0.473435 0.825699
2 0.472786 0.782370 0.478201 0.788759 0.478435 0.788431 0.478901 0.787431 0.479414 0.786852 0.479974 0.786935 0.480815 0.788181 0.487349 0.783949 0.487721 0.783120 0.487721 0.781958 0.487526 0.780972 0.482130 0.778500 0.480997 0.776579 0.477005 0.774213 0.473115 0.770435 0.472195 0.771394 0.470531 0.775032 0.470643 0.777065 0.470125 0.779801
2 0.642766 0.940037 0.644536 0.943000 0.646880 0.946241 0.650552 0.950593 0.654276 0.954250 0.658841 0.957472 0.659742 0.958269 0.662745 0.959134 0.658557 0.952491 0.651839 0.940384 0.651023 0.938991
2 0.658755 0.873125 0.658997 0.871472 0.659604 0.870468 0.663516 0.870398 0.664068 0.876875 0.665078 0.893565 0.662505 0.893083 0.661721 0.892065 0.661089 0.890833 0.659432 0.890190 0.658617 0.890616 0.658318 0.888102 0.656117 0.888366 0.654135 0.879176 0.654924 0.877856 0.656982 0.875704
2 0.464062 0.933611 0.462471 0.936653 0.461802 0.939926 0.461802 0.945574 0.461885 0.948995 0.463557 0.954648 0.466654 0.963120 0.474013 0.981708 0.480872 0.997917 0.478906 0.983139 0.475096 0.975472 0.472721 0.968699 0.470099 0.958366 0.466536 0.945037
2 0.449805 0.894454 0.452367 0.909116 0.453427 0.911227 0.459990 0.911116 0.458115 0.903120 0.454552 0.892898
2 0.441443 0.886593 0.441740 0.888227 0.442443 0.890148 0.443305 0.892546 0.444331 0.895426 0.444979 0.898019 0.446167 0.903204 0.446060 0.908481 0.443630 0.901764 0.442982 0.898403 0.442388 0.897250 0.441685 0.896292 0.440875 0.894565 0.438122 0.887171 0.435854 0.880449 0.432776 0.873829 0.428451 0.860431 0.434161 0.869171 0.434745 0.873731 0.435125 0.874593 0.441820 0.882852 0.442359 0.884481 0.441549 0.885347
2 0.453802 0.888236 0.455349 0.887671 0.455771 0.890074 0.456750 0.891819 0.457404 0.894144 0.457451 0.897875 0.458104 0.899537 0.458198 0.894556 0.457638 0.890657 0.456891 0.889079 0.456563 0.888250 0.456656 0.887088 0.457357 0.885764 0.458383 0.883935 0.460531 0.881366 0.459685 0.873963 0.460753 0.874102 0.460503 0.868556 0.458828 0.865880 0.453807 0.885250
2 0.464112 0.900167 0.462706 0.899032 0.462263 0.899032 0.462182 0.899750 0.462182 0.904412 0.460568 0.910361 0.461174 0.913671 0.461477 0.921824 0.461977 0.919269 0.462661 0.918046 0.463036 0.920259 0.465852 0.933454 0.466943 0.932949 0.467667 0.932236 0.467992 0.931019 0.463807 0.901662
2 0.685596 0.964088 0.701680 0.970949 0.704453 0.972130 0.708862 0.980616 0.707570 0.981704 0.690315 0.971134 0.683690 0.970884 0.678964 0.970032 0.669771 0.971755 0.669677 0.968718 0.682435 0.968157 0.682888 0.967602 0.683167 0.966921 0.683794 0.964935
2 0.690315 0.971134 0.687909 0.972176 0.687667 0.974685 0.687464 0.981426 0.701036 1.000000 0.701036 1.000000 0.704682 1.000000 0.704682 1.000000 0.705781 0.996991 0.697143 0.987759 0.693177 0.983694 0.691544 0.983111 0.691591 0.981204 0.692990 0.981204 0.699885 0.988148 0.700635 0.985593 0.699896 0.976944
2 0.427031 0.549583 0.425031 0.554023 0.424547 0.553157 0.424492 0.550759 0.424437 0.550468 0.423628 0.551528 0.422818 0.553255 0.421469 0.553926 0.420388 0.553255 0.418013 0.550375 0.416086 0.551278 0.418039 0.557060 0.419557 0.561560 0.419917 0.565412 0.419846 0.567727 0.419122 0.571838 0.417677 0.578394 0.423768 0.577250 0.425180 0.581389 0.434000 0.571495 0.437471 0.567639 0.437471 0.563245 0.436953 0.561176 0.440703 0.560741 0.433164 0.554477
2 0.435182 0.549722 0.437815 0.549588 0.442812 0.551032 0.442250 0.547921 0.439461 0.530366 0.435141 0.533245 0.429740 0.535838 0.427721 0.543060
2 0.484331 0.644944 0.480206 0.655944 0.480349 0.657282 0.480349 0.658574 0.479266 0.661019 0.476406 0.666852 0.475328 0.665505 0.473328 0.664259 0.472951 0.664741 0.473221 0.666657 0.472628 0.668676 0.470682 0.672417 0.470198 0.672417 0.464852 0.668579 0.467443 0.665699 0.470036 0.664259 0.470198 0.663681 0.469766 0.663009 0.468146 0.662722 0.466904 0.663296 0.464852 0.666755 0.463609 0.667907 0.461018 0.666468 0.462745 0.664162 0.464042 0.661472 0.459667 0.660227 0.458372 0.660032 0.467552 0.642273 0.476857 0.644093 0.476857 0.646394
2 0.428055 0.683287 0.428307 0.687870 0.406635 0.683838 0.406690 0.679986 0.407560 0.675167 0.410562 0.669324 0.411917 0.667597 0.414526 0.665708 0.416753 0.664329 0.420432 0.664329 0.424396 0.666574 0.423383 0.668602 0.423995 0.671875 0.425427 0.674417 0.424711 0.674963 0.424201 0.676236 0.423995 0.678236 0.424609 0.680417 0.426755 0.682958
2 0.273888 0.350894 0.275604 0.353912 0.277193 0.354722 0.279685 0.354722 0.283086 0.354319 0.287508 0.348875 0.290456 0.347667 0.300094 0.346056 0.306424 0.345444 0.317557 0.343477 0.317552 0.341014 0.316872 0.321463 0.313698 0.285588 0.312792 0.284579 0.307122 0.267046 0.306328 0.267046 0.306328 0.279338 0.302927 0.273093 0.300018 0.272093 0.295919 0.273264 0.291591 0.274704 0.283313 0.276315 0.282180 0.271681 0.280932 0.271074 0.276398 0.270671 0.274471 0.276718 0.272771 0.278736 0.269255 0.280750 0.267555 0.275713 0.266307 0.275509 0.263586 0.276519 0.265286 0.280750 0.265401 0.284579 0.265286 0.290023 0.266057 0.310699
2 0.419680 0.266125 0.422138 0.265806 0.422138 0.264773 0.425719 0.265634 0.426008 0.269074 0.429396 0.271139 0.436654 0.284556 0.426878 0.291782 0.421750 0.297806 0.416716 0.307611 0.413484 0.316185 0.407729 0.311301 0.404719 0.309343 0.409591 0.302681 0.412154 0.295347 0.412841 0.289685 0.412716 0.284685 0.411654 0.280685 0.410216 0.279130 0.408654 0.278241 0.407154 0.275023 0.406406 0.273356 0.404156 0.274690 0.406031 0.276907 0.405156 0.277463 0.404406 0.277463 0.404031 0.278352 0.396878 0.265977 0.406555 0.266148 0.410932 0.265611
2 0.449620 0.918644 0.446060 0.908481 0.446167 0.903204 0.444979 0.898019 0.444331 0.895426 0.443305 0.892546 0.442443 0.890148 0.441740 0.888227 0.441443 0.886593 0.447490 0.888995 0.453807 0.889472 0.453615 0.890343 0.454552 0.892898 0.449805 0.894454 0.452367 0.909116 0.453427 0.911227 0.459990 0.911116 0.460427 0.916671 0.460674 0.925889 0.460115 0.943884 0.460612 0.943995 0.461112 0.940106 0.461174 0.935995 0.461477 0.921824 0.464062 0.933611 0.462471 0.936653 0.461802 0.939926 0.461802 0.945574 0.461885 0.948995 0.461516 0.950019
2 0.667542 0.961847 0.666016 0.961019 0.660456 0.952704 0.652786 0.938750 0.651495 0.935968 0.646615 0.927963 0.652854 0.923343 0.652521 0.920843 0.651854 0.918509 0.657253 0.918125 0.660706 0.918477 0.661823 0.918519 0.663255 0.919074 0.666719 0.932787 0.668828 0.961806
2 0.665523 0.920616 0.664500 0.920185 0.667695 0.932417 0.668951 0.947352 0.669456 0.962606 0.672523 0.963407 0.675591 0.964218 0.679602 0.964958 0.682143 0.964773 0.685596 0.964088 0.688664 0.962727 0.690930 0.960495 0.692607 0.957588 0.693128 0.954296 0.692987 0.949833 0.692044 0.946116 0.691245 0.943884 0.682656 0.930792 0.679409 0.937347 0.675469 0.932352 0.676156 0.927347
2 0.659432 0.890190 0.661089 0.890833 0.661721 0.892065 0.662505 0.893083 0.665052 0.893519 0.665216 0.895972 0.666661 0.896671 0.666451 0.894259 0.669844 0.898102 0.662328 0.911963 0.657307 0.893370 0.656260 0.889032 0.656117 0.888366 0.658318 0.888102 0.658617 0.890616
1 0.440409 0.484324 0.441203 0.486255 0.443734 0.514528 0.444312 0.523653 0.445180 0.523394 0.443083 0.498204 0.441854 0.487926 0.441781 0.484454 0.442289 0.482657 0.442505 0.480986 0.441638 0.480597 0.441638 0.482912 0.441276 0.483556
2 0.574365 0.869931 0.569273 0.871190 0.559464 0.871278 0.559315 0.866634 0.569990 0.865597 0.578031 0.864653
2 0.565966 0.614403 0.559974 0.659509 0.562852 0.662375 0.566896 0.629722 0.569240 0.608523 0.569240 0.595792 0.569240 0.581685 0.568078 0.574287 0.564690 0.564653 0.561302 0.560523 0.556560 0.556741 0.545818 0.549167 0.535172 0.541597 0.534495 0.545727 0.541367 0.551060 0.554432 0.558801 0.558232 0.562139 0.562641 0.567148 0.565099 0.571134 0.566255 0.576144 0.566547 0.580644 0.567052 0.594139 0.566763 0.607120 0.566302 0.611616
2 0.434307 0.813722 0.434727 0.806884 0.429549 0.803616 0.413935 0.802458 0.413573 0.804255 0.407792 0.804773 0.412562 0.808667
2 0.453279 0.771347 0.461648 0.778065 0.461758 0.779315 0.461648 0.780273 0.462406 0.781523 0.462729 0.783444 0.463216 0.784690 0.464940 0.786389 0.465969 0.784968 0.467281 0.777977 0.467167 0.777565 0.466536 0.776046 0.463810 0.774032 0.463161 0.773843 0.462135 0.774611 0.454630 0.769236
2 0.470531 0.775032 0.472195 0.771394 0.473115 0.770435 0.477005 0.774213 0.480997 0.776579 0.482130 0.778500 0.491474 0.782819 0.491852 0.780514 0.482510 0.775236 0.476732 0.772162 0.476029 0.770051 0.472995 0.768611 0.472188 0.768796 0.469349 0.773565
2 0.477815 0.834741 0.483552 0.840625 0.490565 0.845769 0.492227 0.847565 0.494034 0.851421 0.500685 0.864144 0.501336 0.862602 0.497359 0.856690 0.493094 0.847181 0.491865 0.843324 0.490346 0.840241 0.477263 0.829319 0.476396 0.829060 0.476638 0.831046 0.477323 0.834824
5 0.608810 0.846949 0.604544 0.856847 0.603823 0.858773 0.605122 0.859546 0.615245 0.855523 0.621893 0.838981 0.621896 0.837310 0.619437 0.820477 0.613292 0.833454 0.613799 0.836542 0.614232 0.839880 0.613870 0.841167 0.612208 0.843352
1 0.444013 0.551630 0.440701 0.532213 0.441120 0.529972 0.440794 0.527653 0.439813 0.522671 0.438505 0.514542 0.438740 0.508648 0.439112 0.505995 0.438880 0.503338 0.438320 0.499856 0.437339 0.491560 0.437385 0.489731 0.438180 0.475875 0.439823 0.471569 0.438956 0.461074 0.439245 0.459009 0.439518 0.454491 0.433242 0.444042 0.431500 0.436134 0.428984 0.422532 0.426956 0.414792 0.425018 0.402931 0.424695 0.398000 0.424070 0.396889 0.420198 0.395444 0.419885 0.396333 0.421820 0.397551 0.423198 0.398106 0.423945 0.399329 0.424258 0.405218 0.425383 0.410662 0.427008 0.418662 0.427971 0.421528 0.434651 0.459375 0.435133 0.464023 0.435318 0.467088 0.435565 0.473977 0.435440 0.476083 0.435753 0.479306 0.435940 0.487079 0.436378 0.492306 0.437193 0.501949 0.437680 0.504542 0.437732 0.507421 0.437516 0.513088 0.437680 0.515583 0.438490 0.520481 0.439029 0.522782 0.439893 0.525949 0.440109 0.528157 0.440055 0.529792 0.439461 0.530366 0.442250 0.547921 0.442812 0.551032
2 0.487349 0.783949 0.491474 0.782819 0.491807 0.783403 0.492016 0.784208 0.492016 0.785264 0.491753 0.785468 0.479133 0.794241 0.478070 0.795574 0.468760 0.785681 0.470125 0.779801 0.472786 0.782370 0.478201 0.788759 0.478435 0.788431 0.478901 0.787431 0.479414 0.786852 0.479974 0.786935 0.480815 0.788181
5 0.651172 0.867269 0.655529 0.854773 0.657021 0.853944 0.657302 0.853028 0.658047 0.847056 0.655294 0.844898 0.649427 0.859537
5 0.289578 0.452870 0.291674 0.449648 0.292406 0.446671 0.298750 0.446898 0.296555 0.450231 0.292180 0.452676 0.293617 0.456787 0.296805 0.454009 0.300802 0.448898 0.301641 0.447176 0.308513 0.447120 0.309237 0.449819 0.310250 0.450977 0.314370 0.453676 0.314370 0.451231 0.317117 0.452389 0.317622 0.454704 0.318417 0.458685 0.322320 0.457144 0.322674 0.452750 0.324701 0.453958 0.325958 0.435894 0.326927 0.429181 0.329250 0.427463 0.328185 0.423505 0.329638 0.423162 0.329154 0.417653 0.332406 0.422769 0.337424 0.417412 0.340435 0.412060 0.341305 0.408074 0.348667 0.399468 0.361924 0.381579 0.364156 0.378810 0.363281 0.381477 0.362096 0.384699 0.360784 0.388255 0.355409 0.398806 0.355159 0.400583 0.356034 0.402361 0.360971 0.406134 0.358958 0.412634 0.356180 0.425986 0.378815 0.430718 0.366781 0.445866 0.357458 0.458208 0.352471 0.462856 0.308310 0.511125 0.308310 0.511125 0.296354 0.480185 0.305466 0.480046 0.306052 0.477815 0.305214 0.473801 0.294401 0.473981 0.288573 0.454634
8 0.654135 0.879176 0.656260 0.889032 0.657307 0.893370 0.662328 0.911963 0.667695 0.932417 0.668951 0.947352 0.669771 0.971755 0.672513 1.000000 0.672513 1.000000 0.671237 1.000000 0.671237 1.000000 0.670182 0.991343 0.669063 0.965093 0.666719 0.932787 0.661664 0.912833 0.656505 0.893310 0.655115 0.888560 0.653583 0.881032
8 0.645984 0.843653 0.644667 0.827708 0.643716 0.814574 0.643289 0.791671 0.641609 0.771343 0.640859 0.772713 0.642594 0.801255 0.642591 0.810810 0.642880 0.813639 0.642737 0.814667 0.644141 0.832926 0.645109 0.843972
5 0.463495 0.472315 0.453492 0.500824 0.453203 0.502889 0.454557 0.505810 0.463268 0.522671 0.469849 0.535060 0.475073 0.544181 0.478945 0.548134 0.481849 0.550718 0.484268 0.552093 0.487172 0.555190 0.489693 0.545796 0.485641 0.541380 0.484237 0.537921 0.480128 0.528782 0.479156 0.526287 0.478130 0.521486 0.476148 0.515111 0.476003 0.511255 0.474630 0.503162 0.472898 0.496727 0.468271 0.482597 0.465159 0.476167
1 0.464792 0.341065 0.465224 0.332329 0.469057 0.335593 0.469219 0.338667 0.469599 0.341259 0.469867 0.347306 0.469651 0.352199 0.469544 0.354986 0.471542 0.357194 0.471919 0.356042 0.470245 0.354315 0.470732 0.345384 0.470732 0.342315 0.469867 0.336074 0.473810 0.338088 0.475701 0.340394 0.476510 0.342407 0.476781 0.345287 0.476888 0.348843 0.473107 0.359495 0.474049 0.360005 0.477698 0.349611 0.477753 0.345671 0.477375 0.342889 0.476565 0.340106 0.474781 0.337032 0.469706 0.333866 0.469815 0.328778 0.469273 0.324361 0.468789 0.323787 0.468086 0.323593 0.464198 0.323690 0.463875 0.324648 0.463711 0.331755 0.464630 0.331944 0.463982 0.341546
1 0.436406 0.550634 0.437898 0.550801 0.442099 0.552875 0.445367 0.554532 0.448214 0.555944 0.451154 0.556523 0.456568 0.558352 0.458622 0.558681 0.462029 0.558352 0.461281 0.557352 0.449893 0.554366 0.446161 0.553370 0.442812 0.551032 0.437815 0.549588 0.435182 0.549722
2 0.546378 0.889884 0.537594 0.891102 0.536784 0.885597 0.537310 0.885125 0.542521 0.883398 0.565576 0.881884 0.561164 0.888060
2 0.643672 0.832926 0.640779 0.833755 0.639052 0.840644 0.637932 0.841056 0.636393 0.842218 0.635924 0.847444 0.634039 0.848236 0.634182 0.838861 0.634182 0.836931 0.633320 0.834231 0.627609 0.823176 0.630591 0.819292 0.632471 0.818394 0.635000 0.816593 0.636737 0.816593 0.638544 0.816468 0.642737 0.814667 0.644141 0.832926
2 0.326883 0.585588 0.330732 0.579639 0.322643 0.559593 0.310664 0.536356
1 0.433779 0.355579 0.435669 0.347037 0.437831 0.342046 0.439451 0.341468 0.440693 0.337435 0.447443 0.314769 0.449279 0.307954 0.450349 0.303787 0.450391 0.303338 0.450896 0.297708 0.451107 0.290954 0.450885 0.289074 0.450357 0.282236 0.451005 0.279162 0.450357 0.279069 0.449818 0.280699 0.449063 0.281468 0.444094 0.281949 0.441828 0.281519 0.442161 0.282708 0.444422 0.282856 0.449656 0.282523 0.450227 0.290444 0.450516 0.294556 0.450443 0.299056 0.448997 0.306255 0.447117 0.313579 0.440393 0.335940 0.437719 0.340181 0.436102 0.342907 0.434320 0.347421 0.433565 0.348667 0.432591 0.356435
5 0.419997 0.315421 0.423760 0.307690 0.429198 0.300699 0.437646 0.291481 0.447013 0.285681 0.444422 0.282856 0.442161 0.282708 0.441828 0.281519 0.436654 0.284556 0.426878 0.291782 0.421750 0.297806 0.416716 0.307611 0.413484 0.316185 0.417932 0.323583 0.419375 0.326296 0.423828 0.325602 0.426927 0.325602 0.429198 0.321222 0.436474 0.310810 0.434299 0.309620 0.431456 0.309176 0.427943 0.310514 0.425768 0.313042 0.423594 0.316167 0.421753 0.316759
5 0.533177 0.982454 0.529753 0.990838 0.529898 0.996236 0.533513 0.988912 0.535247 0.988398 0.553247 0.989167 0.571198 0.989954 0.574034 0.984028 0.564490 0.983713 0.538615 0.982255
2 0.371870 0.690014 0.372203 0.691208 0.371862 0.695366 0.371576 0.700741 0.371576 0.705306 0.368781 0.701551 0.366729 0.696176 0.365531 0.690833 0.365797 0.687546 0.365992 0.686019 0.367315 0.684028 0.368898 0.684847 0.370089 0.686019 0.371206 0.688134
5 0.590508 1.000000 0.594424 0.994741 0.595221 0.992227 0.598224 0.980130 0.601495 0.969764 0.606089 0.951384 0.611568 0.932065 0.624997 0.898449 0.634188 0.893264 0.645674 0.889338 0.647883 0.888083 0.648060 0.888866 0.648060 0.892167 0.647971 0.895148 0.647000 0.900963 0.641609 0.922167 0.635273 0.947444 0.630237 0.965194 0.627320 0.973833 0.626880 0.976662 0.625995 0.984829 0.625643 0.987500 0.624495 0.991269 0.621612 1.000000 0.621612 1.000000 0.621612 1.000000
2 0.322643 0.559593 0.326641 0.554556 0.324383 0.550389 0.322521 0.547060 0.319615 0.549685 0.310708 0.529560 0.310591 0.529352 0.304990 0.518995 0.310664 0.536356
5 0.539258 0.942796 0.539716 0.935194 0.529359 0.928634 0.522466 0.923139 0.520878 0.928792 0.527060 0.933509
5 0.289102 0.468681 0.285240 0.459542 0.286615 0.458000 0.288573 0.454634 0.294323 0.473796 0.291917 0.473801 0.291747 0.475588 0.293253 0.479898 0.296354 0.480185 0.308310 0.511125 0.352471 0.462856 0.357060 0.470824 0.330414 0.505255 0.310591 0.529352 0.304990 0.518995 0.296706 0.493713
5 0.421820 0.397551 0.420948 0.415366 0.420370 0.416519 0.419367 0.417435 0.411875 0.421898 0.414245 0.415185 0.419885 0.396333
5 0.583961 0.909907 0.585677 0.899495 0.587099 0.899495 0.587349 0.898306 0.589523 0.900384 0.578716 0.975486 0.576367 0.972940 0.577690 0.956949 0.576263 0.958944 0.575237 0.958218 0.575544 0.954403 0.578409 0.950764 0.583451 0.915421 0.582630 0.915542
