2 0.377630 0.322315 0.385052 0.326111 0.394661 0.332037 0.394073 0.330481 0.391948 0.328370 0.389073 0.325370 0.385451 0.321630 0.385523 0.320519 0.379901 0.317361 0.378521 0.316588 0.378365 0.317741 0.378026 0.319963 0.377740 0.321630
2 0.646568 0.583417 0.651518 0.593273 0.654240 0.583977 0.652893 0.578009 0.651518 0.574898 0.650643 0.574671 0.648081 0.573787 0.648271 0.576787 0.646896 0.581449
2 0.387578 0.287977 0.395409 0.270602 0.398055 0.270889 0.401456 0.272042 0.403292 0.272713 0.406214 0.272454 0.408513 0.279194 0.409237 0.280991 0.410891 0.284505 0.411294 0.286431 0.410203 0.286509 0.408594 0.286431 0.407099 0.286153 0.406294 0.286296 0.405690 0.287083 0.405727 0.288162 0.405328 0.288806 0.405203 0.289667 0.404318 0.289157 0.403956 0.288870 0.403029 0.289380 0.401974 0.289880 0.401268 0.293931 0.400148 0.295782 0.399453 0.296782 0.396557 0.295477 0.391542 0.292931 0.389937 0.291694 0.388469 0.290023 0.387458 0.288907
2 0.394219 0.326065 0.402008 0.333644 0.414211 0.343245 0.420206 0.346222 0.424471 0.348333 0.427117 0.349102 0.428898 0.350639 0.432896 0.354671 0.434732 0.357551 0.435130 0.355639 0.434893 0.352565 0.434521 0.350495 0.433263 0.348005 0.430964 0.345926 0.426589 0.343190 0.421172 0.341366 0.417208 0.339542 0.421966 0.327347 0.419724 0.325764 0.417760 0.330509 0.415198 0.338380 0.407497 0.333819 0.400635 0.329912 0.396484 0.327176 0.400208 0.316667 0.398120 0.315394 0.396901 0.317778
2 0.446813 0.320713 0.446784 0.324931 0.446422 0.328588 0.451625 0.334468 0.458563 0.340852 0.460523 0.342338 0.461294 0.342241 0.461604 0.342241 0.461737 0.343023 0.462258 0.343259 0.462310 0.344736 0.463036 0.345069 0.466763 0.334278 0.467750 0.329412 0.467727 0.328301 0.467125 0.327657 0.466815 0.326731 0.467359 0.326222 0.467674 0.326824 0.468505 0.327375 0.473911 0.314069 0.473117 0.311329 0.472604 0.309750 0.471253 0.308088 0.470083 0.307176 0.468122 0.306431 0.455823 0.298060 0.455177 0.297051 0.453604 0.293116 0.451992 0.291537 0.450016 0.289523 0.445659 0.287870 0.430008 0.280773 0.422747 0.276477 0.416214 0.272963 0.412461 0.271019 0.407943 0.268440 0.404328 0.266532 0.404562 0.269019 0.406214 0.272454 0.407271 0.275407 0.413570 0.277727 0.412122 0.281792 0.410891 0.284505 0.411294 0.286431 0.410203 0.286509 0.408867 0.289222 0.404328 0.298343 0.401578 0.305815 0.399687 0.310037 0.398984 0.312819 0.401036 0.314259 0.402656 0.310231 0.405466 0.302449 0.407896 0.297171 0.409516 0.293042 0.411836 0.287569 0.415943 0.279028 0.417018 0.280185 0.419398 0.281241 0.423393 0.283449 0.426526 0.285463 0.428362 0.286611 0.429495 0.287190 0.433599 0.288153 0.434518 0.288532 0.432411 0.293912 0.427820 0.305620 0.424094 0.314454 0.420372 0.322801 0.420534 0.324148 0.421286 0.324917 0.422747 0.325491 0.436570 0.289778 0.439378 0.291417 0.441914 0.292662 0.443807 0.293431 0.444792 0.291407 0.445797 0.290954 0.448385 0.294528 0.448893 0.295625 0.449221 0.294375 0.449875 0.294625 0.450201 0.295208 0.450060 0.297028 0.451927 0.300269 0.454404 0.301338 0.458594 0.304167 0.462354 0.305583 0.468786 0.310208 0.469224 0.314194 0.468859 0.317667 0.467367 0.321046 0.465273 0.327292 0.461846 0.338745 0.448547 0.326847 0.450201 0.323801 0.451492 0.320144 0.452781 0.313972 0.453307 0.310889 0.453065 0.307949 0.452984 0.305870 0.452258 0.304435 0.451451 0.302861 0.450966 0.301926 0.449760 0.299171 0.449318 0.303546 0.450365 0.304625 0.450365 0.307634 0.449802 0.312509 0.448469 0.316454 0.447380 0.319037
2 0.449245 0.240926 0.453091 0.233912 0.459732 0.227000 0.466536 0.219417 0.473396 0.212597 0.477068 0.208949 0.478578 0.212407 0.479875 0.211352 0.480523 0.211255 0.481117 0.211926 0.480792 0.212981 0.478904 0.215384 0.471128 0.223255 0.463135 0.231509 0.456654 0.238519 0.454219 0.242130
2 0.448031 0.243231 0.444844 0.248898 0.441281 0.255903 0.439552 0.260606 0.436906 0.267231 0.437932 0.269634 0.439068 0.270593 0.439661 0.271074 0.440526 0.268769 0.441875 0.265602 0.453107 0.243810 0.451919 0.243231 0.449490 0.242944
2 0.475755 0.293343 0.479714 0.304861 0.483737 0.316481 0.485833 0.323611 0.487833 0.322134 0.489591 0.320495 0.479630 0.289449
2 0.541687 0.512676 0.544497 0.517861 0.546711 0.514213 0.546495 0.505861 0.541526 0.501444 0.538180 0.500676 0.537964 0.500963 0.538990 0.504514 0.539961 0.507204 0.542607 0.509315 0.542878 0.509796 0.542768 0.511139 0.542229 0.511620
2 0.497214 0.499093 0.505206 0.499954 0.509849 0.503894 0.514589 0.507801 0.516589 0.503134 0.518651 0.500472 0.520773 0.497917 0.522461 0.499583 0.523023 0.500361 0.522961 0.501690 0.521461 0.503690 0.518839 0.507356 0.518089 0.508801 0.518589 0.510023 0.518901 0.512023 0.524898 0.517796 0.524862 0.519634 0.524375 0.521269 0.523828 0.523009 0.523188 0.524435 0.516221 0.518292 0.510336 0.512917 0.501589 0.505093 0.497161 0.500148
2 0.510833 0.478380 0.512297 0.483731 0.513646 0.487083 0.519375 0.490926 0.521010 0.492144 0.522188 0.492194 0.523422 0.492625 0.523724 0.493051 0.523698 0.494028 0.523281 0.494676 0.536349 0.504194 0.532289 0.492838 0.514607 0.480287 0.510797 0.477398
9 0.475594 0.377921 0.475646 0.374657 0.476349 0.371009 0.478076 0.368032 0.479805 0.366782 0.480453 0.366782 0.479859 0.365824 0.480831 0.364769 0.480992 0.363231 0.481589 0.361759 0.482495 0.366218 0.483893 0.370394 0.484784 0.372556 0.484901 0.373486 0.483531 0.374194 0.482159 0.374338 0.481310 0.373773 0.480992 0.374273 0.480669 0.375269 0.479578 0.376778 0.478810 0.377352 0.477279 0.377565
9 0.492172 0.371667 0.493219 0.374176 0.494552 0.377690 0.496406 0.381273 0.497940 0.383426 0.499271 0.384356 0.500721 0.384574 0.506169 0.377472 0.507216 0.375037 0.507458 0.373315 0.508146 0.371093 0.508104 0.369301 0.508065 0.368509 0.507734 0.367407 0.508724 0.367083 0.509505 0.367130 0.507812 0.365000 0.507057 0.364306 0.506510 0.364028 0.506120 0.364074 0.505859 0.364722 0.505547 0.365694 0.505417 0.366713 0.506224 0.366713 0.506693 0.366713 0.506771 0.367130 0.506641 0.367500 0.506354 0.367685 0.504474 0.368222 0.502417 0.368222 0.500924 0.368009 0.499109 0.367792 0.497859 0.367435 0.496529 0.367361 0.494995 0.366718 0.493583 0.366644 0.492818 0.367218 0.491727 0.368222 0.490477 0.368653 0.491042 0.370088
9 0.485424 0.374644 0.488547 0.379644 0.490672 0.383755 0.493732 0.389861 0.494107 0.390861 0.493854 0.391991 0.492672 0.392306 0.490734 0.392306 0.488547 0.393972 0.487057 0.394306 0.484974 0.394630 0.482865 0.394213 0.481737 0.392639 0.480424 0.391083 0.478987 0.388861 0.478229 0.387639 0.478737 0.385306 0.478612 0.383977 0.480862 0.382310 0.481737 0.380532 0.481987 0.379310 0.481362 0.378532 0.480737 0.377421 0.481299 0.376310 0.483487 0.375310
2 0.524094 0.525394 0.532417 0.532963 0.542482 0.519370 0.541901 0.518167 0.540932 0.516278 0.540255 0.514384 0.532320 0.524361 0.526029 0.518685 0.524964 0.522644
2 0.644164 0.594282 0.640391 0.609593 0.640042 0.614273 0.639607 0.615634 0.639453 0.617060 0.639500 0.618611 0.639714 0.620898 0.641716 0.622449 0.642849 0.621380 0.643284 0.619282 0.643490 0.617639 0.643982 0.615718 0.644948 0.614167 0.645755 0.613148 0.649333 0.599977 0.648190 0.598255 0.647388 0.597292 0.645607 0.595176
1 0.709958 0.542009 0.711281 0.541653 0.712578 0.542546 0.713229 0.544079 0.714672 0.546130 0.715547 0.548319 0.715984 0.551028 0.717057 0.551028 0.718367 0.551028 0.719018 0.549731 0.719880 0.548958 0.720898 0.548958 0.721615 0.548958 0.722198 0.550509 0.722411 0.552301 0.731234 0.540736 0.731659 0.541394 0.732029 0.542407 0.726026 0.550889 0.727404 0.551287 0.728917 0.552042 0.729857 0.552699 0.730070 0.553454 0.729643 0.554870 0.729130 0.555028 0.728536 0.554093 0.727034 0.553296 0.726026 0.553356 0.725120 0.553736 0.724492 0.554153 0.726474 0.555824 0.726474 0.556523 0.726341 0.557579 0.726026 0.558134 0.724214 0.556384 0.723372 0.556023 0.723026 0.557259 0.722992 0.558431 0.722992 0.560162 0.722992 0.561597 0.723026 0.562949 0.721044 0.566116 0.720831 0.565120 0.720831 0.563769 0.720271 0.564144 0.720237 0.564884 0.720451 0.566236 0.720766 0.568963 0.719745 0.570773 0.716240 0.576847 0.714461 0.578917 0.714461 0.581245 0.715089 0.586801 0.715089 0.588792 0.715323 0.590782 0.713878 0.590361 0.713497 0.589106 0.712612 0.588454 0.711492 0.588032 0.710464 0.588032 0.710419 0.585704 0.710094 0.584551 0.709344 0.582977 0.708974 0.581981 0.708883 0.580806 0.709120 0.579157 0.709578 0.578241 0.710698 0.577324 0.710990 0.575949 0.711617 0.574616 0.712299 0.574616 0.712432 0.572843 0.712432 0.570176 0.712802 0.568963 0.714245 0.567407 0.714661 0.563519 0.714370 0.559963 0.713922 0.553852 0.713362 0.548519 0.711302 0.544639
2 0.464385 0.353694 0.465698 0.358361 0.466010 0.359806 0.467510 0.360250 0.465885 0.361472 0.459951 0.368356 0.456263 0.372356 0.452391 0.371468 0.459076 0.363694 0.461888 0.358472 0.463885 0.354139
2 0.486612 0.474519 0.488490 0.483194 0.491596 0.495421 0.492604 0.495185 0.493672 0.493889 0.494635 0.493014 0.494453 0.483565 0.493927 0.478819 0.493510 0.471699 0.493279 0.463972 0.492813 0.462778 0.491596 0.462889 0.491130 0.463389 0.490521 0.465556 0.489495 0.466380 0.487065 0.465884 0.486552 0.466208 0.487260 0.467120 0.488237 0.468375 0.488372 0.469204 0.487909 0.469787 0.487307 0.471111 0.487542 0.472111 0.487115 0.473106
15 0.463768 0.376546 0.475263 0.361764 0.479547 0.358111 0.481979 0.355417 0.484115 0.354861 0.486068 0.354583 0.487682 0.354676 0.483802 0.359630 0.481589 0.361759 0.478385 0.366204 0.474609 0.371852 0.468128 0.380306
1 0.327500 0.266741 0.325893 0.284222 0.326497 0.297065 0.326917 0.305731 0.324310 0.309194 0.322745 0.312620 0.325172 0.315542 0.362617 0.364241 0.402794 0.415509 0.426273 0.444727 0.432133 0.451861 0.421318 0.457569 0.413229 0.462884 0.406487 0.469843 0.401651 0.476157 0.399242 0.481472 0.398940 0.487005 0.399823 0.490426 0.403216 0.494389 0.409297 0.497315 0.420232 0.497315 0.429445 0.495065 0.442005 0.489037 0.453143 0.481472 0.455654 0.479583 0.466690 0.494032 0.482281 0.512296 0.484891 0.506056 0.486396 0.501736 0.487641 0.498454 0.488404 0.497097 0.490331 0.497704 0.492737 0.501736 0.495667 0.508264 0.495667 0.512583 0.494766 0.518685 0.493159 0.522394 0.492417 0.524032 0.504458 0.539625 0.557456 0.599204 0.581737 0.624176 0.586474 0.637593 0.600922 0.674019 0.618943 0.719861 0.625807 0.740588 0.632651 0.758389 0.633794 0.764028 0.635661 0.771481 0.636826 0.770449 0.637185 0.769056 0.636826 0.768023 0.637828 0.766736 0.638128 0.765060 0.637687 0.762884 0.637326 0.758495 0.654164 0.745440 0.654404 0.746903 0.655969 0.748153 0.659159 0.747579 0.661328 0.745190 0.662391 0.742477 0.662510 0.740088 0.661747 0.736843 0.662833 0.732310 0.663435 0.726282 0.663154 0.720500 0.667047 0.716398 0.668292 0.715898 0.669253 0.715722 0.669576 0.714472 0.669695 0.713972 0.670818 0.714366 0.672062 0.714366 0.671039 0.716292 0.669956 0.718398 0.669576 0.721000 0.668872 0.723213 0.668010 0.724819 0.667268 0.725995 0.667909 0.727602 0.669253 0.726852 0.670237 0.724819 0.670599 0.722144 0.671201 0.719255 0.671904 0.717718 0.672544 0.716472 0.673307 0.715329 0.674271 0.715329 0.675193 0.715329 0.674651 0.717435 0.674109 0.719537 0.673047 0.722037 0.673247 0.723213 0.677302 0.715435 0.686854 0.693958 0.685930 0.692319 0.683924 0.691713 0.681737 0.691282 0.679227 0.690069 0.677060 0.686074 0.675052 0.681472 0.671781 0.671806 0.668352 0.665241 0.663594 0.654681 0.660745 0.648903 0.661508 0.644727 0.662833 0.642051 0.664599 0.640125 0.663154 0.634097 0.658216 0.623537 0.654846 0.615866 0.654143 0.613296 0.654583 0.609977 0.656211 0.606981 0.657513 0.606306 0.665763 0.600986 0.667086 0.595315 0.668591 0.592639 0.668591 0.589213 0.667951 0.587218 0.668151 0.585005 0.669013 0.583648 0.671141 0.583329 0.672023 0.583648 0.673086 0.586537 0.674510 0.587005 0.676198 0.586537 0.678586 0.585111 0.679648 0.584755 0.679891 0.582542 0.681396 0.581116 0.683703 0.577440 0.685068 0.574657 0.686391 0.571981 0.688138 0.571556 0.690826 0.571449 0.692953 0.572769 0.694578 0.574088 0.694641 0.570343 0.695141 0.566204 0.695141 0.564204 0.693755 0.560565 0.693195 0.556894 0.693958 0.554324 0.693013 0.554005 0.692331 0.549792 0.689643 0.543444 0.686070 0.538449 0.683380 0.536236 0.685448 0.530991 0.687576 0.525569 0.689643 0.528102 0.694018 0.531454 0.697388 0.533347 0.697951 0.532773 0.697951 0.531560 0.692070 0.527671 0.688258 0.524000 0.689943 0.517579 0.690888 0.510907 0.690646 0.506125 0.688820 0.502236 0.685768 0.499241 0.683823 0.499134 0.682258 0.499917 0.681635 0.501130 0.680211 0.499810 0.678445 0.499810 0.677703 0.499810 0.677320 0.497241 0.676758 0.495139 0.675073 0.495671 0.675393 0.497028 0.675836 0.498917 0.676638 0.501130 0.678385 0.502343 0.680773 0.503130 0.682138 0.503343 0.683260 0.502130 0.684706 0.502023 0.686833 0.503662 0.688318 0.505699 0.689141 0.507907 0.688760 0.513009 0.687896 0.517685 0.687255 0.520681 0.686953 0.522356 0.684706 0.519468 0.682698 0.517579 0.680513 0.517111 0.678826 0.517898 0.677703 0.518218 0.677461 0.514685 0.676198 0.511583 0.674271 0.508444 0.673086 0.507231 0.670839 0.507125 0.669154 0.507019 0.669154 0.501667 0.669333 0.497671 0.670198 0.492463 0.670898 0.485574 0.670758 0.481366 0.670339 0.473125 0.670135 0.470236 0.670016 0.469236 0.668651 0.469486 0.668893 0.473907 0.669073 0.479796 0.669214 0.486787 0.668771 0.491032 0.668089 0.495671 0.667589 0.498241 0.667648 0.504125 0.668029 0.507907 0.668089 0.513583 0.666966 0.509227 0.663896 0.501917 0.660203 0.494921 0.654143 0.487361 0.651154 0.484792 0.648224 0.484579 0.645714 0.485574 0.643466 0.487681 0.642081 0.491250 0.641339 0.489463 0.640336 0.487255 0.639654 0.486148 0.642161 0.482259 0.643849 0.478370 0.644148 0.475014 0.643768 0.471125 0.642344 0.469343 0.640958 0.468593 0.637849 0.468917 0.634776 0.469806 0.630221 0.471699 0.627474 0.472231 0.625586 0.467130 0.624401 0.464704 0.621654 0.462352 0.612904 0.455574 0.608789 0.452824 0.611779 0.452148 0.611719 0.448366 0.610797 0.448259 0.611419 0.444796 0.612161 0.443051 0.612341 0.440375 0.611919 0.439162 0.610797 0.439162 0.609732 0.442370 0.608469 0.448366 0.603672 0.449366 0.600862 0.448366 0.599357 0.444157 0.597049 0.436273 0.595727 0.429921 0.594802 0.421500 0.598734 0.413046 0.601044 0.403843 0.601906 0.393815 0.601104 0.381509 0.598917 0.371625 0.596227 0.365597 0.591492 0.357963 0.587617 0.352611 0.583724 0.348829 0.579932 0.346616 0.576682 0.345833 0.571122 0.346083 0.565625 0.308194 0.565122 0.307088 0.564057 0.307519 0.563055 0.307731 0.562794 0.308514 0.568432 0.347403 0.557878 0.347616 0.550753 0.341838 0.545938 0.337843 0.540680 0.335060 0.535120 0.332417 0.526872 0.327852 0.521815 0.324644 0.517380 0.322074 0.516578 0.318505 0.516578 0.316509 0.517943 0.312296 0.518505 0.309727 0.517503 0.309407 0.517000 0.309977 0.516198 0.312190 0.515253 0.314616 0.514872 0.316079 0.515073 0.319755 0.511823 0.316972 0.504318 0.312190 0.499760 0.309620 0.502190 0.307194 0.505081 0.302199 0.507768 0.296315 0.509576 0.290426 0.510818 0.286648 0.511380 0.284542 0.510378 0.283755 0.509253 0.286968 0.507206 0.292319 0.503755 0.300310 0.501266 0.304519 0.498518 0.308088 0.496451 0.301204 0.494885 0.297315 0.492758 0.294065 0.494203 0.292639 0.494583 0.291069 0.494203 0.289181 0.493320 0.289537 0.492255 0.290750 0.491333 0.291639 0.490008 0.289750 0.492578 0.282542 0.494203 0.273519 0.495768 0.273412 0.496690 0.274088 0.497755 0.275407 0.497956 0.273662 0.497333 0.271981 0.496008 0.271093 0.495005 0.270412 0.497755 0.255787 0.498096 0.250009 0.497854 0.229708 0.497635 0.226319 0.496630 0.226532 0.496411 0.228315 0.496411 0.237056 0.496510 0.249616 0.495948 0.255787 0.493661 0.268560 0.493521 0.269593 0.491794 0.269449 0.490331 0.269593 0.488323 0.271375 0.486156 0.274194 0.486578 0.269843 0.485352 0.269708 0.484409 0.276264 0.485953 0.275903 0.489549 0.273181 0.491042 0.272407 0.493161 0.272440 0.492435 0.274431 0.491641 0.277546 0.490833 0.281991 0.488831 0.288671 0.486263 0.284722 0.484898 0.285310 0.488378 0.290551 0.487091 0.293782 0.486487 0.294856 0.485654 0.294722 0.485201 0.295394 0.484898 0.297412 0.484292 0.299023 0.483672 0.299861 0.484755 0.286583 0.484073 0.286148 0.482510 0.286495 0.482117 0.295176 0.482070 0.297000 0.483339 0.301083 0.487242 0.312875 0.487773 0.314356 0.490193 0.313954 0.492841 0.313551 0.493143 0.314759 0.496094 0.327130 0.490495 0.322560 0.490570 0.321213 0.490344 0.320139 0.489591 0.320495 0.487833 0.322134 0.485833 0.323611 0.483737 0.316481 0.480284 0.306556 0.479148 0.307769 0.477409 0.308843 0.474232 0.298755 0.472628 0.295338 0.471583 0.296333 0.472794 0.298352 0.474609 0.303329 0.476654 0.309648 0.475518 0.309111 0.473172 0.306958 0.472794 0.305750 0.470070 0.297681 0.469164 0.298620 0.471206 0.305213 0.467122 0.299431 0.466706 0.299648 0.464740 0.296005 0.464698 0.292185 0.465534 0.291204 0.469995 0.287861 0.468104 0.286519 0.469315 0.285847 0.474383 0.283157 0.475490 0.283620 0.478620 0.280199 0.476323 0.279977 0.474216 0.280509 0.471906 0.281903 0.470161 0.283329 0.467432 0.284755 0.466490 0.285648 0.463740 0.283972 0.461633 0.283972 0.461573 0.262884 0.467573 0.256713 0.472549 0.248616 0.474156 0.246583 0.474216 0.244264 0.473271 0.242838 0.472409 0.242444 0.471326 0.244657 0.467854 0.250542 0.463659 0.256324 0.461432 0.258782 0.459826 0.250042 0.457437 0.245296 0.454219 0.242130 0.449245 0.240926 0.447245 0.240801 0.443352 0.242088 0.445518 0.231134 0.445740 0.221394 0.444576 0.213546 0.442328 0.207875 0.439659 0.204949 0.436547 0.204556 0.433378 0.205593 0.429987 0.207769 0.427297 0.211370 0.425792 0.215616 0.423063 0.218468 0.421437 0.220787 0.420573 0.224037 0.417263 0.223250 0.412385 0.223144 0.409016 0.223144 0.405383 0.220681 0.402453 0.218898 0.399763 0.218898 0.397958 0.218898 0.392599 0.211370 0.389128 0.194852 0.387964 0.194532 0.386901 0.195389 0.387763 0.200204 0.389409 0.206231 0.390091 0.209338 0.389609 0.210694 0.389711 0.212264 0.390573 0.213616 0.391536 0.217398 0.393081 0.221894 0.392419 0.223926 0.392299 0.226245 0.389648 0.225356 0.385115 0.223356 0.383669 0.222750 0.383388 0.223676 0.383711 0.224606 0.385576 0.225606 0.386237 0.226176 0.385857 0.226426 0.383849 0.226676 0.382044 0.227676 0.382466 0.222856 0.383669 0.217366 0.385716 0.211727 0.386419 0.209338 0.385776 0.207769 0.384935 0.207519 0.384130 0.207769 0.381664 0.218218 0.380539 0.223926 0.380458 0.228921 0.371628 0.233384 0.375964 0.223750 0.379135 0.213616 0.380901 0.202773 0.382484 0.188037 0.384492 0.164991 0.387503 0.128282 0.386680 0.127069 0.385576 0.127069 0.384995 0.127389 0.378312 0.204269 0.375461 0.216153 0.374620 0.220005 0.373797 0.222537 0.373375 0.217792 0.372693 0.211833 0.371026 0.206769 0.369521 0.204986 0.365768 0.205449 0.362839 0.208264 0.359568 0.210194 0.358224 0.211227 0.358323 0.214366 0.359146 0.216009 0.362156 0.213009 0.364766 0.210801 0.366773 0.209301 0.368177 0.234454 0.366352 0.236806 0.365669 0.234130 0.364586 0.231454 0.363581 0.229815 0.362237 0.229384 0.361234 0.229384 0.360331 0.230565 0.359227 0.231454 0.358727 0.232810 0.358646 0.234130 0.359487 0.235773 0.359146 0.239056 0.359146 0.242014 0.350378 0.234273 0.351781 0.216759 0.349956 0.214653 0.349534 0.214653 0.349112 0.214653 0.347607 0.231171 0.340003 0.225963 0.339078 0.225819 0.338578 0.227458 0.338659 0.229102 0.339419 0.229671 0.347448 0.235486 0.345682 0.260032 0.345760 0.261065 0.342831 0.258963 0.337154 0.257037 0.334404 0.257037 0.331875 0.258389 0.330208 0.260319 0.328625 0.263278
2 0.482281 0.512296 0.484891 0.506056 0.486396 0.501736 0.487641 0.498454 0.488404 0.497097 0.490331 0.497704 0.492737 0.501736 0.495667 0.508264 0.495667 0.512583 0.494766 0.518685 0.493159 0.522394 0.492417 0.524032 0.486234 0.516977
15 0.465534 0.291204 0.475490 0.283620 0.478690 0.280259 0.484409 0.276264 0.485953 0.275903 0.489549 0.273181 0.491042 0.272407 0.493161 0.272440 0.492435 0.274431 0.491641 0.277546 0.490833 0.281991 0.486263 0.284722 0.482146 0.286787 0.479630 0.289449 0.475755 0.293343 0.472628 0.295338 0.469643 0.298162 0.466706 0.299648 0.464740 0.296005 0.464698 0.292185
