2 0.454888 0.513565 0.456349 0.513148 0.458190 0.515227 0.460615 0.517907 0.463458 0.521176 0.466052 0.525042 0.468060 0.528315 0.470068 0.531736 0.471906 0.534856 0.472156 0.538722 0.472326 0.540657 0.470633 0.542444 0.470695 0.541000 0.470195 0.539778 0.468883 0.538333 0.467383 0.535444 0.466385 0.533444 0.464448 0.533111 0.463448 0.532667 0.462323 0.532667 0.460135 0.531222 0.458638 0.528449 0.456701 0.525005 0.454888 0.519560 0.454888 0.515898
2 0.469297 0.507870 0.469286 0.509111 0.467943 0.513292 0.467047 0.515681 0.467383 0.518866 0.468615 0.521653 0.469174 0.524440 0.470070 0.525833 0.471414 0.527227 0.472758 0.528421 0.474997 0.529218 0.476565 0.528620 0.476453 0.526829 0.476677 0.525435 0.481716 0.526032 0.481156 0.523245 0.479813 0.519662 0.478133 0.515481 0.476789 0.514486 0.473766 0.514088 0.472982 0.513889 0.472982 0.511898 0.472758 0.509310 0.472870 0.506125
5 0.548802 0.661060 0.534885 0.662944 0.520891 0.665361 0.496357 0.640509 0.496935 0.640681 0.498292 0.640681 0.499646 0.640338 0.500227 0.638787 0.500648 0.638278 0.506151 0.636560 0.510555 0.634949 0.510685 0.637023 0.511852 0.637713 0.515091 0.636333 0.517164 0.635181 0.518846 0.634259 0.528484 0.633167 0.531299 0.632792 0.530995 0.635306 0.530995 0.638009 0.530995 0.639083 0.526745 0.639810 0.524922 0.641977 0.524815 0.645755 0.526638 0.653491 0.531404 0.652412 0.540414 0.651338 0.542539 0.653139 0.544263 0.656731 0.546896 0.658894
5 0.685500 0.693727 0.685750 0.691838 0.683464 0.690495 0.678708 0.687829 0.677841 0.687718 0.676708 0.688162 0.675341 0.688384 0.674398 0.688495 0.673466 0.688162 0.672654 0.688162 0.671648 0.688273 0.670781 0.688384 0.669656 0.687495 0.667156 0.684940 0.666346 0.683653 0.664044 0.682375 0.664240 0.684440 0.664333 0.687194 0.664813 0.687194 0.665781 0.687194 0.666268 0.689431 0.666268 0.691315 0.665883 0.692528 0.664813 0.692185 0.664138 0.692005 0.665133 0.699838 0.667630 0.701282 0.672693 0.698616 0.681440 0.694949
8 0.682604 0.658704 0.685984 0.671847 0.689279 0.683176 0.687281 0.686921 0.682583 0.669255 0.679096 0.657264 0.678122 0.652755 0.678284 0.650639 0.678284 0.649102 0.678555 0.648046 0.679956 0.647380
8 0.637516 0.637491 0.635716 0.638102 0.636927 0.642083 0.648378 0.638287 0.655208 0.635301 0.654536 0.631319 0.647930 0.634306
5 0.603451 0.637671 0.605818 0.661694 0.607992 0.681620 0.607240 0.682366 0.605568 0.682514 0.603560 0.681773 0.602974 0.681324 0.601721 0.670468 0.600888 0.660514 0.600888 0.646120 0.600883 0.645787 0.601219 0.645042 0.601128 0.639565 0.600159 0.630273 0.600740 0.630102 0.601805 0.630273 0.602771 0.630963
5 0.561172 0.522894 0.560109 0.522894 0.558797 0.523116 0.557487 0.524005 0.556299 0.525338 0.553237 0.530560 0.552424 0.530894 0.550612 0.534000 0.548677 0.537778 0.547240 0.537667 0.547240 0.535000 0.546427 0.528671 0.545865 0.524903 0.548607 0.524153 0.551117 0.522069 0.552706 0.520583 0.556469 0.519093 0.559229 0.516866 0.558560 0.514782 0.557174 0.512120 0.557799 0.510352 0.557487 0.508676 0.557737 0.507579 0.558297 0.507231 0.558359 0.505898 0.558359 0.504676 0.558797 0.503454 0.559359 0.501792 0.560172 0.501014 0.562047 0.500681 0.563422 0.500569 0.564797 0.501125 0.566107 0.501681 0.566669 0.502565 0.566857 0.504009 0.566669 0.505120 0.565734 0.505787 0.564109 0.506231 0.562359 0.506454 0.561484 0.507120 0.562109 0.513343 0.562484 0.515787 0.562172 0.518116
5 0.504122 0.535157 0.503122 0.540597 0.499747 0.543931 0.497750 0.545708 0.494188 0.549153 0.490628 0.551486 0.485003 0.532824 0.492563 0.524829 0.493812 0.523606 0.493938 0.522051 0.495063 0.520495 0.496758 0.519764 0.500018 0.526157
8 0.485549 0.509356 0.489815 0.514560 0.493076 0.516792 0.495253 0.518130 0.496758 0.519764 0.500018 0.526157 0.504536 0.535972 0.505828 0.538491 0.508383 0.535528 0.501859 0.521398 0.498932 0.515602 0.496331 0.513889 0.491143 0.510023 0.488216 0.507199 0.486003 0.504676 0.485091 0.504463
8 0.447318 0.488935 0.440039 0.505565 0.436107 0.512551 0.435104 0.514190 0.433932 0.515972 0.431841 0.517014 0.430336 0.517162 0.428581 0.516718 0.425398 0.515426 0.424430 0.515792 0.423846 0.514157 0.423344 0.511185 0.423260 0.508208 0.423510 0.504644 0.423677 0.501370 0.423930 0.498991 0.425185 0.491407 0.426771 0.482019 0.427232 0.478046 0.429224 0.467005 0.430219 0.457171 0.432245 0.439741 0.432245 0.437648 0.433779 0.433060 0.434690 0.430903 0.435195 0.426940 0.435195 0.426940 0.435703 0.430722 0.435297 0.436120 0.434081 0.441704 0.433779 0.443144 0.434487 0.444764 0.433951 0.445449 0.431682 0.466426 0.430812 0.473657 0.428021 0.490569 0.427646 0.493347 0.427521 0.494903 0.427208 0.500903 0.426195 0.505014 0.425182 0.510542 0.426557 0.511954 0.428870 0.513755 0.430531 0.513755 0.431906 0.513755 0.433206 0.512597 0.441159 0.497431 0.444247 0.492171 0.445591 0.490181
1 0.440461 0.415597 0.447693 0.412042 0.459948 0.408616 0.470888 0.406440 0.478940 0.405815 0.484542 0.406440 0.488917 0.408148 0.493732 0.412194 0.497406 0.417644 0.500034 0.423398 0.499070 0.424023 0.498284 0.422463 0.494258 0.416398 0.491630 0.412972 0.486117 0.409241 0.482703 0.408306 0.479815 0.408148 0.476052 0.407995 0.469401 0.409083 0.461086 0.410796 0.449620 0.413907 0.440956 0.417329
6 0.452271 0.389745 0.456977 0.376824 0.459021 0.377361 0.458792 0.385162 0.458490 0.387986 0.451456 0.406676 0.449336 0.398606
5 0.431896 0.373917 0.441677 0.383014 0.438031 0.386611 0.437625 0.387694 0.437828 0.390574 0.438336 0.391653 0.439044 0.395255 0.440159 0.397773 0.440563 0.399574 0.438437 0.402634 0.438133 0.404255 0.440461 0.415597 0.442284 0.422981 0.439956 0.423338 0.438638 0.423880 0.438638 0.422801 0.438133 0.422079 0.436615 0.422801 0.436005 0.423519 0.435195 0.426940 0.434690 0.430903 0.433779 0.433060 0.431146 0.440264 0.429930 0.448185 0.429120 0.451782 0.426589 0.452144 0.423651 0.450884 0.421221 0.449806 0.418182 0.447824 0.416359 0.447102 0.414333 0.446204 0.412815 0.442602 0.411398 0.439903 0.411701 0.438463 0.413120 0.439181 0.414031 0.437741 0.413727 0.435940 0.412714 0.436120 0.411094 0.436481 0.410789 0.434681 0.410992 0.432523 0.408359 0.429102 0.413018 0.425861 0.416766 0.423880 0.417979 0.421537 0.417979 0.418838 0.417880 0.414519 0.417953 0.412245 0.420648 0.408079 0.424047 0.404120 0.427794 0.398704 0.432833 0.392454 0.434474 0.387662 0.434005 0.383500 0.432951 0.379750
2 0.460122 0.411009 0.460122 0.412981 0.461430 0.416236 0.464503 0.421352 0.465810 0.422745 0.466659 0.423213 0.468883 0.423444 0.472151 0.422861 0.474497 0.422329 0.474349 0.420176 0.473060 0.418157 0.471091 0.415065 0.469273 0.411579 0.468464 0.409259
2 0.474497 0.422329 0.472005 0.428023 0.480599 0.433319 0.482065 0.428806 0.482701 0.428806 0.483286 0.428370 0.484898 0.422986 0.485971 0.422815 0.486167 0.421944 0.486021 0.420991 0.485190 0.420556 0.484898 0.418384 0.484409 0.416907 0.483578 0.416130 0.482456 0.414824 0.481919 0.413958 0.481919 0.412222 0.481333 0.410398 0.480943 0.408227 0.479815 0.408148 0.478438 0.408009 0.476448 0.410833 0.475667 0.413435 0.474641 0.416824 0.474935 0.419426 0.475276 0.420556
7 0.443180 0.456611 0.435539 0.466560 0.431682 0.466426 0.433951 0.445449 0.434487 0.444764 0.442284 0.445481 0.442589 0.449806
2 0.489740 0.590093 0.485906 0.594593 0.484099 0.597417 0.482581 0.598060 0.480703 0.600759 0.478839 0.604037 0.477484 0.600940 0.477677 0.599218 0.478935 0.597671 0.484646 0.589583 0.492096 0.580981 0.495836 0.575324 0.497563 0.572588 0.499477 0.568356 0.501667 0.574028 0.502604 0.575491
2 0.483969 0.619519 0.484453 0.624509 0.487258 0.625542 0.488904 0.626574 0.491419 0.626574 0.494034 0.625370 0.495969 0.623648 0.497516 0.622102 0.498677 0.622102 0.499258 0.622958 0.500419 0.623648 0.501872 0.625199 0.502938 0.628639 0.502065 0.633282 0.503047 0.632639 0.503701 0.627278 0.504432 0.620245 0.504336 0.616986 0.504487 0.615153 0.499643 0.616056 0.496607 0.616824 0.492268 0.617597
2 0.537503 0.616755 0.539318 0.613759 0.540612 0.610074 0.540872 0.605699 0.541776 0.605037 0.542911 0.605574 0.543742 0.606245 0.544727 0.607593 0.546089 0.607995 0.547221 0.607861 0.548664 0.606954 0.549635 0.607625 0.550661 0.607241 0.548674 0.609801 0.547995 0.611347 0.549448 0.616338 0.548964 0.616852 0.550995 0.622185 0.552255 0.623389 0.555255 0.626486 0.557190 0.629069 0.555169 0.630667 0.553518 0.632528 0.552260 0.632968 0.550135 0.631718 0.547599 0.629727
10 0.557552 0.668287 0.560151 0.669519 0.562318 0.670671 0.563909 0.671315 0.565716 0.671829 0.567089 0.673116 0.568826 0.672602 0.570487 0.671444 0.571643 0.671315 0.572151 0.673370 0.572656 0.671444 0.572729 0.668491 0.572729 0.657694 0.573380 0.656537 0.575620 0.656153 0.576995 0.654995 0.577526 0.654120 0.578094 0.653245 0.573607 0.651718 0.551589 0.644167 0.553518 0.632528 0.552260 0.632968 0.550135 0.631718 0.547599 0.629727 0.538591 0.617662 0.537503 0.616755 0.534523 0.619519 0.530247 0.619519 0.534846 0.624144 0.532411 0.623782 0.531805 0.624333 0.532411 0.628111 0.531708 0.630991 0.531299 0.632792 0.530995 0.635306 0.530995 0.638009 0.530995 0.639083 0.526745 0.639810 0.524922 0.641977 0.524815 0.645755 0.526638 0.653491 0.531404 0.652412 0.540414 0.651338 0.542539 0.653139 0.544263 0.656731 0.546896 0.658894 0.548799 0.660907
2 0.696143 0.878731 0.699620 0.872449 0.700807 0.870227 0.701807 0.869338 0.703245 0.869671 0.705932 0.875667 0.703932 0.881444 0.702870 0.880444 0.702245 0.882444 0.701307 0.884556 0.699870 0.887773 0.699370 0.890329 0.699682 0.892329 0.702932 0.893218 0.706182 0.895440 0.708867 0.899440 0.709555 0.901546 0.709617 0.902546 0.708742 0.902880 0.704307 0.899773 0.702307 0.898440 0.700557 0.896662 0.699682 0.896662 0.698560 0.897106 0.697497 0.897551 0.696497 0.898218 0.695747 0.897995 0.694872 0.896440 0.694060 0.894995 0.694622 0.892884 0.695185 0.890551 0.695685 0.889440 0.695997 0.887773 0.696185 0.885444 0.697951 0.884255 0.696867 0.881685
2 0.685299 0.877315 0.693612 0.872046 0.696143 0.878731 0.696867 0.881685 0.697951 0.884255 0.690867 0.889398
2 0.707883 0.817532 0.708461 0.810588 0.708896 0.806736 0.709401 0.803907 0.709836 0.803394 0.710776 0.801338 0.708680 0.799537 0.707232 0.798509 0.705786 0.798894 0.703690 0.799537 0.701956 0.799796 0.700943 0.799282 0.698125 0.793625 0.698630 0.792468 0.699208 0.792597 0.700872 0.794782 0.701956 0.796324 0.703112 0.797097 0.704703 0.796708 0.707016 0.796708 0.710703 0.798380 0.713378 0.801079 0.716557 0.808407 0.718727 0.812773 0.718076 0.821130 0.717281 0.821384 0.716052 0.822412 0.716919 0.825241 0.716703 0.830255 0.716341 0.834106 0.716557 0.838477 0.716198 0.839120 0.714245 0.839894 0.712654 0.840278 0.712221 0.840407 0.711461 0.835213 0.709437 0.824671
2 0.715740 0.724954 0.714552 0.724282 0.713740 0.724190 0.712607 0.724190 0.711581 0.724190 0.710284 0.724861 0.709583 0.725819 0.708826 0.727454 0.708016 0.727741 0.706990 0.726778 0.706344 0.726301 0.705438 0.726380 0.703766 0.725338 0.702510 0.724000 0.701172 0.724894 0.699583 0.726083 0.698831 0.726380 0.698813 0.727912 0.697555 0.729458 0.696104 0.727912 0.696008 0.730148 0.696781 0.733588 0.697122 0.732380 0.698932 0.733602 0.700432 0.734602 0.701620 0.735269 0.704057 0.736491 0.705120 0.737046 0.706557 0.736380 0.707742 0.737157 0.709117 0.735824 0.710180 0.734157 0.711805 0.733491
5 0.597021 0.723403 0.593424 0.720208 0.590424 0.718606 0.587125 0.717407 0.588500 0.713079 0.588924 0.704046 0.585430 0.695954 0.586490 0.694264 0.590406 0.692944 0.594534 0.692005 0.602427 0.694412 0.606138 0.694847 0.611201 0.695403 0.619635 0.697736 0.625195 0.699736 0.644633 0.706412 0.652406 0.708231 0.652461 0.710056 0.652242 0.713231 0.651813 0.714287 0.651760 0.714477 0.650875 0.727861 0.650943 0.730051 0.650943 0.731338 0.650005 0.731713 0.649281 0.731713 0.648919 0.732880 0.647906 0.733394 0.639664 0.731847 0.632367 0.730181 0.628674 0.729403 0.620872 0.727481 0.612411 0.725162 0.602727 0.724264 0.600266 0.723884 0.598461 0.723630
7 0.509456 0.606435 0.509000 0.609616 0.508872 0.611917 0.507057 0.609384 0.505503 0.610995 0.504727 0.613528 0.504336 0.616986 0.504466 0.626426 0.505891 0.633106 0.506151 0.636560 0.510555 0.634949 0.510685 0.637023 0.511852 0.637713 0.515091 0.636333 0.517164 0.635181 0.518846 0.634259 0.521875 0.633935 0.523771 0.630111 0.525195 0.627810 0.526232 0.627810 0.528565 0.625968 0.529729 0.622051 0.530247 0.619519 0.534523 0.619519 0.537503 0.616755 0.539318 0.613759 0.540612 0.610074 0.540872 0.605699 0.540354 0.601093 0.539836 0.599250 0.538281 0.598329 0.536466 0.596944 0.533229 0.596718 0.529859 0.598097 0.527656 0.602245 0.525714 0.606620 0.522992 0.607773 0.518589 0.607079 0.515609 0.605468 0.513341 0.603671
10 0.736888 0.711213 0.737911 0.711565 0.738880 0.712597 0.740138 0.712940 0.740911 0.712083 0.740526 0.709157 0.741203 0.707435 0.742073 0.706403 0.742654 0.703995 0.742750 0.702102 0.742396 0.699718 0.743263 0.699463 0.744057 0.698560 0.744565 0.700102 0.745073 0.699694 0.745654 0.701759 0.746138 0.703995 0.746526 0.706921 0.746526 0.709329 0.746526 0.711222 0.746622 0.716898 0.751169 0.718273 0.753203 0.719134 0.755622 0.721546 0.756203 0.723611 0.753977 0.730319 0.740719 0.751310 0.727557 0.768856 0.723685 0.774708 0.722039 0.776602 0.719719 0.780903 0.718169 0.784343 0.716911 0.788644 0.715750 0.790880 0.713620 0.790019 0.711297 0.788301 0.709943 0.788125 0.706750 0.787093 0.705492 0.785889 0.705008 0.783481 0.704911 0.781417 0.700466 0.777713 0.702130 0.776431 0.704154 0.774245 0.704154 0.770519 0.705021 0.768463 0.704443 0.766532 0.703357 0.765380 0.701911 0.765764 0.700177 0.767046 0.699393 0.766449 0.693781 0.755611 0.696310 0.753486 0.698497 0.753375 0.700557 0.751597 0.701995 0.751597 0.702432 0.753486 0.702995 0.757264 0.703870 0.760593 0.704745 0.763593 0.704932 0.765593 0.705620 0.767704 0.705432 0.769037 0.706120 0.770370 0.707367 0.770037 0.709992 0.768704 0.712305 0.766481 0.712555 0.768259 0.712430 0.770148 0.714055 0.769037 0.722552 0.757153 0.723987 0.755375 0.724487 0.753931 0.724299 0.752153 0.723487 0.749597 0.722427 0.745931 0.721490 0.743602 0.720831 0.741639 0.717615 0.748597 0.716740 0.749708 0.715865 0.750042 0.715802 0.748708 0.715490 0.746708 0.715552 0.745597 0.716740 0.744819 0.716490 0.742713 0.716052 0.739491 0.715615 0.736824 0.714867 0.735824 0.713180 0.735602 0.712055 0.733935 0.711857 0.733662 0.715740 0.724954 0.716443 0.723106 0.721865 0.711282 0.728227 0.696505 0.729167 0.696764 0.733214 0.704088
2 0.668232 0.754380 0.671219 0.750856 0.672669 0.752926 0.673344 0.753620 0.675086 0.756023 0.675187 0.757912 0.667734 0.770815 0.664557 0.776602 0.662427 0.777468 0.660396 0.777287 0.658940 0.775745 0.658172 0.773167 0.657979 0.770069 0.659234 0.768005 0.660490 0.766102
2 0.698076 0.724449 0.696622 0.725162 0.695747 0.725606 0.691497 0.732046 0.688125 0.717829 0.690250 0.717606 0.693997 0.717384 0.696823 0.708833 0.696872 0.708833 0.701172 0.718648
2 0.708201 0.712569 0.704557 0.718940 0.704432 0.718162 0.702995 0.717606 0.701932 0.717495 0.697622 0.706833 0.699701 0.699190 0.712568 0.699963 0.715315 0.698935 0.715302 0.699060 0.713622 0.702417 0.711383 0.703190 0.710878 0.704472 0.711094 0.707431 0.709865 0.709486 0.709214 0.708843 0.708708 0.709741 0.708201 0.711028
2 0.739865 0.683653 0.740732 0.682241 0.742469 0.680569 0.744635 0.677870 0.746516 0.674144 0.747888 0.671185 0.749552 0.669519 0.750708 0.668616 0.751865 0.668491 0.752516 0.669644 0.752661 0.672731 0.751648 0.678125 0.750924 0.680954 0.750130 0.682625 0.749695 0.686097 0.749117 0.690208 0.748469 0.693806 0.747599 0.697403 0.746299 0.698949 0.744924 0.699847 0.744565 0.700102 0.744057 0.698560 0.743263 0.699463 0.742396 0.699718 0.742323 0.697917 0.743406 0.695093 0.742974 0.694190 0.742539 0.694190 0.741529 0.695861 0.740805 0.697662 0.740081 0.698046 0.738924 0.695736 0.738273 0.693551 0.740589 0.686866 0.740589 0.684681
2 0.728227 0.696505 0.729529 0.691366 0.730828 0.692264 0.732708 0.692523 0.734081 0.693162 0.734948 0.692134 0.733865 0.691106 0.733214 0.689565 0.733865 0.688023 0.734878 0.686995 0.735888 0.686222 0.736755 0.684810 0.737552 0.683653 0.738130 0.683782 0.738924 0.683653 0.739865 0.683653 0.740589 0.684681 0.740589 0.686866 0.737552 0.695736 0.733214 0.704088 0.729167 0.696764
2 0.715315 0.698935 0.718901 0.699588 0.716948 0.701648 0.716081 0.702801 0.713622 0.702417 0.711383 0.703190 0.710878 0.704472 0.711094 0.707431 0.711888 0.711412 0.711310 0.711926 0.709865 0.709486 0.709214 0.708843 0.708708 0.709741 0.708201 0.711028 0.708201 0.712569 0.710443 0.713727 0.711745 0.716556 0.713190 0.718866 0.716443 0.723106 0.721865 0.711282 0.728227 0.696505 0.725695 0.695861 0.725094 0.694412 0.724258 0.694412 0.722919 0.695750 0.720911 0.697384 0.718820 0.697384 0.717732 0.696792
1 0.699701 0.699190 0.712568 0.699963 0.715315 0.698935 0.717732 0.696792 0.720828 0.693519 0.720326 0.692181 0.715557 0.692032 0.711292 0.691435 0.706943 0.691435 0.701435 0.692125 0.701003 0.694051 0.715750 0.693921 0.716328 0.695593 0.714664 0.697005 0.712714 0.697648 0.703747 0.696620 0.700279 0.696750
2 0.705354 0.674037 0.703096 0.685042 0.706943 0.691435 0.711292 0.691435 0.715557 0.692032 0.720326 0.692181 0.720828 0.693519 0.717732 0.696792 0.718820 0.697384 0.720911 0.697384 0.722919 0.695750 0.724258 0.694412 0.725094 0.694412 0.725680 0.693815 0.725596 0.691139 0.724927 0.689801 0.724508 0.688611 0.723336 0.688167 0.720995 0.689356 0.719656 0.690245 0.718318 0.690546 0.717148 0.689949 0.715893 0.688463 0.714555 0.688907 0.713549 0.688611 0.712547 0.687421 0.712630 0.685639 0.711461 0.685787 0.710456 0.685338 0.709870 0.683556 0.709370 0.682069 0.707862 0.681472 0.706776 0.678796 0.705940 0.675676
2 0.706992 0.666069 0.712797 0.672106 0.714471 0.674185 0.715641 0.675375 0.716479 0.674486 0.717482 0.675824 0.718570 0.677903 0.719823 0.679690 0.719909 0.680731 0.723086 0.685042 0.723336 0.688167 0.720995 0.689356 0.719656 0.690245 0.718318 0.690546 0.717148 0.689949 0.715893 0.688463 0.714555 0.688907 0.713549 0.688611 0.712547 0.687421 0.712630 0.685639 0.711461 0.685787 0.710456 0.685338 0.709870 0.683556 0.709370 0.682069 0.707862 0.681472 0.706776 0.678796 0.705940 0.675676 0.705354 0.674037
1 0.702401 0.662245 0.705557 0.660514 0.706992 0.660403 0.707617 0.660514 0.706992 0.666069 0.702807 0.687176 0.697622 0.706833 0.693997 0.717384 0.690250 0.717606 0.687500 0.717940 0.685063 0.718718 0.682690 0.718940 0.679315 0.719829 0.677565 0.720162 0.676815 0.720162 0.676573 0.717653 0.673148 0.709880 0.671474 0.707491 0.669232 0.705491 0.668563 0.704699 0.667818 0.703389 0.678878 0.697949 0.683125 0.695949 0.685375 0.695505 0.685500 0.693727 0.685937 0.689727 0.686312 0.688505 0.687281 0.686921 0.689279 0.683176 0.689732 0.682324 0.690542 0.680977 0.694828 0.672051 0.698016 0.666870
2 0.686339 0.682500 0.684956 0.687829 0.683464 0.690495 0.678708 0.687829 0.677841 0.687718 0.676708 0.688162 0.675341 0.688384 0.674398 0.688495 0.673466 0.688162 0.672654 0.688162 0.671648 0.688273 0.670781 0.688384 0.669656 0.687495 0.667156 0.684940 0.666346 0.683653 0.668008 0.672856 0.668586 0.669519 0.665333 0.663606 0.665911 0.661162 0.666706 0.660394 0.667792 0.660648 0.668586 0.660778 0.668961 0.662171 0.670086 0.662727 0.670969 0.662838 0.671648 0.661597 0.675482 0.662171 0.676724 0.662750 0.677263 0.664093 0.677911 0.664380 0.681477 0.665338 0.682583 0.669255
2 0.671133 0.640907 0.672005 0.640787 0.672841 0.641093 0.673469 0.640722 0.674096 0.640412 0.674724 0.640972 0.675073 0.641713 0.675352 0.642644 0.675875 0.642208 0.675979 0.639421 0.676240 0.636616 0.676518 0.635620 0.676833 0.634444 0.677635 0.633579 0.678542 0.633079 0.678924 0.632773 0.678854 0.631968 0.679029 0.631157 0.679831 0.630602 0.680773 0.630292 0.681680 0.630602 0.697409 0.645569 0.698622 0.646981 0.699089 0.649556 0.699089 0.651463 0.698995 0.653204 0.698622 0.654204 0.698807 0.655282 0.699836 0.655856 0.700443 0.656361 0.701750 0.659514 0.702401 0.662245 0.698016 0.666870 0.694828 0.672051 0.690542 0.680977 0.689732 0.682324 0.689732 0.678481 0.689083 0.670606 0.688922 0.667727 0.688922 0.663213 0.688922 0.660625 0.689464 0.658611 0.689625 0.656306 0.689247 0.653907 0.688073 0.652778 0.687117 0.648069 0.688599 0.643366 0.679922 0.647319 0.678555 0.648046 0.678284 0.649102 0.678284 0.650639 0.678122 0.652755 0.679096 0.657264 0.677419 0.659954 0.675638 0.659764 0.674073 0.659278 0.672453 0.657843 0.672937 0.656690 0.674828 0.653139 0.675586 0.650931 0.675638 0.650065 0.673802 0.650065 0.673154 0.650162 0.673047 0.647088 0.672398 0.644782 0.672346 0.643153 0.670885 0.643343
2 0.640987 0.658394 0.643427 0.669468 0.646237 0.670333 0.651073 0.671366 0.658333 0.673255 0.660651 0.674287 0.662495 0.677389 0.663557 0.679963 0.664044 0.682375 0.666346 0.683653 0.668008 0.672856 0.668586 0.669519 0.665333 0.663606 0.665911 0.661162 0.666706 0.660394 0.667792 0.660648 0.668586 0.660778 0.669021 0.660134 0.669091 0.655250 0.669237 0.651269 0.668948 0.649727 0.667555 0.647218 0.665909 0.646014 0.665846 0.647843 0.664279 0.649435 0.661367 0.652421 0.658680 0.654213 0.656104 0.655208 0.654648 0.655606 0.653193 0.655208 0.653193 0.650431 0.651849 0.650032 0.651065 0.653417 0.649385 0.652819 0.646474 0.651028 0.645130 0.654611 0.644234 0.657199 0.642891 0.657995 0.641659 0.658394
2 0.640987 0.658394 0.643427 0.669468 0.640815 0.669648 0.638878 0.671023 0.638391 0.671403 0.632393 0.645852 0.628706 0.630745 0.633456 0.628972
2 0.647930 0.634306 0.637516 0.637491 0.634828 0.626542 0.633091 0.619394 0.634320 0.618495 0.636201 0.617722 0.637359 0.617801 0.638716 0.617625 0.641135 0.616769 0.642393 0.616079 0.643167 0.617111 0.644036 0.618833 0.646167 0.619347 0.647482 0.621167 0.648154 0.630125 0.647482 0.631917
2 0.649385 0.652819 0.646474 0.651028 0.645130 0.654611 0.644234 0.657199 0.642891 0.657995 0.641659 0.658394 0.640987 0.658394 0.637057 0.642083 0.648378 0.638287 0.648602 0.641074 0.648602 0.643065 0.649161 0.646449 0.649161 0.650431
2 0.665909 0.646014 0.665846 0.647843 0.664279 0.649435 0.661367 0.652421 0.658680 0.654213 0.656104 0.655208 0.654648 0.655606 0.653193 0.655208 0.653193 0.650431 0.651849 0.650032 0.651065 0.653417 0.649385 0.652819 0.649161 0.650431 0.649161 0.646449 0.648602 0.643065 0.648602 0.641074 0.648378 0.638287 0.655208 0.635301 0.654536 0.631319 0.647930 0.634306 0.647482 0.631917 0.648154 0.630125 0.647482 0.621167 0.646167 0.619347 0.648878 0.618657 0.651393 0.617625 0.654005 0.616769 0.657974 0.615736 0.661070 0.630014 0.662232 0.631736 0.662909 0.632421 0.664747 0.633454 0.665812 0.637931
5 0.637935 0.613870 0.637935 0.611556 0.636922 0.605773 0.637359 0.603519 0.637844 0.601111 0.639198 0.599560 0.639878 0.597843 0.641232 0.597843 0.642586 0.598875 0.643844 0.598704 0.645779 0.593542 0.646167 0.592681 0.646359 0.588551 0.646747 0.585454 0.647135 0.583731 0.647813 0.577884 0.647909 0.575301 0.647620 0.570829 0.647620 0.566528 0.647135 0.563778 0.647039 0.560505 0.647909 0.558097 0.648393 0.555347 0.649070 0.552764 0.649555 0.551389 0.650813 0.551046 0.652555 0.550870 0.653716 0.550870 0.655458 0.552079 0.656521 0.553106 0.671039 0.568079 0.676846 0.573065 0.677716 0.574958 0.677523 0.577884 0.677523 0.580463 0.676362 0.582699 0.675490 0.584593 0.675005 0.585454 0.674232 0.585796 0.673555 0.586144 0.674232 0.593884 0.673458 0.602829 0.671620 0.614704 0.670651 0.619005 0.668523 0.631565 0.667747 0.639819 0.667555 0.647218 0.665909 0.646014 0.665812 0.637931 0.664747 0.633454 0.662909 0.632421 0.662232 0.631736 0.661070 0.630014 0.657974 0.615736 0.654005 0.616769 0.651393 0.617625 0.648878 0.618657 0.646167 0.619347 0.644036 0.618833 0.643167 0.617111 0.642393 0.616079 0.641135 0.616769 0.638716 0.617625 0.637359 0.617801 0.636201 0.617722 0.636995 0.615412
5 0.612760 0.678523 0.613385 0.680630 0.614698 0.682852 0.613635 0.682852 0.612760 0.683963 0.612013 0.685185 0.611263 0.687074 0.610513 0.688630 0.610076 0.690519 0.609576 0.691519 0.609201 0.690407 0.609388 0.681519 0.608651 0.681398 0.607992 0.681620 0.607240 0.682366 0.605568 0.682514 0.603560 0.681773 0.602974 0.681324 0.601828 0.680963 0.602453 0.694514 0.606138 0.694847 0.611201 0.695403 0.619635 0.697736 0.625195 0.699736 0.644633 0.706412 0.652406 0.708231 0.652461 0.710056 0.652242 0.713231 0.651813 0.714287 0.651760 0.714477 0.650875 0.727861 0.650943 0.730051 0.650943 0.731338 0.650005 0.731713 0.649281 0.731713 0.648919 0.732880 0.647906 0.733394 0.639664 0.731847 0.632367 0.730181 0.628674 0.729403 0.620872 0.727481 0.612411 0.725162 0.602727 0.724264 0.600266 0.723884 0.598461 0.723630 0.597021 0.723403 0.599719 0.726069 0.602867 0.730602 0.605417 0.735130 0.606914 0.743125 0.606740 0.746333 0.610138 0.752884 0.613604 0.759185 0.613898 0.760852 0.618667 0.765481 0.620260 0.764583 0.621688 0.765097 0.624089 0.765125 0.622435 0.767958 0.622495 0.768903 0.625151 0.768486 0.626865 0.768588 0.627099 0.766491 0.628221 0.764810 0.632003 0.764389 0.633536 0.765546 0.634659 0.762815 0.633773 0.754417 0.632711 0.752000 0.634021 0.747810 0.635917 0.744579 0.638052 0.747245 0.643508 0.749356 0.649438 0.753292 0.651563 0.755278 0.660221 0.742731 0.664927 0.734370 0.668844 0.727606 0.671643 0.723431 0.673323 0.725019 0.674443 0.727005 0.676234 0.728403 0.677128 0.727806 0.676909 0.722227 0.676573 0.717653 0.673148 0.709880 0.671474 0.707491 0.669232 0.705491 0.668563 0.704699 0.665424 0.702713 0.664138 0.692005 0.664813 0.692185 0.665883 0.692528 0.666268 0.691315 0.666268 0.689431 0.665781 0.687194 0.664813 0.687194 0.664333 0.687194 0.664240 0.684440 0.664044 0.682375 0.663557 0.679963 0.662495 0.677389 0.660651 0.674287 0.658333 0.673255 0.651073 0.671366 0.646237 0.670333 0.643427 0.669468 0.640815 0.669648 0.638878 0.671023 0.636948 0.672569 0.634622 0.674454 0.633167 0.675833 0.631523 0.677042 0.630169 0.677898 0.628643 0.679065 0.628706 0.679954 0.628518 0.681509 0.627831 0.681843 0.625396 0.681731 0.621958 0.681509 0.617273 0.679731 0.616148 0.678509 0.614273 0.677954 0.613211 0.678287
2 0.623008 0.664194 0.620396 0.668625 0.616148 0.665403 0.612461 0.663514 0.611388 0.662861 0.610576 0.663306 0.607604 0.666250 0.608089 0.669514 0.608964 0.670847 0.608276 0.671958 0.606964 0.672625 0.607992 0.681620 0.608651 0.681398 0.609464 0.680176 0.610464 0.679176 0.611961 0.678954 0.613211 0.678287 0.614273 0.677954 0.616148 0.678509 0.617273 0.679731 0.621958 0.681509 0.625396 0.681731 0.627831 0.681843 0.628518 0.681509 0.628706 0.679954 0.628643 0.679065 0.628331 0.665625 0.628018 0.662958 0.627893 0.658407 0.628320 0.655194 0.627758 0.654639 0.626133 0.655194 0.625195 0.655306 0.626383 0.656306 0.626070 0.658528
2 0.604201 0.646421 0.607888 0.648866 0.609263 0.649199 0.610013 0.649421 0.610576 0.650088 0.615635 0.652083 0.618135 0.653194 0.621633 0.652528 0.623883 0.651750 0.625258 0.651306 0.626383 0.651639 0.627508 0.650861 0.627945 0.650199 0.629318 0.649532 0.630318 0.648310 0.631193 0.647977 0.632443 0.648088 0.633047 0.648519 0.634005 0.652861 0.633568 0.652861 0.632818 0.652194 0.631505 0.652306 0.630818 0.652750 0.630505 0.653972 0.630255 0.654639 0.629318 0.655528 0.628320 0.655194 0.627758 0.654639 0.626133 0.655194 0.625195 0.655306 0.626383 0.656306 0.626070 0.658528 0.623008 0.664194 0.618135 0.663194 0.616010 0.662528 0.614510 0.662417 0.611763 0.662417 0.611388 0.662861 0.610576 0.663306 0.609576 0.664306 0.608701 0.665190 0.607888 0.665301 0.607201 0.664528 0.606638 0.663083 0.605818 0.661694
2 0.557190 0.629069 0.555169 0.630667 0.553518 0.632528 0.551589 0.644167 0.573607 0.651718 0.596242 0.659181 0.600888 0.660514 0.600888 0.646120 0.597547 0.641630 0.590094 0.646616 0.588448 0.647134 0.586417 0.646963 0.584385 0.646273 0.582932 0.645241 0.581286 0.640597 0.579352 0.639046 0.575674 0.638014 0.571125 0.636639 0.568029 0.634056 0.565221 0.632509 0.562609 0.631819 0.560578 0.632509 0.559029 0.631477
5 0.588083 0.528810 0.590513 0.522880 0.591596 0.521338 0.592609 0.519153 0.593766 0.516454 0.595354 0.513370 0.598826 0.507329 0.600922 0.503602 0.602078 0.501801 0.602945 0.500773 0.604174 0.500259 0.611404 0.515681 0.615570 0.522019 0.625477 0.540116 0.630740 0.552750 0.631354 0.559306 0.632078 0.561046 0.632440 0.562463 0.632297 0.564005 0.632151 0.564903 0.632729 0.567472 0.634104 0.573000 0.634898 0.582898 0.635044 0.591764 0.635260 0.598574 0.636633 0.602176 0.636922 0.605773 0.637935 0.611556 0.637935 0.613870 0.636995 0.615412 0.636201 0.617722 0.634320 0.618495 0.633091 0.619394 0.632440 0.619009 0.631862 0.617083 0.630922 0.614384 0.628971 0.614125 0.628247 0.615796 0.628609 0.617981 0.629549 0.619139 0.632513 0.620551 0.633091 0.621708 0.633596 0.622995 0.632729 0.624537 0.632513 0.626333 0.631862 0.628778 0.630560 0.630190 0.629404 0.630449 0.627815 0.629292 0.626008 0.628907 0.624479 0.627269 0.616971 0.626079 0.612633 0.624921 0.611477 0.624407 0.610898 0.623634 0.609523 0.624148 0.608224 0.624662 0.606633 0.625176 0.605477 0.625176 0.605260 0.623894 0.604320 0.621708 0.603164 0.620296 0.601357 0.620421 0.599693 0.622481 0.598174 0.621708 0.596729 0.619139 0.595646 0.616694 0.594922 0.613227 0.593693 0.610528 0.593115 0.608597 0.587258 0.599731 0.583789 0.595491 0.580753 0.592662 0.575620 0.588421 0.573380 0.586236 0.569115 0.582384 0.567740 0.581352 0.565932 0.579685 0.566221 0.578782 0.567234 0.577241 0.569885 0.571690 0.572896 0.563810 0.573307 0.561690 0.572005 0.559380 0.571839 0.557171 0.573148 0.555949 0.574354 0.553542 0.575229 0.551431 0.577229 0.546097 0.578229 0.545208 0.579417 0.547542 0.580604 0.546208 0.579917 0.545097 0.579854 0.543986 0.579917 0.543208 0.582414 0.538991 0.584352 0.535546 0.585437 0.534088
2 0.567711 0.557565 0.566875 0.561579 0.569469 0.561875 0.571141 0.562472 0.572896 0.563810 0.569885 0.571690 0.567794 0.570648 0.566122 0.569755 0.564115 0.569014 0.562443 0.568565 0.562107 0.569458 0.561438 0.570204 0.560016 0.569755 0.557508 0.566782 0.555500 0.565296 0.557904 0.556949 0.559216 0.557060 0.562966 0.557505
10 0.571839 0.557171 0.562966 0.557505 0.559216 0.557060 0.557904 0.556949 0.560065 0.548963 0.559484 0.541222 0.559677 0.537435 0.560065 0.532963 0.558612 0.532792 0.554643 0.544662 0.552281 0.553171 0.550906 0.554505 0.549781 0.555060 0.548906 0.555394 0.547909 0.555949 0.546971 0.557282 0.546125 0.559241 0.545099 0.559046 0.545638 0.555593 0.546070 0.552134 0.546125 0.549639 0.545747 0.547625 0.545260 0.546759 0.545964 0.544648 0.546232 0.542634 0.547638 0.539847 0.548677 0.537778 0.550612 0.534000 0.552424 0.530894 0.553237 0.530560 0.556299 0.525338 0.557487 0.524005 0.558797 0.523116 0.560109 0.522894 0.561172 0.522894 0.562484 0.522671 0.563859 0.520894 0.564922 0.520005 0.566169 0.519005 0.567607 0.518116 0.568669 0.518019 0.570982 0.522995 0.569607 0.523218 0.567794 0.523551 0.566607 0.524662 0.565672 0.526769 0.563359 0.531991 0.562297 0.536435 0.561922 0.541653 0.562172 0.547542 0.564234 0.553870 0.566232 0.553653 0.571794 0.553542 0.574354 0.553542 0.573148 0.555949
2 0.582414 0.538991 0.579917 0.543208 0.579854 0.543986 0.579917 0.545097 0.580604 0.546208 0.579417 0.547542 0.578229 0.545208 0.577229 0.546097 0.575229 0.551431 0.574354 0.553542 0.571794 0.553542 0.566232 0.553653 0.564234 0.553870 0.562172 0.547542 0.561922 0.541653 0.562297 0.536435 0.563359 0.531991 0.565672 0.526769 0.566607 0.524662 0.567794 0.523551 0.569607 0.523218 0.570982 0.522995 0.571982 0.524560 0.572607 0.524116 0.577792 0.525560 0.578229 0.526347 0.579229 0.526449 0.580146 0.526986 0.580414 0.527847 0.580414 0.528810 0.582682 0.530056 0.584352 0.535546
1 0.567732 0.505468 0.564547 0.507579 0.563109 0.508241 0.562484 0.509009 0.562234 0.509898 0.561984 0.511454 0.562109 0.513343 0.562484 0.515787 0.562172 0.518116 0.562484 0.522671 0.563859 0.520894 0.564922 0.520005 0.566169 0.519005 0.567607 0.518116 0.568669 0.518019 0.571982 0.524560 0.572607 0.524116 0.568732 0.515241 0.570169 0.513231 0.570919 0.511898 0.571544 0.511565 0.574229 0.517449 0.575542 0.519560 0.576292 0.519449 0.577792 0.518449 0.581604 0.514009 0.583602 0.518338 0.582539 0.519449 0.577792 0.525560 0.578229 0.526347 0.579229 0.526449 0.584352 0.519894 0.584852 0.518449 0.584539 0.516009 0.583727 0.515241 0.582789 0.513130 0.581604 0.511120 0.578792 0.514009 0.575729 0.507898 0.574979 0.507898 0.573482 0.508898 0.572482 0.509454 0.570732 0.505468 0.570169 0.506009 0.569482 0.506912 0.568982 0.507120 0.568669 0.507454
2 0.560065 0.548963 0.552904 0.574940 0.549708 0.573222 0.549742 0.570185 0.549148 0.568551 0.549203 0.567208 0.549852 0.564810 0.550068 0.562694 0.554643 0.544662 0.558612 0.532792 0.560065 0.532963 0.559677 0.537435 0.559484 0.541222
2 0.547367 0.584009 0.547852 0.582282 0.548771 0.582088 0.549958 0.581319 0.550823 0.580361 0.551039 0.579690 0.549904 0.575560 0.549904 0.574218 0.549742 0.570185 0.549148 0.568551 0.549203 0.567208 0.549852 0.564810 0.550068 0.562694 0.549687 0.561546 0.547312 0.560870 0.546935 0.559528 0.546125 0.559241 0.545099 0.559046 0.545638 0.555593 0.546070 0.552134 0.546125 0.549639 0.545747 0.547625 0.545260 0.546759 0.545964 0.544648 0.546232 0.542634 0.547638 0.539847 0.541966 0.535144 0.540779 0.534472 0.539753 0.535625 0.539104 0.538694 0.538888 0.542727 0.538836 0.546088 0.538727 0.548009 0.539422 0.553329 0.539672 0.557329 0.539422 0.559218 0.540047 0.566435 0.539859 0.568435 0.540672 0.570667 0.540995 0.573639 0.541482 0.576134 0.541482 0.577481 0.541589 0.578634 0.542237 0.579111 0.543964 0.579782 0.545260 0.580458 0.545909 0.583144 0.546232 0.585162 0.546773 0.585639
2 0.543750 0.581514 0.544451 0.581606 0.546773 0.585639 0.547367 0.584009 0.549042 0.583912 0.550120 0.584681 0.550823 0.585255 0.551417 0.585255 0.551956 0.583338 0.553685 0.583241 0.554818 0.584106 0.555466 0.585352 0.556224 0.587657 0.556547 0.589579 0.555576 0.596009 0.553740 0.600329 0.550661 0.607241 0.549635 0.607625 0.548664 0.606954 0.545260 0.596778 0.544612 0.594667 0.544344 0.593130 0.544505 0.592551 0.543154 0.586792 0.543102 0.585352 0.543208 0.583241 0.543370 0.582472
2 0.532391 0.583153 0.533003 0.583912 0.532570 0.597065 0.533229 0.596718 0.536466 0.596944 0.538281 0.598329 0.539836 0.599250 0.540354 0.601093 0.540617 0.603403 0.541102 0.603495 0.541859 0.602727 0.543047 0.599463 0.544073 0.595144 0.544344 0.593130 0.544505 0.592551 0.543154 0.586792 0.543102 0.585352 0.543208 0.583241 0.543370 0.582472 0.543750 0.581514 0.542237 0.579111 0.541589 0.578634 0.541482 0.577481 0.541482 0.576134 0.540995 0.573639 0.540185 0.572491 0.539591 0.572106 0.539266 0.572968 0.539159 0.573639 0.538240 0.573931 0.537755 0.574310 0.536891 0.574505 0.536362 0.574333 0.535737 0.575444 0.535208 0.575958 0.533836 0.580713
2 0.527656 0.602245 0.526362 0.602727 0.525388 0.602343 0.524094 0.601866 0.523607 0.601958 0.522852 0.604074 0.521716 0.604843 0.521122 0.604074 0.521500 0.602250 0.521339 0.599755 0.520312 0.598218 0.519070 0.596296 0.519719 0.593991 0.520690 0.593130 0.521771 0.592551 0.522148 0.592648 0.522581 0.594569 0.523174 0.594759 0.522958 0.590921 0.523013 0.589481 0.523878 0.589000 0.524740 0.589287 0.525388 0.588616 0.524201 0.586792 0.523661 0.585162 0.523661 0.583241 0.530438 0.583926 0.531740 0.583796 0.531599 0.597255 0.529859 0.598097
2 0.529536 0.529505 0.530708 0.530245 0.532464 0.530097 0.535810 0.528907 0.536862 0.528116 0.537549 0.539000 0.539422 0.553329 0.539672 0.557329 0.539422 0.559218 0.540047 0.566435 0.539859 0.568435 0.538859 0.569991 0.538112 0.571880 0.536237 0.573102 0.535237 0.572324 0.534424 0.571657 0.533549 0.567657 0.532237 0.559329 0.530552 0.548106 0.529677 0.541889 0.524427 0.544778 0.522680 0.546218 0.521617 0.546551 0.520617 0.546218 0.520305 0.545218 0.520180 0.543889 0.519867 0.543111 0.524224 0.538722 0.528370 0.532042
2 0.497010 0.562370 0.501667 0.574028 0.504195 0.578782 0.505424 0.579810 0.506992 0.580181 0.509844 0.580407 0.510846 0.581097 0.516703 0.582255 0.530438 0.583926 0.531740 0.583796 0.532391 0.583153 0.533836 0.580713 0.535208 0.575958 0.534341 0.575185 0.533909 0.576597 0.533185 0.577884 0.531883 0.578269 0.530294 0.577884 0.528560 0.578269 0.526969 0.578269 0.525667 0.578269 0.524583 0.576986 0.516414 0.577241 0.515328 0.578014 0.514391 0.578528 0.513813 0.579556 0.512365 0.579426 0.511065 0.579042 0.510992 0.577884 0.510776 0.577241 0.508823 0.576986 0.507740 0.577500 0.506583 0.577884 0.505643 0.577241 0.505281 0.575185 0.504776 0.572745 0.504125 0.569144 0.503039 0.567088 0.502172 0.564903 0.501594 0.563361 0.500799 0.562333 0.499469 0.560699 0.498745 0.561731 0.497807 0.562245
2 0.523815 0.471935 0.525753 0.465157 0.523753 0.463602 0.524628 0.462157 0.537292 0.473750 0.539622 0.476153 0.540310 0.475597 0.544174 0.481324 0.542919 0.482218 0.542333 0.484000 0.540185 0.481042 0.538247 0.478042 0.534875 0.474486 0.534812 0.476153 0.537185 0.483153 0.536625 0.485264 0.535307 0.483407 0.533299 0.481324 0.524685 0.472699
2 0.498984 0.504065 0.501586 0.502523 0.505201 0.501750 0.507594 0.501620 0.509104 0.501236 0.509630 0.503926 0.508961 0.505116 0.508039 0.506009 0.507456 0.507347 0.509880 0.513593 0.510130 0.516417 0.507016 0.517685 0.503039 0.519102 0.502109 0.516708 0.497862 0.509708
2 0.365107 0.463685 0.367688 0.467861 0.368391 0.472444 0.368508 0.478065 0.368508 0.481815 0.365344 0.482648 0.361828 0.482440 0.359367 0.481815 0.359719 0.479106 0.360891 0.471403 0.361125 0.464736 0.360773 0.460986 0.358430 0.462028 0.355969 0.462236 0.354214 0.461194 0.352690 0.461403 0.350698 0.462444 0.348706 0.462861 0.346479 0.462444 0.344253 0.460778 0.342729 0.458278 0.341909 0.454736 0.342026 0.449944 0.342260 0.445574 0.342378 0.443699 0.343198 0.443699 0.344487 0.443074 0.346128 0.441407 0.347690 0.439565 0.348102 0.440639 0.350323 0.441898 0.350018 0.444060 0.349010 0.453069 0.350122 0.454144 0.351943 0.456120 0.353867 0.457208 0.355487 0.457208 0.357615 0.455764 0.358831 0.453431 0.359846 0.452528 0.361359 0.454505
2 0.334411 0.462653 0.333357 0.463069 0.329372 0.459111 0.327263 0.456819 0.326208 0.454944 0.325857 0.452653 0.329607 0.444324 0.329958 0.442449 0.329958 0.440782 0.328669 0.440782 0.327380 0.438699 0.326911 0.437449 0.328904 0.435157 0.331247 0.432657 0.333414 0.430028 0.334430 0.430199 0.334646 0.432866 0.334646 0.433699 0.336755 0.433074 0.337927 0.432449 0.338862 0.434324 0.340854 0.433907 0.342260 0.433282 0.343549 0.434532 0.343667 0.437657 0.342846 0.440157 0.342378 0.443699 0.342260 0.445574 0.341206 0.449111 0.341206 0.451819 0.340620 0.453694 0.339917 0.454319 0.338044 0.457861 0.335701 0.460569
7 0.426180 0.462421 0.375560 0.450968 0.374740 0.453259 0.374036 0.457843 0.373568 0.468046 0.374388 0.470546 0.411297 0.480130 0.420203 0.480755 0.420438 0.477421 0.427232 0.478046 0.429224 0.467005 0.425943 0.466796
2 0.326208 0.454944 0.319682 0.448769 0.319758 0.447292 0.320589 0.447157 0.322026 0.447829 0.323615 0.444736 0.324143 0.442718 0.324219 0.441912 0.321724 0.441912 0.321195 0.441236 0.321799 0.439222 0.322253 0.435995 0.322479 0.433977 0.323010 0.433037 0.323766 0.433037 0.324599 0.433306 0.325279 0.431690 0.325732 0.429134 0.326414 0.427926 0.327776 0.429269 0.327927 0.431287 0.328154 0.432630 0.329214 0.433037 0.330120 0.432093 0.330573 0.430347 0.331182 0.429125 0.331794 0.430199 0.333414 0.430028 0.331247 0.432657 0.328904 0.435157 0.326911 0.437449 0.327380 0.438699 0.328669 0.440782 0.328229 0.442718 0.327320 0.445407 0.327396 0.448097 0.327474 0.449028 0.325857 0.452653
7 0.369867 0.418000 0.371198 0.415620 0.373122 0.414218 0.375049 0.413287 0.376451 0.412662 0.378201 0.412042 0.380299 0.412194 0.381352 0.413440 0.382138 0.416083 0.382401 0.419199 0.380737 0.427755 0.378813 0.426667 0.377937 0.426824 0.377063 0.436000 0.376536 0.442227 0.375943 0.442259 0.374323 0.441185 0.371083 0.438477 0.369518 0.435426 0.370042 0.433250 0.368992 0.428894 0.368818 0.425157 0.368904 0.421889
2 0.467727 0.390097 0.468938 0.391306 0.469768 0.391574 0.470904 0.391171 0.472190 0.390903 0.473628 0.391171 0.475367 0.393190 0.476654 0.397222 0.477862 0.400315 0.478846 0.400986 0.481039 0.402199 0.482023 0.403005 0.482477 0.404620 0.482552 0.406097 0.478906 0.405833 0.477505 0.405949 0.473273 0.401000 0.472245 0.401542 0.470872 0.406421 0.467839 0.407176
7 0.451456 0.406676 0.452510 0.410681 0.447693 0.412042 0.440461 0.415597 0.438133 0.404255 0.442378 0.401032 0.448982 0.396616
7 0.456279 0.424491 0.453242 0.412792 0.449620 0.413907 0.440956 0.417329 0.442284 0.422981 0.450406 0.423954
7 0.456279 0.424491 0.456664 0.426579 0.454539 0.442065 0.455044 0.442602 0.456159 0.442963 0.456867 0.442421 0.456461 0.451963 0.452513 0.454125 0.450083 0.455745 0.448766 0.456824 0.447349 0.457727 0.445424 0.458806 0.443904 0.458986 0.443398 0.458264 0.442589 0.449806 0.442081 0.444042 0.439956 0.434144
7 0.456279 0.424491 0.450406 0.423954 0.442284 0.422981 0.439956 0.423338 0.438638 0.423880 0.438638 0.422801 0.438133 0.422079 0.436615 0.422801 0.436005 0.423519 0.435195 0.426940 0.435703 0.430722 0.435297 0.436120 0.434081 0.441704 0.433779 0.443144 0.434487 0.444764 0.442284 0.445481 0.442081 0.444042 0.439956 0.434144
2 0.573471 0.683727 0.572560 0.675792 0.572151 0.673370 0.572656 0.671444 0.572729 0.668491 0.572729 0.657694 0.573380 0.656537 0.575620 0.656153 0.576995 0.654995 0.577526 0.654120 0.578094 0.653245 0.585841 0.655556 0.586159 0.658926 0.584758 0.658926 0.581281 0.666375 0.575164 0.686736
2 0.575164 0.686736 0.581281 0.666375 0.584758 0.658926 0.588948 0.658648 0.594562 0.660194 0.596617 0.663144 0.590214 0.682681 0.587367 0.689847 0.585549 0.689426 0.575826 0.688444
5 0.566339 0.687880 0.560013 0.689005 0.557089 0.685773 0.552977 0.680574 0.550289 0.677620 0.547919 0.676495 0.544518 0.679028 0.541753 0.677481 0.535979 0.674810 0.532581 0.679028 0.550208 0.695880 0.557484 0.696315 0.562148 0.696875 0.563729 0.698560 0.565109 0.694829
3 0.558646 0.704815 0.562992 0.700472 0.565109 0.694829 0.566591 0.686361 0.569026 0.683352 0.573471 0.683727 0.575164 0.686736 0.578234 0.694264 0.582784 0.697273 0.584372 0.695769 0.587654 0.692194 0.590406 0.692944 0.586490 0.694264 0.585430 0.695954 0.588924 0.704046 0.588500 0.713079 0.587125 0.717407 0.583531 0.716477 0.580232 0.715676 0.577383 0.715407 0.574385 0.717273 0.572286 0.719139
5 0.625151 0.768486 0.624047 0.771046 0.635445 0.781963 0.647669 0.794037 0.660307 0.824065 0.668633 0.842227 0.670464 0.843907 0.671409 0.842542 0.671469 0.842542 0.675685 0.842847 0.677135 0.843014 0.678203 0.843880 0.680333 0.844731 0.681682 0.846111 0.683039 0.847486 0.683813 0.846968 0.684977 0.843014 0.684781 0.840435 0.683138 0.836134 0.681331 0.833722 0.681008 0.827870 0.679654 0.825116 0.678570 0.823815 0.678570 0.823815 0.676607 0.821333 0.675542 0.818606 0.675086 0.815384 0.674234 0.816000 0.669880 0.812046 0.667844 0.810500 0.665232 0.809634 0.664263 0.808435 0.662914 0.801204 0.662721 0.795019 0.663107 0.790542 0.664070 0.789676 0.665620 0.777977 0.667734 0.770815 0.664557 0.776602 0.662427 0.777468 0.660396 0.777287 0.658940 0.775745 0.658172 0.773167 0.657979 0.770069 0.659234 0.768005 0.660490 0.766102 0.657010 0.760949 0.655461 0.757162 0.653430 0.754931 0.651563 0.755278 0.649438 0.753292 0.643508 0.749356 0.638052 0.747245 0.635917 0.744579 0.634021 0.747810 0.632711 0.752000 0.633773 0.754417 0.634659 0.762815 0.633536 0.765546 0.632003 0.764389 0.628221 0.764810 0.627099 0.766491 0.626865 0.768588
2 0.677128 0.727806 0.678547 0.730986 0.680188 0.736940 0.682034 0.742042 0.686201 0.741921 0.687430 0.743014 0.689549 0.740824 0.688318 0.737787 0.688250 0.733171 0.687156 0.727949 0.686065 0.727583 0.685177 0.724792 0.681622 0.724185 0.677112 0.725398
2 0.751169 0.718273 0.758583 0.679306 0.758583 0.673264 0.759612 0.673125 0.760482 0.677620 0.762536 0.678324 0.767755 0.682259 0.756203 0.723611 0.755622 0.721546 0.753203 0.719134
2 0.615570 0.522019 0.616505 0.521569 0.618693 0.523269 0.619648 0.525579 0.621016 0.524606 0.628737 0.539667 0.633589 0.550477 0.633109 0.553028 0.631354 0.559306 0.630740 0.552750 0.625477 0.540116
2 0.589115 0.549440 0.587018 0.551079 0.583419 0.551282 0.582065 0.549931 0.581706 0.548028 0.582479 0.546356 0.591453 0.545093 0.595052 0.545620 0.600904 0.560315 0.609635 0.584569 0.616326 0.599866 0.621935 0.611736 0.621289 0.614148 0.618219 0.615819 0.615383 0.614787 0.601919 0.582236 0.593844 0.559903 0.591833 0.553394
5 0.375349 0.338648 0.374951 0.337046 0.375771 0.335588 0.376474 0.333296 0.376826 0.329546 0.377294 0.327046 0.378701 0.327463 0.380224 0.330171 0.382333 0.333713 0.384091 0.335380 0.386669 0.334963 0.387372 0.333713 0.385497 0.328296 0.385966 0.326213 0.387607 0.326630 0.388544 0.327671 0.390419 0.329963 0.392878 0.330171 0.395456 0.330171 0.398034 0.332880 0.399674 0.336630 0.399323 0.343296 0.399206 0.346630 0.400378 0.349546 0.402721 0.348088 0.401549 0.346005 0.400846 0.343713 0.400846 0.342046 0.404714 0.342880 0.406354 0.345171 0.407174 0.346630 0.409164 0.345588 0.411156 0.346838 0.415492 0.347255 0.418305 0.347046 0.419828 0.344338 0.420648 0.342671 0.422055 0.342463 0.423344 0.343088 0.424750 0.343296 0.425802 0.342255 0.427208 0.339963 0.430021 0.338505 0.432599 0.341421 0.435177 0.347463 0.435646 0.351838 0.435177 0.355792 0.434005 0.358708 0.432833 0.361417 0.432482 0.365583 0.432130 0.370583 0.431896 0.373917 0.432951 0.379750 0.434005 0.383500 0.434474 0.387662 0.432833 0.392454 0.427794 0.398704 0.424047 0.404120 0.420648 0.408079 0.417953 0.412245 0.418422 0.405995 0.417367 0.404120 0.413617 0.403287 0.411508 0.401829 0.409398 0.400370 0.407409 0.400787 0.406003 0.405995 0.404513 0.408194 0.404544 0.410329 0.404531 0.412713 0.403172 0.412176 0.403323 0.410833 0.403247 0.409352 0.403247 0.409352 0.400367 0.400639 0.398268 0.393569 0.397393 0.394032 0.397901 0.391065 0.397917 0.391204 0.398385 0.387245 0.398151 0.383083 0.396510 0.381000 0.394167 0.377875 0.392878 0.377042 0.391120 0.378292 0.389130 0.379958 0.387138 0.380792 0.385497 0.379125 0.385263 0.377250 0.383974 0.373917 0.381982 0.371208 0.380036 0.367606 0.379685 0.365315 0.380154 0.363023 0.381443 0.360106 0.383435 0.358231 0.383201 0.356356 0.379919 0.351148 0.378513 0.348231 0.377576 0.345940 0.376169 0.342190
5 0.581286 0.640597 0.579352 0.639046 0.575674 0.638014 0.571125 0.636639 0.568029 0.634056 0.565221 0.632509 0.562609 0.631819 0.560578 0.632509 0.559029 0.631477 0.557190 0.629069 0.555255 0.626486 0.552255 0.623389 0.550995 0.622185 0.548964 0.616852 0.549448 0.616338 0.547995 0.611347 0.548674 0.609801 0.550661 0.607241 0.553740 0.600329 0.555576 0.596009 0.556547 0.589579 0.556224 0.587657 0.557021 0.586481 0.558060 0.584852 0.558438 0.583750 0.561161 0.583032 0.563414 0.584491 0.564440 0.585704 0.565737 0.586556 0.565466 0.588866 0.570521 0.590444 0.573117 0.592264 0.580359 0.601375 0.584596 0.607083 0.591977 0.617898 0.596896 0.626764 0.587945 0.633324 0.583161 0.636602 0.583776 0.639032 0.581794 0.639639
2 0.596896 0.626764 0.587945 0.633324 0.583161 0.636602 0.583776 0.639032 0.581794 0.639639 0.581286 0.640597 0.582932 0.645241 0.584385 0.646273 0.586417 0.646963 0.588448 0.647134 0.590094 0.646616 0.597547 0.641630 0.601128 0.639565 0.600159 0.630273
2 0.600159 0.630273 0.596896 0.626764 0.591977 0.617898 0.584596 0.607083 0.580359 0.601375 0.573117 0.592264 0.570521 0.590444 0.565466 0.588866 0.566216 0.582671 0.573380 0.586236 0.575620 0.588421 0.580753 0.592662 0.586919 0.600042 0.593693 0.610528 0.594922 0.613227 0.595646 0.616694 0.596729 0.619139 0.598174 0.621708 0.599693 0.622481 0.601357 0.620421 0.603164 0.620296 0.604320 0.621708 0.605260 0.623894 0.605477 0.625176 0.605846 0.631745 0.602771 0.630963 0.601805 0.630273 0.600740 0.630102
2 0.518727 0.551921 0.517336 0.549000 0.515841 0.555130 0.515711 0.557639 0.515005 0.558505 0.513151 0.566190 0.512224 0.567130 0.509755 0.575833 0.509974 0.576699 0.510776 0.577241 0.510992 0.577884 0.511065 0.579042 0.512365 0.579426 0.513813 0.579556 0.514391 0.578528 0.515328 0.578014 0.516414 0.577241 0.516591 0.574032 0.516062 0.572384 0.518401 0.569014 0.520870 0.568227 0.520461 0.567088 0.517570 0.556167 0.518076 0.555009 0.518510 0.553722
2 0.408359 0.429102 0.406294 0.429935 0.405333 0.429935 0.403406 0.428690 0.402094 0.426042 0.401568 0.422620 0.402445 0.421222 0.404281 0.419352 0.404458 0.417486 0.404544 0.413750 0.404544 0.410329 0.404596 0.408287 0.406003 0.405995 0.407409 0.400787 0.409398 0.400370 0.411508 0.401829 0.413617 0.403287 0.417367 0.404120 0.418422 0.405995 0.417953 0.412245 0.417880 0.414519 0.417979 0.418838 0.417979 0.421537 0.416766 0.423880 0.413018 0.425861
5 0.344703 0.461162 0.344284 0.463245 0.343951 0.466218 0.344034 0.469190 0.344367 0.473801 0.344536 0.475736 0.354656 0.487778 0.374646 0.508894 0.382349 0.516644 0.384609 0.512625 0.384776 0.510245 0.385612 0.508907 0.387109 0.509722 0.387786 0.509653 0.388622 0.507125 0.389628 0.505935 0.390883 0.504301 0.390966 0.501625 0.391552 0.499690 0.389268 0.491375 0.387253 0.491773 0.385013 0.493167 0.383333 0.492171 0.383557 0.490181 0.385349 0.488389 0.388484 0.487792 0.392628 0.487792 0.395427 0.486796 0.396820 0.486454 0.395948 0.484343 0.383474 0.486514 0.377781 0.486995 0.373578 0.486995 0.372086 0.486273 0.370461 0.483380 0.369781 0.481694 0.368508 0.481815 0.365344 0.482648 0.361828 0.482440 0.359367 0.481815 0.359719 0.479106 0.360891 0.471403 0.361125 0.464736 0.360773 0.460986 0.358430 0.462028 0.355969 0.462236 0.354214 0.461194 0.352690 0.461403 0.350698 0.462444 0.348706 0.462861 0.346479 0.462444
2 0.390195 0.417060 0.383997 0.440935 0.380901 0.441106 0.378482 0.440074 0.377802 0.438870 0.380737 0.427755 0.382401 0.419199 0.383513 0.414093 0.385013 0.415681 0.386568 0.411764
5 0.457859 0.544343 0.457763 0.541111 0.458201 0.538333 0.458823 0.535889 0.459323 0.534444 0.460135 0.533333 0.461448 0.533000 0.462323 0.532667 0.463448 0.532667 0.464448 0.533111 0.466385 0.533444 0.467383 0.535444 0.468883 0.538333 0.470195 0.539778 0.470695 0.541000 0.470633 0.542444 0.470383 0.545000 0.469695 0.546440 0.469258 0.547884 0.470883 0.551551 0.470508 0.553884 0.469633 0.556440 0.468633 0.562546 0.467445 0.565324 0.466945 0.566991 0.466820 0.568435 0.464135 0.562769 0.461323 0.564769 0.460448 0.566769 0.460448 0.570213 0.460448 0.579319 0.460323 0.582875 0.459198 0.585319 0.457888 0.587542 0.455763 0.589648 0.453138 0.594204 0.437581 0.577319 0.435737 0.575185 0.437039 0.574801 0.438773 0.574412 0.440797 0.574028 0.442893 0.573384 0.443617 0.574287 0.444339 0.573898 0.445352 0.572745 0.446727 0.569657 0.447737 0.567218 0.449112 0.566319 0.450484 0.563745 0.451062 0.561560 0.452219 0.558991 0.456268 0.551023
5 0.451818 0.373606 0.451607 0.371037 0.452589 0.369426 0.454859 0.368889 0.456221 0.368352 0.459247 0.368889 0.461062 0.369963 0.463557 0.371579 0.466508 0.374269 0.467643 0.376551 0.467865 0.407176 0.461893 0.408157 0.456674 0.405870 0.456070 0.406273 0.455237 0.407889 0.454177 0.409097 0.453346 0.409231 0.451456 0.406676 0.458490 0.387986 0.458792 0.385162 0.459021 0.377361 0.456977 0.376824 0.452271 0.389745 0.451969 0.385981 0.451742 0.381542 0.451893 0.376968
5 0.687104 0.755440 0.688031 0.754968 0.689406 0.754713 0.693185 0.753486 0.696310 0.753486 0.698497 0.753375 0.700557 0.751597 0.701995 0.751597 0.702432 0.753486 0.702995 0.757264 0.703870 0.760593 0.704745 0.763593 0.704932 0.765593 0.705620 0.767704 0.705432 0.769037 0.706120 0.770370 0.707367 0.770037 0.709992 0.768704 0.712305 0.766481 0.712555 0.768259 0.712430 0.770148 0.714055 0.769037 0.722552 0.757153 0.723987 0.755375 0.724487 0.753931 0.724299 0.752153 0.723487 0.749597 0.722427 0.745931 0.721490 0.743602 0.720865 0.741713 0.717615 0.748597 0.716740 0.749708 0.715865 0.750042 0.715802 0.748708 0.715490 0.746708 0.715552 0.745597 0.716740 0.744819 0.716490 0.742713 0.716052 0.739491 0.715615 0.736824 0.714867 0.735824 0.713180 0.735602 0.712055 0.733935 0.711805 0.733491 0.710180 0.734157 0.709117 0.735824 0.707742 0.737157 0.706557 0.736380 0.705120 0.737046 0.704057 0.736491 0.701620 0.735269 0.700432 0.734602 0.698932 0.733602 0.697122 0.732380 0.696781 0.733588 0.695523 0.735310 0.693492 0.738060 0.691555 0.740468 0.691555 0.741676 0.689427 0.746319 0.688266 0.748042 0.687974 0.749931 0.687490 0.750963 0.686331 0.752343 0.685458 0.753718 0.685846 0.754921
10 0.699339 0.806116 0.700336 0.803556 0.702677 0.802069 0.704266 0.802958 0.706440 0.802958 0.706693 0.806231 0.706107 0.807125 0.707883 0.817532 0.709437 0.824671 0.711461 0.835213 0.712221 0.840407 0.712714 0.843106 0.711961 0.843259 0.709453 0.841620 0.703945 0.847944 0.698578 0.853815 0.698578 0.853815 0.693247 0.858741 0.690799 0.859019 0.688875 0.855898 0.690716 0.853815 0.691219 0.851583 0.693404 0.848532 0.696841 0.846755 0.699339 0.841977 0.700964 0.832981 0.702927 0.829579 0.704518 0.824671 0.701005 0.808611 0.699823 0.809394
7 0.403661 0.457472 0.405089 0.455134 0.407104 0.452972 0.408622 0.451532 0.409737 0.449912 0.411154 0.446852 0.412875 0.444153 0.413586 0.443972 0.414333 0.446204 0.416359 0.447102 0.418182 0.447824 0.421221 0.449806 0.421615 0.449907 0.420802 0.456009 0.422044 0.456361 0.423875 0.456361 0.425247 0.456824 0.424398 0.457755 0.423484 0.459032 0.423419 0.459963 0.423549 0.460662 0.424138 0.461940
2 0.410992 0.432523 0.409182 0.432889 0.407258 0.433981 0.406471 0.434912 0.405070 0.435380 0.403495 0.437093 0.402005 0.439426 0.401307 0.441759 0.400432 0.443472 0.399643 0.444870 0.399031 0.443472 0.397893 0.443315 0.396143 0.444718 0.394391 0.445648 0.392555 0.448606 0.392555 0.449537 0.393867 0.451097 0.395268 0.452495 0.396143 0.453898 0.397193 0.456231 0.403661 0.457472 0.405089 0.455134 0.407104 0.452972 0.408622 0.451532 0.409737 0.449912 0.411154 0.446852 0.412875 0.444153 0.413297 0.443782 0.412815 0.442602 0.411398 0.439903 0.411701 0.438463 0.413120 0.439181 0.414031 0.437741 0.413727 0.435940 0.412714 0.436120 0.411094 0.436481 0.410789 0.434681
2 0.411297 0.480130 0.403539 0.482898 0.395948 0.484343 0.383474 0.486514 0.377781 0.486995 0.373578 0.486995 0.372086 0.486273 0.370461 0.483380 0.369781 0.481694 0.368508 0.481815 0.368508 0.478065 0.368391 0.472444 0.367688 0.467861 0.365107 0.463685 0.365518 0.461894 0.366026 0.458472 0.366727 0.454690 0.367539 0.453069 0.369781 0.456384 0.369646 0.458315 0.370461 0.459519 0.371544 0.459519 0.372221 0.460000 0.373849 0.462894 0.373568 0.468046 0.374388 0.470546
7 0.375560 0.450968 0.376451 0.446741 0.377937 0.446741 0.378813 0.448139 0.379076 0.449537 0.381352 0.448606 0.383013 0.447051 0.385552 0.445495 0.387565 0.445495 0.390453 0.446741 0.391680 0.447829 0.392555 0.448606 0.392555 0.449384 0.392555 0.449537 0.393867 0.451097 0.395268 0.452495 0.396143 0.453898 0.397193 0.456231
2 0.374708 0.393491 0.372609 0.397245 0.371672 0.400995 0.371320 0.403912 0.372141 0.406829 0.373544 0.408912 0.374951 0.411204 0.376451 0.412662 0.378201 0.412042 0.380299 0.412194 0.381352 0.413440 0.381630 0.409120 0.382451 0.403704 0.382919 0.400995 0.384026 0.394389 0.381695 0.394389 0.378151 0.393491
2 0.484409 0.416907 0.485003 0.416153 0.485690 0.415708 0.486448 0.415060 0.488312 0.415463 0.489102 0.415463 0.489497 0.414657 0.490378 0.415597 0.491250 0.417481 0.492125 0.418704 0.493563 0.419704 0.495688 0.421593 0.496812 0.422037 0.498284 0.422463 0.499070 0.424023 0.500034 0.423398 0.501060 0.423037 0.501497 0.421481 0.501872 0.420704 0.503122 0.420815 0.505060 0.421148 0.506932 0.422815 0.508932 0.426704 0.511245 0.432921 0.513807 0.438255 0.514620 0.440810 0.511557 0.444144 0.509432 0.445806 0.508620 0.445917 0.506807 0.442588 0.505497 0.439921 0.504997 0.443255 0.503560 0.449806 0.502747 0.452361 0.501810 0.453806 0.499935 0.453028 0.498375 0.452472 0.496187 0.451139 0.496000 0.449028 0.496500 0.446806 0.497687 0.442921 0.497875 0.441588 0.495875 0.441144 0.493688 0.439699 0.491125 0.438366 0.488315 0.437255 0.487503 0.434477 0.486815 0.432032 0.484690 0.432255 0.483003 0.432032 0.481193 0.431366 0.482065 0.428806 0.482701 0.428806 0.483286 0.428370 0.484898 0.422986 0.485971 0.422815 0.486167 0.421944 0.486021 0.420991 0.485190 0.420556 0.484898 0.418384
7 0.505828 0.538491 0.504531 0.541023 0.504143 0.544250 0.504919 0.547704 0.507122 0.551389 0.509065 0.551620 0.514638 0.548394 0.524224 0.538722 0.528370 0.532042 0.529536 0.529505 0.529018 0.526972 0.524094 0.518912 0.522281 0.519602 0.518911 0.524208 0.514378 0.528356
2 0.458786 0.455884 0.453948 0.467926 0.450630 0.478634 0.449958 0.482417 0.448839 0.484806 0.443495 0.499755 0.440109 0.509907 0.440302 0.510421 0.442432 0.510597 0.445044 0.510597 0.446594 0.509907 0.448914 0.501995 0.448818 0.496833 0.448818 0.491671 0.449013 0.488745 0.449786 0.484787 0.477427 0.474486 0.473161 0.470324 0.462372 0.459764
7 0.607214 0.753782 0.606914 0.743125 0.605417 0.735130 0.602867 0.730602 0.599719 0.726069 0.597021 0.723403 0.593424 0.720208 0.590424 0.718606 0.587128 0.717542 0.583531 0.716477 0.580232 0.715676 0.577383 0.715407 0.574385 0.717273 0.572286 0.719139
2 0.394195 0.492074 0.391732 0.491574 0.389268 0.491375 0.387253 0.491773 0.385013 0.493167 0.383333 0.492171 0.383557 0.490181 0.385349 0.488389 0.388484 0.487792 0.392628 0.487792 0.395427 0.486796 0.397779 0.486398 0.403539 0.482898 0.411297 0.480130 0.420203 0.480755 0.411328 0.484806 0.410096 0.484509 0.407297 0.485704
2 0.384026 0.394389 0.388279 0.395653 0.394456 0.396731 0.396076 0.396009 0.397799 0.405722 0.396818 0.408009 0.396286 0.409889 0.395909 0.411907 0.393792 0.417958 0.393943 0.419708 0.390195 0.417060 0.386568 0.411764 0.385013 0.415681 0.383070 0.413838 0.381352 0.413440 0.381630 0.409120 0.382451 0.403704 0.382919 0.400995
5 0.478594 0.475556 0.481133 0.493023 0.480232 0.502880 0.466440 0.509278 0.457596 0.512741 0.452500 0.514875 0.450852 0.514606 0.448904 0.513273 0.448003 0.512208 0.448453 0.509009 0.449203 0.506611 0.448914 0.501995 0.448818 0.496833 0.448818 0.491671 0.449013 0.488745 0.449708 0.484657 0.477427 0.474486
2 0.394391 0.445648 0.392706 0.443685 0.390482 0.440588 0.389706 0.436287 0.390286 0.432505 0.391352 0.429750 0.393578 0.429579 0.394159 0.426139 0.394547 0.423556 0.395154 0.421319 0.396969 0.422398 0.398784 0.423606 0.400448 0.424278 0.401810 0.424282 0.402094 0.426042 0.403406 0.428690 0.405333 0.429935 0.406294 0.429935 0.408359 0.429102 0.410992 0.432523 0.409182 0.432889 0.407258 0.433981 0.406471 0.434912 0.405070 0.435380 0.403495 0.437093 0.402005 0.439426 0.401307 0.441759 0.400432 0.443472 0.399643 0.444870 0.399031 0.443472 0.397893 0.443315 0.396143 0.444718
2 0.488385 0.482963 0.489753 0.483574 0.488878 0.487241 0.487315 0.491681 0.488628 0.495792 0.488815 0.500125 0.489128 0.501458 0.488440 0.502125 0.487878 0.503454 0.487315 0.504454 0.486003 0.504676 0.485091 0.504463 0.483789 0.504718 0.482560 0.504847 0.481187 0.505745 0.480464 0.506389 0.478583 0.507676 0.478078 0.507292 0.476068 0.504787 0.480232 0.502880 0.481133 0.493023 0.478594 0.475556 0.481776 0.479097 0.486461 0.481625
2 0.488628 0.495792 0.492565 0.484000 0.493654 0.484301 0.494406 0.485343 0.494742 0.486977 0.494742 0.487718 0.495159 0.488167 0.496917 0.487718 0.497669 0.487421 0.499174 0.487569 0.501182 0.489653 0.501935 0.491588 0.498755 0.505565 0.497669 0.510917 0.496747 0.513444 0.496331 0.513889 0.491143 0.510023 0.488216 0.507199 0.489052 0.505264 0.487878 0.503454 0.488440 0.502125 0.489128 0.501458 0.488815 0.500125
2 0.476042 0.532222 0.476807 0.531676 0.477734 0.530880 0.478341 0.530310 0.479187 0.529162 0.480076 0.529444 0.481164 0.529657 0.482052 0.530023 0.482979 0.530023 0.483464 0.529880 0.483706 0.529880 0.483906 0.530241 0.483878 0.531000 0.483253 0.533000 0.483190 0.534667 0.483753 0.536778 0.483878 0.538111 0.483690 0.543444 0.480443 0.549884 0.479469 0.549162 0.479388 0.550097 0.479227 0.550310
2 0.482529 0.571884 0.484240 0.571815 0.484565 0.572394 0.485159 0.575370 0.485320 0.578727 0.485049 0.580458 0.483862 0.581898 0.482135 0.582667 0.479612 0.582875 0.477969 0.583218 0.477000 0.584421 0.474773 0.585282 0.473708 0.585111 0.472935 0.584593 0.471870 0.584250 0.471096 0.583046 0.470227 0.577884 0.471659 0.576903 0.472523 0.576329 0.474034 0.575944 0.474792 0.575560 0.474792 0.572199 0.474466 0.565958 0.475115 0.564519 0.475169 0.563463 0.472956 0.544551 0.474628 0.544264 0.476464 0.562023 0.477112 0.560870 0.477328 0.558856 0.477599 0.556935 0.477599 0.554056 0.478193 0.553579 0.478299 0.553481 0.477276 0.545222 0.474953 0.531880 0.475924 0.531495 0.479490 0.552329 0.479193 0.552884 0.480318 0.560880 0.481693 0.570097 0.481943 0.571139
2 0.483784 0.558500 0.484440 0.556551 0.484690 0.554773 0.484690 0.551884 0.484690 0.550218 0.485128 0.548662 0.485440 0.547106 0.486003 0.545111 0.486003 0.543889 0.486753 0.543444 0.486815 0.542222 0.486815 0.540889 0.487315 0.540111 0.485003 0.532824 0.488128 0.529338 0.487565 0.528005 0.487440 0.525894 0.487378 0.525005 0.486753 0.524782 0.486190 0.524005 0.486003 0.522894 0.485815 0.521560 0.485128 0.521005 0.484565 0.521227 0.484190 0.522782 0.483815 0.524560 0.483128 0.525560 0.482568 0.526338 0.482630 0.527005 0.484815 0.527449 0.484628 0.529005 0.483878 0.531000 0.483253 0.533000 0.483190 0.534667 0.483753 0.536778 0.483878 0.538111 0.483690 0.543444 0.480443 0.549884 0.479193 0.552884 0.480318 0.560880 0.481693 0.570097 0.482529 0.568611 0.483031 0.566528 0.483198 0.564449
2 0.495648 0.556083 0.489471 0.564301 0.482529 0.571884 0.481943 0.571139 0.481693 0.570097 0.482529 0.568611 0.483031 0.566528 0.483198 0.564449 0.483784 0.558500 0.488469 0.553593 0.489891 0.551810 0.490628 0.551486 0.494188 0.549153 0.495276 0.548083 0.494901 0.550194 0.494901 0.551750 0.495089 0.554306
2 0.387109 0.509722 0.390122 0.521852 0.391641 0.527889 0.403422 0.539713 0.406315 0.535472 0.408484 0.531231 0.408773 0.529560 0.407833 0.529046 0.406893 0.528662 0.407326 0.526736 0.407617 0.524292 0.407544 0.521208 0.406315 0.520565 0.405375 0.520310 0.404073 0.517611 0.402844 0.516194 0.401833 0.514398 0.400893 0.512468 0.400096 0.510796 0.399906 0.508796 0.399234 0.505810 0.398115 0.503023 0.397422 0.502185 0.396049 0.501287 0.394966 0.500519 0.393664 0.500389 0.392219 0.500389 0.391279 0.500519 0.390966 0.501625 0.390883 0.504301 0.389628 0.505935 0.388622 0.507125 0.387786 0.509653
2 0.425185 0.491407 0.426771 0.482019 0.427232 0.478046 0.420438 0.477421 0.420203 0.480755 0.411328 0.484806 0.410096 0.484509 0.410320 0.486102 0.413232 0.491477 0.415583 0.494065 0.417151 0.494861 0.420164 0.491704 0.423594 0.489921 0.424245 0.489676
2 0.430812 0.473657 0.428021 0.490569 0.427646 0.493347 0.427521 0.494903 0.427208 0.500903 0.428958 0.501236 0.430833 0.499458 0.432396 0.498236 0.433708 0.497236 0.434521 0.497014 0.435581 0.497125 0.436143 0.496792 0.436893 0.492347 0.437518 0.491125 0.437706 0.489458 0.437768 0.485463 0.438081 0.483796 0.438331 0.481463 0.438831 0.480796 0.438893 0.479574 0.437893 0.477796 0.436643 0.476241 0.435740 0.475051 0.434396 0.474056 0.432940 0.473657
2 0.367266 0.336153 0.363867 0.336778 0.360352 0.337606 0.357773 0.338648 0.356484 0.340940 0.354612 0.346356 0.350393 0.358231 0.348518 0.368023 0.348049 0.374894 0.349339 0.375102 0.350159 0.373644 0.350510 0.370519 0.350979 0.366565 0.351565 0.365940 0.352737 0.365106 0.353089 0.361981 0.353557 0.359898 0.353674 0.357606 0.358359 0.344273 0.359063 0.342190 0.361289 0.340731 0.363398 0.339690 0.364102 0.341148 0.364570 0.344065 0.366680 0.347398 0.367266 0.350940 0.368320 0.353023 0.369141 0.354481 0.369375 0.358856 0.370430 0.360106 0.372539 0.361148 0.374411 0.362606 0.375232 0.365106 0.380036 0.367606 0.379685 0.365315 0.380154 0.363023 0.381443 0.360106 0.383435 0.358231 0.383201 0.356356 0.379919 0.351148 0.378513 0.348231 0.377576 0.345940 0.376169 0.342190 0.375349 0.338648 0.372305 0.338648 0.370547 0.338648 0.369141 0.338648 0.368203 0.338231
2 0.441677 0.383014 0.442081 0.381750 0.444005 0.381750 0.444513 0.384273 0.444411 0.385352 0.445930 0.386255 0.447854 0.387875 0.448260 0.388773 0.448563 0.391472 0.449172 0.393093 0.449271 0.393454 0.443703 0.398134 0.440563 0.399574 0.440159 0.397773 0.439044 0.395255 0.438336 0.391653 0.437828 0.390574 0.437625 0.387694 0.438031 0.386611
7 0.401810 0.424282 0.400448 0.424278 0.398784 0.423606 0.396969 0.422398 0.395154 0.421319 0.393943 0.419708 0.393792 0.417958 0.395909 0.411907 0.396286 0.409889 0.396818 0.408009 0.397799 0.405722 0.403247 0.409352 0.403323 0.410833 0.403172 0.412176 0.404531 0.412713 0.404544 0.413750 0.404607 0.414731 0.404458 0.417486 0.404281 0.419352 0.402445 0.421222 0.401568 0.422620
2 0.348682 0.381426 0.354859 0.382148 0.358000 0.383407 0.359214 0.384667 0.367315 0.388088 0.367013 0.389528 0.367620 0.390431 0.369544 0.390792 0.370456 0.390611 0.371570 0.390611 0.372987 0.392412 0.374708 0.393491 0.378151 0.393491 0.381695 0.394389 0.384026 0.394389 0.388279 0.395653 0.394456 0.396731 0.396076 0.396009 0.396987 0.394931 0.397393 0.394032 0.397901 0.391065 0.398385 0.387245 0.398151 0.383083 0.396510 0.381000 0.394167 0.377875 0.392878 0.377042 0.391120 0.378292 0.389130 0.379958 0.387138 0.380792 0.385497 0.379125 0.385263 0.377250 0.383974 0.373917 0.381982 0.371208 0.380036 0.367606 0.375232 0.365106 0.374008 0.366014 0.373898 0.368106 0.373695 0.369005 0.372380 0.369546 0.371570 0.371528 0.371469 0.373148 0.371063 0.374769 0.369747 0.376028 0.368430 0.377648 0.367721 0.377648 0.366911 0.377287 0.367115 0.375486 0.368125 0.374227 0.368125 0.373148 0.364682 0.370269 0.361747 0.368287 0.360633 0.367745 0.360023 0.368468 0.359823 0.370806 0.359214 0.373148 0.358810 0.374769 0.358505 0.375667 0.358000 0.376569 0.356987 0.376389 0.355164 0.375306 0.353745 0.374407 0.352227 0.374407 0.350159 0.373644 0.349339 0.375102 0.348049 0.374894
5 0.343292 0.419898 0.348641 0.414759 0.351099 0.411417 0.353237 0.409287 0.354638 0.408509 0.356477 0.407106 0.357615 0.405861 0.358927 0.404306 0.359802 0.403528 0.360766 0.403375 0.362078 0.404773 0.363654 0.406796 0.365229 0.409130 0.366891 0.409597 0.368029 0.408819 0.369693 0.409130 0.370219 0.411620 0.368818 0.413176 0.369081 0.415042 0.369867 0.418000 0.368904 0.421889 0.368818 0.425157 0.368992 0.428894 0.370042 0.433250 0.369518 0.435426 0.371083 0.438477 0.374323 0.441185 0.375943 0.442259 0.376151 0.445509 0.374630 0.448560 0.373010 0.449463 0.371391 0.448745 0.369063 0.450176 0.367539 0.453069 0.366727 0.454690 0.366026 0.458472 0.365518 0.461894 0.365107 0.463685 0.361359 0.454505 0.359846 0.452528 0.358831 0.453431 0.357615 0.455764 0.355487 0.457208 0.353867 0.457208 0.351943 0.456120 0.350122 0.454144 0.349010 0.453069 0.350018 0.444060 0.350323 0.441898 0.348102 0.440639 0.347690 0.439565 0.348302 0.438120 0.349815 0.437046 0.351034 0.436685 0.351234 0.434338 0.350018 0.433264 0.348102 0.432176 0.346578 0.432718 0.345159 0.433079 0.343846 0.433079 0.342831 0.431458 0.342727 0.429296 0.342219 0.426245 0.341615 0.424630 0.339383 0.426602 0.336451 0.428037 0.334430 0.430199 0.333414 0.430028 0.331794 0.430199 0.331182 0.429125 0.331182 0.427676 0.332706 0.423898 0.334219 0.422463 0.335034 0.423352 0.336049 0.424255 0.337562 0.423181 0.338070 0.422106 0.338271 0.419042 0.338885 0.417065 0.341214 0.415074 0.341922 0.417597 0.341214 0.420662 0.342122 0.420301
2 0.452513 0.454125 0.451974 0.460718 0.451750 0.464301 0.451526 0.468083 0.451414 0.470870 0.451302 0.473458 0.450630 0.478634 0.449958 0.482417 0.448839 0.484806 0.447318 0.488935 0.445591 0.490181 0.444247 0.492171 0.442344 0.493565 0.440888 0.494560 0.439099 0.495755 0.436143 0.496792 0.436893 0.492347 0.437518 0.491125 0.437706 0.489458 0.437768 0.485463 0.438081 0.483796 0.438331 0.481463 0.438628 0.482782 0.439786 0.483037 0.440870 0.482394 0.442388 0.478796 0.444484 0.472241 0.444471 0.467884 0.448951 0.464500 0.447719 0.460718 0.447349 0.457727 0.448766 0.456824 0.450083 0.455745
2 0.444247 0.492171 0.441159 0.497431 0.433206 0.512597 0.431906 0.513755 0.430531 0.513755 0.428870 0.513755 0.426557 0.511954 0.425182 0.510542 0.426195 0.505014 0.426484 0.503731 0.432628 0.503343 0.433063 0.501671 0.428958 0.501236 0.430833 0.499458 0.432396 0.498236 0.433708 0.497236 0.434521 0.497014 0.435581 0.497125 0.436143 0.496792 0.439099 0.495755 0.440888 0.494560 0.442344 0.493565
2 0.452500 0.514875 0.454888 0.513565 0.454888 0.515898 0.454888 0.519560 0.456701 0.525005 0.458638 0.528449 0.460135 0.531222 0.457326 0.531000 0.455617 0.529435 0.454823 0.528662 0.452870 0.528019 0.452219 0.525963 0.448750 0.521852 0.447448 0.521722 0.444701 0.520824 0.442820 0.520435 0.435810 0.519921 0.437029 0.517755 0.440302 0.510421 0.442432 0.510597 0.445044 0.510597 0.446594 0.509907 0.448914 0.501995 0.449203 0.506611 0.448453 0.509009 0.448003 0.512208 0.448904 0.513273 0.450852 0.514606
5 0.467445 0.565324 0.468677 0.566699 0.470227 0.567731 0.470708 0.569625 0.470323 0.572380 0.470323 0.575991 0.470227 0.577884 0.471096 0.583046 0.471870 0.584250 0.472935 0.584593 0.473708 0.585111 0.474773 0.585282 0.477000 0.584421 0.477969 0.583218 0.479612 0.582875 0.480484 0.583731 0.481161 0.584250 0.482419 0.584593 0.483677 0.584593 0.484549 0.583218 0.486292 0.581495 0.487161 0.580810 0.488130 0.579778 0.489096 0.579606 0.490839 0.579259 0.492000 0.579778 0.492096 0.580981 0.484646 0.589583 0.478935 0.597671 0.477677 0.599218 0.477484 0.600940 0.478839 0.604037 0.483000 0.615389 0.483969 0.619519 0.484453 0.624509 0.487258 0.625542 0.488904 0.626574 0.491419 0.626574 0.494034 0.625370 0.495969 0.623648 0.497516 0.622102 0.498677 0.622102 0.499258 0.622958 0.500419 0.623648 0.501872 0.625199 0.502938 0.628639 0.502065 0.633282 0.501000 0.636380 0.500227 0.638787 0.499646 0.640338 0.498292 0.640681 0.496935 0.640681 0.496357 0.640509 0.473708 0.616769 0.454065 0.595088 0.455516 0.593713 0.456966 0.592338 0.457935 0.591648 0.459193 0.590787 0.460065 0.589755 0.460323 0.582875 0.460448 0.579319 0.460448 0.570213 0.460448 0.566769 0.461323 0.564769 0.464135 0.562769 0.466820 0.568435 0.466945 0.566991
5 0.406315 0.520565 0.407185 0.513569 0.409201 0.510981 0.410208 0.515759 0.411328 0.515560 0.417151 0.494861 0.420164 0.491704 0.420417 0.515051 0.421755 0.515944 0.422591 0.515944 0.424096 0.516241 0.424430 0.515792 0.425398 0.515426 0.425544 0.517097 0.425471 0.519537 0.426628 0.520824 0.429883 0.520824 0.431760 0.520824 0.433495 0.520824 0.435232 0.520310 0.435810 0.519921 0.442820 0.520435 0.444701 0.520824 0.447448 0.521722 0.448750 0.521852 0.452219 0.525963 0.452870 0.528019 0.454823 0.528662 0.455617 0.529435 0.454315 0.535602 0.455906 0.541255 0.455328 0.542542 0.455906 0.543829 0.457859 0.544343 0.456268 0.551023 0.452219 0.558991 0.451062 0.561560 0.450484 0.563745 0.449112 0.566319 0.447737 0.567218 0.446727 0.569657 0.445352 0.572745 0.444339 0.573898 0.443617 0.574287 0.442893 0.573384 0.440797 0.574028 0.438773 0.574412 0.437039 0.574801 0.435737 0.575185 0.430172 0.570171 0.421206 0.560148 0.405375 0.541769 0.405448 0.538301 0.405448 0.536375 0.406315 0.535472 0.408484 0.531231 0.408773 0.529560 0.407833 0.529046 0.406893 0.528662 0.407326 0.526736 0.407617 0.524292 0.407544 0.521208
2 0.482057 0.612727 0.483828 0.611991 0.485245 0.608949 0.487667 0.607375 0.488846 0.604014 0.489497 0.598449 0.488375 0.595194 0.487076 0.594144 0.485906 0.594593 0.484099 0.597417 0.482581 0.598060 0.480703 0.600759 0.478839 0.604037
5 0.488315 0.437255 0.480599 0.433319 0.472005 0.428023 0.466206 0.424157 0.463255 0.422815 0.460685 0.420259 0.459625 0.419722 0.458188 0.419319 0.456664 0.426579 0.454539 0.442065 0.455044 0.442602 0.456159 0.442963 0.456867 0.442421 0.456461 0.451963 0.458021 0.454856 0.462372 0.459764 0.473161 0.470324 0.477427 0.474486 0.481776 0.479097 0.486461 0.481625 0.488385 0.482963 0.493654 0.484301 0.494406 0.485343 0.493151 0.481324 0.493320 0.478648 0.493570 0.475972 0.494323 0.475079 0.495828 0.477310 0.497500 0.477907 0.498672 0.476866 0.499174 0.476269 0.497753 0.473889 0.497167 0.471662 0.497333 0.469134 0.497500 0.466903 0.497500 0.465264 0.487966 0.459764 0.479268 0.455153 0.476005 0.453519 0.474417 0.451588 0.473078 0.450097 0.473161 0.447125 0.473914 0.445343 0.474750 0.442366 0.473831 0.440731 0.476339 0.436718 0.495365 0.452731 0.496187 0.451139 0.496000 0.449028 0.496500 0.446806 0.497687 0.442921 0.497875 0.441588 0.495875 0.441144 0.493688 0.439699 0.491125 0.438366
2 0.691219 0.851583 0.686784 0.855005 0.682771 0.856639 0.680010 0.855153 0.679258 0.852477 0.673820 0.851139 0.674323 0.854708 0.677836 0.862884 0.680344 0.862588 0.680427 0.866306 0.682839 0.867861 0.690211 0.861440 0.693247 0.858741 0.690799 0.859019 0.688875 0.855898 0.690716 0.853815
2 0.685406 0.840093 0.687281 0.835870 0.690966 0.832537 0.693091 0.834315 0.695404 0.829315 0.698716 0.828759 0.700964 0.832981 0.699339 0.841977 0.696841 0.846755 0.693404 0.848532 0.687594 0.849310 0.685031 0.846421 0.684977 0.843014
2 0.686049 0.796495 0.690802 0.783440 0.692206 0.779889 0.695607 0.775375 0.697391 0.774991 0.698146 0.773838 0.699495 0.775949 0.699227 0.779505 0.694258 0.790065 0.690586 0.801773 0.688750 0.800856 0.686813 0.796731
5 0.681008 0.827870 0.685445 0.829727 0.686117 0.829829 0.688734 0.829481 0.691641 0.827759 0.693570 0.827940 0.696188 0.827759 0.697633 0.827079 0.698508 0.824676 0.698523 0.822537 0.696393 0.817375 0.697750 0.816861 0.698232 0.815139 0.697846 0.812903 0.698911 0.811870 0.699589 0.812903 0.700112 0.811102 0.699823 0.809394 0.699339 0.806116 0.698331 0.807051 0.697750 0.806708 0.697073 0.804472 0.693685 0.803954 0.692813 0.805505 0.691362 0.801889 0.688750 0.800856 0.686813 0.796731 0.684685 0.795699 0.686909 0.792083 0.687878 0.787269 0.689620 0.785032 0.689523 0.783139 0.688651 0.779699 0.689039 0.776426 0.688750 0.768343 0.688943 0.766963 0.686523 0.761977 0.684781 0.762838 0.684008 0.764384 0.684104 0.765935 0.681297 0.765935 0.679167 0.765417 0.674620 0.759051 0.667734 0.770815 0.665620 0.777977 0.664070 0.789676 0.663107 0.790542 0.662721 0.795019 0.662914 0.801204 0.664263 0.808435 0.665232 0.809634 0.667844 0.810500 0.669880 0.812046 0.674234 0.816000 0.675086 0.815384 0.675542 0.818606 0.676607 0.821333 0.678570 0.823815 0.679654 0.825116
2 0.343292 0.419898 0.341076 0.413532 0.341122 0.412370 0.341867 0.411620 0.341867 0.404653 0.342849 0.402162 0.344529 0.398347 0.346909 0.396935 0.349008 0.397185 0.349195 0.400755 0.351062 0.401917 0.351099 0.411417 0.348641 0.414759
2 0.667464 0.739319 0.667630 0.740491 0.670505 0.743491 0.673443 0.742824 0.677003 0.744819 0.677878 0.743824 0.678253 0.740491 0.678315 0.739046 0.677315 0.736824 0.678503 0.738157 0.680503 0.737935 0.680188 0.736940 0.678547 0.730986 0.677128 0.727806 0.676234 0.728403 0.674443 0.727005 0.673323 0.725019 0.671643 0.723431 0.669555 0.726528 0.669888 0.731139 0.669974 0.733074 0.669638 0.735449
2 0.629404 0.630449 0.628706 0.630745 0.629878 0.635560 0.620430 0.637671 0.618052 0.637866 0.617081 0.636042 0.616974 0.634602 0.615516 0.634505 0.614596 0.632778 0.612815 0.636042 0.611411 0.636042 0.610547 0.627690 0.609523 0.624148 0.610898 0.623634 0.611477 0.624407 0.612633 0.624921 0.616971 0.626079 0.624479 0.627269 0.626008 0.628907 0.627815 0.629292
5 0.505497 0.439921 0.506953 0.444597 0.507203 0.447273 0.508620 0.445917 0.509432 0.445806 0.511557 0.444144 0.514620 0.440810 0.515820 0.442366 0.515987 0.442963 0.513393 0.446681 0.511302 0.448907 0.509964 0.450398 0.508961 0.452926 0.510299 0.456194 0.514146 0.460657 0.516823 0.460954 0.517995 0.462588 0.518997 0.466009 0.521089 0.468981 0.524685 0.472699 0.533299 0.481324 0.535307 0.483407 0.538904 0.487718 0.540076 0.486977 0.541247 0.484894 0.542333 0.484000 0.542919 0.482218 0.544174 0.481324 0.545846 0.481324 0.547771 0.481324 0.548607 0.482366 0.548440 0.485639 0.548273 0.487718 0.547771 0.488759 0.550195 0.495750 0.545177 0.506157 0.546013 0.508389 0.547435 0.508833 0.548773 0.509134 0.552456 0.500806 0.553375 0.501847 0.554547 0.504819 0.555216 0.507347 0.555299 0.509134 0.558560 0.514782 0.559229 0.516866 0.556469 0.519093 0.552706 0.520583 0.551117 0.522069 0.548607 0.524153 0.544677 0.525338 0.537651 0.527569 0.535810 0.528907 0.532464 0.530097 0.530708 0.530245 0.529536 0.529505 0.529018 0.526972 0.524094 0.518912 0.522281 0.519602 0.518911 0.524208 0.518078 0.525190 0.516656 0.522963 0.515568 0.522810 0.514565 0.524000 0.514229 0.525338 0.512974 0.526380 0.511721 0.526681 0.510633 0.527569 0.509547 0.528611 0.509294 0.526681 0.509128 0.523852 0.509964 0.522662 0.510633 0.520583 0.510130 0.516417 0.509880 0.513593 0.507456 0.507347 0.508039 0.506009 0.508961 0.505116 0.509630 0.503926 0.508375 0.497829 0.508625 0.495898 0.509211 0.494708 0.508961 0.492329 0.505781 0.490694 0.504276 0.488907 0.502687 0.487125 0.501099 0.486083 0.499677 0.486231 0.499174 0.487569 0.497669 0.487421 0.496917 0.487718 0.495159 0.488167 0.494742 0.487718 0.494742 0.486977 0.494406 0.485343 0.493151 0.481324 0.493320 0.478648 0.493570 0.475972 0.494323 0.475079 0.495828 0.477310 0.497500 0.477907 0.498672 0.476866 0.499174 0.476269 0.497753 0.473889 0.497167 0.471662 0.497333 0.469134 0.497500 0.466903 0.497500 0.465264 0.487966 0.459764 0.479268 0.455153 0.476005 0.453519 0.474417 0.451588 0.473078 0.450097 0.473161 0.447125 0.473914 0.445343 0.474750 0.442366 0.473831 0.440731 0.476339 0.436718 0.495365 0.452731 0.496187 0.451139 0.498375 0.452472 0.499935 0.453028 0.501810 0.453806 0.502747 0.452361 0.503560 0.449806 0.504997 0.443255
2 0.628643 0.679065 0.628331 0.665625 0.628018 0.662958 0.627893 0.658407 0.628320 0.655194 0.629318 0.655528 0.630255 0.654639 0.630505 0.653972 0.630818 0.652750 0.631505 0.652306 0.632818 0.652194 0.633568 0.652861 0.634005 0.652861 0.636440 0.663065 0.633990 0.670139 0.633633 0.670412 0.629602 0.677491
