2 0.448570 0.497088 0.441711 0.496491 0.431104 0.494843 0.420266 0.492546 0.419760 0.506042 0.420917 0.509255 0.427669 0.511759 0.428112 0.506806 0.446008 0.508032
2 0.476135 0.168310 0.484724 0.166236 0.486638 0.177769 0.491589 0.165833 0.490289 0.154981 0.487464 0.141222 0.486841 0.128968 0.479193 0.136352 0.477693 0.140907
2 0.436771 0.405579 0.439302 0.422417 0.443784 0.422801 0.452263 0.418958 0.451096 0.410245 0.450211 0.399042 0.446313 0.393593 0.444297 0.390509 0.445380 0.396287 0.448135 0.406185 0.449104 0.407046 0.449211 0.408769 0.446565 0.409449 0.444789 0.408870 0.443003 0.405694 0.438896 0.407815
2 0.558604 0.100880 0.557271 0.103171 0.557151 0.106111 0.555174 0.107694 0.555214 0.109204 0.558565 0.122537 0.563810 0.147421 0.565539 0.149569 0.567414 0.149569 0.571036 0.151014 0.573724 0.151458 0.583221 0.159236 0.583659 0.167343 0.587094 0.167120 0.588031 0.168120 0.591844 0.161676 0.591844 0.160125 0.594219 0.153903 0.586221 0.133241 0.588406 0.131356 0.589719 0.128468 0.588656 0.124579 0.586844 0.126801 0.585471 0.124023 0.581784 0.118356 0.572099 0.091810 0.571099 0.092144 0.570289 0.093810 0.569102 0.091032 0.568102 0.091810 0.566352 0.089370 0.562977 0.094588
2 0.431398 0.043125 0.432268 0.049162 0.433495 0.059958 0.432701 0.072167 0.435594 0.089259 0.434219 0.100958 0.434188 0.103019 0.431203 0.111264 0.434872 0.115856 0.442497 0.121162 0.449758 0.129194 0.457664 0.136148 0.460044 0.132634 0.461471 0.134630 0.463570 0.143755 0.445583 0.129912 0.436750 0.123528 0.430740 0.117144 0.426701 0.112907 0.429521 0.107125 0.422146 0.088745 0.424099 0.067926
2 0.434188 0.103019 0.431203 0.111264 0.434872 0.115856 0.442497 0.121162 0.449758 0.129194 0.457664 0.136148 0.460044 0.132634 0.458148 0.130000 0.456195 0.124602 0.450339 0.117278 0.440870 0.113037 0.434076 0.108412
2 0.461474 0.086338 0.461997 0.090134 0.464984 0.096153 0.469221 0.104472 0.471477 0.105194 0.473250 0.105407 0.474102 0.109139 0.474102 0.113306 0.473133 0.120546 0.470995 0.126069 0.463930 0.145421 0.461471 0.134630 0.458148 0.130000 0.456195 0.124602 0.450339 0.117278 0.440870 0.113037 0.434076 0.108412 0.434219 0.100958 0.435594 0.089259 0.432701 0.072167 0.433495 0.059958 0.432268 0.049162 0.431398 0.043125 0.430750 0.029500 0.432268 0.030657 0.433857 0.035412 0.434219 0.042097 0.437401 0.048009 0.440724 0.054949 0.442820 0.061759 0.459305 0.074741
2 0.435281 0.404222 0.436771 0.405579 0.439302 0.422417 0.443784 0.422801 0.437172 0.431287 0.431714 0.433343 0.434469 0.415296
2 0.450211 0.399042 0.451096 0.410245 0.452263 0.418958 0.453523 0.426671 0.461458 0.425181 0.464258 0.424102 0.463458 0.418278
2 0.488667 0.650926 0.489245 0.679005 0.493956 0.684204 0.498133 0.678935 0.496081 0.671903 0.494763 0.660269 0.493982 0.642815
2 0.508919 0.661653 0.509654 0.664644 0.508477 0.666968 0.505664 0.667199 0.503638 0.667431 0.502396 0.665106 0.502526 0.661736 0.503901 0.660042 0.500674 0.656162 0.499063 0.651574 0.500393 0.663407 0.498914 0.662093 0.497937 0.663394 0.498180 0.672769 0.499451 0.677981 0.511398 0.664139 0.513401 0.662486
2 0.558161 0.063657 0.560057 0.066884 0.559516 0.084616 0.561948 0.086921 0.563729 0.088648 0.568534 0.085194 0.569885 0.079912 0.579065 0.059755 0.574206 0.047463 0.572154 0.042667 0.561029 0.056394
2 0.442547 0.318065 0.446784 0.317949 0.452245 0.317699 0.456539 0.319028 0.460833 0.321431 0.455177 0.336046 0.450339 0.331852 0.444221 0.329801 0.443107 0.328685
2 0.512130 0.603736 0.495990 0.625870 0.486563 0.640056 0.481383 0.646778 0.472320 0.657204 0.476701 0.664528 0.488667 0.650926 0.495245 0.640806 0.509948 0.622245
2 0.486563 0.640056 0.486703 0.630352 0.486357 0.625375 0.486357 0.623454 0.483711 0.623454 0.483227 0.619713 0.481010 0.622111 0.481174 0.629213 0.481148 0.636324 0.481383 0.646778
2 0.495245 0.640806 0.497578 0.640556 0.497578 0.640556 0.498914 0.662093 0.497937 0.663394 0.498180 0.672769 0.499451 0.677981 0.498133 0.678935 0.496081 0.671903 0.494763 0.660269 0.493982 0.642815
2 0.532229 0.174722 0.528682 0.175296 0.528805 0.178241 0.530807 0.190556 0.532219 0.198227 0.538599 0.193458 0.545180 0.187935 0.546701 0.186898 0.543229 0.172056
2 0.492422 0.288241 0.492099 0.294838 0.499117 0.295125 0.500409 0.292185 0.502466 0.265005 0.500125 0.264718 0.497263 0.265292 0.497221 0.277912
2 0.433581 0.288384 0.432742 0.296019 0.431388 0.297597 0.429521 0.309958 0.429273 0.316412 0.429396 0.328458 0.430362 0.342815 0.428635 0.355204 0.427122 0.367292 0.425560 0.385148 0.424583 0.398588 0.423612 0.410782 0.422964 0.414046 0.418646 0.439005 0.425560 0.440065 0.430958 0.438620 0.431714 0.433343 0.434469 0.415296 0.435281 0.404222 0.434440 0.402148 0.432479 0.400074 0.431453 0.391940 0.435979 0.387958 0.436773 0.379245 0.440573 0.336491 0.439542 0.325523 0.439307 0.315565 0.440661 0.304616 0.438888 0.302042 0.438516 0.296319 0.435948 0.283458 0.433846 0.279310
2 0.572542 0.388907 0.558664 0.416458 0.565143 0.412333 0.569357 0.412236 0.574755 0.408301 0.584206 0.409162 0.584044 0.400907
2 0.594456 0.375718 0.600383 0.379019 0.604094 0.378731 0.606878 0.377509 0.608573 0.378301 0.608169 0.404546 0.607039 0.404472 0.606555 0.401389 0.605589 0.401676 0.604336 0.402250 0.602240 0.401532 0.598086 0.400171
2 0.456026 0.072241 0.459305 0.074741 0.469120 0.070694 0.477599 0.074250 0.477211 0.072583 0.495331 0.062255 0.497440 0.061333 0.514669 0.051889 0.539294 0.037778 0.540159 0.035088 0.542263 0.034417 0.544047 0.031731 0.541831 0.030384 0.538753 0.033074 0.519260 0.037588 0.505922 0.042384 0.502737 0.045940 0.490781 0.052037 0.489497 0.052921 0.472044 0.063792 0.472044 0.063792
2 0.503958 0.679583 0.510352 0.678819 0.511844 0.681560 0.513385 0.679796 0.518083 0.682005 0.520458 0.684500 0.516193 0.694292 0.522966 0.700917 0.520911 0.694861 0.523154 0.677435 0.527307 0.679926 0.533419 0.685569 0.533469 0.684708 0.533128 0.679537 0.530875 0.671093 0.527005 0.667917 0.523161 0.666523 0.520703 0.668606 0.518799 0.667755 0.515719 0.669245 0.514458 0.669745 0.513523 0.667588
2 0.459305 0.074741 0.469120 0.070694 0.477599 0.074250 0.478456 0.078306 0.474706 0.081028 0.468896 0.082102 0.461474 0.086338
2 0.588031 0.168120 0.587094 0.167120 0.583659 0.167343 0.582164 0.168185 0.578432 0.167815 0.575922 0.167194 0.577563 0.186843 0.579234 0.183806 0.581849 0.183185 0.584081 0.186718 0.585370 0.185787 0.591401 0.190310 0.591820 0.186222 0.591297 0.183185 0.592482 0.180644 0.590565 0.175125
2 0.612328 0.486958 0.611346 0.492185 0.611299 0.501644 0.612091 0.502144 0.612677 0.504819 0.613932 0.505713 0.613096 0.515824 0.613682 0.522514 0.616859 0.522069 0.617865 0.518056 0.618068 0.513181 0.618487 0.508116 0.617555 0.499653 0.615594 0.499324 0.614615 0.494759 0.613542 0.487208
2 0.523430 0.104977 0.526029 0.122162 0.525378 0.131417 0.524005 0.137454 0.523773 0.148282 0.524893 0.142306 0.528674 0.129611 0.532687 0.108454 0.532138 0.099986
2 0.577635 0.473181 0.577031 0.476875 0.578133 0.478352 0.588581 0.489106 0.590172 0.473296 0.586297 0.470736 0.584172 0.469537 0.580737 0.470074 0.580135 0.473611
2 0.521315 0.213194 0.526927 0.245208 0.519430 0.233431 0.518378 0.226199 0.519497 0.214995
2 0.507831 0.172227 0.512404 0.219106 0.510677 0.218940 0.501437 0.220764 0.502516 0.222713 0.508776 0.226759 0.511518 0.221222 0.512872 0.220144 0.514737 0.222546 0.519497 0.214995 0.522687 0.211722 0.524094 0.202602 0.524094 0.194250 0.521932 0.185130 0.519396 0.180616 0.513292 0.175144
2 0.487740 0.227319 0.478219 0.242454 0.473177 0.251056 0.471323 0.256148 0.472773 0.261671 0.473904 0.261958 0.478755 0.252097 0.486154 0.238370
2 0.487487 0.323542 0.483867 0.348310 0.480682 0.381333 0.480682 0.391412 0.478523 0.422708 0.478516 0.430917 0.479768 0.434042 0.485542 0.437907 0.488635 0.434042 0.489292 0.416676 0.489534 0.413898 0.489383 0.411287 0.490013 0.374954 0.490773 0.358634 0.489805 0.337417 0.489937 0.323889 0.490401 0.318079 0.492151 0.312194 0.495526 0.310199 0.498714 0.310861 0.501943 0.313204 0.502693 0.309931 0.501927 0.304491 0.497326 0.299079 0.494638 0.301269 0.494078 0.307241 0.492174 0.307838 0.489711 0.313213
2 0.468344 0.339412 0.467307 0.343926 0.466555 0.347796 0.464630 0.353000 0.462036 0.362366 0.459193 0.377384 0.458273 0.386306 0.463458 0.418278 0.464258 0.424102 0.465885 0.433444 0.468560 0.430917 0.467237 0.423287 0.461349 0.386421 0.462862 0.372023 0.465401 0.359829 0.467128 0.355991 0.468479 0.347731 0.469482 0.341755 0.470289 0.340681 0.470935 0.339102
2 0.430503 0.568167 0.426612 0.567764 0.423922 0.568657 0.421859 0.567440 0.420924 0.565431 0.419797 0.566324 0.420862 0.576991 0.427164 0.598218 0.427826 0.595227 0.427242 0.591065
2 0.612940 0.621912 0.615435 0.626718 0.615109 0.639657 0.614643 0.649532 0.614083 0.651440 0.609107 0.651824 0.606984 0.634523 0.611716 0.635236
2 0.606065 0.616458 0.598375 0.633472 0.597003 0.648375 0.591073 0.671259 0.595969 0.665056
2 0.591073 0.671259 0.595969 0.665056 0.599656 0.661653 0.599844 0.658500 0.602409 0.654269 0.604464 0.654023 0.609107 0.651824 0.614083 0.651440 0.611703 0.654264 0.611721 0.657051 0.610805 0.657324 0.607187 0.657995 0.602458 0.663269 0.596023 0.670157
2 0.622674 0.687898 0.621862 0.694005 0.620453 0.712083 0.618563 0.731093 0.617896 0.747611 0.617266 0.749861 0.610971 0.753824 0.612633 0.756394 0.615812 0.754208 0.618995 0.753824 0.623042 0.754722 0.626224 0.745856 0.626224 0.737375 0.624706 0.721181 0.625284 0.709356 0.627453 0.705630 0.627526 0.698949 0.623766 0.687894
2 0.618609 0.597097 0.617349 0.598931 0.617161 0.601162 0.616695 0.609792 0.615904 0.611699 0.614055 0.614046 0.613042 0.614787 0.612557 0.621106 0.612940 0.621912 0.615435 0.626718 0.615109 0.639657 0.614643 0.649532 0.614083 0.651440 0.611703 0.654264 0.611750 0.660981 0.613477 0.665546 0.613596 0.672403 0.612677 0.686528 0.612344 0.689949 0.609417 0.693519 0.609247 0.701995 0.611422 0.706157 0.610586 0.717310 0.609500 0.720731 0.609247 0.725338 0.610083 0.728463 0.606990 0.731884 0.606823 0.742736 0.606867 0.747611 0.608224 0.747074 0.609279 0.749005 0.617266 0.749861 0.617896 0.747611 0.618563 0.731093 0.620453 0.712083 0.621862 0.694005 0.622674 0.687898 0.623740 0.659019 0.624612 0.597593
2 0.608214 0.590556 0.612086 0.576282 0.614182 0.576194 0.617195 0.576792 0.619346 0.577144 0.619185 0.579653 0.617169 0.586755 0.617854 0.591273 0.616529 0.595463 0.613820 0.598389 0.611115 0.595736 0.610708 0.593704
2 0.608661 0.564449 0.611339 0.565787 0.614182 0.576194 0.612086 0.576282 0.608214 0.590556 0.605786 0.587546 0.606872 0.573282
2 0.552956 0.587051 0.555969 0.584523 0.557891 0.584968 0.557641 0.579764 0.558643 0.573667 0.568513 0.560583 0.575289 0.558648 0.578719 0.565639 0.581479 0.569653 0.570234 0.598565 0.557310 0.589560 0.553125 0.589116
5 0.569646 0.172486 0.565424 0.174190 0.562242 0.177903 0.554508 0.181759 0.545180 0.187935 0.538599 0.193458 0.528641 0.200875 0.530818 0.223926 0.533828 0.254708 0.535831 0.266750 0.538008 0.286227 0.539682 0.299319 0.541852 0.313894 0.565271 0.287569 0.586349 0.278796 0.585682 0.274495 0.579786 0.238241 0.577841 0.224477 0.576323 0.212023 0.575742 0.207653
5 0.481461 0.479713 0.478557 0.484014 0.455042 0.511884 0.473138 0.558167 0.484076 0.578639 0.494622 0.571241 0.502172 0.562468 0.509914 0.550940 0.506141 0.540444
5 0.506141 0.540444 0.481461 0.479713 0.478557 0.484014 0.455042 0.511884 0.473138 0.558167 0.484076 0.578639 0.494622 0.571241 0.483279 0.582847 0.458763 0.605889 0.441591 0.620671 0.437445 0.620509 0.427911 0.612625 0.426070 0.602514 0.427826 0.595227 0.427242 0.591065 0.430503 0.568167 0.438534 0.528167 0.443133 0.514190 0.445391 0.510769 0.448570 0.497088 0.448068 0.492477 0.451247 0.475676 0.456852 0.456491 0.462622 0.459171 0.465549 0.458426 0.475169 0.464968 0.478932 0.470620 0.498924 0.482963 0.514898 0.493667 0.514898 0.501102 0.511052 0.516718
5 0.505932 0.078481 0.508956 0.076944 0.524076 0.066097 0.529693 0.059282 0.539305 0.056593 0.541086 0.066579 0.544867 0.087120 0.544922 0.092884 0.541734 0.095088 0.535904 0.097875 0.523430 0.104977 0.521268 0.094227 0.514034 0.087889 0.505068 0.081648
5 0.477211 0.072583 0.495331 0.062255 0.499956 0.072583 0.503141 0.083028 0.498768 0.086579 0.499055 0.093167 0.499862 0.096319 0.498130 0.108375 0.493044 0.111593 0.491326 0.115560 0.485958 0.123278 0.485815 0.126921 0.483904 0.124556 0.479385 0.123056 0.478500 0.131231 0.473169 0.132301 0.470995 0.126069 0.473133 0.120546 0.474102 0.113306 0.474102 0.109139 0.473250 0.105407 0.471477 0.105194 0.469221 0.104472 0.464984 0.096153 0.461997 0.090134 0.461474 0.086338 0.468896 0.082102 0.474706 0.081028 0.478456 0.078306
5 0.430740 0.117144 0.425857 0.122741 0.428521 0.125681 0.428721 0.129407 0.430013 0.131130 0.430698 0.135431 0.433682 0.137366 0.434490 0.144755 0.438646 0.154435 0.440622 0.151995 0.444815 0.154074 0.443284 0.147264 0.441911 0.147190 0.440339 0.141167 0.442477 0.137727 0.443323 0.138157 0.445583 0.129912 0.436750 0.123528
5 0.439542 0.325523 0.440573 0.336491 0.436773 0.379245 0.438451 0.383778 0.441042 0.385565 0.446313 0.393593 0.463458 0.418278 0.458273 0.386306 0.459193 0.377384 0.462036 0.362366 0.464630 0.353000 0.466555 0.347796 0.467307 0.343926 0.464797 0.348093 0.455177 0.336046 0.450242 0.331736 0.444221 0.329801 0.441211 0.326977
5 0.487487 0.323542 0.474635 0.338037 0.468479 0.347731 0.467128 0.355991 0.465401 0.359829 0.462862 0.372023 0.461349 0.386421 0.467237 0.423287 0.473339 0.432310 0.478523 0.422708 0.480682 0.391412 0.480682 0.381333 0.483867 0.348310
5 0.489383 0.411287 0.501891 0.381602 0.489805 0.337417 0.490773 0.358634 0.490013 0.374954
5 0.430958 0.438620 0.437172 0.431287 0.443784 0.422801 0.452263 0.418958 0.453523 0.426671 0.461458 0.425181 0.464258 0.424102 0.465885 0.433444 0.468560 0.430917 0.467237 0.423287 0.473339 0.432310 0.478523 0.422708 0.478516 0.430917 0.479768 0.434042 0.485542 0.437907 0.488635 0.434042 0.489292 0.416676 0.499357 0.414093 0.508839 0.409449 0.511805 0.411588 0.515401 0.409356 0.516404 0.416046 0.519164 0.409505 0.518909 0.407273 0.529870 0.399111 0.532948 0.395657 0.530120 0.386505 0.531432 0.384505 0.536930 0.382949 0.541430 0.377954 0.542677 0.378954 0.545615 0.377065 0.550299 0.368731 0.551576 0.365181 0.534625 0.322546 0.532125 0.313551 0.522047 0.288028 0.531544 0.295306 0.533885 0.295898 0.539682 0.299319 0.541852 0.313894 0.547854 0.307051 0.550279 0.311662 0.565086 0.326532 0.566172 0.333519 0.573198 0.332032 0.573198 0.333370 0.574286 0.334708 0.576378 0.333968 0.580977 0.371287 0.578802 0.376194 0.567427 0.367273 0.567091 0.369505 0.576208 0.381102 0.575708 0.382440 0.569435 0.375454 0.566508 0.382741 0.572542 0.388907 0.558664 0.416458 0.541664 0.447273 0.531628 0.437606 0.536229 0.423778 0.535727 0.421250 0.534555 0.421250 0.528198 0.435824 0.518578 0.427199 0.515651 0.436866 0.511469 0.433889 0.498924 0.482963 0.478932 0.470620 0.475169 0.464968 0.465549 0.458426 0.462622 0.459171 0.456852 0.456491 0.451247 0.475676 0.448068 0.492477 0.448570 0.497088 0.441711 0.496491 0.428255 0.479907 0.424815 0.472403 0.418794 0.459764 0.421469 0.451139
5 0.575844 0.283069 0.579997 0.307810 0.590727 0.310894 0.595286 0.286009 0.599964 0.267653 0.599159 0.259333 0.597424 0.259833 0.594076 0.257972 0.594599 0.251301 0.591815 0.250870 0.588630 0.264495 0.588023 0.271454 0.587138 0.274176 0.585682 0.274495 0.586349 0.278796
5 0.512867 0.509120 0.511052 0.516718 0.506141 0.540444 0.509914 0.550940 0.511198 0.554912 0.512057 0.557505 0.520049 0.522176 0.516701 0.516704 0.513461 0.512958 0.514109 0.510273
5 0.570221 0.598620 0.577565 0.599093 0.601109 0.606782 0.599820 0.614963 0.598375 0.633472 0.606065 0.616458 0.610708 0.593704 0.605786 0.587546 0.586992 0.564931 0.584357 0.562407
5 0.528198 0.435824 0.518578 0.427199 0.515651 0.436866 0.501432 0.484745 0.514898 0.493667 0.514898 0.501102 0.512867 0.509120 0.514109 0.510273 0.513461 0.512958 0.516701 0.516704 0.520049 0.522176 0.512057 0.557505 0.516383 0.570653 0.517299 0.564282 0.519784 0.562810 0.534906 0.572208 0.543339 0.561324 0.545846 0.565190 0.539281 0.576819 0.550513 0.586426 0.552956 0.587051 0.555969 0.584523 0.557891 0.584968 0.557641 0.579764 0.558643 0.573667 0.568513 0.560583 0.575289 0.558648 0.578719 0.565639 0.581479 0.569653 0.584357 0.562407 0.586992 0.564931 0.586052 0.525731 0.588581 0.489106 0.578133 0.478352 0.574370 0.477907 0.569625 0.474509 0.558755 0.467292 0.551367 0.457236 0.541664 0.447273 0.531628 0.437606
5 0.515651 0.436866 0.511469 0.433889 0.498924 0.482963 0.501432 0.484745
5 0.541724 0.070380 0.544867 0.087120 0.544922 0.092884 0.541734 0.095088 0.535904 0.097875 0.532138 0.099986 0.532687 0.108454 0.534880 0.114347 0.536516 0.122477 0.539734 0.136074 0.538648 0.138944 0.541508 0.144968 0.538648 0.154861 0.536268 0.161889 0.537313 0.167954 0.540875 0.166708 0.547464 0.160560 0.549625 0.160657 0.552341 0.159208 0.556195 0.155722 0.554268 0.152884 0.554451 0.148977 0.558307 0.144259 0.562195 0.150560 0.563810 0.147421 0.558565 0.122537 0.555214 0.109204 0.555174 0.107694 0.557151 0.106111 0.557271 0.103171 0.558604 0.100880 0.558242 0.093565 0.559409 0.089120 0.560057 0.066884 0.558161 0.063657 0.556547 0.065454 0.554977 0.067824 0.553036 0.067537 0.552352 0.066241 0.549687 0.066676 0.547630 0.068106
5 0.608823 0.509926 0.610919 0.539870 0.609258 0.548222 0.609474 0.561074 0.608661 0.564449 0.611339 0.565787 0.614182 0.576194 0.617195 0.576792 0.617279 0.570245 0.616357 0.567125 0.616609 0.563704 0.617779 0.552255 0.618365 0.539019 0.618281 0.535153 0.617779 0.532032 0.617865 0.518056 0.616859 0.522069 0.613682 0.522514 0.613096 0.515824 0.613932 0.505713 0.612677 0.504819 0.612091 0.502144 0.607909 0.499616 0.606953 0.503194
5 0.514482 0.274477 0.519672 0.281694 0.522047 0.288028 0.532125 0.313551 0.534625 0.322546 0.551576 0.365181 0.550299 0.368731 0.545615 0.377065 0.542677 0.378954 0.541430 0.377954 0.536930 0.382949 0.531432 0.384505 0.530120 0.386505 0.528307 0.389060 0.517563 0.397611 0.512500 0.382616 0.516042 0.380949 0.517344 0.382745 0.520523 0.380949 0.520885 0.376968 0.515576 0.358907 0.529250 0.368949 0.532880 0.357403 0.519125 0.349731 0.519487 0.347940 0.518721 0.339403
5 0.489383 0.411287 0.489534 0.413898 0.507190 0.406986 0.505896 0.404394 0.502924 0.405162 0.499740 0.403431 0.497956 0.398921 0.498659 0.393931 0.498549 0.389514
5 0.489534 0.413898 0.507190 0.406986 0.508839 0.409449 0.499357 0.414093 0.489292 0.416676
5 0.517563 0.397611 0.528307 0.389060 0.530120 0.386505 0.532948 0.395657 0.529870 0.399111 0.518909 0.407273
5 0.446008 0.508032 0.445391 0.510769 0.443133 0.514190 0.438534 0.528167 0.432859 0.556218 0.426422 0.562324 0.426612 0.567764 0.423922 0.568657 0.421859 0.567440 0.420924 0.565431 0.419797 0.566324 0.420862 0.576991 0.418987 0.578653 0.417609 0.553546 0.417609 0.537449 0.418424 0.505231 0.418880 0.505440 0.419521 0.510829 0.422669 0.513120 0.427669 0.511759 0.428112 0.506806
5 0.556195 0.155722 0.565424 0.174190 0.562242 0.177903 0.557320 0.180241 0.555734 0.170199 0.553120 0.171611 0.552875 0.169958 0.552341 0.159208
5 0.563810 0.147421 0.565539 0.149569 0.567414 0.149569 0.571036 0.151014 0.573724 0.151458 0.583221 0.159236 0.583659 0.167343 0.582164 0.168185 0.578432 0.167815 0.575922 0.167194 0.576414 0.173185 0.571789 0.168042 0.569042 0.161745 0.562195 0.150560
5 0.571284 0.181792 0.575331 0.186292 0.583500 0.198630 0.581159 0.199667 0.579721 0.201889 0.575742 0.207653
5 0.517299 0.564282 0.514422 0.583838 0.516479 0.586056 0.518294 0.591718 0.513888 0.592435 0.512130 0.603736 0.509948 0.622245 0.506911 0.636759 0.504771 0.659079 0.507146 0.658009 0.508451 0.659750 0.508919 0.661653 0.513401 0.662486 0.516034 0.661653 0.515823 0.664069 0.527005 0.667917 0.530875 0.671093 0.546893 0.676356 0.554763 0.678440 0.558711 0.680940 0.572589 0.682944 0.582107 0.668806 0.584784 0.667657 0.587099 0.672148 0.591073 0.671259 0.597003 0.648375 0.598375 0.633472 0.599820 0.614963 0.601109 0.606782 0.577565 0.599093 0.570234 0.598565 0.557310 0.589560 0.553125 0.589116 0.552956 0.587051 0.550500 0.586338 0.539281 0.576819 0.534906 0.572208 0.519784 0.562810
2 0.542552 0.445602 0.545893 0.447065 0.548862 0.450713 0.551292 0.449273 0.553292 0.451981 0.554198 0.454463 0.555836 0.453097 0.558380 0.457190 0.557370 0.460227 0.560438 0.463074 0.558755 0.467292 0.551367 0.457236 0.541664 0.447273
5 0.442984 0.307324 0.443247 0.310264 0.442547 0.318065 0.446784 0.317949 0.452245 0.317699 0.456539 0.319028 0.460833 0.321431 0.462003 0.318463 0.470536 0.329597 0.470865 0.327954 0.472560 0.328384 0.470664 0.337060 0.473174 0.332907 0.479260 0.326264 0.483328 0.321981 0.492698 0.302644 0.493661 0.303338 0.494638 0.301269 0.493456 0.298551 0.495229 0.295394 0.499117 0.295125 0.492099 0.294838 0.492422 0.288241 0.489609 0.293954 0.488906 0.296931 0.485938 0.297412 0.484857 0.295106 0.482266 0.295009 0.480536 0.260736 0.478755 0.258338 0.478755 0.252097 0.473904 0.261958 0.472773 0.261671 0.471323 0.256148 0.470820 0.260449 0.469188 0.267583 0.467320 0.269574 0.467388 0.271069 0.466760 0.279560 0.465367 0.286875 0.463659 0.288856 0.463938 0.291213 0.463904 0.293565 0.466273 0.295551 0.466414 0.298463 0.464565 0.311912 0.450898 0.316560 0.448841 0.315815
2 0.491120 0.184352 0.495883 0.169986 0.496630 0.166417 0.498870 0.163764 0.505310 0.161356 0.507177 0.163264 0.507831 0.172227 0.512404 0.219106 0.510677 0.218940 0.501437 0.220764 0.493922 0.206574
2 0.512628 0.229236 0.517622 0.252384 0.516128 0.259852 0.513609 0.257194 0.511135 0.263500 0.503995 0.266903 0.503620 0.264000 0.499094 0.245000 0.502081 0.245417 0.502516 0.222713
2 0.573937 0.428301 0.558755 0.467292 0.569625 0.474509 0.593117 0.409977 0.584044 0.400907 0.584206 0.409162 0.580872 0.408755
2 0.570398 0.306051 0.562792 0.306218 0.563305 0.315426 0.565263 0.320736 0.565086 0.326532 0.566172 0.333519 0.573198 0.332032 0.576839 0.330940 0.573198 0.323060
2 0.579997 0.307810 0.582971 0.321736 0.583784 0.329181 0.599404 0.324069 0.599029 0.322069 0.590727 0.310894
2 0.547854 0.307051 0.550279 0.311662 0.565086 0.326532 0.565268 0.323083 0.561396 0.315282 0.558081 0.308148 0.557148 0.303005 0.554409 0.299694
2 0.586992 0.564931 0.605786 0.587546 0.606872 0.573282 0.609474 0.561074 0.609258 0.548222 0.610919 0.539870 0.608823 0.509926 0.606365 0.500801 0.606221 0.491546 0.608102 0.474583 0.608969 0.452477 0.606510 0.450037 0.603763 0.450162 0.599859 0.447977 0.592703 0.446181 0.591474 0.463273 0.590172 0.473296 0.588581 0.489106 0.586052 0.525731
2 0.478755 0.252097 0.486154 0.238370 0.485289 0.244611 0.499094 0.245000 0.503620 0.264000 0.502466 0.265005 0.500125 0.264718 0.497263 0.265292 0.497221 0.277912 0.492422 0.288241 0.489609 0.293954 0.488906 0.296931 0.485938 0.297412 0.484857 0.295106 0.482266 0.295009 0.480536 0.260736 0.478755 0.258338
2 0.470581 0.197704 0.466461 0.210301 0.461544 0.234458 0.460823 0.242944 0.461906 0.249625 0.463641 0.245898 0.464508 0.239343 0.468195 0.231375 0.474846 0.230093 0.479185 0.227519 0.480773 0.226106 0.484099 0.226880 0.484172 0.223921 0.479393 0.192398 0.477802 0.190148 0.475844 0.193630
2 0.484724 0.166236 0.476135 0.168310 0.472917 0.183329 0.477802 0.190148 0.479393 0.192398 0.488784 0.206477 0.491023 0.210292 0.491211 0.202495 0.493922 0.206574 0.491539 0.187644 0.488643 0.182250 0.485190 0.178931 0.486638 0.177769
2 0.542760 0.039546 0.541141 0.050296 0.541086 0.066579 0.541724 0.070380 0.547630 0.068106 0.548701 0.058074 0.549404 0.054903 0.550104 0.051065 0.550969 0.042713 0.549833 0.039931
2 0.518312 0.169935 0.521346 0.165292 0.521534 0.158403 0.522747 0.154338 0.523773 0.148282 0.524893 0.142306 0.528674 0.129611 0.532687 0.108454 0.534880 0.114347 0.536516 0.122477 0.539734 0.136074 0.538648 0.138944 0.541508 0.144968 0.538648 0.154861 0.536268 0.161889 0.532229 0.174722 0.528682 0.175296 0.528805 0.178241 0.527190 0.177736 0.523115 0.175014
2 0.610763 0.604986 0.612023 0.604986 0.608151 0.622657 0.606984 0.634523 0.604464 0.654023 0.602409 0.654269 0.599844 0.658500 0.599656 0.661653 0.595969 0.665056 0.606065 0.616458 0.606680 0.613491
2 0.616529 0.595463 0.615221 0.603759 0.614055 0.614046 0.613042 0.614787 0.612557 0.621106 0.612940 0.621912 0.611716 0.635236 0.606984 0.634523 0.608151 0.622657 0.612023 0.604986 0.610763 0.604986 0.613820 0.598389
2 0.468711 0.679528 0.462177 0.685667 0.467318 0.698843 0.475573 0.691722
2 0.465000 0.210972 0.466203 0.211384 0.461544 0.234458 0.460823 0.242944 0.461906 0.249625 0.463641 0.245898 0.464508 0.239343 0.468195 0.231375 0.467669 0.239894 0.465716 0.238468 0.465297 0.246218 0.466344 0.249560 0.468818 0.261153 0.467216 0.267352 0.467388 0.271069 0.466760 0.279560 0.465367 0.286875 0.463659 0.288856 0.463938 0.291213 0.463904 0.293565 0.466273 0.295551 0.466414 0.298463 0.464565 0.311912 0.450898 0.316560 0.448841 0.315815 0.442984 0.307324 0.440661 0.304616 0.438888 0.302042 0.438516 0.296319 0.435948 0.283458 0.433846 0.279310 0.431167 0.273116 0.435211 0.265801 0.433771 0.260935 0.438180 0.252838 0.441794 0.237032 0.445120 0.231245 0.449242 0.229060 0.449242 0.225463 0.444180 0.225208 0.444398 0.221222 0.442672 0.222292 0.446786 0.206551
2 0.510734 0.335819 0.508799 0.335745 0.505734 0.338255 0.507185 0.342343 0.505935 0.350806 0.508031 0.355037 0.509161 0.354963 0.515576 0.358907 0.529250 0.368949 0.532880 0.357403 0.519125 0.349731 0.519487 0.347940 0.518721 0.339403 0.512995 0.343708
2 0.501943 0.313204 0.508799 0.335745 0.505734 0.338255 0.507185 0.342343 0.505935 0.350806 0.508031 0.355037 0.509161 0.354963 0.515576 0.358907 0.520885 0.376968 0.520523 0.380949 0.517344 0.382745 0.516042 0.380949 0.511122 0.383264 0.506208 0.384542 0.503534 0.387111 0.501891 0.381602 0.489805 0.337417 0.489964 0.323972 0.490401 0.318079 0.492151 0.312194 0.495526 0.310199 0.498714 0.310861
2 0.424815 0.472403 0.420883 0.469949 0.419388 0.480819 0.426391 0.488704 0.431104 0.494843 0.441711 0.496491 0.428255 0.479907 0.428255 0.479907
2 0.565271 0.287569 0.569732 0.302852 0.570398 0.306051 0.573198 0.323060 0.576839 0.330940 0.576378 0.333968 0.580977 0.371287 0.581479 0.374264 0.582398 0.368315 0.582818 0.363259 0.585242 0.352106 0.586497 0.353889 0.584490 0.362218 0.584156 0.369356 0.582818 0.380361 0.582984 0.385269 0.582409 0.388310 0.593076 0.399653 0.587336 0.354306 0.585234 0.339787 0.584518 0.332009 0.583784 0.329181 0.582971 0.321736 0.579997 0.307810 0.575844 0.283069
2 0.612805 0.672394 0.611885 0.675755 0.610643 0.678829 0.609078 0.678250 0.606867 0.693144 0.605047 0.694801 0.603143 0.694259 0.596201 0.707347 0.595711 0.714144 0.592023 0.714588 0.586078 0.724597 0.583570 0.729505 0.578133 0.740208 0.576461 0.744968 0.580057 0.745861 0.582565 0.748241 0.583234 0.750319 0.583068 0.754185 0.583570 0.757014 0.583234 0.761028 0.584490 0.763704 0.586664 0.762069 0.599797 0.760431 0.602891 0.754185 0.606823 0.742736 0.606990 0.731884 0.610083 0.728463 0.609247 0.725338 0.609500 0.720731 0.610586 0.717310 0.611422 0.706157 0.609247 0.701995 0.609417 0.693519 0.612344 0.689949 0.612677 0.686528 0.613596 0.672403
2 0.572589 0.682944 0.582107 0.668806 0.584784 0.667657 0.587099 0.672148 0.591073 0.671259 0.596023 0.670157 0.596711 0.672935 0.594711 0.690264 0.589339 0.692370 0.586721 0.692505 0.578349 0.691727 0.574911 0.690949 0.572349 0.693949 0.571099 0.692505 0.569516 0.687130 0.570875 0.685644 0.571815 0.682856
2 0.578349 0.691727 0.574096 0.693639 0.571344 0.697000 0.572531 0.702569 0.571451 0.702185 0.570695 0.709384 0.571883 0.712935 0.571883 0.716009 0.573664 0.718694 0.575826 0.718310 0.583654 0.708426 0.586721 0.692505
2 0.523154 0.677435 0.520911 0.694861 0.522966 0.700917 0.529919 0.708218 0.533375 0.705315 0.533419 0.685569 0.527307 0.679926
2 0.596487 0.350014 0.600383 0.379019 0.594456 0.375718 0.593128 0.358560 0.593547 0.355491 0.593594 0.352338
2 0.554997 0.423255 0.557698 0.423449 0.558560 0.425463 0.559641 0.428250 0.560203 0.430745 0.563026 0.433958 0.566862 0.433384 0.570102 0.432042 0.573937 0.428301 0.580872 0.408755 0.574755 0.408301 0.569357 0.412236 0.565143 0.412333 0.558664 0.416458
2 0.606151 0.405083 0.607443 0.423296 0.608289 0.424375 0.609177 0.430542 0.608612 0.432190 0.607966 0.433009 0.607979 0.440338 0.607135 0.441333 0.607229 0.446639 0.609146 0.447889 0.609706 0.446144 0.609844 0.430463 0.609331 0.404245 0.608169 0.404546 0.607039 0.404472
2 0.420862 0.576991 0.420034 0.585639 0.421276 0.635079 0.421924 0.674250 0.424193 0.672426 0.423870 0.636713 0.423070 0.633440 0.424247 0.632681 0.424401 0.628718 0.425336 0.621250 0.425242 0.614278 0.425289 0.610130 0.424193 0.592458 0.422250 0.581704
2 0.554500 0.690486 0.554266 0.697042 0.554805 0.698894 0.559362 0.699727 0.565716 0.696069 0.566992 0.695884 0.568255 0.694954 0.571099 0.692505 0.569516 0.687130 0.567284 0.688370 0.564250 0.686944 0.561672 0.687815 0.557594 0.687935 0.555885 0.690912
2 0.554813 0.698935 0.554266 0.697042 0.552698 0.697477 0.550570 0.698282 0.549630 0.700019 0.544539 0.699333 0.542734 0.700509 0.541367 0.702931 0.541193 0.705903 0.537602 0.708074 0.536974 0.712352 0.537672 0.714954 0.539031 0.716199 0.541862 0.713468 0.544122 0.712130 0.545570 0.711861 0.546141 0.713361 0.545479 0.714380 0.544484 0.717273 0.543490 0.720218 0.546875 0.724745 0.550674 0.726606 0.554187 0.725148 0.554562 0.717931 0.554187 0.702824
8 0.493956 0.684204 0.498133 0.678935 0.499451 0.677981 0.511398 0.664139 0.513401 0.662486 0.516036 0.661713 0.515826 0.664810 0.499354 0.685259 0.497518 0.685454
2 0.470664 0.337060 0.473174 0.332907 0.479260 0.326264 0.483328 0.321981 0.492698 0.302644 0.493661 0.303338 0.494638 0.301269 0.494078 0.307241 0.492174 0.307838 0.489711 0.313213 0.487487 0.323542 0.476057 0.336426
2 0.566992 0.697736 0.566992 0.695884 0.565716 0.696069 0.559362 0.699727 0.554813 0.698935 0.554187 0.702824 0.554562 0.717931 0.554187 0.725148 0.563622 0.728037 0.571370 0.730593 0.583570 0.729505 0.586078 0.724597 0.592023 0.714588 0.585964 0.718255 0.583591 0.720028 0.585240 0.712375 0.579805 0.713264 0.575826 0.718310 0.573664 0.718694 0.571883 0.716009 0.571883 0.712935 0.570695 0.709384 0.567557 0.709935
2 0.481484 0.659074 0.480794 0.670583 0.489245 0.679005 0.488667 0.650926 0.488667 0.650926
2 0.542552 0.445602 0.545893 0.447065 0.548862 0.450713 0.551292 0.449273 0.560203 0.430745 0.559641 0.428250 0.549003 0.433815
2 0.511198 0.554912 0.494622 0.571241 0.483279 0.582847 0.458763 0.605889 0.441591 0.620671 0.423070 0.633440 0.429443 0.660704 0.431279 0.664157 0.432357 0.666079 0.432466 0.669343 0.434302 0.667519 0.436193 0.667806 0.445318 0.660125 0.449799 0.655421 0.453471 0.654463 0.455846 0.653120 0.457953 0.647648 0.462219 0.641213 0.465352 0.640065 0.466971 0.641981 0.481174 0.629213 0.481010 0.622111 0.483227 0.619713 0.483711 0.623454 0.486357 0.623454 0.486357 0.625375 0.513229 0.596389 0.513888 0.592435 0.518294 0.591718 0.516479 0.586056 0.514422 0.583838 0.516383 0.570653
2 0.575779 0.051486 0.579065 0.059755 0.569885 0.079912 0.568534 0.085194 0.563729 0.088648 0.561948 0.086921 0.559516 0.084616 0.559409 0.089120 0.558242 0.093565 0.558604 0.100880 0.562977 0.094588 0.566352 0.089370 0.568102 0.091810 0.569102 0.091032 0.570289 0.093810 0.571099 0.092144 0.572099 0.091810 0.581784 0.118356 0.585471 0.124023 0.588932 0.113389 0.590766 0.104944 0.591250 0.086801 0.590388 0.076625 0.588333 0.068181 0.586714 0.064819 0.586122 0.073981 0.586284 0.080931 0.585115 0.083806 0.584591 0.083014 0.585193 0.078500 0.584750 0.071324 0.583461 0.069176 0.584427 0.064870 0.584508 0.055833
2 0.498130 0.108375 0.499862 0.096319 0.499055 0.093167 0.498768 0.086579 0.503141 0.083028 0.505068 0.081648 0.514034 0.087889 0.521268 0.094227 0.523430 0.104977 0.526029 0.122162 0.525378 0.131417 0.524005 0.137454 0.523773 0.148282 0.522747 0.154338 0.520896 0.158403 0.516992 0.162259 0.511135 0.165731 0.507521 0.167398 0.507177 0.163264 0.505310 0.161356 0.508841 0.160005 0.511664 0.155852 0.512849 0.150028 0.514594 0.147917 0.509500 0.142528 0.511706 0.140718 0.511591 0.139009 0.509672 0.137606 0.505885 0.126755 0.501703 0.114199 0.499385 0.110583
2 0.599404 0.324069 0.600677 0.325037 0.603427 0.347583 0.601552 0.350917 0.596992 0.352472 0.597323 0.346245 0.598667 0.345162 0.600016 0.339403 0.597112 0.337880 0.596870 0.328088 0.597531 0.324741
8 0.581479 0.374264 0.582398 0.368315 0.582818 0.363259 0.585242 0.352106 0.586497 0.353889 0.584490 0.362218 0.584156 0.369356 0.582818 0.380361 0.582984 0.385269 0.582409 0.388310 0.581745 0.388685 0.579654 0.386949 0.579409 0.388620 0.580979 0.393083 0.581781 0.392463 0.582372 0.394139 0.581396 0.396120 0.579612 0.396273 0.579424 0.393699 0.577091 0.389551 0.578398 0.385736 0.578211 0.384157 0.576208 0.381102 0.567091 0.369505 0.567427 0.367273 0.578802 0.376194 0.580740 0.377606
2 0.527279 0.211241 0.531328 0.235241 0.526974 0.239856 0.526276 0.241282 0.526927 0.245208 0.535831 0.266750 0.533828 0.254708 0.530818 0.223926 0.529708 0.211431
2 0.597279 0.214440 0.595029 0.209995 0.590844 0.220769 0.590531 0.224324 0.594219 0.228435 0.591815 0.250870 0.594599 0.251301 0.594076 0.257972 0.598185 0.249745 0.598747 0.229333
2 0.524094 0.198856 0.527279 0.211241 0.531328 0.235241 0.526974 0.239856 0.527078 0.236944 0.526240 0.235394 0.526518 0.232481 0.526065 0.229319 0.524846 0.226657 0.523312 0.224856 0.521315 0.213194 0.522687 0.211722 0.524094 0.202602
2 0.514242 0.166843 0.518312 0.169935 0.523115 0.175014 0.527852 0.181625 0.530120 0.185847 0.530807 0.190556 0.532219 0.198227 0.525151 0.187769 0.517214 0.173755 0.511651 0.172986
2 0.479393 0.192398 0.488784 0.206477 0.491023 0.210292 0.488753 0.220657 0.487740 0.227319 0.478219 0.242454 0.479185 0.227519 0.480773 0.226106 0.484099 0.226880 0.484172 0.223921
2 0.519672 0.281694 0.522047 0.288028 0.531544 0.295306 0.534013 0.280111 0.531727 0.275051 0.523909 0.275602
2 0.514482 0.274477 0.518625 0.275602 0.523909 0.275602 0.532865 0.274907 0.527677 0.263755 0.521286 0.264630 0.513987 0.264060
2 0.513609 0.257194 0.514482 0.274477 0.518721 0.339403 0.512995 0.343708 0.510734 0.335819 0.509279 0.320685 0.509010 0.318667 0.507497 0.303690 0.506148 0.300231 0.506081 0.297546 0.505680 0.295819 0.506003 0.294528 0.506044 0.292449 0.509391 0.284773 0.508747 0.283343 0.505318 0.291875 0.505047 0.288042 0.504885 0.281319 0.503995 0.266903 0.511135 0.263500
2 0.537313 0.167954 0.535648 0.170634 0.536188 0.173704 0.543229 0.172056 0.546701 0.186898 0.554508 0.181759 0.552875 0.169958 0.552341 0.159208 0.549625 0.160657 0.547464 0.160560 0.540875 0.166708
2 0.585740 0.198889 0.583500 0.198630 0.581159 0.199667 0.579721 0.201889 0.575742 0.207653 0.576323 0.212023 0.577841 0.224477 0.579786 0.238241 0.585682 0.274495 0.587138 0.274176 0.588023 0.271454 0.588630 0.264495 0.591815 0.250870 0.594219 0.228435 0.590531 0.224324 0.590844 0.220769 0.595029 0.209995 0.597279 0.214440 0.597404 0.200556 0.594656 0.195000 0.592844 0.198556
2 0.562195 0.150560 0.558307 0.144259 0.554451 0.148977 0.554268 0.152884 0.556195 0.155722 0.565424 0.174190 0.569646 0.172486 0.571284 0.181792 0.575331 0.186292 0.583500 0.198630 0.585740 0.198889 0.590872 0.194903 0.588271 0.187833 0.585370 0.185787 0.584081 0.186718 0.581849 0.183185 0.579234 0.183806 0.577563 0.186843 0.576414 0.173185 0.571789 0.168042 0.569042 0.161745
2 0.425857 0.122741 0.425409 0.123463 0.425690 0.127944 0.423310 0.128440 0.423542 0.151593 0.424318 0.152815 0.424880 0.151421 0.424964 0.147333 0.426698 0.145759 0.430490 0.141884 0.429560 0.132755 0.430013 0.131130 0.428721 0.129407 0.428521 0.125681
2 0.460815 0.148755 0.461917 0.150213 0.466073 0.169343 0.459232 0.169796 0.455047 0.154241 0.456013 0.149546
2 0.452432 0.180444 0.454529 0.190194 0.457286 0.193574 0.464185 0.182500 0.470883 0.175833 0.472008 0.171343 0.470820 0.167787 0.466073 0.169343 0.457951 0.169787
2 0.474755 0.174685 0.470883 0.175833 0.464185 0.182500 0.457286 0.193574 0.459245 0.197472 0.461112 0.198801 0.465034 0.196486 0.476529 0.188241 0.472917 0.183329
2 0.445542 0.202120 0.444953 0.200097 0.443828 0.193657 0.447391 0.185546 0.448922 0.183884 0.454529 0.190194 0.457286 0.193574 0.459245 0.197472 0.461112 0.198801 0.464333 0.205190 0.463214 0.210583 0.453677 0.208273 0.457674 0.198500 0.453052 0.192278 0.447677 0.198278
2 0.430013 0.131130 0.429560 0.132755 0.430490 0.141884 0.431820 0.142745 0.432021 0.145380 0.433555 0.149824 0.434763 0.150972 0.435128 0.152907 0.434924 0.159574 0.436216 0.164597 0.443799 0.176569 0.448922 0.183884 0.454529 0.190194 0.452432 0.180444 0.449648 0.172843 0.446784 0.167319 0.442307 0.161440 0.438646 0.154435 0.437547 0.155130 0.436458 0.152977 0.436620 0.149750 0.434490 0.144755 0.432385 0.142079 0.430698 0.135431
2 0.501891 0.381602 0.503534 0.387111 0.506208 0.384542 0.511122 0.383264 0.512500 0.382616 0.517563 0.397611 0.518909 0.407273 0.519164 0.409505 0.516404 0.416046 0.515401 0.409356 0.511805 0.411588 0.508839 0.409449 0.507190 0.406986 0.505896 0.404394 0.502924 0.405162 0.499740 0.403431 0.497956 0.398921 0.498659 0.393931 0.498549 0.389514
2 0.435979 0.387958 0.431453 0.391940 0.432479 0.400074 0.434440 0.402148 0.435281 0.404222 0.436771 0.405579 0.438896 0.407815 0.443003 0.405694 0.444789 0.408870 0.446565 0.409449 0.449211 0.408769 0.449104 0.407046 0.448135 0.406185 0.445380 0.396287 0.444271 0.390509 0.441042 0.385565
2 0.419727 0.362153 0.420862 0.373481 0.421185 0.383847 0.421456 0.400935 0.424583 0.398588 0.425560 0.385148 0.424208 0.370407 0.421185 0.363019
2 0.423013 0.311852 0.426268 0.315194 0.429521 0.309958 0.429273 0.316412 0.427641 0.325347 0.428003 0.328819 0.428146 0.332032 0.427424 0.335245 0.427495 0.339870 0.428508 0.344755 0.428635 0.355204 0.427122 0.367292 0.423953 0.365444 0.423013 0.361718 0.422654 0.355037 0.420484 0.354005 0.418604 0.351694 0.419109 0.347194 0.419760 0.342569 0.419760 0.336398 0.418242 0.325218 0.421135 0.319306
2 0.423432 0.275713 0.431169 0.271472 0.433771 0.260935 0.435211 0.265801 0.431167 0.273116 0.433846 0.279310 0.433581 0.288384 0.432742 0.296019 0.431388 0.297597 0.429521 0.309958 0.426268 0.315194 0.423013 0.311852 0.420773 0.305556 0.420411 0.298102 0.422073 0.295787
2 0.468195 0.231375 0.467669 0.239894 0.465716 0.238468 0.465297 0.246218 0.466344 0.249560 0.468818 0.261153 0.467216 0.267352 0.467320 0.269574 0.469188 0.267583 0.470820 0.260449 0.471323 0.256148 0.472268 0.248088 0.471987 0.239870 0.471620 0.230713 0.470266 0.242005 0.469518 0.241500 0.470266 0.230968
2 0.596487 0.350014 0.600383 0.379019 0.604094 0.378731 0.602154 0.353208 0.597484 0.353694 0.596992 0.352472 0.597206 0.348898
2 0.591953 0.353375 0.590628 0.359634 0.589688 0.363847 0.589060 0.367690 0.593076 0.399653 0.597539 0.404301 0.596039 0.410005 0.594784 0.410995 0.596904 0.423593 0.598466 0.429259 0.599091 0.433366 0.599859 0.447977 0.603763 0.450162 0.604151 0.441366 0.602724 0.430468 0.602521 0.428532 0.598086 0.400171 0.594456 0.375718 0.593128 0.358560 0.593547 0.355491 0.593594 0.352338 0.592964 0.353435
2 0.598086 0.400171 0.602240 0.401532 0.604336 0.402250 0.605589 0.401676 0.606555 0.401389 0.607039 0.404472 0.606151 0.405083 0.607443 0.423296 0.606516 0.422079 0.604901 0.421361 0.604055 0.422653 0.604135 0.426310 0.602521 0.428532
2 0.461112 0.198801 0.465034 0.196486 0.476529 0.188241 0.477802 0.190148 0.475844 0.193630 0.470581 0.197704 0.466461 0.210301 0.466203 0.211384 0.465000 0.210972 0.464349 0.210741 0.463214 0.210583 0.464333 0.205190
2 0.424880 0.151421 0.426898 0.151421 0.427341 0.154722 0.428471 0.157806 0.429036 0.161750 0.430044 0.163329 0.431820 0.159884 0.433833 0.161556 0.435206 0.168889 0.439643 0.174662 0.442393 0.177551 0.443799 0.176569 0.448922 0.183884 0.447391 0.185546 0.443828 0.193657 0.444953 0.200097 0.445542 0.202120 0.442992 0.206495 0.441805 0.215273 0.439867 0.222157 0.436557 0.225157 0.429807 0.226935 0.426367 0.227444 0.421380 0.228241 0.421680 0.219560 0.425617 0.213449 0.424867 0.205787 0.421742 0.202565 0.420617 0.191125 0.420555 0.174907 0.421492 0.159801
2 0.546875 0.724745 0.550674 0.726606 0.554187 0.725148 0.563622 0.728037 0.571370 0.730593 0.574042 0.730218 0.573612 0.735690 0.573503 0.744616 0.570479 0.744713 0.553091 0.732903 0.550120 0.732903 0.547312 0.728583
2 0.421380 0.228241 0.426367 0.227444 0.429807 0.226935 0.426435 0.236042 0.423310 0.245486 0.422372 0.250481 0.423560 0.255704 0.426435 0.264699 0.423898 0.270310 0.424086 0.273310 0.423432 0.275713 0.422273 0.293412 0.420836 0.292745 0.419023 0.266644 0.421023 0.261532
2 0.455438 0.137394 0.444609 0.137477 0.443284 0.147264 0.444815 0.154074 0.440622 0.151995 0.438646 0.154435 0.442307 0.161440 0.446784 0.167319 0.449648 0.172843 0.452432 0.180444 0.457951 0.169787 0.459232 0.169796 0.455047 0.154241 0.456013 0.149546 0.452706 0.149116 0.447302 0.146319 0.446049 0.139861 0.448430 0.141227 0.453755 0.145602 0.458273 0.145241 0.459966 0.146458 0.460815 0.148755 0.461917 0.150213 0.466073 0.169343 0.466380 0.167407 0.468411 0.163796 0.469583 0.162639 0.471354 0.163565 0.475104 0.166759 0.468234 0.156713 0.476714 0.157579 0.477693 0.140907 0.479193 0.136352 0.486841 0.128968 0.485815 0.126921 0.483904 0.124556 0.479385 0.123056 0.478500 0.131231 0.473169 0.132301 0.475424 0.138134 0.473690 0.140574 0.470583 0.140861 0.467961 0.140069 0.465542 0.141074 0.463930 0.145421 0.463570 0.143755
2 0.444398 0.221222 0.435867 0.227005 0.432977 0.235486 0.431312 0.239218 0.430661 0.244097 0.430734 0.249625 0.423432 0.275713 0.431169 0.271472 0.433771 0.260935 0.438180 0.252838 0.441794 0.237032 0.445120 0.231245 0.449242 0.229060 0.449242 0.225463 0.444180 0.225208
2 0.426435 0.264699 0.423560 0.255704 0.422372 0.250481 0.423310 0.245486 0.426435 0.236042 0.429807 0.226935 0.436557 0.225157 0.439867 0.222157 0.441805 0.215273 0.442992 0.206495 0.445542 0.202120 0.447677 0.198278 0.453052 0.192278 0.457674 0.198500 0.453677 0.208273 0.446786 0.206551 0.442672 0.222292 0.435867 0.227005 0.432977 0.235486 0.431312 0.239218 0.430661 0.244097 0.430734 0.249625
2 0.579612 0.447352 0.582552 0.447347 0.587359 0.448509 0.588992 0.436894 0.587779 0.424449
2 0.587779 0.424449 0.591474 0.463273 0.592703 0.446181 0.597953 0.447597 0.593706 0.410426 0.593117 0.409977
2 0.582409 0.388310 0.593076 0.399653 0.597539 0.404301 0.596039 0.410005 0.594784 0.410995 0.593117 0.409977 0.584044 0.400907 0.579612 0.396273 0.581396 0.396120 0.582372 0.394139 0.581781 0.392463 0.580979 0.393083 0.579409 0.388620 0.579654 0.386949 0.581745 0.388685
2 0.585234 0.339787 0.590602 0.344102 0.595102 0.348134 0.598667 0.345162 0.600016 0.339403 0.585870 0.331722 0.584518 0.332009
2 0.594299 0.290824 0.590727 0.310894 0.599029 0.322069 0.599404 0.324069 0.600677 0.325037 0.603427 0.347583 0.601552 0.350917 0.596992 0.352472 0.597484 0.353694 0.605115 0.352806 0.604615 0.348917 0.605990 0.346028 0.604919 0.336366 0.605052 0.325148 0.600802 0.305819 0.600547 0.290269 0.602133 0.286949 0.601622 0.283625 0.597984 0.285458
2 0.535831 0.266750 0.526927 0.245208 0.519430 0.233431 0.517555 0.232986 0.515055 0.237208 0.515242 0.239653 0.527677 0.263755 0.538008 0.286227
2 0.491023 0.210292 0.491211 0.202495 0.493922 0.206574 0.501437 0.220764 0.502516 0.222713 0.502081 0.245417 0.499094 0.245000 0.485289 0.244611 0.486154 0.238370 0.488753 0.220657
2 0.462003 0.318463 0.455177 0.336046 0.464797 0.348093 0.467307 0.343926 0.465891 0.342176 0.465945 0.338241 0.466594 0.337375 0.468969 0.337088 0.470536 0.329597
2 0.485815 0.126921 0.485958 0.123278 0.491326 0.115560 0.493044 0.111593 0.498130 0.108375 0.499385 0.110583 0.501703 0.114199 0.505885 0.126755 0.509672 0.137606 0.511591 0.139009 0.511706 0.140718 0.509500 0.142528 0.509161 0.146745 0.501987 0.154079 0.502326 0.158398 0.495883 0.166940 0.491362 0.173769 0.486391 0.180097 0.485190 0.178931 0.486638 0.177769 0.491589 0.165833 0.490289 0.154981 0.487464 0.141222 0.486841 0.128968
2 0.546893 0.676356 0.541294 0.681194 0.535083 0.684639 0.533469 0.684708 0.535849 0.693458 0.538026 0.692815 0.552227 0.681481 0.553396 0.678042
2 0.589339 0.692370 0.583591 0.720028 0.585964 0.718255 0.592023 0.714588 0.595711 0.714144 0.597523 0.695259 0.599461 0.674602 0.602458 0.663269 0.596023 0.670157 0.596711 0.672935 0.594711 0.690264
2 0.597839 0.691389 0.601247 0.686894 0.604651 0.677194 0.606000 0.675852 0.607187 0.676523 0.609078 0.678250 0.610643 0.678829 0.611885 0.675755 0.612805 0.672394 0.610805 0.657324 0.607187 0.657995 0.602458 0.663269 0.599461 0.674602
2 0.609078 0.678250 0.607187 0.676523 0.606000 0.675852 0.604651 0.677194 0.601247 0.686894 0.597839 0.691389 0.597523 0.695259 0.600052 0.693806 0.605047 0.694801 0.606867 0.693144
