0 0.452622 0.188426 0.456065 0.194176 0.456659 0.195903 0.457469 0.198398 0.458396 0.202556 0.457750 0.210144 0.457914 0.212324 0.469917 0.224231 0.476365 0.239477 0.478083 0.250644 0.478737 0.265745 0.478622 0.269421 0.477112 0.276403 0.474948 0.284167 0.470359 0.291875 0.466958 0.295231 0.459120 0.298088 0.457891 0.296074 0.456284 0.299264 0.455622 0.301449 0.455151 0.307995 0.453828 0.311356 0.452128 0.315722 0.451844 0.318241 0.446961 0.318426 0.442604 0.322625 0.440055 0.323130 0.434953 0.324639 0.434651 0.320593 0.434745 0.318074 0.433328 0.314713 0.432383 0.311019 0.431089 0.309042 0.433365 0.297125 0.435010 0.293528 0.435516 0.287454 0.437159 0.281611 0.435604 0.277741 0.435099 0.275046 0.434971 0.267847 0.433201 0.262005 0.431935 0.259079 0.430419 0.256833 0.427888 0.255481 0.423336 0.254810 0.421224 0.262500 0.418820 0.271940 0.417177 0.284981 0.417810 0.290153 0.419581 0.295097 0.420971 0.299597 0.423122 0.302968 0.423786 0.308667 0.422747 0.315556 0.420953 0.323782 0.420763 0.328319 0.419940 0.330398 0.419669 0.331935 0.419021 0.333181 0.418156 0.333565 0.416914 0.333565 0.416268 0.333565 0.413091 0.333037 0.412430 0.331356 0.411674 0.330519 0.410344 0.328838 0.406573 0.329176 0.403956 0.328190 0.403198 0.326653 0.400068 0.322069 0.400068 0.319167 0.398372 0.313556 0.398091 0.311204 0.397523 0.306838 0.397430 0.303815 0.397240 0.299782 0.396294 0.293736 0.397055 0.290347 0.398466 0.288963 0.399315 0.286708 0.400513 0.276796 0.401359 0.271903 0.402208 0.267889 0.403125 0.264500 0.403831 0.260486 0.404112 0.256972 0.404677 0.253963 0.405883 0.251296 0.406828 0.250120 0.409474 0.246093 0.402862 0.245588 0.400878 0.248611 0.399177 0.249787 0.395964 0.249954 0.392659 0.251634 0.388940 0.254088 0.384990 0.263500 0.384000 0.267889 0.383719 0.273282 0.384635 0.280685 0.386354 0.289861 0.386471 0.290218 0.387698 0.294241 0.388643 0.296759 0.387888 0.298944 0.386281 0.299782 0.384391 0.299782 0.382029 0.298606 0.380141 0.297264 0.379008 0.295250 0.377117 0.292227 0.376523 0.290560 0.375862 0.289713 0.375323 0.288606 0.374099 0.286079 0.373148 0.282213 0.372297 0.278870 0.371641 0.275005 0.371070 0.268782 0.371542 0.260213 0.371258 0.256852 0.371357 0.253667 0.372630 0.247606 0.372878 0.244556 0.376961 0.234685 0.382349 0.227866 0.386922 0.222639 0.390513 0.220171 0.394922 0.218139 0.397536 0.216542 0.399086 0.217704 0.400068 0.218866 0.401211 0.214509 0.401211 0.210444 0.404641 0.200718 0.405701 0.200431 0.406273 0.202171 0.407497 0.203333 0.407906 0.201593 0.409539 0.197963 0.410927 0.193750 0.413172 0.190519 0.415987 0.185111 0.420042 0.181106 0.423870 0.177306 0.429049 0.175102 0.430570 0.175222 0.433323 0.176727 0.434732 0.178861 0.435437 0.181250 0.436146 0.185009 0.436354 0.186639 0.438823 0.188023 0.442568 0.187778 0.444826 0.187514 0.448174 0.188801 0.450857 0.189051
5 0.537240 0.319167 0.542055 0.322648 0.544505 0.325116 0.545729 0.327440 0.546872 0.328894 0.548016 0.330343 0.548669 0.331648 0.549813 0.333681 0.550630 0.334843 0.550711 0.337745 0.550302 0.340940 0.549404 0.344134 0.549487 0.347616 0.550302 0.351824 0.548883 0.359259 0.547797 0.360435 0.545388 0.358676 0.542734 0.355005 0.539190 0.350056 0.531979 0.344889 0.529219 0.340278 0.532112 0.326903 0.535435 0.326847
5 0.516060 0.337324 0.518258 0.339403 0.519674 0.342093 0.519297 0.345282 0.518919 0.348810 0.519958 0.351329 0.520336 0.353009 0.516745 0.354014 0.507109 0.347296 0.483964 0.328653 0.471779 0.315389 0.482924 0.315889 0.480562 0.312699 0.479146 0.309843 0.478156 0.300889 0.488362 0.309875 0.501182 0.320764 0.503305 0.324102 0.504203 0.326134 0.512898 0.338009
5 0.474948 0.284167 0.470359 0.291875 0.466958 0.295231 0.459120 0.298088 0.457891 0.296074 0.456284 0.299264 0.455622 0.301449 0.455151 0.307995 0.453828 0.311356 0.452128 0.315722 0.451844 0.318241 0.456313 0.317301 0.471779 0.315389 0.482924 0.315889 0.480562 0.312699 0.479146 0.309843 0.478156 0.300889 0.478047 0.294167 0.479297 0.286343
5 0.507109 0.347296 0.512336 0.354292 0.517315 0.358940 0.519766 0.359810 0.521318 0.359083 0.522133 0.356759 0.523112 0.354727 0.524339 0.352986 0.526216 0.352407 0.527760 0.352083 0.528906 0.351065 0.530208 0.347824 0.528911 0.343699 0.528828 0.341954 0.529219 0.340278 0.532112 0.326903 0.527784 0.327042 0.523016 0.329009 0.520232 0.333056 0.516060 0.337324 0.518258 0.339403 0.519674 0.342093 0.519297 0.345282 0.518919 0.348810 0.519958 0.351329 0.520336 0.353009 0.516745 0.354014
5 0.526477 0.354352 0.522792 0.361403 0.521469 0.367620 0.521091 0.371481 0.524208 0.376690 0.523643 0.377694 0.520146 0.376352 0.518164 0.376856 0.516557 0.381056 0.514289 0.381727 0.511927 0.382231 0.509471 0.382398 0.507771 0.381222 0.500451 0.374958 0.500516 0.368458 0.500818 0.366713 0.502104 0.364764 0.504086 0.364093 0.506354 0.361741 0.507109 0.359556 0.508245 0.359056 0.509755 0.359056 0.511266 0.360227 0.513156 0.355528 0.517315 0.358940 0.519766 0.359810 0.521318 0.359083 0.522133 0.356759 0.523112 0.354727 0.524339 0.352986 0.526216 0.352407 0.527891 0.351667
5 0.398372 0.313556 0.400068 0.319167 0.400068 0.322069 0.398271 0.323667 0.382839 0.323375 0.371638 0.309523 0.377779 0.311037
5 0.410344 0.328838 0.411674 0.330519 0.412430 0.331356 0.413091 0.333037 0.398156 0.337741 0.396266 0.338079 0.389945 0.330856 0.406573 0.329176
5 0.411383 0.177713 0.413294 0.188815 0.392310 0.163125 0.379737 0.148463 0.391297 0.159278
5 0.502203 0.416741 0.498701 0.413954 0.502302 0.406111 0.497417 0.400704 0.495529 0.398741 0.494641 0.398014 0.490307 0.403222 0.489833 0.409269 0.487648 0.414148 0.489349 0.415819 0.492086 0.416056 0.494870 0.416509 0.499672 0.416509
5 0.482906 0.438685 0.485229 0.434718 0.487464 0.432528 0.488828 0.431639 0.491380 0.430264 0.494896 0.429523 0.504427 0.428014 0.503154 0.428972 0.499570 0.432532 0.498411 0.434875 0.496883 0.437968 0.494721 0.441435 0.493297 0.443588 0.490081 0.446681 0.484865 0.441194
5 0.450466 0.179991 0.449130 0.182375 0.447016 0.186389 0.444826 0.187514 0.442568 0.187778 0.438823 0.188023 0.436354 0.186639 0.436146 0.185009 0.435437 0.181250 0.434732 0.178861 0.433323 0.176727 0.430570 0.175222 0.429049 0.175102 0.430333 0.170352 0.431307 0.166028 0.431406 0.162565 0.431016 0.160662 0.430237 0.159625 0.429654 0.158412 0.428875 0.155991 0.428096 0.154606 0.427924 0.153481 0.438622 0.163894 0.441661 0.165694 0.450333 0.174903 0.449544 0.179509
5 0.534344 0.387426 0.534984 0.389532 0.536383 0.391444 0.537596 0.391690 0.539510 0.390778 0.541005 0.389699 0.542404 0.387213 0.542357 0.380407 0.542779 0.378083 0.543385 0.376343 0.544318 0.376343 0.545484 0.375676 0.546185 0.374519 0.546557 0.371282 0.545951 0.368875 0.544177 0.367051 0.542297 0.365190 0.542008 0.367505 0.541357 0.370463 0.541211 0.373162 0.541357 0.376245 0.540055 0.378431 0.538826 0.379713 0.536151 0.377014 0.532898 0.374060 0.522792 0.361403 0.521469 0.367620 0.521091 0.371481 0.524208 0.376690 0.533549 0.386398
5 0.545388 0.358676 0.542297 0.365190 0.542008 0.367505 0.541357 0.370463 0.541211 0.373162 0.541357 0.376245 0.540055 0.378431 0.538826 0.379713 0.536151 0.377014 0.532898 0.374060 0.522792 0.361403 0.526477 0.354352 0.527760 0.352083 0.528906 0.351065 0.530208 0.347824 0.528911 0.343699 0.528828 0.341954 0.529219 0.340278 0.531979 0.344889 0.539190 0.350056 0.542734 0.355005
5 0.490081 0.446681 0.493297 0.443588 0.494721 0.441435 0.496883 0.437968 0.498411 0.434875 0.499570 0.432532 0.503154 0.428972 0.504427 0.428014 0.510294 0.427343 0.511898 0.426838 0.512844 0.425662 0.513695 0.423495 0.515120 0.423440 0.517914 0.423440 0.518284 0.423255 0.519557 0.423370 0.515286 0.431069 0.510982 0.438537 0.510034 0.439954 0.508820 0.442014 0.507503 0.442944 0.505818 0.443236 0.502786 0.444051 0.499117 0.446056 0.497635 0.447310 0.495164 0.449065 0.494599 0.451069 0.493404 0.450806
5 0.510982 0.438537 0.515286 0.431069 0.519557 0.423370 0.524620 0.413935 0.527669 0.410250 0.529438 0.408190 0.530719 0.406454 0.531510 0.406347 0.532854 0.407537 0.533159 0.408620 0.533096 0.410139 0.532242 0.413500 0.529753 0.421144 0.528341 0.423903 0.525799 0.429801 0.522344 0.435824 0.518320 0.440968 0.515568 0.442347 0.512885 0.443727 0.513406 0.441454 0.512247 0.441069 0.511404 0.439194
5 0.417026 0.142861 0.417190 0.147505 0.417841 0.152005 0.418495 0.156213 0.418904 0.159264 0.417924 0.159843 0.415555 0.160134 0.413596 0.163472 0.412862 0.169134 0.411383 0.177713 0.391297 0.159278 0.370315 0.138810 0.343451 0.111375 0.349982 0.114278 0.351125 0.114278 0.352432 0.113556 0.354310 0.112245 0.355536 0.110940 0.356516 0.107894 0.356271 0.104991 0.356841 0.100926 0.360841 0.095120 0.363193 0.091634 0.379870 0.108546 0.416352 0.141898
5 0.429474 0.144056 0.443195 0.157829 0.453930 0.169213 0.453747 0.170731 0.452284 0.174199 0.451370 0.178537 0.450466 0.179991 0.449544 0.179509 0.450333 0.174903 0.441661 0.165694 0.438622 0.163894 0.427924 0.153481 0.427393 0.151519 0.427747 0.148755
5 0.524208 0.376690 0.533549 0.386398 0.534344 0.387426 0.533982 0.390125 0.533333 0.392181 0.533333 0.395139 0.533260 0.396935 0.529646 0.404005 0.524945 0.409273 0.520609 0.408375 0.512813 0.415231 0.502943 0.404722 0.497083 0.399074 0.498922 0.397449 0.500440 0.396167 0.500802 0.394620 0.499789 0.391667 0.497620 0.390509 0.496180 0.388731 0.497823 0.388194 0.499109 0.387319 0.499779 0.385472 0.500081 0.382986 0.500451 0.374958 0.507771 0.381222 0.509471 0.382398 0.511927 0.382231 0.514289 0.381727 0.516557 0.381056 0.518164 0.376856 0.520146 0.376352 0.523643 0.377694
5 0.512885 0.443727 0.513406 0.441454 0.512247 0.441069 0.511404 0.439194 0.510982 0.438537 0.510034 0.439954 0.508820 0.442014 0.507503 0.442944 0.505818 0.443236 0.502786 0.444051 0.499117 0.446056 0.497635 0.447310 0.495164 0.449065 0.494599 0.451069 0.495448 0.452954 0.500810 0.460231 0.502010 0.459856 0.504336 0.459352 0.506807 0.459727 0.508357 0.460356 0.508711 0.460356 0.509560 0.459231 0.510266 0.456972 0.510122 0.454458 0.509982 0.452079 0.510841 0.449495
5 0.529753 0.421144 0.532365 0.426412 0.528060 0.434694 0.525167 0.438958 0.522979 0.441972 0.519732 0.444477 0.517544 0.448495 0.516414 0.452005 0.514721 0.453384 0.513664 0.454264 0.512958 0.454014 0.511617 0.452005 0.510841 0.449495 0.512885 0.443727 0.515568 0.442347 0.518320 0.440968 0.522344 0.435824 0.525799 0.429801 0.528341 0.423903
5 0.312865 0.171542 0.312677 0.172792 0.314195 0.175986 0.324492 0.195292 0.335451 0.214944 0.343893 0.232509 0.354914 0.242088 0.357854 0.244264 0.372878 0.244556 0.374010 0.241852 0.364271 0.231481 0.355573 0.221620 0.344609 0.209259 0.337187 0.200231 0.326589 0.187963 0.314974 0.173750 0.313411 0.171944
5 0.370315 0.138810 0.379737 0.148463 0.392310 0.163125 0.413294 0.188815 0.413214 0.190560 0.410927 0.193750 0.409539 0.197963 0.407906 0.201593 0.407497 0.203333 0.406273 0.202171 0.405701 0.200431 0.404641 0.200718 0.401211 0.210444 0.401211 0.214509 0.400068 0.218866 0.399086 0.217704 0.397536 0.216542 0.395029 0.217903 0.393971 0.217255 0.334721 0.146134 0.332951 0.132208 0.340708 0.133949 0.337359 0.126690 0.343729 0.119722 0.344055 0.116093 0.343451 0.111375
5 0.328867 0.139898 0.328786 0.154269 0.326745 0.153255 0.319396 0.147157 0.319969 0.162255 0.318500 0.161963 0.317927 0.163560 0.316703 0.165884 0.314497 0.167477 0.313599 0.169509 0.312865 0.171542 0.313411 0.171944 0.314974 0.173750 0.326589 0.187963 0.337187 0.200231 0.344609 0.209259 0.355573 0.221620 0.364271 0.231481 0.374010 0.241852 0.376961 0.234685 0.382349 0.227866 0.387169 0.223125 0.390513 0.220171 0.394922 0.218139 0.393971 0.217255 0.334747 0.146139
5 0.363193 0.091634 0.365786 0.086028 0.367349 0.085796 0.370477 0.088347 0.392234 0.107569 0.403310 0.117995 0.412430 0.127028 0.415687 0.132819 0.416599 0.136060 0.418034 0.136991 0.417026 0.142861 0.416352 0.141898 0.379870 0.108546
1 0.497083 0.399074 0.502943 0.404722 0.510286 0.412407 0.512031 0.414213 0.512813 0.415231 0.513695 0.417097 0.514073 0.419111 0.514073 0.421481 0.513695 0.423495 0.512844 0.425662 0.511898 0.426838 0.510294 0.427343 0.504427 0.428014 0.494896 0.429523 0.487792 0.430685 0.487948 0.429454 0.496141 0.427444 0.504312 0.427106 0.508828 0.426569 0.511266 0.425694 0.512060 0.425056 0.512552 0.423745 0.512977 0.421801 0.512891 0.419028 0.511323 0.415449 0.502302 0.406111 0.497417 0.400704 0.495529 0.398741 0.494641 0.398014 0.495281 0.397130
5 0.542398 0.390509 0.545906 0.396162 0.548760 0.399796 0.551461 0.406463 0.554969 0.412116 0.562565 0.423444 0.574240 0.440139 0.579607 0.447833 0.592232 0.470065 0.603633 0.488056 0.605216 0.489787 0.604724 0.491537 0.605031 0.495111 0.605096 0.497384 0.604789 0.499560 0.604484 0.501389 0.600768 0.509315 0.599664 0.511259 0.598331 0.511375 0.595948 0.509861 0.594482 0.508986 0.592471 0.506926 0.590581 0.504440 0.575823 0.484597 0.562326 0.467519 0.546081 0.443421 0.533185 0.422532 0.533346 0.417306 0.533260 0.411495 0.533346 0.406403 0.535708 0.399583 0.538737 0.393343
5 0.271018 0.177991 0.279128 0.173097 0.288159 0.166912 0.294747 0.160731 0.296576 0.158347 0.299810 0.156287 0.303401 0.156722 0.314195 0.175986 0.324492 0.195292 0.335451 0.214944 0.346219 0.237111 0.354057 0.254588 0.354531 0.257273 0.346971 0.254921 0.344896 0.255588 0.343760 0.256588 0.341492 0.260958 0.339982 0.263977 0.339891 0.267171 0.340357 0.273384 0.331956 0.264486 0.295865 0.219315 0.280753 0.198991
5 0.458396 0.202556 0.464128 0.208736 0.477607 0.222829 0.482305 0.228903 0.486086 0.233347 0.494076 0.240069 0.504992 0.250264 0.513227 0.259481 0.518839 0.267935 0.523107 0.275310 0.532315 0.282032 0.539148 0.286912 0.539576 0.287236 0.540063 0.288537 0.540063 0.290380 0.539073 0.299130 0.538500 0.305074 0.538013 0.308565 0.536708 0.312481 0.533029 0.320028 0.532464 0.321477 0.531560 0.323083 0.530010 0.324245 0.529359 0.324384 0.529115 0.320319 0.529846 0.315972 0.527888 0.309866 0.523724 0.304931 0.516622 0.298981 0.478737 0.265745 0.478083 0.250644 0.476365 0.239477 0.469917 0.224231 0.457914 0.212324 0.457750 0.210144
5 0.478156 0.300889 0.488362 0.309875 0.501182 0.320764 0.503305 0.324102 0.504203 0.326134 0.512898 0.338009 0.516060 0.337324 0.520232 0.333056 0.523016 0.329009 0.525417 0.325856 0.529359 0.324384 0.529115 0.320319 0.529846 0.315972 0.527888 0.309866 0.523724 0.304931 0.516622 0.298981 0.478737 0.265745 0.478622 0.269421 0.477112 0.276403 0.474948 0.284167 0.479297 0.286343 0.478047 0.294167
5 0.507109 0.347296 0.512336 0.354292 0.513156 0.355528 0.511266 0.360227 0.509755 0.359056 0.508245 0.359056 0.507109 0.359556 0.506164 0.359389 0.469219 0.325398 0.456313 0.317301 0.471779 0.315389 0.483964 0.328653
5 0.512813 0.415231 0.520609 0.408375 0.524945 0.409273 0.529646 0.404005 0.533260 0.396935 0.533771 0.397310 0.534797 0.398366 0.535708 0.399583 0.532161 0.404574 0.530719 0.406454 0.529438 0.408190 0.527669 0.410250 0.524620 0.413935 0.519557 0.423370 0.518284 0.423255 0.517914 0.423440 0.515120 0.423440 0.513695 0.423495 0.514073 0.421481 0.514073 0.419111 0.513695 0.417097
5 0.375104 0.290764 0.354773 0.290181 0.340357 0.273384 0.339891 0.267171 0.339982 0.263977 0.341492 0.260958 0.343760 0.256588 0.344896 0.255588 0.346971 0.254921 0.354531 0.257273 0.355857 0.254852 0.371357 0.253667 0.371258 0.256852 0.371542 0.260213 0.371070 0.268782 0.371641 0.275005 0.372297 0.278870 0.373148 0.282213 0.374099 0.286079 0.375323 0.288606 0.375862 0.289713
5 0.388940 0.254088 0.404677 0.253963 0.404112 0.256972 0.403831 0.260486 0.403125 0.264500 0.402208 0.267889 0.401359 0.271903 0.400513 0.276796 0.399315 0.286708 0.398466 0.288963 0.397055 0.290347 0.394727 0.291097 0.386471 0.290218 0.384635 0.280685 0.383719 0.273282 0.384000 0.267889 0.384990 0.263500
5 0.433826 0.327491 0.461388 0.357046 0.495690 0.391963 0.495878 0.394343 0.494641 0.398014 0.490307 0.403222 0.489833 0.409269 0.487648 0.414148 0.476729 0.416134 0.465909 0.411468 0.406771 0.343264 0.417708 0.334713 0.421635 0.331796 0.425141 0.334324 0.426563 0.336069 0.427966 0.336278 0.430169 0.334144 0.431794 0.328694
5 0.487648 0.414148 0.489349 0.415819 0.489349 0.417162 0.488500 0.419181 0.486987 0.420523 0.480659 0.420856 0.475841 0.420523 0.472818 0.420856 0.468755 0.420185 0.464599 0.417667 0.431911 0.379880 0.403570 0.345787 0.406706 0.343074 0.465909 0.411468 0.476729 0.416134
5 0.506164 0.359389 0.506354 0.361741 0.504086 0.364093 0.502104 0.364764 0.500818 0.366713 0.500516 0.368458 0.500451 0.374958 0.500081 0.382986 0.499779 0.385472 0.499109 0.387319 0.497823 0.388194 0.496180 0.388731 0.495690 0.391963 0.461388 0.357046 0.433826 0.327491 0.434953 0.324639 0.440055 0.323130 0.442604 0.322625 0.446961 0.318426 0.456313 0.317301 0.469219 0.325398
5 0.501901 0.425157 0.495451 0.426028 0.487948 0.429454 0.484924 0.430963 0.481432 0.430125 0.479635 0.428120 0.477839 0.427611 0.476615 0.428454 0.475667 0.429454 0.472083 0.427102 0.468755 0.420185 0.472818 0.420856 0.475841 0.420523 0.480659 0.420856 0.486987 0.420523 0.488500 0.419181 0.489349 0.417162 0.489349 0.415819 0.492086 0.416056 0.494870 0.416509 0.499672 0.416509 0.502203 0.416741 0.502456 0.422574
5 0.395917 0.290546 0.396294 0.293736 0.397240 0.299782 0.397430 0.303815 0.397523 0.306838 0.398091 0.311204 0.398372 0.313556 0.377779 0.311037 0.371638 0.309523 0.354773 0.290181 0.375104 0.290764 0.377117 0.292227 0.379008 0.295250 0.380141 0.297264 0.382029 0.298606 0.384391 0.299782 0.386281 0.299782 0.387888 0.298944 0.388643 0.296759 0.387698 0.294241 0.386354 0.289861 0.394727 0.291097
5 0.357854 0.244264 0.357320 0.245005 0.357201 0.247606 0.357747 0.250208 0.358174 0.254653 0.355857 0.254852 0.354531 0.257273 0.354057 0.254588 0.346219 0.237111 0.343893 0.232509 0.354914 0.242088
5 0.372878 0.244556 0.372630 0.247606 0.371357 0.253667 0.358174 0.254653 0.357747 0.250208 0.357201 0.247606 0.357320 0.245005 0.357854 0.244264
5 0.402862 0.245588 0.409474 0.246093 0.406828 0.250120 0.405883 0.251296 0.404677 0.253963 0.388940 0.254088 0.392659 0.251634 0.395964 0.249954 0.399177 0.249787 0.400878 0.248611
5 0.423336 0.254810 0.427888 0.255481 0.430419 0.256833 0.431935 0.259079 0.433201 0.262005 0.434971 0.267847 0.435099 0.275046 0.435604 0.277741 0.437159 0.281611 0.435516 0.287454 0.435010 0.293528 0.433365 0.297125 0.431089 0.309042 0.428432 0.309491 0.426284 0.307917 0.423122 0.302968 0.420971 0.299597 0.419581 0.295097 0.417810 0.290153 0.417177 0.284981 0.418820 0.271940 0.421224 0.262500
5 0.431089 0.309042 0.432383 0.311019 0.433328 0.314713 0.434745 0.318074 0.434651 0.320593 0.434953 0.324639 0.433826 0.327491 0.431794 0.328694 0.430169 0.334144 0.427966 0.336278 0.426563 0.336069 0.425141 0.334324 0.421635 0.331796 0.420763 0.328319 0.420953 0.323782 0.422747 0.315556 0.423786 0.308667 0.423122 0.302968 0.426284 0.307917 0.428432 0.309491
5 0.539589 0.301394 0.542214 0.303917 0.543852 0.305083 0.542758 0.306639 0.540026 0.311301 0.537513 0.316546 0.535435 0.326847 0.527784 0.327042 0.523016 0.329009 0.525417 0.325856 0.529359 0.324384 0.530010 0.324245 0.531560 0.323083 0.532464 0.321477 0.533029 0.320028 0.536708 0.312481 0.538013 0.308565 0.538500 0.305074
5 0.297013 0.203889 0.288721 0.187306 0.294810 0.183389 0.308674 0.177398 0.311911 0.175097 0.316057 0.171644 0.321370 0.171644 0.331484 0.192037 0.343005 0.212407 0.357388 0.241662 0.371185 0.271329 0.373984 0.280079 0.374555 0.283259 0.376224 0.285444 0.376458 0.288046 0.372870 0.284847 0.369734 0.282472 0.366146 0.278491 0.361979 0.280648 0.359266 0.284731 0.335143 0.254995 0.306938 0.217222
5 0.357547 0.158755 0.356435 0.154731 0.355596 0.153046 0.355523 0.149398 0.359219 0.149204 0.362883 0.148806 0.362883 0.147792 0.358784 0.143718 0.358755 0.142060 0.361227 0.140282 0.364388 0.132481 0.363685 0.130005 0.362427 0.128514 0.362516 0.125519 0.365508 0.125852 0.372786 0.132907 0.378664 0.138218 0.384917 0.144190 0.389536 0.148009 0.395753 0.153481 0.403409 0.161954 0.415229 0.173750 0.423760 0.180292 0.433701 0.189894 0.442901 0.199713 0.447419 0.204171 0.447044 0.206278 0.448794 0.213167 0.449609 0.219051 0.456609 0.225056 0.455227 0.227278 0.454115 0.228287 0.453177 0.229907 0.451172 0.228051 0.449734 0.227046 0.447943 0.231296 0.446706 0.239412 0.439331 0.231185 0.439766 0.240181 0.440266 0.249509 0.434219 0.242505 0.424984 0.232806 0.411701 0.218213 0.396148 0.201894 0.379083 0.182597 0.362451 0.164551
5 0.384917 0.144190 0.377315 0.135782 0.371388 0.129644 0.368401 0.126907 0.368401 0.125662 0.370081 0.123171 0.374234 0.120435 0.375401 0.119190 0.376521 0.112801 0.377409 0.110560 0.381047 0.102597 0.383055 0.102264 0.383570 0.102500 0.384411 0.103250 0.410234 0.129417 0.441930 0.159255 0.468906 0.185454 0.466456 0.189551 0.466456 0.189551 0.465057 0.192620 0.463003 0.198014 0.461883 0.200171 0.461229 0.200088 0.460622 0.199009 0.459596 0.200333 0.460016 0.202412 0.458661 0.206560 0.456328 0.208051 0.456281 0.209546 0.454010 0.212546 0.447419 0.204171 0.442901 0.199713 0.433701 0.189894 0.423760 0.180292 0.415229 0.173750 0.403409 0.161954 0.395753 0.153481 0.389536 0.148009
5 0.464870 0.234852 0.462633 0.232213 0.459487 0.232356 0.457607 0.233384 0.456609 0.233602 0.453638 0.235727 0.452146 0.237019 0.450979 0.238903 0.451461 0.240102 0.462190 0.251861 0.474815 0.265917 0.494823 0.288435 0.498818 0.293671 0.507609 0.302417 0.525440 0.323931 0.533424 0.333111 0.534596 0.334616 0.535724 0.338417 0.535951 0.339593 0.531870 0.341514 0.530984 0.342181 0.531474 0.344005 0.539958 0.353324 0.541630 0.352431 0.541044 0.350500 0.541044 0.345296 0.543135 0.343958 0.546984 0.349014 0.548823 0.347676 0.548992 0.343065 0.552003 0.347676 0.554094 0.347227 0.554010 0.342917 0.556518 0.331167 0.559279 0.325815 0.562307 0.327806 0.563315 0.327157 0.562786 0.326019 0.559375 0.322639 0.557318 0.320694 0.553078 0.316412 0.551865 0.314755 0.550130 0.314398 0.547383 0.311681 0.544583 0.314171 0.542344 0.311602 0.540198 0.310602 0.538469 0.311185 0.536695 0.311269 0.514576 0.287454 0.489557 0.260986
5 0.451461 0.240102 0.449839 0.242657 0.446706 0.239412 0.439331 0.231185 0.439766 0.240181 0.440266 0.249509 0.440211 0.252102 0.437727 0.253926 0.434974 0.255463 0.433948 0.257000 0.436797 0.259120 0.445964 0.269815 0.464237 0.290875 0.480622 0.308231 0.488049 0.313931 0.500633 0.331287 0.511859 0.346162 0.517961 0.354032 0.521133 0.351491 0.526328 0.345542 0.531870 0.341514 0.535951 0.339593 0.535724 0.338417 0.534596 0.334616 0.533424 0.333111 0.525440 0.323931 0.507609 0.302417 0.498818 0.293671 0.494823 0.288435 0.474815 0.265917 0.462190 0.251861
