0 0.492078 0.385690 0.492505 0.383176 0.493289 0.379245 0.495784 0.369194 0.497628 0.369727 0.498609 0.363042 0.500880 0.365995 0.524266 0.368662 0.547398 0.349764 0.554258 0.339356 0.555680 0.337569 0.558104 0.337273 0.560445 0.338463 0.568643 0.347384 0.570232 0.354074 0.570943 0.362713 0.571971 0.370833 0.572156 0.377481 0.573076 0.381185 0.573904 0.382301 0.578831 0.383787 0.579039 0.384468 0.580354 0.389079 0.581089 0.392736 0.583966 0.404602 0.585906 0.415384 0.586810 0.418222 0.588073 0.420218 0.586023 0.423324 0.584409 0.426685 0.582880 0.426329 0.582635 0.432144 0.582435 0.439667 0.581549 0.444620 0.579099 0.449375 0.577383 0.449898 0.577216 0.446329 0.562490 0.430222 0.565188 0.426222 0.567438 0.426222 0.564740 0.416097 0.562042 0.409968 0.560242 0.408903 0.559943 0.402773 0.557544 0.402773 0.550648 0.415032 0.552031 0.418796 0.553964 0.431606 0.555294 0.438750 0.557544 0.435815 0.560906 0.440083 0.562578 0.451681 0.567346 0.455398 0.568188 0.456338 0.568188 0.460602 0.565490 0.466199 0.562641 0.471528 0.559492 0.475523 0.560229 0.482093 0.560539 0.497079 0.558294 0.496046 0.557393 0.489917 0.555294 0.490181 0.550547 0.491574 0.547487 0.493463 0.546674 0.494907 0.544651 0.495245 0.544203 0.484583 0.542555 0.473657 0.541055 0.473394 0.534310 0.481120 0.532060 0.481120 0.530562 0.473926 0.538805 0.459000 0.539706 0.454736 0.536107 0.431819 0.531760 0.428620 0.522917 0.431819 0.520667 0.444343 0.519169 0.448875 0.520667 0.457134 0.525914 0.473926 0.526365 0.481921 0.527562 0.485917 0.520951 0.489611 0.518333 0.490741 0.516424 0.496426 0.516242 0.491532 0.515237 0.487532 0.512367 0.485315 0.508279 0.480468 0.503102 0.475620 0.500365 0.470074 0.499135 0.464306 0.499120 0.458685 0.499568 0.451917 0.497625 0.440282 0.498344 0.435704 0.497339 0.432514 0.495318 0.431718 0.493305 0.427736 0.494763 0.427736 0.494648 0.426139 0.493753 0.425546 0.493305 0.422764 0.492521 0.420370 0.491852 0.413009 0.491917 0.394417
5 0.424555 0.162245 0.449992 0.138597 0.457005 0.170088 0.454904 0.174023 0.449471 0.174023 0.446542 0.169704 0.443185 0.166403 0.440039 0.165639 0.437896 0.167162 0.431966 0.168181 0.430323 0.166528 0.428680 0.166912
3 0.552672 0.511125 0.560169 0.522676 0.570542 0.540782 0.581224 0.558333 0.590846 0.575324 0.596406 0.573329 0.582661 0.552222 0.572789 0.534116 0.562857 0.515792 0.557669 0.507236
4 0.421901 0.067546 0.367112 0.116690 0.339948 0.066741 0.342734 0.064264 0.341341 0.052708 0.390797 0.012667
3 0.526008 0.431157 0.534536 0.441181 0.534393 0.444778 0.535549 0.451463 0.537862 0.456602 0.538805 0.459000 0.531500 0.472282 0.522753 0.464185 0.520667 0.457134 0.519169 0.448875 0.520667 0.444343 0.522917 0.431819
2 0.380531 0.302773 0.380477 0.305843 0.378102 0.316306 0.375185 0.313718 0.373565 0.314676 0.373549 0.315144 0.382906 0.324968 0.383352 0.324255 0.383190 0.322889 0.382344 0.322171 0.382503 0.320741 0.384078 0.320454 0.384844 0.321023 0.386055 0.321884 0.386698 0.321884 0.387708 0.322171 0.388312 0.322171 0.388958 0.320454 0.389604 0.320380 0.389685 0.314213 0.388755 0.296069 0.387115 0.295907 0.386039 0.298931
2 0.437245 0.222435 0.435448 0.225537 0.432974 0.226648 0.433651 0.230648 0.428677 0.232690 0.431021 0.236602 0.433807 0.239102 0.435211 0.239736 0.434690 0.240843 0.437893 0.242231 0.439638 0.242144 0.439820 0.241218 0.442419 0.241616 0.441698 0.234972 0.440727 0.230819 0.439190 0.227528
2 0.452424 0.224889 0.454362 0.223412 0.454490 0.225444 0.452260 0.227491 0.451810 0.230171 0.451052 0.230056 0.449487 0.231403 0.448372 0.234148 0.447742 0.240653 0.443177 0.247282 0.442505 0.238139 0.441862 0.233056 0.441542 0.229894 0.442628 0.228611 0.443799 0.229894 0.445570 0.229611 0.445734 0.228889 0.444927 0.227671 0.443312 0.226741 0.447719 0.225708
2 0.451065 0.204458 0.452378 0.211847 0.457544 0.213819 0.458836 0.216032 0.457089 0.220861 0.456310 0.221685 0.457510 0.223907 0.456154 0.223593 0.454490 0.225444 0.454362 0.223412 0.454685 0.221611 0.453854 0.221444 0.452701 0.222431 0.452424 0.224889 0.447719 0.225708 0.443312 0.226741 0.443677 0.228176 0.443635 0.228968 0.442505 0.227389 0.441661 0.227454 0.441042 0.229722 0.436375 0.217773 0.438896 0.217458 0.444393 0.212241 0.444927 0.213380 0.445995 0.213190
2 0.454961 0.198384 0.451065 0.204458 0.445995 0.213190 0.444927 0.213380 0.444393 0.212241 0.438896 0.217458 0.436375 0.217773 0.435854 0.217204 0.435568 0.217991 0.435318 0.216417 0.435211 0.212333 0.434997 0.209963 0.433609 0.209773 0.431581 0.206167 0.432276 0.204838 0.431753 0.203116 0.435182 0.199685 0.437826 0.197653 0.441542 0.194602 0.444471 0.190792 0.444615 0.186347 0.446685 0.184569 0.448828 0.185204 0.450401 0.182407 0.452617 0.181773 0.454000 0.183963 0.455440 0.185194
8 0.480000 0.284167 0.475036 0.295366 0.473911 0.294208 0.473466 0.295097 0.474154 0.296431 0.474240 0.298606 0.472888 0.300444 0.470237 0.306125 0.462529 0.323097 0.459362 0.319819 0.461742 0.313898 0.466201 0.304653 0.472060 0.292264 0.476648 0.281380 0.478154 0.281847 0.479141 0.283741
8 0.353505 0.163505 0.361313 0.181755 0.368398 0.199875 0.374109 0.215556 0.377940 0.219796 0.371362 0.199875 0.355820 0.161708 0.353940 0.160935
2 0.366432 0.299556 0.368159 0.299269 0.371885 0.299556 0.375396 0.301093 0.378745 0.299653 0.380206 0.299412 0.382367 0.298644 0.386039 0.298931 0.380531 0.302773 0.380477 0.305843 0.378102 0.316306 0.375185 0.313718 0.373565 0.314676
8 0.601378 0.572449 0.598622 0.567139 0.599464 0.563491 0.601005 0.562079 0.603664 0.566227 0.610805 0.576847 0.616638 0.585060 0.617385 0.584731 0.617992 0.588880 0.616406 0.592449 0.614258 0.592199 0.614073 0.589958 0.607539 0.580250 0.605391 0.577083 0.605813 0.575065 0.603016 0.572468
3 0.537276 0.303370 0.536693 0.311546 0.537779 0.315116 0.541042 0.320023 0.543802 0.322847 0.545557 0.340843 0.546979 0.341736 0.547398 0.349764 0.554258 0.339356 0.555680 0.337569 0.558104 0.337273 0.560445 0.338463 0.568643 0.347384 0.570232 0.354074 0.570943 0.362713 0.571971 0.370833 0.572156 0.377481 0.574531 0.380171 0.573076 0.381185 0.573904 0.382301 0.578831 0.383787 0.579039 0.384468 0.580354 0.389079 0.581089 0.392736 0.583966 0.404602 0.585906 0.415384 0.586810 0.418222 0.588073 0.420218 0.586023 0.423324 0.584409 0.426685 0.582880 0.426329 0.582635 0.432144 0.582435 0.439667 0.581549 0.444620 0.579099 0.449375 0.576641 0.454106 0.575227 0.457333 0.574898 0.460037 0.577076 0.478356 0.581607 0.483356 0.581523 0.488130 0.580177 0.490431 0.578773 0.490625 0.575695 0.486981 0.572508 0.481407 0.569104 0.477764 0.567055 0.477185 0.564721 0.480977 0.560229 0.482093 0.560539 0.497079 0.559909 0.502236 0.571135 0.521505 0.586552 0.550185 0.599763 0.572671 0.601378 0.572449 0.598622 0.567139 0.599464 0.563491 0.601005 0.562079 0.603664 0.566227 0.610805 0.576847 0.616638 0.585060 0.617385 0.584731 0.617992 0.588880 0.616406 0.592449 0.614258 0.592199 0.614073 0.589958 0.607539 0.580250 0.605391 0.577083 0.604911 0.579639 0.602115 0.581222 0.600768 0.579435 0.592146 0.580829 0.591034 0.582824 0.587667 0.583218 0.587781 0.577042 0.582971 0.569093 0.570430 0.548981 0.555758 0.524500 0.541591 0.503870 0.530732 0.490931 0.529328 0.483653 0.529096 0.485333 0.529724 0.492662 0.530469 0.501986 0.530484 0.513644 0.526419 0.515412 0.518867 0.503532 0.521427 0.501972 0.520799 0.501093 0.518057 0.502194 0.516492 0.500750 0.514745 0.497750 0.516424 0.496426 0.516242 0.491532 0.515237 0.487532 0.512367 0.485315 0.508279 0.480468 0.503102 0.475620 0.500365 0.470074 0.499135 0.464306 0.499120 0.458685 0.444958 0.405884 0.408745 0.368505 0.390430 0.350213 0.405214 0.380514 0.407354 0.385690 0.404177 0.386431 0.397234 0.380185 0.389456 0.371713 0.389706 0.369481 0.383016 0.360111 0.379669 0.356843 0.375570 0.351190 0.373982 0.346583 0.371388 0.347773 0.371974 0.352231 0.374315 0.352977 0.383516 0.367847 0.393805 0.379148 0.396146 0.381972 0.394138 0.381824 0.393555 0.383458 0.389706 0.384796 0.385357 0.390449 0.383768 0.391486 0.379586 0.391042 0.376490 0.389111 0.373815 0.388514 0.372977 0.389407 0.375068 0.390894 0.378750 0.392380 0.383016 0.392977 0.381677 0.396097 0.379586 0.399963 0.380003 0.401153 0.382596 0.397583 0.384018 0.393125 0.386109 0.391787 0.387951 0.389556 0.390711 0.386731 0.392716 0.385245 0.393971 0.385394 0.394641 0.388069 0.396982 0.389556 0.400078 0.388662 0.403799 0.388056 0.406141 0.387014 0.405891 0.402477 0.407732 0.413037 0.408734 0.417199 0.409237 0.424185 0.410156 0.428796 0.411997 0.433111 0.413167 0.434745 0.414841 0.427310 0.416680 0.419727 0.417935 0.412588 0.418771 0.407829 0.424544 0.420023 0.440794 0.452634 0.439490 0.456870 0.439490 0.465495 0.439992 0.471444 0.441331 0.476204 0.443339 0.477542 0.445763 0.475606 0.449695 0.470847 0.454464 0.481407 0.471326 0.514463 0.488422 0.549731 0.500534 0.592144 0.507651 0.615546 0.507727 0.621347 0.506721 0.625065 0.505969 0.630269 0.506807 0.634731 0.508729 0.639190 0.508060 0.646329 0.507391 0.653019 0.502708 0.661940 0.497990 0.672333 0.492760 0.687361 0.485443 0.698194 0.490573 0.698750 0.499003 0.685838 0.502599 0.678551 0.505526 0.677657 0.510044 0.673940 0.510461 0.669032 0.509542 0.668588 0.509122 0.672157 0.506029 0.675278 0.503685 0.676319 0.506615 0.669481 0.508956 0.662935 0.512552 0.654611 0.515062 0.647963 0.517185 0.645181 0.519318 0.652944 0.518417 0.656917 0.514836 0.660500 0.514167 0.663088 0.515622 0.663486 0.517747 0.660708 0.519987 0.658907 0.521336 0.658713 0.523008 0.664292 0.523904 0.669866 0.523458 0.677630 0.521552 0.685792 0.514870 0.695102 0.511055 0.704648 0.505339 0.718565 0.509271 0.726528 0.516768 0.707042 0.521695 0.690315 0.525284 0.696690 0.524604 0.700676 0.523375 0.704648 0.520240 0.707843 0.519570 0.712407 0.521919 0.712810 0.523268 0.713407 0.525284 0.716394 0.529523 0.717912 0.539495 0.721824 0.553755 0.728454 0.567630 0.732157 0.572833 0.732157 0.574047 0.725065 0.572482 0.719815 0.570576 0.719815 0.566760 0.724125 0.566586 0.715190 0.565372 0.705940 0.568326 0.701926 0.571094 0.705019 0.572482 0.700394 0.575953 0.707176 0.577617 0.707472 0.577016 0.713509 0.576807 0.718222 0.577560 0.720528 0.578044 0.718597 0.578479 0.714181 0.578422 0.709005 0.580747 0.710727 0.580260 0.713227 0.580203 0.716588 0.580906 0.716481 0.581232 0.712648 0.581667 0.706597 0.579357 0.702745 0.578237 0.699176 0.574784 0.695861 0.574966 0.690120 0.571286 0.685361 0.571211 0.682537 0.571789 0.679843 0.571286 0.677912 0.569763 0.677523 0.567305 0.675727 0.566292 0.670713 0.571865 0.672898 0.574172 0.674181 0.576195 0.673926 0.578003 0.671741 0.578805 0.668528 0.576924 0.667889 0.570107 0.666505 0.573805 0.662181 0.576172 0.663787 0.577844 0.665019 0.578128 0.664468 0.577776 0.663162 0.575753 0.661181 0.574464 0.660750 0.572182 0.658639 0.572591 0.653481 0.573880 0.650255 0.574724 0.647102 0.578036 0.652468 0.577995 0.657704 0.586091 0.648157 0.594406 0.639546 0.601698 0.629972 0.608792 0.620426 0.605781 0.609718 0.606198 0.605852 0.607789 0.606597 0.611049 0.607042 0.612388 0.606894 0.614229 0.609125 0.617406 0.608231 0.618411 0.608231 0.620669 0.596634 0.624432 0.601986 0.625937 0.601389 0.626190 0.595444 0.630372 0.593065 0.632797 0.589644 0.637263 0.584144 0.639320 0.584426 0.639638 0.580977 0.646229 0.575694 0.654487 0.565375 0.653055 0.565315 0.649987 0.567667 0.646365 0.569523 0.643120 0.571324 0.638477 0.571949 0.636461 0.569435 0.634714 0.567889 0.631852 0.560810 0.630648 0.558995 0.629677 0.557806 0.631643 0.556528 0.633992 0.554861 0.636794 0.552722 0.637263 0.550657 0.636419 0.550894 0.634971 0.552468 0.633016 0.554296 0.632974 0.552884 0.633760 0.551236 0.634930 0.550241 0.635255 0.548991 0.634930 0.547903 0.635909 0.544097 0.636612 0.538282 0.636888 0.535875 0.638896 0.536870 0.639974 0.536958 0.640091 0.533407 0.641422 0.532468 0.642383 0.530819 0.642750 0.529676 0.643997 0.529676 0.643964 0.528023 0.642508 0.528171 0.641982 0.526954 0.641135 0.525079 0.639648 0.523861 0.640893 0.522565 0.641094 0.521213 0.640609 0.519338 0.639521 0.518343 0.637346 0.517704 0.636620 0.517764 0.636094 0.514847 0.634922 0.509616 0.633992 0.506241 0.633073 0.503370 0.631977 0.501583 0.635977 0.502523 0.638151 0.503014 0.640133 0.507102 0.642023 0.510551 0.643555 0.513704 0.644240 0.515431 0.644607 0.514491 0.644565 0.513556 0.642708 0.509616 0.640693 0.505884 0.639078 0.503088 0.641135 0.503088 0.642833 0.503370 0.643109 0.502880 0.643078 0.501657 0.641221 0.501361 0.637833 0.500796 0.635164 0.495560 0.633992 0.493556 0.635005 0.492917 0.635372 0.491606 0.636753 0.489523 0.637664 0.490269 0.637565 0.492259 0.638057 0.492856 0.638185 0.491384 0.638268 0.489676 0.640583 0.487264 0.642039 0.486907 0.641781 0.485139 0.639857 0.485421 0.637799 0.488708 0.638526 0.486074 0.638919 0.483250 0.639958 0.482833 0.639958 0.481898 0.639096 0.481852 0.639289 0.479486 0.639138 0.477227 0.638484 0.475190 0.637289 0.473616 0.637432 0.470148 0.637013 0.467949 0.635115 0.463338 0.634060 0.460931 0.632974 0.457940 0.631583 0.455903 0.630656 0.455370 0.629870 0.455370 0.626716 0.446597 0.626331 0.439713 0.625661 0.434819 0.625544 0.432097 0.626349 0.429940 0.626633 0.426282 0.626474 0.424782 0.625620 0.424144 0.624901 0.424708 0.624492 0.425926 0.624323 0.423847 0.625177 0.421273 0.625419 0.419620 0.624810 0.417898 0.624122 0.417616 0.623521 0.418106 0.623279 0.419042 0.622635 0.415310 0.624651 0.413528 0.626023 0.412380 0.627552 0.414032 0.628924 0.415250 0.629609 0.414241 0.629208 0.413019 0.627034 0.410940 0.630380 0.410222 0.631224 0.410505 0.634253 0.418537 0.637622 0.427935 0.642617 0.442657 0.645604 0.451606 0.647326 0.454269 0.648638 0.453602 0.649008 0.452185 0.648823 0.450194 0.647518 0.450032 0.647469 0.448708 0.646346 0.448380 0.646021 0.449704 0.644716 0.445884 0.641539 0.436843 0.638227 0.427130 0.632112 0.410148 0.632320 0.409227 0.631734 0.408977 0.629677 0.403829 0.625354 0.393824 0.620703 0.386792 0.613617 0.376278 0.614453 0.374134 0.613576 0.373468 0.613760 0.371356 0.615073 0.366699 0.616570 0.364144 0.618763 0.360810 0.619323 0.359148 0.619013 0.358699 0.617883 0.359593 0.615576 0.363472 0.613576 0.367370 0.612448 0.372694 0.612331 0.373810 0.607763 0.369259 0.607703 0.366699 0.607888 0.365259 0.609510 0.366255 0.610516 0.366255 0.610388 0.364588 0.609143 0.364245 0.607078 0.362921 0.605706 0.362699 0.603831 0.362699 0.602268 0.359148 0.604568 0.354417 0.605797 0.351074 0.606375 0.347222 0.607245 0.341435 0.607536 0.338731 0.606885 0.335384 0.606091 0.330509 0.605221 0.328708 0.602695 0.328319 0.600888 0.328963 0.601682 0.320231 0.600594 0.318940 0.599724 0.329093 0.596404 0.329986 0.593435 0.329986 0.591052 0.331921 0.589755 0.332829 0.587872 0.330375 0.587872 0.328708 0.587003 0.326019 0.585924 0.324722 0.590182 0.323699 0.591628 0.322537 0.591268 0.321764 0.586719 0.323444 0.583898 0.323565 0.582669 0.321375 0.585898 0.312218 0.584643 0.311667 0.582971 0.311412 0.580771 0.318551 0.580495 0.317616 0.580982 0.315444 0.580143 0.315444 0.579273 0.317245 0.578857 0.316245 0.580036 0.314269 0.581750 0.312528 0.582268 0.311176 0.581122 0.311296 0.579484 0.312662 0.578086 0.313153 0.578362 0.309690 0.577216 0.309810 0.577216 0.314699 0.575961 0.313958 0.575016 0.312662 0.575016 0.309065 0.573937 0.309319 0.573904 0.311921 0.572357 0.309704 0.570693 0.308264 0.569547 0.307472 0.562052 0.305824 0.557677 0.304338 0.551781 0.302597 0.547740 0.301616 0.544982 0.302417 0.540414 0.302537 0.537695 0.302477
7 0.410958 0.205782 0.409029 0.196255 0.407956 0.176056 0.415674 0.174912 0.415888 0.163481 0.423534 0.161574 0.428680 0.166912 0.430323 0.166528 0.431966 0.168181 0.437896 0.167162 0.440039 0.165639 0.443185 0.166403 0.446542 0.169704 0.449471 0.174023 0.454904 0.174023 0.458120 0.168560 0.459404 0.169704 0.456474 0.178343 0.452617 0.181773 0.450401 0.182407 0.448828 0.185204 0.446685 0.184569 0.444615 0.186347 0.444471 0.190792 0.441542 0.194602 0.437826 0.197653 0.435182 0.199685 0.431753 0.203116 0.429250 0.203750 0.428250 0.199431 0.423747 0.197653
2 0.510076 0.298755 0.508997 0.309079 0.508372 0.319852 0.509122 0.330852 0.511122 0.338514 0.511872 0.338403 0.513122 0.319079 0.514229 0.301657
2 0.459404 0.169704 0.456474 0.178343 0.452617 0.181773 0.454000 0.183963 0.455440 0.185194 0.454961 0.198384 0.457630 0.198861 0.459711 0.197532 0.461099 0.194588 0.459339 0.191931 0.459284 0.185671 0.455495 0.183296 0.458430 0.179310 0.458164 0.181875 0.463021 0.189847 0.466062 0.182634
5 0.430094 0.245588 0.433404 0.244477 0.433807 0.239102 0.431021 0.236602 0.428677 0.232690 0.425807 0.228440 0.417005 0.224356 0.410500 0.238981 0.408224 0.242699 0.406477 0.249588 0.406039 0.254699 0.410724 0.260250 0.413411 0.261361 0.414909 0.266806 0.421661 0.274431 0.423607 0.271269 0.427172 0.264838 0.428628 0.260991 0.428951 0.258500 0.423734 0.257333 0.420260 0.256301 0.416797 0.256685 0.417154 0.255273 0.420648 0.255505 0.424398 0.256097 0.429164 0.257343 0.430156 0.252921
5 0.370076 0.234032 0.368745 0.233880 0.366216 0.252519 0.366794 0.255472 0.365997 0.259069 0.365346 0.259069 0.361516 0.279120 0.360286 0.285801 0.362328 0.290630 0.362867 0.286884 0.367997 0.287843 0.368862 0.282083 0.368591 0.275269 0.369995 0.274884 0.370372 0.279009 0.374044 0.279685 0.375396 0.278819 0.376854 0.278630 0.379122 0.279009 0.380687 0.280162 0.383982 0.284676 0.384630 0.283907 0.385818 0.283810 0.389003 0.285634 0.390245 0.284773 0.391109 0.284389 0.393268 0.284773 0.393917 0.282852 0.393917 0.280931 0.393268 0.279009 0.394133 0.278630 0.394635 0.274537 0.392318 0.271620 0.384688 0.262083 0.377586 0.253380 0.379643 0.260588 0.380615 0.262597 0.380346 0.263949 0.378021 0.262509 0.376458 0.263370 0.373211 0.247431 0.372349 0.246565 0.370836 0.235338
5 0.386628 0.230315 0.402180 0.227588 0.404857 0.228440 0.403422 0.235750 0.400260 0.247546
5 0.402180 0.227588 0.401414 0.222829 0.398448 0.217556 0.410958 0.205782 0.423747 0.197653 0.428250 0.199431 0.429250 0.203750 0.433651 0.230648 0.428677 0.232690 0.425807 0.228440 0.417005 0.224356 0.410500 0.238981 0.405143 0.242042 0.403422 0.235750 0.404857 0.228440
2 0.370836 0.235338 0.361471 0.195259 0.361471 0.192671 0.362443 0.191069 0.363969 0.191190 0.365008 0.192176 0.368544 0.208819 0.374109 0.215556 0.377940 0.219796 0.386628 0.230315 0.400260 0.247546 0.406039 0.254699 0.406039 0.254699 0.410724 0.260250 0.414909 0.266806 0.421661 0.274431 0.433401 0.289356 0.441992 0.299343 0.454445 0.313519 0.459362 0.319819 0.462529 0.323097 0.471591 0.333602 0.498609 0.363042 0.497628 0.369727 0.495784 0.369194 0.493289 0.379245 0.492195 0.374940 0.492154 0.370204 0.492245 0.366343 0.488656 0.361949 0.479055 0.350468 0.475885 0.346995 0.472292 0.342963 0.470375 0.340977 0.466398 0.336889 0.464099 0.332921 0.462182 0.330940 0.459937 0.328764 0.461383 0.336764 0.464010 0.353611 0.469773 0.360963 0.471565 0.362991 0.482047 0.374491 0.490242 0.383593 0.492078 0.385690 0.491917 0.394417 0.465729 0.364500 0.456211 0.351773 0.446023 0.339815 0.438555 0.330194 0.436112 0.328736 0.426651 0.316894 0.426333 0.315440 0.425396 0.314139 0.400026 0.281181 0.377586 0.253380 0.379643 0.260588 0.380615 0.262597 0.380346 0.263949 0.378021 0.262509 0.376458 0.263370 0.373211 0.247431 0.372349 0.246565
3 0.461383 0.336764 0.462568 0.336889 0.462182 0.330940 0.464099 0.332921 0.463753 0.335028 0.466398 0.336889 0.470375 0.340977 0.472292 0.342963 0.468177 0.346625 0.469992 0.346185 0.470831 0.347926 0.475008 0.346556 0.475885 0.346995 0.479055 0.350468 0.478607 0.351074 0.480068 0.353486 0.479862 0.355162 0.479167 0.356343 0.479096 0.359625 0.482823 0.356463 0.487708 0.363468 0.487690 0.361579 0.488656 0.361949 0.492245 0.366343 0.492154 0.370204 0.492195 0.374940 0.493289 0.379245 0.492505 0.383176 0.491753 0.382579 0.490242 0.383593 0.487115 0.380074 0.482047 0.374491 0.482013 0.371569 0.482737 0.370639 0.484146 0.370639 0.484349 0.368204 0.485076 0.368204 0.485961 0.369852 0.487253 0.366269 0.486529 0.365546 0.485117 0.364255 0.485401 0.361968 0.484349 0.359389 0.483260 0.359310 0.480721 0.360315 0.479508 0.361606 0.478542 0.364898 0.477172 0.364977 0.476888 0.367338 0.476161 0.367056 0.474951 0.364898 0.475479 0.363759 0.473216 0.359880 0.472570 0.362681 0.471565 0.362991 0.469773 0.360963 0.470711 0.358648 0.469148 0.353694 0.467187 0.353519 0.464010 0.353611
2 0.552672 0.511125 0.560169 0.522676 0.570542 0.540782 0.581224 0.558333 0.590846 0.575324 0.596406 0.573329 0.599656 0.572662 0.601378 0.572449 0.603016 0.572468 0.605813 0.575065 0.605391 0.577083 0.604911 0.579639 0.602115 0.581222 0.600768 0.579435 0.592146 0.580829 0.591034 0.582824 0.587667 0.583218 0.587781 0.577042 0.582971 0.569093 0.570430 0.548981 0.555758 0.524500 0.541591 0.503870 0.530732 0.490931 0.529328 0.483653 0.534490 0.489023 0.544487 0.500574 0.549734 0.507681 0.554547 0.503796 0.546674 0.494907 0.547487 0.493463 0.550547 0.491574 0.559909 0.502236 0.571135 0.521505 0.586552 0.550185 0.599763 0.572671 0.596406 0.573329 0.582661 0.552222 0.572789 0.534116 0.562857 0.515792 0.557669 0.507236
2 0.348245 0.290898 0.348893 0.285903 0.348083 0.282449 0.346031 0.281106 0.344464 0.283407 0.342576 0.290417 0.341224 0.302898 0.342844 0.306833 0.345005 0.307218 0.346299 0.303759 0.358667 0.317681 0.390430 0.350213 0.408745 0.368505 0.444958 0.405884 0.499120 0.458685 0.499568 0.451917 0.497625 0.440282 0.485583 0.428389 0.470711 0.414389 0.447318 0.391630 0.418135 0.361208 0.385833 0.328000 0.352495 0.293171
3 0.368591 0.275269 0.368862 0.282083 0.367997 0.287843 0.362867 0.286884 0.362328 0.290630 0.366432 0.299556 0.368159 0.299269 0.371885 0.299556 0.373992 0.298116 0.375396 0.301093 0.378745 0.299653 0.378906 0.298116 0.383333 0.296097 0.387115 0.295907 0.389596 0.296292 0.391596 0.295042 0.393432 0.296676 0.393865 0.294370 0.394133 0.293218 0.396779 0.294755 0.399318 0.296866 0.399966 0.297157 0.400073 0.295907 0.395969 0.292356 0.394727 0.291685 0.394620 0.289954 0.396456 0.290435 0.398182 0.292069 0.399372 0.292069 0.400615 0.295333 0.401208 0.295718 0.401424 0.294370 0.399966 0.291491 0.398346 0.290630 0.397211 0.289477 0.394727 0.288514 0.396562 0.288324 0.397914 0.288806 0.398398 0.287843 0.398940 0.285347 0.396185 0.282468 0.395320 0.282468 0.394891 0.279394 0.394133 0.278630 0.393268 0.279009 0.393917 0.280931 0.393917 0.282852 0.393268 0.284773 0.391109 0.284389 0.390245 0.284773 0.389003 0.285634 0.385818 0.283810 0.384630 0.283907 0.383982 0.284676 0.380687 0.280162 0.379122 0.279009 0.376854 0.278630 0.375396 0.278819 0.374044 0.279685 0.370372 0.279009 0.369995 0.274884
2 0.552031 0.418796 0.577216 0.446329 0.577383 0.449898 0.576044 0.453019 0.574122 0.453764 0.574898 0.460037 0.577076 0.478356 0.581607 0.483356 0.581523 0.488130 0.580177 0.490431 0.578773 0.490625 0.575695 0.486981 0.572508 0.481407 0.571948 0.472051 0.572701 0.467889 0.572617 0.464171 0.570273 0.462537 0.568685 0.447963 0.565924 0.443949 0.567346 0.455398 0.562578 0.451681 0.560906 0.440083 0.553964 0.431606
3 0.396049 0.322259 0.393674 0.322069 0.391516 0.321106 0.389604 0.320380 0.388958 0.320454 0.388312 0.322171 0.387708 0.322171 0.384602 0.323218 0.383352 0.324255 0.382906 0.324968 0.384008 0.325042 0.385737 0.324181 0.387302 0.323602 0.389138 0.322931 0.389841 0.322162 0.393568 0.323315 0.394971 0.323412 0.395456 0.324949 0.396536 0.325333 0.397240 0.324273 0.398859 0.324181 0.399182 0.330324 0.399938 0.330324 0.399508 0.324468 0.403286 0.325523 0.407391 0.326866 0.410198 0.328787 0.409659 0.332338 0.407714 0.332148 0.405177 0.332051 0.404635 0.333204 0.402531 0.333301 0.400911 0.332435 0.399831 0.332819 0.399615 0.333204 0.399885 0.335602 0.400208 0.339157 0.397240 0.339731 0.408935 0.351750 0.418135 0.361208 0.447318 0.391630 0.470711 0.414389 0.485583 0.428389 0.497625 0.440282 0.498344 0.435704 0.497339 0.432514 0.495318 0.431718 0.493305 0.427736 0.494763 0.427736 0.494648 0.426139 0.493753 0.425546 0.493305 0.422764 0.492521 0.420370 0.491852 0.413009 0.491917 0.394417 0.465729 0.364500 0.456211 0.351773 0.456440 0.353532 0.456581 0.355523 0.456068 0.357847 0.454945 0.358181 0.454247 0.359009 0.451398 0.357931 0.448320 0.357264 0.446872 0.355856 0.445245 0.352634 0.440297 0.360185 0.439130 0.356949 0.444818 0.349398 0.446971 0.342597 0.446023 0.339815 0.438555 0.330194 0.436112 0.328736 0.426651 0.316894 0.424427 0.317333 0.424195 0.318495 0.424380 0.319579 0.423073 0.320407 0.422094 0.317259 0.420836 0.314514 0.420276 0.315676 0.421068 0.317083 0.421484 0.320407 0.419060 0.322231 0.418547 0.322231 0.416398 0.316421 0.414477 0.308954 0.414031 0.307273 0.413518 0.307435 0.413240 0.308764 0.414453 0.312421 0.416042 0.317227 0.416464 0.318806 0.417721 0.322537 0.416182 0.323375 0.413380 0.322949 0.410534 0.321875 0.409948 0.322685 0.409599 0.324287 0.409648 0.326356 0.406984 0.325023 0.403016 0.323787 0.399500 0.322847 0.399979 0.321917 0.400219 0.320694 0.399253 0.319259 0.398862 0.310574 0.401896 0.310542 0.404115 0.310463 0.405138 0.310463 0.407052 0.309796 0.407216 0.308750 0.406367 0.308056 0.405622 0.308810 0.404279 0.308935 0.401589 0.309190 0.400419 0.309065 0.398047 0.307551 0.396419 0.306421 0.395888 0.305287 0.395323 0.298241 0.396773 0.298741 0.397586 0.297926 0.398401 0.298176 0.400172 0.298426 0.401375 0.297796 0.402401 0.297736 0.402367 0.296162 0.401766 0.295972 0.400633 0.295972 0.400073 0.295907 0.399966 0.297157 0.399318 0.296866 0.397198 0.295972 0.396242 0.295657 0.395747 0.295657 0.395674 0.296542 0.395323 0.296542 0.395146 0.295972 0.395146 0.294778 0.395039 0.293708 0.394133 0.293218 0.393865 0.294370 0.393432 0.296676 0.393057 0.300694 0.393516 0.303273 0.394190 0.304282 0.395464 0.306606 0.396135 0.317750 0.396279 0.320454 0.395039 0.319134 0.394190 0.318440 0.393940 0.317495 0.393305 0.316491 0.392737 0.316676 0.392951 0.318565 0.393021 0.320014 0.393516 0.320769 0.394331 0.321019 0.395995 0.321523
3 0.466062 0.182634 0.464542 0.171940 0.465401 0.171685 0.466115 0.175880 0.472687 0.173718 0.469544 0.168005 0.464328 0.161398 0.461828 0.162157 0.461971 0.159491 0.463758 0.158477 0.463185 0.155426 0.460469 0.153139 0.461185 0.151741 0.465328 0.154792 0.467115 0.155935 0.468758 0.154662 0.470474 0.155551 0.472831 0.154792 0.472831 0.152630 0.475333 0.150472 0.479964 0.146130 0.478969 0.143204 0.478911 0.139269 0.481141 0.139153 0.481820 0.137843 0.482500 0.138606 0.483484 0.142227 0.485151 0.144972 0.485828 0.147727 0.488794 0.148819 0.492997 0.156949 0.499135 0.166912 0.499935 0.170134 0.502177 0.165676 0.500841 0.165019 0.501271 0.162833 0.503378 0.162250 0.504857 0.166264 0.505729 0.171431 0.509195 0.167495 0.511547 0.166019 0.512510 0.163810 0.512510 0.162005 0.510904 0.158477 0.510346 0.155199 0.511453 0.155935 0.513760 0.162412 0.512932 0.166352 0.509974 0.168727 0.507302 0.171764 0.508867 0.173236 0.509794 0.175625 0.514776 0.166921 0.515513 0.167417 0.517542 0.171926 0.520771 0.170454 0.523659 0.176690 0.523430 0.180208 0.521865 0.181278 0.520201 0.179806 0.518398 0.176528 0.518542 0.179144 0.517570 0.180375 0.516878 0.178167 0.514568 0.187514 0.516956 0.197069 0.518549 0.204653 0.524815 0.205403 0.527487 0.206745 0.525536 0.207042 0.516883 0.207458 0.515927 0.206051 0.510503 0.206329 0.510068 0.208032 0.510581 0.210014 0.510466 0.211435 0.509031 0.214829 0.505523 0.215259 0.504294 0.215361 0.504336 0.218764 0.502143 0.218407 0.501701 0.217278 0.501185 0.218407 0.500227 0.220963 0.500620 0.221903 0.501128 0.228519 0.500620 0.230644 0.501529 0.232991 0.502286 0.235407 0.503880 0.238037 0.505458 0.238569 0.507094 0.242458 0.506852 0.245847 0.507060 0.253218 0.508581 0.258690 0.509516 0.261653 0.509346 0.263986 0.509659 0.266861 0.510674 0.270468 0.508589 0.270185 0.507987 0.274153 0.508560 0.275333 0.510339 0.275065 0.510490 0.277097 0.508003 0.296583 0.502878 0.293204 0.496172 0.292269 0.493333 0.292648 0.492068 0.292060 0.489924 0.296139 0.486323 0.303153 0.481250 0.309389 0.479427 0.306722 0.479526 0.302745 0.476219 0.299162 0.475940 0.301259 0.472888 0.300444 0.474240 0.298606 0.474154 0.296431 0.473466 0.295097 0.473911 0.294208 0.476469 0.296662 0.477841 0.294995 0.477198 0.292380 0.478576 0.288634 0.480792 0.285991 0.480805 0.284426 0.479141 0.283741 0.478154 0.281847 0.476648 0.281380 0.472060 0.292264 0.466201 0.304653 0.461742 0.313898 0.459362 0.319819 0.454445 0.313519 0.441992 0.299343 0.433401 0.289356 0.421661 0.274431 0.423607 0.271269 0.427172 0.264838 0.428628 0.260991 0.428951 0.258500 0.423734 0.257333 0.420260 0.256301 0.416797 0.256685 0.417154 0.255273 0.420648 0.255505 0.424398 0.256097 0.429164 0.257343 0.432758 0.259759 0.437497 0.253736 0.437576 0.252301 0.435802 0.254208 0.433560 0.253421 0.433044 0.249898 0.436182 0.245176 0.442378 0.248412 0.442419 0.241616 0.441698 0.234972 0.440727 0.230819 0.439190 0.227528 0.435568 0.217991 0.435854 0.217204 0.436375 0.217773 0.440026 0.227222 0.441055 0.229611 0.441661 0.227454 0.442505 0.227389 0.443635 0.228968 0.443677 0.228176 0.443312 0.226741 0.444927 0.227671 0.445734 0.228889 0.445570 0.229611 0.443799 0.229894 0.442628 0.228611 0.441542 0.229894 0.441862 0.233056 0.442505 0.238139 0.443177 0.247282 0.447742 0.240653 0.448372 0.234148 0.449487 0.231403 0.451052 0.230056 0.451810 0.230171 0.452260 0.227491 0.454490 0.225444 0.456154 0.223593 0.457510 0.223907 0.456310 0.221685 0.457089 0.220861 0.459227 0.215310 0.460734 0.213773 0.462841 0.211662 0.464029 0.208778 0.462841 0.206949 0.462464 0.203787 0.460792 0.200231 0.460141 0.200333 0.460247 0.201958 0.459927 0.203597 0.458789 0.204167 0.459169 0.202352 0.459383 0.200523 0.459013 0.199657 0.460411 0.198412 0.462992 0.196875 0.462919 0.194398 0.462742 0.191236 0.464484 0.190181 0.465078 0.190245 0.465307 0.184250
2 0.462529 0.323097 0.470237 0.306125 0.471302 0.303889 0.472625 0.305801 0.474279 0.304477 0.475438 0.303009 0.477255 0.304625 0.477833 0.300954 0.479526 0.302745 0.479427 0.306722 0.481250 0.309389 0.486323 0.303153 0.489924 0.296139 0.492068 0.292060 0.493333 0.292648 0.496172 0.292269 0.502878 0.293204 0.508003 0.296583 0.507268 0.307565 0.506688 0.315648 0.506688 0.323588 0.507680 0.333435 0.509333 0.338431 0.505365 0.337694 0.503133 0.338579 0.501315 0.342546 0.501398 0.346074 0.503711 0.349014 0.505117 0.349750 0.501398 0.354454 0.499247 0.357394 0.491641 0.350042 0.484117 0.342694 0.484284 0.339167 0.484615 0.337255 0.482547 0.333583 0.479818 0.333875 0.479323 0.335491 0.475438 0.335491 0.471591 0.333602
3 0.471591 0.333602 0.475438 0.335491 0.479323 0.335491 0.479818 0.333875 0.482547 0.333583 0.484615 0.337255 0.484284 0.339167 0.484117 0.342694 0.491641 0.350042 0.499247 0.357394 0.500357 0.358259 0.498609 0.363042
