8 0.622065 0.598074 0.625701 0.598394 0.626026 0.603389 0.624826 0.603440 0.626224 0.607315 0.629141 0.612884 0.632612 0.619255 0.635299 0.614676 0.631828 0.608505 0.629245 0.601986 0.625615 0.594903 0.621128 0.586477 0.617117 0.578407 0.615076 0.579347 0.613487 0.580023
6 0.458924 0.506023 0.443135 0.491532 0.429146 0.478046 0.428289 0.479880 0.440107 0.496528 0.461023 0.518157
6 0.444586 0.419181 0.444937 0.422759 0.445461 0.427273 0.448919 0.445648 0.449125 0.447463 0.450630 0.459722 0.450742 0.461116 0.452445 0.469843 0.454081 0.477282 0.459029 0.484407 0.458406 0.478731 0.456482 0.468773 0.455781 0.462704 0.455555 0.461583 0.455419 0.459056 0.455307 0.459343 0.452888 0.445375 0.448990 0.425593 0.448437 0.419806 0.447826 0.418560 0.445898 0.416847
6 0.398750 0.436667 0.404622 0.441977 0.405760 0.443532 0.418714 0.455671 0.426417 0.462514 0.430443 0.465940 0.431729 0.464444 0.431169 0.461657 0.428411 0.458519 0.413880 0.443657 0.405081 0.440157 0.405081 0.436773
6 0.470755 0.452037 0.469562 0.459759 0.469120 0.465940 0.466143 0.458625 0.464331 0.454375 0.453716 0.428083 0.450013 0.418870 0.440997 0.396000 0.439380 0.391032 0.436719 0.383759 0.436719 0.383759 0.431576 0.372329 0.429221 0.356366 0.428333 0.349375 0.430503 0.352509 0.432943 0.356606 0.438503 0.371310 0.453685 0.410833
6 0.502508 0.529153 0.500477 0.527606 0.499451 0.526565 0.492174 0.501731 0.485794 0.487005 0.479583 0.471380 0.472065 0.452977 0.470708 0.460546 0.469940 0.467755 0.477875 0.485856 0.480036 0.493204 0.486031 0.507884 0.499370 0.529505 0.500742 0.529620 0.501266 0.529620
2 0.485794 0.487005 0.497042 0.512833 0.501378 0.523250 0.503253 0.522833 0.504659 0.520958 0.509242 0.512005 0.514206 0.503722 0.528659 0.478690 0.531534 0.473310 0.529870 0.469278 0.525406 0.476269 0.513698 0.494000 0.503773 0.510023 0.500839 0.502824 0.499622 0.504444 0.499622 0.504444 0.481091 0.460694 0.474383 0.444926 0.474383 0.444926 0.472065 0.452977 0.472065 0.452977 0.479583 0.471380
6 0.392656 0.428435 0.391370 0.428032 0.356057 0.407060 0.353518 0.407060 0.353518 0.411574 0.355706 0.412662 0.394568 0.434444 0.394195 0.432653 0.394195 0.432653 0.397346 0.431259
6 0.559086 0.508417 0.559523 0.509972 0.560714 0.519778 0.562638 0.539037 0.562341 0.542278 0.560214 0.541917 0.558596 0.532023 0.556414 0.511375 0.558237 0.511194
6 0.605190 0.447866 0.608948 0.453880 0.592307 0.471898 0.592307 0.471898 0.582305 0.482991 0.579505 0.480037 0.578542 0.481750 0.580555 0.484551 0.573815 0.491861 0.572503 0.486727 0.584232 0.473657 0.591846 0.470231 0.601737 0.453583
2 0.428333 0.349375 0.430503 0.352509 0.432943 0.356606 0.438503 0.371310 0.453685 0.410833 0.470755 0.452037 0.473492 0.444093 0.454943 0.400116 0.453930 0.397773 0.454336 0.392912 0.454539 0.389134 0.454568 0.386306 0.452542 0.384866 0.452240 0.390269 0.451125 0.391167 0.448766 0.384991 0.441070 0.363569 0.439776 0.360699 0.439776 0.360699 0.433997 0.346227
14 0.554276 0.680588 0.570174 0.700569 0.573820 0.705792 0.574430 0.707954 0.574328 0.709213 0.562784 0.729375 0.558833 0.729556 0.554255 0.729449 0.551901 0.729815 0.548240 0.719921 0.554057 0.718759 0.553974 0.693907
8 0.429109 0.280537 0.430729 0.280537 0.452807 0.277838 0.452807 0.277838 0.454862 0.278722 0.457089 0.273514 0.428497 0.276222 0.428497 0.274556 0.426154 0.274347 0.424633 0.277056 0.418539 0.277264 0.419125 0.281222
6 0.460729 0.490676 0.465753 0.522921 0.471148 0.551755 0.471148 0.553356 0.470370 0.557139 0.466232 0.554343 0.461299 0.520097 0.454583 0.482282
14 0.573924 0.718671 0.575146 0.719505 0.576602 0.721296 0.579513 0.722093 0.582872 0.734236 0.582089 0.738218 0.580969 0.741204 0.579737 0.743991 0.578841 0.745981 0.577721 0.748370 0.576602 0.750162 0.575594 0.751157 0.573466 0.748968 0.570107 0.744389 0.564732 0.739412 0.565831 0.735750 0.565964 0.734833 0.570747 0.724856 0.571276 0.723111 0.573354 0.718708 0.573242 0.718708
14 0.569190 0.369236 0.565273 0.370588 0.561302 0.351435 0.557003 0.335157 0.554698 0.338292 0.552393 0.341421 0.551039 0.343593 0.550768 0.346245 0.557409 0.361907 0.554833 0.371310 0.554969 0.374926 0.556326 0.378782 0.557547 0.381912 0.559172 0.386977 0.559714 0.384565 0.562156 0.382880 0.564732 0.382880 0.568391 0.384083 0.572187 0.388181 0.575169 0.394204 0.576932 0.402157 0.576932 0.406014 0.586693 0.415171 0.588997 0.413968 0.590625 0.413968 0.592930 0.413727 0.587898 0.403940
14 0.553872 0.446361 0.561734 0.437926 0.565544 0.430356 0.566221 0.426019 0.566221 0.422884 0.568391 0.420236 0.569341 0.415412 0.569341 0.411560 0.568797 0.406977 0.568255 0.406014 0.565273 0.402398 0.563104 0.401194 0.561612 0.399750 0.559578 0.399750 0.557138 0.399991 0.554021 0.399269 0.551445 0.399509 0.548055 0.402157 0.541820 0.407463 0.536531 0.412523 0.533279 0.417583 0.531109 0.423125 0.530568 0.430356 0.530568 0.437106 0.531823 0.442639 0.533643 0.448139 0.536112 0.451500 0.537753 0.452773 0.541685 0.454218 0.545073 0.454458 0.548193 0.453014
14 0.569190 0.369236 0.587898 0.403940 0.596034 0.420329 0.600755 0.429583 0.604305 0.432380 0.605794 0.435995 0.606336 0.437204 0.608914 0.436236 0.616234 0.425394 0.621521 0.417199 0.623961 0.410690 0.623419 0.408037 0.621250 0.403699 0.620437 0.402495 0.619487 0.397917 0.599151 0.359356 0.588443 0.339593 0.586409 0.337421 0.583154 0.337181 0.581799 0.337903 0.574344 0.323444 0.572987 0.324889 0.570682 0.328023 0.568648 0.330917 0.567430 0.333083 0.566885 0.335736 0.566750 0.337181 0.564990 0.340556 0.564174 0.344171 0.564854 0.346097 0.570547 0.356222 0.569190 0.361042 0.568648 0.364657
14 0.339932 0.146079 0.342904 0.145921 0.343737 0.147398 0.344417 0.148204 0.344794 0.149014 0.337232 0.153718 0.333750 0.154662 0.329818 0.157352 0.325505 0.161116 0.318471 0.166764 0.318562 0.147505 0.319810 0.147963 0.324122 0.149171 0.324878 0.147157 0.326164 0.144468 0.327451 0.142718 0.330096 0.143662 0.331839 0.143796 0.333122 0.144468 0.335091 0.145273 0.338268 0.145944
14 0.315349 0.180745 0.317799 0.180120 0.319549 0.179032 0.323576 0.187745 0.323576 0.188056 0.311497 0.193657 0.302570 0.197861 0.305109 0.187745 0.307208 0.188366 0.311586 0.186190 0.313773 0.184167
14 0.288789 0.275829 0.290148 0.275560 0.298849 0.276366 0.306641 0.278384 0.309667 0.279861 0.312086 0.282148 0.313297 0.284167 0.313826 0.285241 0.316549 0.286315 0.318516 0.288468 0.319802 0.290755 0.320029 0.293176 0.318818 0.293042 0.316625 0.292097 0.316096 0.291963 0.316474 0.294787 0.316852 0.300167 0.316323 0.304338 0.316021 0.307699 0.315339 0.309718 0.314432 0.312005 0.319047 0.314287 0.318971 0.314963 0.318214 0.316306 0.316474 0.318056
14 0.400005 0.171241 0.401966 0.177282 0.403995 0.180306 0.404974 0.182046 0.405891 0.183676 0.406740 0.183676 0.406805 0.184491 0.406935 0.185653 0.407982 0.188093 0.409617 0.189954 0.413474 0.193787 0.416154 0.195764 0.419161 0.194949 0.421187 0.192972 0.422758 0.190185 0.423672 0.188093 0.425896 0.180769 0.426484 0.175773 0.425961 0.168449 0.424849 0.163569 0.423281 0.161125 0.421057 0.160079 0.419555 0.158106 0.417396 0.155546 0.399221 0.145667 0.398372 0.147412 0.398109 0.149505 0.397784 0.152407 0.397719 0.155662 0.397784 0.159153
14 0.413490 0.229458 0.407630 0.198838 0.406107 0.195921 0.404818 0.194463 0.403411 0.194255 0.401654 0.194255 0.398844 0.194255 0.398023 0.194880 0.401888 0.200088 0.401302 0.202171 0.398258 0.197796 0.401888 0.207380 0.404935 0.210505 0.404935 0.211963 0.403060 0.210296 0.405990 0.215292
14 0.491458 0.299838 0.486034 0.290296 0.479367 0.279546 0.476711 0.276130 0.475807 0.275329 0.474339 0.275125 0.472812 0.275329 0.471174 0.276736 0.470609 0.276231 0.462583 0.264981 0.461453 0.265986 0.458458 0.270106 0.456878 0.273319 0.454617 0.278745 0.455294 0.280653 0.456370 0.282963 0.461229 0.290296 0.465974 0.289995 0.466539 0.291199 0.466654 0.293310 0.466370 0.295019 0.465466 0.295116 0.464448 0.294014 0.464901 0.292204 0.464844 0.291500 0.461964 0.292005 0.461115 0.293407 0.460154 0.298833 0.460211 0.300741 0.464508 0.304926 0.466695 0.304148 0.467755 0.304458 0.468456 0.305551 0.469479 0.309986 0.473547 0.314005 0.472870 0.316315 0.470609 0.314606 0.471604 0.319088 0.474581 0.319088 0.477383 0.319866 0.478948 0.320954 0.479242 0.318926 0.478198 0.314977 0.478198 0.313352 0.478654 0.312306 0.478982 0.311602 0.479638 0.311602 0.480552 0.312417 0.481401 0.313704 0.482187 0.314745 0.486893 0.307069
14 0.485844 0.312157 0.484771 0.313810 0.483841 0.316241 0.483500 0.318065 0.483695 0.323532 0.482669 0.325269 0.481672 0.327176 0.480445 0.331065 0.479745 0.335426 0.478948 0.339935 0.479643 0.362167 0.480547 0.389134 0.481224 0.393301 0.481904 0.397069 0.482740 0.399755 0.485234 0.404329 0.486747 0.405944 0.488336 0.407153 0.490758 0.407958 0.496578 0.399083 0.496807 0.393569 0.497414 0.390213 0.498547 0.386843 0.500135 0.384829 0.501878 0.383213 0.503466 0.382407 0.504901 0.383083 0.505583 0.384023 0.505583 0.349995 0.505521 0.336259 0.503857 0.328796 0.502458 0.324750 0.500008 0.322259 0.499706 0.314245 0.498490 0.310282 0.497169 0.308306 0.494641 0.307227 0.492414 0.306866 0.491500 0.307227
14 0.461977 0.348806 0.459440 0.337444 0.460315 0.332935 0.460927 0.330602 0.461977 0.328111 0.458740 0.312861 0.459177 0.310685 0.460664 0.308352 0.462503 0.306481 0.464508 0.304926 0.466695 0.304148 0.467755 0.304458 0.468456 0.305551 0.471604 0.319088 0.474581 0.319088 0.477383 0.319866 0.478948 0.320954 0.481672 0.327176 0.480445 0.331065 0.479745 0.335426 0.478948 0.339935 0.477810 0.340560 0.473443 0.327486 0.471081 0.329667 0.475719 0.350519 0.472831 0.360009 0.470906 0.358454 0.471518 0.355963 0.471781 0.353472 0.471430 0.351449 0.470292 0.349741 0.467404 0.348495
14 0.425555 0.329500 0.427143 0.329769 0.429034 0.330440 0.430169 0.331917 0.430924 0.333801 0.431456 0.334880 0.441214 0.346579 0.439776 0.360699 0.433997 0.346227 0.428398 0.349588
14 0.419229 0.335713 0.420870 0.333630 0.422042 0.332588 0.422862 0.331963 0.433292 0.405287 0.428721 0.415079 0.422979 0.404662 0.421104 0.405912 0.424151 0.411537 0.421456 0.410287 0.419698 0.409870 0.417471 0.409870 0.415599 0.410287 0.413841 0.410912 0.411497 0.411745 0.408451 0.410495 0.411966 0.383625 0.413607 0.383625 0.413724 0.381125 0.412435 0.380083
6 0.565341 0.638352 0.566651 0.639630 0.567565 0.640907 0.568023 0.643231 0.568547 0.645792 0.571750 0.653227 0.580641 0.674963 0.581883 0.678681 0.583190 0.682866 0.584432 0.684144 0.585479 0.683213 0.586198 0.682051 0.586852 0.681356 0.587115 0.680079 0.586982 0.678333 0.574823 0.648579 0.571945 0.641255 0.570115 0.636838 0.555620 0.615176 0.535099 0.584977 0.530633 0.579727 0.526552 0.574620 0.524885 0.572602 0.508771 0.555690 0.482573 0.530106 0.473289 0.521134 0.474497 0.530000 0.486451 0.542241 0.498479 0.554074 0.515198 0.571565 0.526240 0.582852 0.530698 0.587968
14 0.545669 0.670866 0.543440 0.676986 0.544555 0.687606 0.545365 0.698412 0.545466 0.704889 0.545263 0.711912 0.546378 0.714611 0.551036 0.715153 0.551643 0.677528
14 0.618026 0.548417 0.612201 0.558236 0.610159 0.559579 0.609174 0.561060 0.608117 0.563213 0.596659 0.582421 0.585893 0.599690 0.581255 0.607162 0.579417 0.608560 0.577492 0.608560 0.576266 0.608403 0.574341 0.607315 0.566115 0.617431 0.565414 0.616185 0.563138 0.609648 0.561651 0.606227 0.561214 0.605602 0.560076 0.607625 0.558849 0.608250 0.557362 0.607162 0.556398 0.605602 0.555612 0.602648 0.554823 0.598134 0.555523 0.596889 0.563138 0.585532 0.562701 0.580088 0.563138 0.575574 0.564276 0.571528 0.585281 0.538542 0.597885 0.518935 0.599984 0.518000 0.600773 0.516602 0.601385 0.515046 0.601911 0.513801 0.603049 0.513491 0.605063 0.513491 0.608826 0.516759 0.611102 0.519870 0.612427 0.522194 0.614583 0.527037 0.616135 0.531745 0.618781 0.542907 0.618706 0.545866
14 0.647453 0.537394 0.650781 0.556889 0.651914 0.565903 0.652141 0.568593 0.649948 0.571685 0.647148 0.581500 0.636862 0.586074 0.627482 0.589167 0.626120 0.588898 0.624607 0.588361 0.622263 0.587282 0.621128 0.586477 0.617117 0.578407 0.615076 0.579347 0.613487 0.580023 0.611823 0.580426 0.610612 0.580560 0.609555 0.580157 0.608570 0.576796 0.607661 0.571014 0.607586 0.565903 0.608117 0.563213 0.609174 0.561060 0.610159 0.559579 0.612201 0.558236 0.613563 0.557565 0.616286 0.556755 0.618177 0.551241 0.620219 0.547611 0.621581 0.545866 0.623852 0.544384 0.627708 0.543176
14 0.651099 0.537634 0.654638 0.557028 0.656000 0.567514 0.662656 0.568458 0.666286 0.549898 0.665682 0.548282 0.665682 0.547208 0.666135 0.545593 0.666135 0.543981 0.665380 0.541963 0.664852 0.540620 0.664622 0.540620 0.664039 0.541009 0.663049 0.541259 0.661544 0.539528 0.659568 0.538162 0.657750 0.536685 0.655867 0.534815 0.654799 0.535764 0.653828 0.536824 0.652995 0.537380 0.652008 0.537495
14 0.647240 0.535750 0.647453 0.537394 0.627708 0.543176 0.614698 0.525421 0.612427 0.522194 0.615604 0.519773 0.614924 0.516681 0.612427 0.517894 0.612352 0.517218 0.614547 0.514801 0.624833 0.515606
14 0.630370 0.488144 0.640055 0.503208 0.641417 0.504417 0.642096 0.510065 0.644365 0.521630 0.647240 0.535750 0.639674 0.528759 0.630523 0.520690 0.620763 0.512083 0.619174 0.510333 0.618344 0.508181 0.618042 0.506435 0.618042 0.505088 0.618721 0.503611 0.625833 0.503208 0.627648 0.499843 0.627799 0.498903 0.626664 0.496481 0.625151 0.492852 0.624849 0.490833 0.621898 0.485722 0.621672 0.483440 0.621219 0.480208 0.620536 0.476310 0.619857 0.474560 0.620612 0.472412
14 0.623508 0.467806 0.625703 0.467528 0.640604 0.480912 0.656760 0.494856 0.661154 0.500435 0.662878 0.506009 0.663034 0.508241 0.663883 0.510611 0.670612 0.516134 0.670846 0.517722 0.670846 0.523523 0.668870 0.530384 0.668414 0.533199 0.668117 0.534815 0.668039 0.535764 0.664039 0.541009 0.663049 0.541259 0.661544 0.539528 0.659568 0.538162 0.657750 0.536685 0.655867 0.534815 0.654799 0.535764 0.653828 0.536824 0.652995 0.537380 0.652008 0.537495 0.651099 0.537634 0.644211 0.500519
14 0.581393 0.418644 0.561734 0.437926 0.553872 0.446361 0.551703 0.450458 0.550482 0.454074 0.550211 0.458412 0.545872 0.462028 0.544247 0.464676 0.543703 0.469014 0.543161 0.471907 0.546008 0.483477 0.548042 0.486852 0.550888 0.489259 0.553057 0.489019 0.555362 0.486611 0.557260 0.486370 0.559294 0.486852 0.562141 0.487333 0.564581 0.486852 0.566615 0.485644 0.592102 0.457204 0.590477 0.451181 0.593458 0.447806 0.595357 0.453593 0.602677 0.443468 0.597255 0.435273 0.589661 0.426356
5 0.320826 0.126606 0.322656 0.129162 0.323573 0.131606 0.324617 0.132653 0.325206 0.133579 0.325336 0.134861 0.326578 0.137995 0.326841 0.139856 0.327451 0.142718 0.326164 0.144468 0.324878 0.147157 0.324122 0.149171 0.319810 0.147963 0.318562 0.147505 0.318638 0.132713
5 0.320826 0.126606 0.322885 0.121694 0.323409 0.112514 0.324461 0.113759 0.326560 0.117181 0.327174 0.119051 0.327612 0.121537 0.328750 0.123560 0.329273 0.125116 0.329799 0.126671 0.330674 0.127296 0.331724 0.128231 0.327451 0.142718 0.326841 0.139856 0.326578 0.137995 0.325336 0.134861 0.325206 0.133579 0.324617 0.132653 0.323573 0.131606 0.322656 0.129162
10 0.379870 0.264444 0.386753 0.270764 0.386602 0.274958 0.385464 0.276671 0.384203 0.278787 0.383469 0.280449 0.382401 0.282116 0.381586 0.283750 0.380273 0.280014 0.379049 0.277060 0.381456 0.270028 0.379531 0.267222 0.376979 0.272222 0.373667 0.262403 0.375417 0.260847
1 0.405081 0.436773 0.394643 0.436833 0.394195 0.432653 0.398253 0.431259 0.405841 0.432255 0.413568 0.435042 0.418724 0.438491 0.422268 0.441745 0.423932 0.442991 0.426995 0.445787 0.429534 0.447500 0.432945 0.450926 0.437935 0.456213 0.440362 0.459319 0.444297 0.463704 0.453318 0.476046 0.457909 0.482417 0.459029 0.484407 0.462612 0.487991 0.463396 0.488986 0.470003 0.497347 0.469839 0.498398 0.469505 0.500231 0.468143 0.499491 0.467685 0.499028 0.466836 0.499028 0.465987 0.499144 0.465659 0.496236 0.465005 0.496352 0.457125 0.485602 0.447495 0.472662 0.441958 0.465495 0.439997 0.463986 0.435516 0.458528 0.427565 0.450370 0.423555 0.446329 0.416500 0.441153 0.409661 0.438148
2 0.320591 0.296435 0.321299 0.316597 0.327508 0.316995 0.328693 0.316060 0.330617 0.312458
2 0.350521 0.167269 0.354044 0.164926 0.365029 0.165042 0.369148 0.165394 0.369974 0.168843 0.362349 0.167718 0.362544 0.169227 0.369766 0.170972 0.368885 0.176782 0.365617 0.175389 0.362479 0.175852 0.360583 0.174690 0.352148 0.168296
10 0.425313 0.237222 0.434854 0.220194 0.435945 0.218519 0.434628 0.217259 0.433109 0.217259 0.431185 0.217259 0.429667 0.216537 0.424805 0.211134 0.424299 0.213296 0.418021 0.205556 0.416503 0.205736 0.412755 0.202315 0.412755 0.200514 0.411034 0.198532 0.408299 0.192231 0.405807 0.186574 0.402734 0.188056 0.404818 0.194463 0.406107 0.195921 0.407630 0.198838 0.409109 0.207176 0.419427 0.225556
2 0.417344 0.251343 0.434854 0.220194 0.437432 0.216097 0.440279 0.213204 0.442312 0.212722 0.443937 0.212722 0.465495 0.249838 0.465495 0.255139 0.465630 0.260204 0.462583 0.264981 0.461453 0.265986 0.458458 0.270106 0.456878 0.273319 0.428484 0.276352 0.428349 0.274903 0.426180 0.274662 0.424552 0.277556 0.418586 0.277796 0.416419 0.264542 0.413299 0.266227 0.415365 0.277500 0.409857 0.266954 0.409505 0.264245
10 0.439185 0.208236 0.440359 0.211981 0.439044 0.211801 0.436917 0.213963 0.433474 0.215222 0.433109 0.217259 0.431185 0.217259 0.429667 0.216537 0.424805 0.211134 0.424299 0.213296 0.418021 0.205556 0.416503 0.205736 0.412755 0.202315 0.412755 0.200514 0.411034 0.198532 0.408299 0.192231 0.405755 0.186528 0.406935 0.185653 0.407982 0.188093 0.409617 0.189954 0.413474 0.193787 0.416154 0.195764 0.419161 0.194949 0.421187 0.192972 0.425419 0.197208 0.427234 0.197611 0.428141 0.197884 0.430336 0.203398 0.433966 0.203935 0.434721 0.205009 0.436766 0.206083
5 0.341276 0.196944 0.349826 0.190769 0.351565 0.189560 0.356633 0.191037 0.360568 0.193324 0.362987 0.195611 0.361414 0.198120 0.358302 0.202634 0.354742 0.202468 0.354742 0.202468 0.344380 0.199644 0.342565 0.198838
2 0.326807 0.255662 0.327143 0.259509 0.323904 0.264731 0.321573 0.271213 0.319547 0.276972 0.318333 0.255009 0.318232 0.248347 0.318130 0.240787 0.326232 0.242769
7 0.331862 0.317713 0.348570 0.320597 0.349482 0.322394 0.349482 0.326898 0.349380 0.327796 0.340977 0.335000 0.338242 0.338417 0.329128 0.321495
2 0.365695 0.111329 0.370365 0.109611 0.372029 0.111088 0.377247 0.115796 0.381635 0.118755 0.386930 0.120773 0.396687 0.122653 0.401680 0.123056 0.402740 0.122250 0.403875 0.122384 0.409320 0.122787 0.409927 0.123866 0.409849 0.125343 0.409849 0.127093 0.409471 0.129782 0.404404 0.140134 0.393435 0.147264 0.393888 0.137852 0.391242 0.137583 0.390786 0.149014 0.388971 0.148069 0.387307 0.147264 0.384432 0.146727 0.382391 0.145782 0.380878 0.144708 0.373995 0.149148 0.372557 0.149282 0.371497 0.149282 0.368776 0.148606 0.367263 0.148338 0.364086 0.149282 0.361211 0.150625 0.360076 0.150625 0.359547 0.149551 0.358940 0.149282 0.355612 0.150491 0.354174 0.149417 0.350016 0.147667 0.344794 0.149014 0.344417 0.148204 0.343737 0.147398 0.342904 0.145921 0.341466 0.143366 0.342555 0.141954 0.336146 0.133935 0.336646 0.132801 0.336365 0.130718 0.337503 0.129787 0.340391 0.126671 0.345443 0.120509 0.350607 0.116366 0.358911 0.113486
2 0.336531 0.265662 0.337370 0.281833 0.338789 0.290657 0.340005 0.299116 0.340104 0.306139 0.340005 0.307398 0.339802 0.310102 0.341016 0.319819 0.340409 0.319282 0.328560 0.299477 0.320055 0.283995 0.325219 0.267250 0.326737 0.266171 0.327648 0.271935 0.329169 0.276972 0.329878 0.277875 0.331497 0.278056 0.333016 0.276972 0.333927 0.275532 0.334333 0.274454 0.332664 0.253787 0.332195 0.244208 0.333719 0.244208 0.334773 0.246495
2 0.433359 0.287593 0.433362 0.286657 0.433161 0.284319 0.432349 0.281801 0.430729 0.280537 0.452807 0.277838 0.448047 0.281801 0.443073 0.287222 0.441677 0.286875 0.438336 0.284176 0.436714 0.284713 0.437323 0.286694
9 0.366125 0.225282 0.367141 0.224773 0.370604 0.218060 0.373156 0.214958 0.372766 0.219472 0.373984 0.219231 0.374589 0.212551 0.375036 0.212148 0.376633 0.214130 0.381214 0.215630 0.384378 0.217287 0.386878 0.215787 0.387214 0.216528 0.387813 0.216579 0.387000 0.220435 0.387000 0.234898 0.386458 0.237546 0.385779 0.239958 0.385914 0.243574 0.384966 0.250560 0.382859 0.256444 0.381047 0.258000 0.378487 0.258431 0.376831 0.257551 0.374120 0.255625 0.371544 0.248153 0.368292 0.237065 0.366935 0.231042 0.366292 0.229208 0.365940 0.226500
10 0.396076 0.161611 0.394638 0.162287 0.395016 0.165111 0.394560 0.163324 0.392544 0.160815 0.392680 0.157486 0.393411 0.147593 0.393411 0.147546 0.396458 0.144954 0.398372 0.147412 0.398109 0.149505 0.397784 0.152407 0.397719 0.155662 0.397784 0.159153 0.400005 0.171241 0.401966 0.177282 0.403995 0.180306 0.404974 0.182046 0.405891 0.183676 0.401927 0.186759 0.400479 0.186713
5 0.349010 0.291824 0.348443 0.295032 0.346516 0.295185 0.345029 0.295810 0.344240 0.297366 0.346604 0.300630 0.346867 0.302032 0.345292 0.314167 0.339802 0.310102 0.340005 0.307398 0.340104 0.306139 0.340005 0.299116 0.338789 0.290657 0.337370 0.281833 0.337411 0.280157
2 0.398935 0.269949 0.395885 0.265787 0.393070 0.256565 0.392458 0.255324 0.389570 0.248787 0.388169 0.244741 0.388518 0.237273 0.391406 0.238671 0.392544 0.241940 0.393453 0.248204 0.398141 0.258204 0.402943 0.263204 0.402797 0.266269 0.401490 0.266037
10 0.257214 0.189398 0.251547 0.219111 0.257927 0.228111 0.261268 0.229912 0.261979 0.227778 0.264711 0.227213 0.264648 0.224292 0.262305 0.218042 0.264883 0.214500 0.264914 0.205069 0.257521 0.203630 0.257927 0.198227 0.258432 0.194088 0.260255 0.193907
10 0.437596 0.193310 0.435026 0.186046 0.423359 0.189028 0.422758 0.190185 0.425419 0.197208 0.427234 0.197611 0.428141 0.197884 0.430336 0.203398 0.433966 0.203935 0.434721 0.205009 0.436766 0.206083 0.439185 0.208236 0.437445 0.202588 0.433362 0.197074 0.434427 0.194676 0.437234 0.197644
10 0.374586 0.272236 0.372424 0.269667 0.371096 0.264204 0.370628 0.262120 0.368987 0.261287 0.367346 0.260870 0.366174 0.261079 0.364185 0.260870 0.362661 0.260454 0.361563 0.261481 0.359844 0.263287 0.357633 0.268111 0.355706 0.274338 0.354831 0.278694 0.353956 0.283204 0.350193 0.295032 0.349755 0.294718 0.350104 0.289273 0.349318 0.289273 0.348443 0.295032 0.346516 0.295185 0.345029 0.295810 0.344240 0.297366 0.346604 0.300630 0.346867 0.302032 0.345292 0.314167 0.339802 0.310102 0.339865 0.311681 0.344677 0.315569 0.344065 0.319926 0.345555 0.319926 0.348180 0.304056 0.352555 0.308880 0.354656 0.310435 0.354044 0.312926 0.353693 0.316968 0.353781 0.318370 0.354568 0.318528 0.354919 0.315569 0.356406 0.321014 0.357544 0.319926 0.355620 0.312926 0.357456 0.306389 0.358771 0.303898 0.361745 0.304833 0.365422 0.295653 0.365422 0.294407 0.363409 0.292542 0.365307 0.289662 0.367057 0.285926 0.368458 0.287796 0.370734 0.287949 0.372398 0.286241 0.374323 0.283125 0.375023 0.279394 0.375109 0.275657
2 0.402943 0.263204 0.402797 0.266269 0.401620 0.277426 0.401555 0.280565 0.404208 0.283634 0.403802 0.286333 0.404263 0.289338 0.407138 0.315023 0.407792 0.316537 0.408185 0.317116 0.410320 0.318991 0.411547 0.319306 0.410234 0.304366 0.409708 0.303898 0.408833 0.303120 0.407958 0.299542 0.408484 0.297833 0.409271 0.296588 0.410211 0.295731 0.407661 0.287130 0.408380 0.285153 0.409099 0.284458 0.409466 0.284051 0.406224 0.278148 0.406943 0.270491 0.407753 0.262394 0.403195 0.260231
7 0.290461 0.244634 0.290214 0.266264 0.290148 0.275560 0.288789 0.275829 0.270802 0.248009 0.270677 0.211157
7 0.273706 0.164491 0.293643 0.164093 0.293031 0.171250 0.292768 0.184009 0.292331 0.192727 0.291047 0.234060 0.271128 0.201773 0.272651 0.175111
10 0.345076 0.159463 0.339401 0.161931 0.335813 0.163176 0.334237 0.166602 0.332315 0.168648 0.322875 0.177944 0.319549 0.179032 0.317799 0.180120 0.315349 0.180745 0.313773 0.184167 0.311586 0.186190 0.307208 0.188366 0.305992 0.187667 0.309310 0.174829 0.314823 0.169694 0.318471 0.166764 0.325505 0.161116 0.329818 0.157352 0.333750 0.154662 0.337232 0.153718 0.344794 0.149014 0.350016 0.147667 0.354174 0.149417 0.355612 0.150491 0.358940 0.149282 0.359547 0.149551 0.360076 0.150625 0.361211 0.150625 0.364086 0.149282 0.364742 0.152602 0.359372 0.153681
2 0.371096 0.153546 0.354044 0.164926 0.350521 0.167269 0.348677 0.167843 0.348328 0.165667 0.345076 0.159463 0.359372 0.153681 0.364742 0.152602
10 0.480625 0.246546 0.483865 0.244028 0.486904 0.241509 0.486904 0.237366 0.487510 0.234847 0.488625 0.235028 0.488523 0.238269 0.489740 0.238449 0.491156 0.239528 0.491661 0.242769 0.492776 0.246727 0.492674 0.249069 0.492372 0.253028 0.492271 0.255370 0.495206 0.262750 0.496828 0.264731 0.498953 0.265454 0.499664 0.267431 0.499461 0.269954 0.498549 0.271574 0.496031 0.275597 0.493490 0.279120 0.491458 0.278796 0.489081 0.278713 0.487622 0.276199 0.486875 0.274995 0.487555 0.274292 0.483995 0.267662 0.483542 0.267764 0.482539 0.266296 0.482984 0.264157 0.483591 0.263472 0.484878 0.263074 0.485859 0.262806 0.485557 0.260519 0.484958 0.258773 0.484422 0.258630 0.483977 0.259167 0.481253 0.253514 0.480562 0.254056 0.479510 0.253245 0.479359 0.251912 0.479279 0.250023 0.477466 0.250435 0.476482 0.250565 0.475570 0.250023 0.475349 0.248815 0.475885 0.247454 0.476482 0.247194 0.477091 0.247468 0.477992 0.247880 0.478831 0.247880 0.479279 0.247343 0.479966 0.247194
2 0.264711 0.227213 0.270607 0.225056 0.270802 0.248009 0.260089 0.231662 0.261268 0.229912 0.261979 0.227778
3 0.528659 0.478690 0.514206 0.503722 0.514914 0.509486 0.514792 0.512454 0.521172 0.504713 0.522083 0.499315 0.524211 0.500394 0.532312 0.488870 0.534437 0.486352 0.533424 0.483398 0.531987 0.482458
3 0.525406 0.476269 0.513698 0.494000 0.514003 0.492023 0.515219 0.481940 0.515622 0.474741 0.516555 0.469546 0.520188 0.472236 0.522003 0.473852 0.523440 0.474523
10 0.488594 0.294815 0.491680 0.289361 0.491057 0.287653 0.490945 0.286148 0.491396 0.285444 0.492188 0.285444 0.493036 0.285144 0.493544 0.284542 0.494109 0.283537 0.494674 0.283333 0.497599 0.284972 0.502062 0.288333 0.507885 0.292231 0.506951 0.297551 0.506497 0.301519 0.507312 0.304301 0.508878 0.306444 0.511109 0.307194 0.512885 0.307088 0.514664 0.306769 0.517555 0.321019 0.516807 0.322542 0.513263 0.327042 0.512352 0.329023 0.512727 0.332042 0.511411 0.335329 0.509661 0.331440 0.505721 0.325060 0.504323 0.327083 0.503857 0.328796 0.502458 0.324750 0.500008 0.322259 0.499706 0.314245 0.498490 0.310282 0.499128 0.308921 0.498081 0.306713 0.497099 0.305204 0.496578 0.304389 0.495596 0.305435 0.495203 0.304972 0.495138 0.303694 0.496185 0.302181 0.495792 0.300440 0.495073 0.298347 0.494026 0.296486 0.495708 0.291426 0.495026 0.291023 0.493505 0.295440 0.492523 0.294509 0.490234 0.297301
2 0.557003 0.335157 0.552396 0.318889 0.556432 0.312407 0.558359 0.305694 0.564479 0.299861 0.564557 0.301713 0.561927 0.308380 0.564531 0.320926 0.566615 0.331852 0.566885 0.335736 0.566750 0.337181 0.564990 0.340556 0.564174 0.344171 0.564854 0.346097 0.570547 0.356222 0.569190 0.361042 0.568648 0.364657 0.569190 0.369236 0.565273 0.370588 0.561302 0.351435
3 0.545365 0.336764 0.542607 0.321148 0.542440 0.319199 0.556667 0.311620 0.556432 0.312407 0.552396 0.318889 0.557003 0.335157 0.554698 0.338292 0.552393 0.341421 0.551039 0.343593 0.550768 0.346245 0.552318 0.349954 0.549714 0.351435 0.548958 0.351435 0.547794 0.349366
10 0.516807 0.322542 0.513263 0.327042 0.512352 0.329023 0.513669 0.339986 0.514984 0.347185 0.516503 0.352065 0.517516 0.354944 0.518732 0.357648 0.521870 0.362148 0.523289 0.363407 0.525010 0.364847 0.528352 0.368449 0.529870 0.370069 0.531086 0.371509 0.531896 0.374569 0.536555 0.375468 0.541615 0.377963 0.544049 0.380690 0.547391 0.384653 0.547391 0.381051 0.547187 0.377269 0.546174 0.374912 0.544656 0.373491 0.541719 0.372588 0.537161 0.356028 0.537568 0.354227 0.538581 0.353486 0.538581 0.351523 0.538378 0.350083 0.536859 0.348644 0.526125 0.338384 0.519745 0.331903
1 0.547406 0.384676 0.549464 0.387593 0.550505 0.389630 0.550635 0.390417 0.550219 0.391667 0.549620 0.391944 0.548083 0.388699 0.546677 0.387269 0.545034 0.386051 0.542711 0.382093 0.540969 0.380542 0.537680 0.378481 0.535937 0.377620 0.533117 0.377343 0.530229 0.377032 0.527427 0.377032 0.524891 0.377032 0.520427 0.378588 0.516612 0.380769 0.516612 0.380769 0.512518 0.384157 0.507992 0.388588 0.502622 0.394639 0.501229 0.396458 0.496969 0.401616 0.496969 0.401616 0.492195 0.408245 0.487839 0.415644 0.484839 0.421833 0.481646 0.428028 0.478354 0.434912 0.476609 0.438676 0.474383 0.444926 0.472065 0.452977 0.470708 0.460546 0.469940 0.467755 0.470258 0.477296 0.470867 0.477773 0.471219 0.479005 0.471042 0.480421 0.470352 0.481505 0.470609 0.488648 0.471193 0.498398 0.469839 0.498398 0.469354 0.487903 0.468969 0.479986 0.469115 0.476667 0.469120 0.465940 0.469562 0.459759 0.470917 0.452532 0.473492 0.444093 0.475133 0.439532 0.476070 0.437657 0.478880 0.431407 0.481224 0.425782 0.486380 0.415366 0.490758 0.407958 0.496578 0.399083 0.507828 0.386588 0.514792 0.380097 0.516872 0.378653 0.521174 0.375718 0.526661 0.374324 0.532260 0.374352 0.537487 0.375556 0.541745 0.377963 0.546003 0.382954
2 0.449971 0.347509 0.452318 0.350870 0.451398 0.351505 0.449474 0.353486 0.448419 0.353681 0.441214 0.346579 0.431456 0.334880 0.430924 0.333801 0.430169 0.331917 0.429034 0.330440 0.427143 0.329769 0.425555 0.329500 0.423839 0.318120 0.425365 0.318722 0.426552 0.320231 0.435479 0.331181 0.445211 0.343190 0.449161 0.347870
10 0.546682 0.387301 0.545034 0.386051 0.542711 0.382093 0.540969 0.380542 0.537680 0.378481 0.535937 0.377620 0.533117 0.377343 0.535130 0.386366 0.538370 0.390722 0.543883 0.391032 0.543534 0.394926 0.544495 0.396171 0.544758 0.392125 0.544669 0.389634 0.545984 0.388079
10 0.505583 0.349995 0.505477 0.347769 0.506953 0.347250 0.509193 0.348046 0.511208 0.347847 0.513112 0.349639 0.514792 0.380097 0.507828 0.386588 0.505589 0.373648
3 0.512727 0.332042 0.511411 0.335329 0.510799 0.336574 0.506953 0.347250 0.509193 0.348046 0.511208 0.347847 0.513112 0.349639 0.514792 0.380097 0.516919 0.378704 0.518732 0.357648 0.517516 0.354944 0.516503 0.352065 0.514984 0.347185 0.513669 0.339986
7 0.523719 0.650292 0.526362 0.648310 0.526492 0.643472 0.525456 0.636792 0.524289 0.634491 0.525583 0.613759 0.523641 0.603625 0.522086 0.600630 0.512240 0.586352 0.494232 0.549731 0.486451 0.542241 0.474497 0.530000 0.477388 0.548116 0.493065 0.570227
17 0.523070 0.650519 0.523719 0.650292 0.532271 0.654204 0.536026 0.656968 0.538490 0.660194 0.541339 0.667333 0.543440 0.676986 0.544555 0.687606 0.545365 0.698412 0.545466 0.704889 0.545263 0.711912 0.530716 0.672630
2 0.618721 0.503611 0.618042 0.505088 0.615570 0.515194 0.614547 0.514801 0.612352 0.517218 0.611102 0.519870 0.608826 0.516759 0.599708 0.505310 0.600385 0.504829 0.598888 0.495972 0.599039 0.493417 0.598964 0.492069 0.598130 0.490727 0.598586 0.488977 0.599492 0.488977 0.601307 0.490458 0.601878 0.490852 0.602690 0.496634 0.602961 0.495912 0.603367 0.492537 0.603776 0.490611 0.604859 0.489889 0.606758 0.490130 0.607977 0.490370 0.609250 0.489111 0.612125 0.486829 0.613789 0.485616 0.616135 0.485079 0.617331 0.483380 0.618823 0.482898 0.619500 0.482898 0.620315 0.482898 0.621898 0.485722 0.624849 0.490833 0.625151 0.492852 0.626664 0.496481 0.627799 0.498903 0.627648 0.499843 0.625833 0.503208
3 0.474383 0.444926 0.476531 0.438657 0.480570 0.430074 0.490422 0.445880 0.487773 0.449532 0.487773 0.449532 0.481091 0.460694
3 0.467820 0.418056 0.466297 0.419514 0.468406 0.424722 0.468289 0.427431 0.467586 0.429306 0.473492 0.444093 0.473492 0.444093 0.475133 0.439532 0.476070 0.437657 0.478880 0.431407 0.481224 0.425782 0.486380 0.415366 0.483945 0.414315 0.481576 0.417241 0.479818 0.419116 0.476422 0.422032 0.474943 0.423861
2 0.419591 0.285218 0.423839 0.318120 0.423625 0.317903 0.425365 0.318722 0.427214 0.315569 0.428352 0.312926 0.428815 0.309380 0.428401 0.301782 0.428198 0.298000 0.427185 0.297102 0.425971 0.297102 0.425667 0.296921
10 0.520453 0.332440 0.520958 0.328120 0.521568 0.322542 0.522984 0.319120 0.525214 0.320361 0.529568 0.329921 0.536859 0.348644 0.526125 0.338384
3 0.508979 0.529736 0.505057 0.534269 0.505057 0.537986 0.509437 0.544495 0.510026 0.549259 0.510026 0.550657 0.508771 0.555690 0.482573 0.530106 0.483023 0.527528 0.483547 0.522995 0.491849 0.532407 0.495185 0.539500 0.495773 0.538454 0.493091 0.532523 0.492112 0.529269 0.491458 0.527296 0.491589 0.525319 0.491328 0.524042 0.490542 0.523921 0.490346 0.523921 0.485443 0.515556 0.485771 0.514741 0.484594 0.512417 0.486031 0.507884 0.499370 0.529505 0.500742 0.529620 0.501266 0.529620 0.502508 0.529153 0.503096 0.528806 0.503750 0.528574 0.505581 0.526250
3 0.523727 0.539847 0.523643 0.545042 0.523232 0.552167 0.522271 0.552713 0.522206 0.557361 0.522924 0.557361 0.522141 0.569801 0.508771 0.555690 0.510026 0.550657 0.512117 0.552750 0.520552 0.541356 0.522674 0.538759 0.523552 0.537514
3 0.520552 0.541356 0.512117 0.552750 0.510026 0.550657 0.510026 0.549259 0.509437 0.544495 0.509763 0.542986 0.512641 0.533454
3 0.620612 0.472412 0.616135 0.485079 0.613789 0.485616 0.612125 0.486829 0.609250 0.489111 0.603125 0.483463 0.601307 0.490458 0.599492 0.488977 0.598586 0.488977 0.598130 0.490727 0.598964 0.492069 0.599039 0.493417 0.598888 0.495972 0.596922 0.501755 0.593820 0.498259 0.600250 0.480912 0.592307 0.471898 0.608948 0.453880
2 0.605190 0.447866 0.595052 0.465352 0.591271 0.470731 0.580453 0.475301 0.593313 0.461181 0.592102 0.457204 0.590477 0.451181 0.593458 0.447806 0.595357 0.453593 0.602677 0.443468
3 0.506914 0.493824 0.499622 0.504444 0.481091 0.460694 0.487773 0.449532 0.491419 0.444495 0.492534 0.444315 0.493547 0.444671 0.494052 0.445755 0.495406 0.451727 0.499419 0.466819
3 0.515573 0.423556 0.516781 0.438616 0.518219 0.455292 0.508945 0.451458 0.505919 0.449708 0.505542 0.450384 0.506221 0.459528 0.506526 0.463694 0.508190 0.464907 0.516555 0.469546 0.520188 0.472236 0.522003 0.473852 0.523440 0.474523 0.525406 0.476269 0.529870 0.469278 0.531534 0.473310 0.528659 0.478690 0.531987 0.482458 0.533424 0.483398 0.533878 0.482593 0.532083 0.468889 0.527240 0.463843 0.523263 0.459319 0.522229 0.457847 0.521169 0.444398 0.518901 0.441171 0.518901 0.439690 0.519279 0.438750 0.520112 0.437542 0.519505 0.430681
2 0.524870 0.445815 0.523641 0.447838 0.522510 0.451139 0.522161 0.457454 0.523263 0.459319 0.527318 0.463981 0.532161 0.469028 0.544591 0.483704 0.547687 0.486231 0.547771 0.486231 0.546008 0.483477 0.546008 0.483477 0.543690 0.473773 0.537750 0.468120 0.530641 0.459199 0.527128 0.453699
3 0.499927 0.468616 0.505495 0.466639 0.505768 0.467866 0.506904 0.471630 0.509039 0.476181 0.515622 0.474741 0.515219 0.481940 0.508229 0.485361 0.507216 0.486801 0.506914 0.488421 0.507117 0.489861 0.508635 0.491120 0.509852 0.491301 0.514003 0.492023 0.513698 0.494000 0.503773 0.510023 0.500839 0.502824 0.506914 0.493824 0.506914 0.493824
3 0.504740 0.408491 0.507055 0.421065 0.510307 0.437338 0.511443 0.442852 0.508945 0.451458 0.505919 0.449708 0.505542 0.450384 0.506221 0.459528 0.506526 0.463694 0.508190 0.464907 0.506904 0.471630 0.505768 0.467866 0.504557 0.464236 0.503120 0.463426 0.498505 0.457509 0.499112 0.456569 0.499263 0.454148 0.497901 0.454685 0.496995 0.451458 0.496766 0.449981 0.495406 0.451727 0.491849 0.431824 0.491471 0.425773 0.495784 0.412995 0.498430 0.404255 0.501229 0.396458 0.502622 0.394639 0.503453 0.400963
10 0.518659 0.389125 0.517599 0.387917 0.516844 0.387380 0.515633 0.387514 0.514648 0.388454 0.514044 0.389125 0.513362 0.389935 0.507992 0.388588 0.502622 0.394639 0.503453 0.400963 0.504740 0.408491 0.508826 0.406880 0.510185 0.407551 0.513893 0.414949 0.515331 0.405935
5 0.438427 0.327528 0.443896 0.326986 0.446932 0.328426 0.454021 0.329509 0.454729 0.330227 0.453516 0.335449 0.453516 0.336528 0.454122 0.337069 0.455135 0.337250 0.457464 0.338690 0.459286 0.345708 0.454021 0.339407 0.452807 0.340847 0.455234 0.343935 0.453818 0.344810 0.452807 0.345708 0.452401 0.346611 0.450984 0.346250 0.450174 0.346792 0.449971 0.347509 0.449161 0.347870 0.445211 0.343190
10 0.409951 0.327579 0.412685 0.326773 0.413297 0.326306 0.416099 0.326773 0.416536 0.322569 0.417497 0.322417 0.417497 0.307009 0.417141 0.296894 0.413284 0.297824 0.411911 0.297009 0.411062 0.296546 0.410211 0.295731 0.409271 0.296588 0.408484 0.297833 0.407958 0.299542 0.408833 0.303120 0.409708 0.303898 0.410234 0.304366 0.411547 0.319306 0.410320 0.318991 0.409534 0.318838 0.408745 0.319306 0.408047 0.320704 0.408055 0.322931 0.408120 0.325139 0.408120 0.326995
5 0.446427 0.290079 0.450073 0.302500 0.450680 0.302500 0.451185 0.300704 0.452299 0.300523 0.458680 0.305565 0.461414 0.307542 0.462503 0.306481 0.464508 0.304926 0.460211 0.300741 0.460154 0.298833 0.461115 0.293407 0.457565 0.293319 0.452096 0.291880
5 0.443073 0.287222 0.448047 0.281801 0.452807 0.277838 0.454617 0.278745 0.455294 0.280653 0.456370 0.282963 0.461229 0.290296 0.456755 0.290620 0.451388 0.289542
1 0.527331 0.652060 0.529323 0.642273 0.529997 0.641241 0.534336 0.634014 0.540687 0.620815 0.543383 0.615611 0.543266 0.611028 0.542094 0.611028 0.534164 0.628037 0.531549 0.631440 0.528385 0.638940 0.526628 0.637898 0.526492 0.643472 0.526362 0.648310 0.525456 0.650810
1 0.579003 0.709972 0.588964 0.743713 0.587792 0.745796 0.586620 0.747463 0.576659 0.713926
1 0.433359 0.287593 0.437323 0.286694 0.436714 0.284713 0.438336 0.284176 0.441677 0.286875 0.443073 0.287222 0.451388 0.289542 0.456755 0.290620 0.461229 0.290296 0.465974 0.289995 0.466539 0.291199 0.466654 0.293310 0.466370 0.295019 0.465466 0.295116 0.464448 0.294014 0.464901 0.292204 0.464844 0.291500 0.461964 0.292005 0.461115 0.293407 0.457565 0.293319 0.452096 0.291880 0.446427 0.290079 0.441982 0.289755 0.440461 0.289755 0.433464 0.290694
1 0.455135 0.321764 0.459297 0.338546 0.461977 0.348806 0.459286 0.345708 0.457464 0.338690 0.454245 0.326852 0.444917 0.294255 0.444333 0.292509 0.441169 0.289755 0.441982 0.289755 0.446427 0.290079 0.447221 0.293287 0.451286 0.306824
5 0.432958 0.296921 0.440461 0.289755 0.441169 0.289755 0.444411 0.292634 0.444917 0.294255 0.454245 0.326852 0.444917 0.325042 0.438740 0.326120 0.438638 0.320000 0.437625 0.317662 0.435398 0.316579 0.432867 0.316403 0.431651 0.315861 0.428815 0.309380 0.428401 0.301782 0.430224 0.300162 0.431945 0.298000
1 0.457464 0.338690 0.455135 0.337250 0.454122 0.337069 0.453516 0.336528 0.453516 0.335449 0.454729 0.330227 0.454021 0.329509 0.446932 0.328426 0.443896 0.326986 0.438427 0.327528 0.438740 0.326120 0.444917 0.325042 0.454245 0.326852
1 0.580555 0.484551 0.580940 0.485060 0.582253 0.486773 0.592487 0.500296 0.601706 0.512731 0.603049 0.513491 0.605063 0.513491 0.608826 0.516759 0.599708 0.505310 0.599708 0.505310 0.596922 0.501755 0.596802 0.501574 0.593820 0.498259 0.586732 0.488616 0.586732 0.488616 0.582305 0.482991 0.579505 0.480037 0.578542 0.481750 0.578542 0.481750
1 0.522674 0.538759 0.520552 0.541356 0.512641 0.533454 0.508979 0.529736 0.505581 0.526250 0.502495 0.522949 0.503253 0.522833 0.504659 0.520958 0.507117 0.523708 0.509951 0.527306 0.514010 0.530356 0.514010 0.530356
3 0.516201 0.592319 0.521365 0.586019 0.540909 0.604380 0.541214 0.604019 0.530698 0.587968 0.526240 0.582852 0.515198 0.571565 0.515198 0.571565 0.509719 0.565852 0.508503 0.579356 0.512240 0.586352 0.512352 0.586736
2 0.388518 0.251431 0.387643 0.266838 0.384755 0.264657 0.384966 0.250560 0.385914 0.243574 0.385779 0.239958 0.386458 0.237546 0.387000 0.234898 0.387000 0.220435 0.387813 0.216579 0.389474 0.212750 0.389937 0.212796 0.389469 0.219250 0.388518 0.237273 0.388169 0.244741 0.387940 0.250824
2 0.401201 0.381731 0.400589 0.383597 0.398049 0.388731 0.395336 0.392468 0.392711 0.395579 0.389648 0.399778 0.378271 0.394023 0.373807 0.391375 0.371969 0.398222 0.370568 0.398380 0.362341 0.385931 0.361604 0.382880 0.372721 0.368412 0.374034 0.370588 0.374919 0.372593 0.374919 0.372593 0.379562 0.380611 0.379758 0.382042 0.379495 0.382819 0.378794 0.384218 0.378182 0.386241 0.378445 0.389667 0.379495 0.390130 0.389823 0.388731 0.393586 0.387333 0.397000 0.385463 0.398138 0.384995
2 0.381130 0.329819 0.391003 0.327495 0.392310 0.328542 0.393487 0.329472 0.394206 0.328773 0.395253 0.328657 0.396299 0.329356 0.397279 0.329940 0.398195 0.332958 0.398521 0.337958 0.402706 0.339352 0.403424 0.339815 0.404471 0.341213 0.405060 0.342144 0.405453 0.344352 0.398979 0.353301 0.395253 0.366319 0.389760 0.366667 0.386362 0.368759 0.384008 0.373176 0.379562 0.380611 0.374919 0.372593
2 0.380161 0.329046 0.377096 0.329046 0.367383 0.351917 0.363094 0.362810 0.358630 0.377125 0.361604 0.382880 0.372721 0.368412 0.374034 0.370588
3 0.430146 0.422606 0.436711 0.433963 0.429271 0.443144 0.427695 0.442833 0.423932 0.442991 0.422268 0.441745
2 0.518659 0.389125 0.520427 0.378588 0.524891 0.377032 0.527427 0.377032 0.530229 0.377032 0.533117 0.377343 0.535130 0.386366 0.538370 0.390722 0.543883 0.391032 0.543534 0.394926 0.544495 0.396171 0.544758 0.392125 0.544669 0.389634 0.545984 0.388079 0.546682 0.387301 0.548083 0.388699 0.546596 0.403792 0.541820 0.407463 0.536531 0.412523 0.533279 0.417583 0.531109 0.423125 0.530568 0.430356 0.530568 0.437106 0.531979 0.442963 0.533643 0.448139 0.536125 0.451565 0.534320 0.454588 0.534320 0.454588 0.527516 0.443782 0.527078 0.444403 0.512813 0.418884
10 0.337411 0.280157 0.349010 0.291824 0.349318 0.289273 0.349948 0.289116 0.350104 0.289273 0.349755 0.294718 0.350193 0.295032 0.353159 0.285806 0.348875 0.281565 0.350591 0.271287 0.348365 0.272537 0.347193 0.272745 0.345203 0.271287 0.344622 0.273463 0.336531 0.265662
1 0.405081 0.436773 0.405081 0.440157 0.410904 0.442745 0.415604 0.444139 0.416885 0.444718 0.423406 0.450301 0.427474 0.456681 0.428151 0.458241 0.431169 0.461657 0.431729 0.464444 0.432513 0.463847 0.431281 0.459269 0.427810 0.452102 0.423555 0.446329 0.416500 0.441153 0.409661 0.438148
10 0.419591 0.285218 0.420503 0.284139 0.421312 0.282338 0.422122 0.281079 0.423742 0.280356 0.425768 0.280537 0.426680 0.280718 0.427794 0.280718 0.429109 0.280537 0.430729 0.280537 0.432349 0.281801 0.433161 0.284319 0.433362 0.286657 0.433464 0.289361 0.433260 0.291519 0.433260 0.292782 0.433260 0.295301 0.432958 0.296921 0.431945 0.298000 0.430224 0.300162 0.428401 0.301782 0.428198 0.298000 0.427185 0.297102 0.425971 0.297102 0.425667 0.296921
2 0.405453 0.344352 0.409445 0.337819 0.410583 0.338444 0.412685 0.339375 0.414172 0.340463 0.415836 0.342176 0.416974 0.343111 0.417497 0.344199 0.417411 0.346532 0.415836 0.353222 0.413734 0.362250 0.411896 0.369250 0.406471 0.376255 0.405771 0.375787 0.404458 0.371741 0.401831 0.368162 0.406732 0.356023 0.406995 0.353847 0.406646 0.351356 0.405156 0.350421 0.404107 0.350421 0.400432 0.351199
2 0.398979 0.353301 0.400432 0.351199 0.404107 0.350421 0.405156 0.350421 0.406646 0.351356 0.406995 0.353847 0.406732 0.356023 0.401831 0.368162 0.395253 0.366319
10 0.436146 0.465509 0.438690 0.464333 0.439997 0.463986 0.441958 0.465495 0.441828 0.469329 0.441893 0.471074 0.441828 0.472704 0.440914 0.474560 0.438690 0.479329 0.439214 0.480838 0.439802 0.482231 0.440062 0.484093 0.440128 0.484907 0.438820 0.485255 0.438036 0.485139 0.437841 0.486417 0.434505 0.483278 0.429146 0.478046 0.429276 0.475606 0.429471 0.472935 0.429930 0.470375 0.430453 0.468403 0.431367 0.467356
10 0.444706 0.484556 0.453531 0.482931 0.453990 0.484671 0.454055 0.486417 0.454055 0.488856 0.453990 0.491532 0.453531 0.493042 0.450654 0.496528 0.451242 0.497690 0.453794 0.494551 0.454643 0.492694 0.455102 0.492458 0.455885 0.492694 0.456539 0.493620 0.456669 0.494667 0.456669 0.495949 0.456539 0.496644 0.456016 0.497458 0.455690 0.498505 0.455102 0.499319 0.454773 0.500245 0.454839 0.501991 0.447060 0.495366 0.443135 0.491532
2 0.411966 0.383625 0.407753 0.381750 0.403094 0.379593 0.401201 0.381731 0.398138 0.384995 0.397000 0.385463 0.393586 0.387333 0.389823 0.388731 0.379495 0.390130 0.378445 0.389667 0.378182 0.386241 0.378794 0.384218 0.379495 0.382819 0.379758 0.382042 0.379562 0.380611 0.384008 0.373176 0.386362 0.368759 0.389760 0.366667 0.395253 0.366319 0.401831 0.368162 0.404458 0.371741 0.405771 0.375787 0.406471 0.376255 0.410385 0.378514 0.412435 0.380083 0.413724 0.381125 0.413607 0.383625
3 0.451823 0.423102 0.448542 0.421111 0.447826 0.418560 0.445898 0.416847 0.444586 0.419181 0.437935 0.416227 0.436622 0.406269 0.440997 0.396000
10 0.451125 0.391167 0.448766 0.384991 0.448867 0.381574 0.448969 0.379412 0.449172 0.377611 0.449779 0.375630 0.450995 0.373829 0.452310 0.372931 0.451904 0.370769 0.454133 0.370588 0.454336 0.373292 0.455349 0.373472 0.456867 0.375093 0.457779 0.378514 0.457880 0.382111 0.457474 0.387694 0.454539 0.389134 0.454568 0.386306 0.452542 0.384866 0.452240 0.390269
10 0.473302 0.410069 0.460310 0.398856 0.458995 0.396333 0.456969 0.396333 0.454943 0.400116 0.453930 0.397773 0.455247 0.393815 0.454336 0.392912 0.454539 0.389134 0.457474 0.387694 0.458083 0.388593 0.458792 0.391653 0.459500 0.393454 0.460716 0.391472 0.463247 0.385532 0.466620 0.388287 0.468036 0.390269 0.469456 0.393690 0.472089 0.403231 0.471682 0.404491 0.473607 0.408273
10 0.465505 0.377486 0.467732 0.377486 0.466620 0.381625 0.467935 0.381625 0.468745 0.378204 0.471378 0.378565 0.472289 0.380005 0.474284 0.382111 0.476513 0.383014 0.478031 0.383370 0.479044 0.383731 0.480362 0.383370 0.480547 0.389134 0.481224 0.393301 0.481904 0.397069 0.482740 0.399755 0.482315 0.408810 0.481708 0.411690 0.475935 0.413671 0.473302 0.410069 0.473607 0.408273 0.471682 0.404491 0.472089 0.403231 0.469456 0.393690 0.468036 0.390269 0.466620 0.388287 0.463177 0.385407
2 0.477383 0.365921 0.476716 0.364829 0.476310 0.365907 0.476818 0.368069 0.474185 0.373292 0.474284 0.382111 0.476513 0.383014 0.478031 0.383370 0.479044 0.383731 0.480362 0.383370 0.479643 0.362167 0.478948 0.339935 0.477810 0.340560 0.473443 0.327486 0.471081 0.329667 0.475719 0.350519 0.475982 0.353319 0.478781 0.362495
10 0.470906 0.358454 0.468005 0.368972 0.463247 0.385532 0.460716 0.391472 0.459500 0.393454 0.458792 0.391653 0.458083 0.388593 0.457474 0.387694 0.457880 0.382111 0.457779 0.378514 0.456867 0.375093 0.455349 0.373472 0.454336 0.373292 0.454133 0.370588 0.451904 0.370769 0.452310 0.372931 0.450995 0.373829 0.449779 0.375630 0.449172 0.377611 0.448969 0.379412 0.448867 0.381574 0.448766 0.384991 0.441070 0.363569 0.441677 0.361949 0.442992 0.361046 0.444411 0.359968 0.445221 0.358528 0.446133 0.357630 0.449474 0.353486 0.451398 0.351505 0.454031 0.349889 0.457779 0.348986 0.460411 0.348986 0.461977 0.348806 0.467404 0.348495 0.470292 0.349741 0.471430 0.351449 0.471781 0.353472 0.471518 0.355963
1 0.362760 0.319755 0.364458 0.316347 0.365247 0.317282 0.357893 0.339843 0.355443 0.345755 0.350719 0.351514 0.350070 0.348074 0.354008 0.343560 0.358385 0.333292
8 0.362823 0.316644 0.349482 0.340759 0.346281 0.342315 0.345581 0.340759 0.345930 0.339204 0.360932 0.313019 0.361057 0.310796 0.361117 0.309907 0.361680 0.308685 0.362617 0.308019 0.363555 0.307796 0.364555 0.307574 0.365430 0.308241 0.365805 0.308796
1 0.417411 0.346532 0.412435 0.380083 0.410385 0.378514 0.408867 0.377431 0.410081 0.371671 0.411896 0.369250 0.413734 0.362250 0.415836 0.353222
2 0.483547 0.522995 0.484057 0.516681 0.478008 0.506731 0.478990 0.513588 0.476570 0.510361 0.476190 0.518431 0.472937 0.516412 0.473289 0.521134 0.482573 0.530106 0.483023 0.527528
2 0.441641 0.454074 0.445099 0.459069 0.440997 0.434431 0.439422 0.423694 0.438372 0.418560 0.437935 0.416227 0.436622 0.406269 0.435440 0.400528 0.435130 0.395190 0.431576 0.372329 0.429221 0.356366 0.428333 0.349375 0.425555 0.329500 0.423839 0.318120 0.419591 0.285218 0.419125 0.281222 0.419125 0.281222 0.418539 0.277264 0.416419 0.264542 0.413299 0.266227 0.415135 0.276046 0.417935 0.297366 0.422862 0.331963 0.433292 0.405287 0.438854 0.437713
2 0.300909 0.206495 0.311474 0.206648 0.311609 0.209060 0.311203 0.212676 0.308492 0.216532 0.294896 0.240787 0.292943 0.237769
8 0.310448 0.168606 0.309310 0.174829 0.305992 0.187667 0.305109 0.187745 0.302570 0.197861 0.302305 0.199509 0.300909 0.206495 0.292917 0.236991 0.291198 0.234120 0.291026 0.224546 0.291990 0.224079 0.292253 0.224079 0.299682 0.199727 0.302833 0.186500 0.305547 0.178097 0.308435 0.166583 0.309310 0.167671 0.309057 0.167597
1 0.368779 0.182606 0.366164 0.187407 0.363820 0.194801 0.362987 0.195611 0.360458 0.199843 0.358302 0.202634 0.357435 0.204782 0.353906 0.208097 0.348755 0.211227 0.346180 0.212676 0.343198 0.223278 0.344495 0.224079 0.347294 0.213810 0.349047 0.212875 0.351966 0.211519 0.355750 0.209231 0.359380 0.204796 0.364146 0.198069 0.366112 0.193093 0.367474 0.188926 0.370107 0.183088
2 0.350591 0.271287 0.348875 0.281565 0.353159 0.285806 0.353956 0.283204 0.354831 0.278694 0.355706 0.274338 0.357633 0.268111 0.359844 0.263287 0.366047 0.238792 0.360734 0.235338
1 0.328062 0.188435 0.331565 0.186625 0.335615 0.185431 0.346794 0.182292 0.349867 0.181245 0.352023 0.180898 0.359589 0.180106 0.370883 0.181111 0.377094 0.182690 0.382258 0.181898 0.385927 0.181898 0.390206 0.183921 0.391544 0.184782 0.393070 0.185569 0.398497 0.186968 0.398409 0.188833 0.393945 0.187903 0.390888 0.186491 0.385969 0.184120 0.382904 0.183977 0.378385 0.184264 0.375763 0.184120 0.371044 0.182977 0.359750 0.182116 0.353456 0.182546 0.351792 0.183236 0.346120 0.184986 0.335755 0.187546 0.332154 0.188444 0.328828 0.190157 0.328690 0.190218
5 0.366112 0.193093 0.367474 0.188926 0.369516 0.189463 0.370953 0.190810 0.371786 0.191616 0.372542 0.192556 0.372844 0.194440 0.373070 0.198338 0.372693 0.204120 0.368609 0.205736 0.367096 0.204528 0.365128 0.203986 0.363388 0.203315 0.363237 0.201972 0.364146 0.198069
14 0.389688 0.157454 0.386750 0.157241 0.384523 0.157449 0.382766 0.154741 0.381479 0.151616 0.380073 0.149116 0.379018 0.148282 0.373646 0.151852 0.378724 0.167130 0.383703 0.164532 0.384406 0.166407 0.379604 0.168694 0.382062 0.175986 0.385695 0.178694 0.386750 0.180153 0.389094 0.176194
14 0.417344 0.251343 0.409505 0.264245 0.409857 0.266954 0.406982 0.270333 0.407630 0.262162 0.403177 0.260287 0.402943 0.263204 0.398141 0.258204 0.393453 0.248204 0.389469 0.219250 0.389937 0.212796 0.390406 0.213005 0.397437 0.236125 0.399312 0.236333 0.398961 0.234250 0.391109 0.209046 0.391695 0.204463 0.392031 0.200278 0.400495 0.207500 0.402357 0.211546 0.411497 0.228625 0.415482 0.238833
14 0.397279 0.329940 0.395443 0.323815 0.394042 0.314324 0.393953 0.308722 0.393867 0.302653 0.395180 0.294097 0.397630 0.288653 0.399206 0.287560 0.401219 0.287560 0.402268 0.287250 0.395880 0.278847 0.390628 0.274648 0.388177 0.274338 0.386602 0.274958 0.385464 0.276671 0.384240 0.278847 0.382401 0.282116 0.381000 0.284917 0.380214 0.287093 0.376188 0.299699 0.375398 0.300787 0.373823 0.301097 0.372599 0.301722 0.364458 0.316347 0.365247 0.317282 0.357893 0.339843 0.355443 0.345755 0.350719 0.351514 0.351417 0.357426 0.350456 0.358824 0.349318 0.359139 0.358630 0.377125 0.363094 0.362810 0.367383 0.351917 0.377096 0.329046 0.380161 0.329046 0.381352 0.321171 0.382138 0.321792 0.381130 0.329819 0.391003 0.327495 0.392310 0.328542 0.393487 0.329472 0.394206 0.328773 0.395253 0.328657 0.396299 0.329356
5 0.335755 0.187546 0.346120 0.184986 0.351792 0.183236 0.354516 0.185657 0.357391 0.187407 0.358221 0.184986 0.366164 0.187407 0.363820 0.194801 0.360568 0.192111 0.355878 0.189694 0.351112 0.188347 0.348464 0.187676 0.339841 0.194264
5 0.527464 0.443583 0.524870 0.445815 0.527128 0.453699 0.530641 0.459199 0.537750 0.468120 0.543690 0.473773 0.543438 0.471690 0.544357 0.465148 0.545948 0.461727 0.550297 0.458606 0.550547 0.454144 0.553893 0.446708 0.553560 0.446856 0.548206 0.452954 0.545195 0.454440 0.541180 0.454144 0.536495 0.452060 0.536245 0.451468 0.534320 0.454588
5 0.335724 0.182157 0.335940 0.183222 0.335615 0.185431 0.346794 0.182292 0.349867 0.181245 0.352023 0.180898 0.352023 0.180898 0.356315 0.180477 0.360833 0.177083 0.357432 0.175273 0.357432 0.175273 0.345789 0.175468 0.345964 0.177148 0.342990 0.176870 0.342552 0.178269 0.340187 0.180139
5 0.324318 0.189963 0.316677 0.194935 0.313956 0.199912 0.302305 0.199509 0.302570 0.197861 0.311497 0.193657 0.323576 0.188056
2 0.542872 0.605713 0.543987 0.620833 0.544797 0.633435 0.544495 0.640097 0.544089 0.650000 0.542266 0.662421 0.541339 0.667333 0.543440 0.676986 0.545305 0.665120 0.545393 0.659940 0.547604 0.643796 0.546820 0.629995 0.545911 0.609852
4 0.569904 0.500296 0.572880 0.498116 0.575594 0.496560 0.577867 0.495940 0.580143 0.495940 0.582768 0.496407 0.586708 0.498116 0.588721 0.499519 0.590734 0.501542 0.593622 0.505273 0.595109 0.509009 0.596599 0.513676 0.596073 0.515231 0.595109 0.520366 0.594935 0.523167 0.585281 0.538542 0.564276 0.571528 0.561125 0.567125 0.559401 0.560278 0.558089 0.550926 0.557982 0.543005 0.558289 0.533454 0.558596 0.532023 0.560214 0.541917 0.562341 0.542278 0.562638 0.539037 0.560714 0.519778 0.563049 0.511310 0.565885 0.505741 0.567602 0.503222 0.565885 0.542463 0.566690 0.543722 0.567909 0.543722 0.568417 0.543537
6 0.552995 0.376806 0.552797 0.380958 0.553464 0.383472 0.554297 0.387259 0.556747 0.392718 0.557617 0.395977 0.560596 0.399718 0.561612 0.399750 0.563104 0.401194 0.565273 0.402398 0.568255 0.406014 0.568797 0.406977 0.571693 0.410361 0.579372 0.418644 0.581393 0.418644 0.589661 0.426356 0.597255 0.435273 0.602677 0.443468 0.605190 0.447866 0.608948 0.453880 0.620612 0.472412 0.630370 0.488144 0.640055 0.503208 0.641417 0.504417 0.642096 0.510065 0.644365 0.521630 0.647240 0.535750 0.647453 0.537394 0.650781 0.556889 0.651914 0.565903 0.652141 0.568593 0.656000 0.567514 0.654638 0.557028 0.651099 0.537634 0.644211 0.500519 0.623508 0.467806 0.622359 0.465889 0.612073 0.450019 0.608745 0.444505 0.606474 0.441278 0.606474 0.441278 0.601068 0.432269 0.598622 0.427222 0.592117 0.419755 0.586693 0.415171 0.576932 0.406014 0.560914 0.394306 0.560914 0.394306 0.558948 0.389329 0.559172 0.386977 0.557547 0.381912 0.556326 0.378782
4 0.508750 0.290366 0.511320 0.284986 0.513516 0.282028 0.515482 0.280009 0.517070 0.278532 0.518734 0.278259 0.519794 0.278259 0.521078 0.278935 0.522971 0.281083 0.523727 0.284042 0.523727 0.284852 0.516161 0.288884 0.514724 0.290366 0.513969 0.293458 0.511320 0.291440
5 0.290461 0.244634 0.290120 0.267056 0.304648 0.277472 0.306641 0.278384 0.311771 0.281713
11 0.321432 0.324736 0.321927 0.335398 0.324638 0.334194 0.341448 0.356366 0.362341 0.385931 0.361604 0.382880 0.361604 0.382880 0.358630 0.377125 0.358630 0.377125 0.349318 0.359139 0.340977 0.344361 0.338242 0.338417 0.329128 0.321495 0.331862 0.317713 0.333576 0.317917 0.330617 0.312458 0.328693 0.316060 0.327508 0.316995 0.323357 0.322037
8 0.513255 0.295602 0.514724 0.296685 0.515331 0.300046 0.515935 0.303676 0.516539 0.306907 0.518620 0.318056 0.520594 0.329352 0.520453 0.332440 0.519745 0.331903 0.513182 0.299630
8 0.384755 0.264657 0.378487 0.258431 0.377674 0.262394 0.390628 0.274648 0.395880 0.278847 0.402268 0.287250 0.402081 0.287236 0.403802 0.286333 0.404208 0.283634 0.401555 0.280565 0.395867 0.275102
5 0.326807 0.255662 0.326216 0.242685 0.318130 0.240787 0.318232 0.248347 0.315812 0.249551 0.313927 0.255866 0.318943 0.260685 0.319547 0.276972 0.318008 0.281014 0.304518 0.257370 0.294792 0.240694 0.308492 0.216532 0.311203 0.212676 0.311609 0.209060 0.311474 0.206648 0.332216 0.205926 0.340622 0.226653 0.340622 0.226653 0.345234 0.232176 0.349536 0.230667 0.349484 0.229056 0.347208 0.227347 0.344495 0.224079 0.347294 0.213810 0.349047 0.212875 0.351966 0.211519 0.355750 0.209231 0.359380 0.204796 0.361573 0.205736 0.359154 0.225773 0.358872 0.227528 0.360052 0.226852 0.365810 0.212593 0.367096 0.212593 0.367549 0.211250 0.368003 0.210042 0.368760 0.209231 0.369893 0.209097 0.371560 0.207486 0.370349 0.216495 0.366339 0.223620 0.366125 0.225282 0.365940 0.226500 0.366292 0.229208 0.366935 0.231042 0.368292 0.237065 0.371544 0.248153 0.374120 0.255625 0.376831 0.257551 0.378487 0.258431 0.375411 0.260796 0.373667 0.262403 0.376979 0.272222 0.374727 0.270403 0.372424 0.269667 0.371096 0.264204 0.371096 0.264204 0.370628 0.262120 0.368987 0.261287 0.367346 0.260870 0.366174 0.261079 0.364185 0.260870 0.362661 0.260454 0.361563 0.261481 0.359698 0.263204 0.366047 0.238792 0.360734 0.235338 0.350591 0.271287 0.348365 0.272537 0.347193 0.272745 0.345203 0.271287 0.344622 0.273463 0.336531 0.265662 0.334773 0.246495 0.333719 0.244208 0.332195 0.244208 0.332664 0.253787 0.330789 0.253579 0.329385 0.253995 0.328096 0.255454 0.327276 0.255662
3 0.535573 0.485361 0.536786 0.483741 0.533445 0.479241 0.532083 0.468889 0.532083 0.468889 0.544591 0.483704 0.547771 0.486231 0.548042 0.486852 0.550888 0.489259 0.553057 0.489019 0.553203 0.493981 0.553385 0.499583 0.549115 0.504444 0.539419 0.488782 0.537396 0.491301
10 0.374586 0.272236 0.376247 0.274102 0.379049 0.277060 0.380273 0.280014 0.381586 0.283750 0.381000 0.284917 0.380214 0.287093 0.376188 0.299699 0.375398 0.300787 0.373823 0.301097 0.372599 0.301722 0.370034 0.299931 0.367409 0.296662 0.366096 0.293083 0.365307 0.289662 0.367057 0.285926 0.368458 0.287796 0.370734 0.287949 0.372398 0.286241 0.374323 0.283125 0.375023 0.279394 0.375109 0.275657
7 0.443570 0.165356 0.444867 0.156843 0.445068 0.150185 0.444971 0.144241 0.446284 0.142981 0.447703 0.144069 0.448815 0.147852 0.452560 0.160810 0.459648 0.178083 0.464612 0.188708 0.466031 0.189069 0.465427 0.208690 0.466799 0.208440 0.469635 0.218694 0.471562 0.228778 0.471562 0.233102 0.471055 0.234361 0.467510 0.235981 0.448982 0.211505 0.443711 0.205375 0.437234 0.197644 0.437839 0.191870 0.440732 0.177648
8 0.259948 0.182222 0.255089 0.173912 0.250057 0.168407 0.244638 0.164449 0.241831 0.163593 0.240766 0.165310 0.240573 0.167375 0.241346 0.170301 0.242023 0.171333 0.243573 0.172366 0.245411 0.173569 0.250927 0.178389 0.254411 0.183204 0.257214 0.189398 0.260255 0.193907 0.270677 0.211157 0.290461 0.244634 0.292674 0.248769 0.299706 0.260222 0.311771 0.281713 0.312086 0.282148 0.312086 0.282148 0.313297 0.284167 0.313826 0.285241 0.316549 0.286315 0.318516 0.288468 0.319802 0.290755 0.320029 0.293176 0.318818 0.293042 0.320591 0.296435 0.330617 0.312458 0.333576 0.317917 0.340409 0.319282 0.328560 0.299477 0.320055 0.283995 0.318008 0.281014 0.304560 0.257505 0.294896 0.240787 0.292943 0.237769 0.292943 0.237769 0.291047 0.234060 0.291047 0.234060 0.271128 0.201773 0.267852 0.195347
1 0.602826 0.598551 0.595102 0.598551 0.586490 0.599051 0.585893 0.599690 0.583857 0.603190 0.602388 0.602653 0.617823 0.602819 0.621411 0.603440 0.624826 0.603440 0.626026 0.603389 0.625701 0.598394 0.622065 0.598074 0.611763 0.598870
10 0.443570 0.165356 0.441336 0.160329 0.441336 0.158537 0.441112 0.156347 0.439992 0.155352 0.439211 0.155551 0.438539 0.156148 0.431820 0.149380 0.423422 0.143009 0.419055 0.140222 0.412896 0.137634 0.409872 0.136639 0.407521 0.136042 0.406401 0.136042 0.404404 0.140134 0.396458 0.144954 0.398372 0.147412 0.399221 0.145667 0.417396 0.155546 0.419555 0.158106 0.421057 0.160079 0.423281 0.161125 0.425997 0.162917 0.434508 0.171875 0.440732 0.177648
14 0.335724 0.182157 0.340187 0.180139 0.342552 0.178269 0.342990 0.176870 0.345966 0.177181 0.345789 0.175468 0.357430 0.175315 0.356729 0.174222 0.348677 0.167843 0.348328 0.165667 0.342901 0.162088 0.341240 0.161931 0.339401 0.161931 0.335813 0.163176 0.334237 0.166602 0.332750 0.170801 0.331542 0.172495 0.330667 0.176542
8 0.302305 0.199509 0.313956 0.199912 0.315523 0.199495 0.315523 0.199495 0.329703 0.199958 0.332216 0.205926 0.311474 0.206648 0.300909 0.206495
2 0.552190 0.619213 0.551786 0.654139 0.551643 0.677528 0.551036 0.715153 0.546378 0.714611 0.548240 0.719921 0.548240 0.719921 0.554057 0.718759 0.554276 0.680588 0.554721 0.641977 0.555258 0.623569
8 0.531872 0.327389 0.540875 0.342718 0.546180 0.351671 0.550323 0.359833 0.553214 0.367731 0.554271 0.372032 0.554833 0.371310 0.555549 0.369208 0.554112 0.363968 0.551164 0.356838 0.548870 0.351204 0.547794 0.349366 0.543745 0.341787 0.541112 0.338023 0.536352 0.330102 0.533917 0.326148 0.529831 0.318079 0.528242 0.318352
8 0.536859 0.348644 0.538378 0.350083 0.538581 0.351523 0.538581 0.353486 0.546841 0.372667 0.553167 0.387870 0.554297 0.387259 0.552815 0.380792 0.553049 0.377667 0.541685 0.350588 0.527977 0.317676 0.525164 0.311009 0.517664 0.298718 0.516492 0.298093 0.516844 0.301218 0.518836 0.305176 0.523289 0.316218
8 0.475885 0.247454 0.467510 0.235981 0.448982 0.211505 0.443711 0.205375 0.437234 0.197644 0.434427 0.194676 0.433362 0.197074 0.437445 0.202588 0.443937 0.212722 0.449141 0.220208 0.463966 0.238630 0.469617 0.246403 0.479367 0.258343 0.478914 0.255116 0.479510 0.253245 0.479359 0.251912 0.479279 0.250023 0.477466 0.250435 0.476482 0.250565 0.475570 0.250023 0.475349 0.248815
5 0.331724 0.128231 0.335227 0.119671 0.340651 0.110801 0.343628 0.106292 0.344854 0.104579 0.345443 0.120509 0.340391 0.126671 0.337503 0.129787 0.336365 0.130718 0.336646 0.132801 0.336146 0.133935 0.342555 0.141954 0.340380 0.144333 0.339932 0.146079 0.338268 0.145944 0.335091 0.145273 0.333122 0.144468 0.331839 0.143796 0.330096 0.143662 0.327451 0.142718
2 0.617448 0.630833 0.610083 0.613241 0.607737 0.613912 0.601081 0.631931 0.601771 0.635880 0.600779 0.637444 0.599643 0.637310 0.597299 0.643630 0.597828 0.644574 0.605911 0.629769 0.607057 0.630046 0.610083 0.622250 0.610992 0.623593 0.617117 0.640134 0.615076 0.643764 0.617799 0.649144 0.621656 0.641750
3 0.551901 0.729815 0.554276 0.729556 0.558833 0.729556 0.562784 0.729375 0.563865 0.732926 0.565831 0.734273 0.564732 0.739412 0.564555 0.746190 0.556250 0.742051
3 0.543815 0.578648 0.553445 0.574269 0.552995 0.598148 0.545365 0.598981
2 0.566323 0.491051 0.537047 0.523458 0.537047 0.522116 0.539091 0.516065 0.542966 0.511463 0.549143 0.504264 0.555320 0.497241 0.566615 0.485644 0.592102 0.457204 0.593313 0.461181
2 0.522924 0.557361 0.522206 0.557361 0.522271 0.552713 0.523232 0.552167 0.529635 0.550833 0.537206 0.549495 0.537206 0.549495 0.545956 0.547472 0.557536 0.545231 0.557141 0.558144 0.556805 0.570088 0.555523 0.596889 0.554823 0.598134 0.555612 0.602648 0.555620 0.615176 0.552635 0.610583 0.552997 0.597755 0.553445 0.574269 0.554010 0.568477 0.554359 0.556185 0.554385 0.550676 0.549896 0.551829 0.542281 0.552764 0.543815 0.578648 0.544599 0.589991 0.545443 0.600093 0.542919 0.596579 0.539331 0.553477
14 0.634852 0.598153 0.634852 0.603528 0.634180 0.606514 0.631828 0.608505 0.635299 0.614676 0.638659 0.614676 0.642130 0.603727 0.644594 0.592194 0.644594 0.592194
3 0.610755 0.586130 0.611091 0.591903 0.611763 0.598870 0.622065 0.598074 0.613487 0.580023 0.611823 0.580426 0.610612 0.580560 0.611539 0.583343
7 0.606521 0.589796 0.607396 0.589713 0.609299 0.588319 0.610755 0.586130 0.611539 0.583343 0.610612 0.580560 0.609555 0.580157 0.608570 0.576796 0.607661 0.571014 0.607586 0.565903 0.608117 0.563213 0.596659 0.582421 0.602490 0.585616
2 0.606521 0.589796 0.606409 0.592778 0.605401 0.594968 0.604057 0.597157 0.602826 0.598551 0.595102 0.598551 0.593422 0.595366 0.592750 0.592778 0.592526 0.589194 0.596659 0.582421 0.602490 0.585616
10 0.606294 0.685620 0.608240 0.688375 0.617005 0.694630 0.608917 0.709019 0.604659 0.716245 0.598068 0.707472 0.596432 0.704546 0.595466 0.701792 0.596820 0.697148 0.597594 0.695944
3 0.580349 0.621963 0.586253 0.626264 0.586349 0.627810 0.578219 0.632116 0.578122 0.634352 0.578026 0.636241 0.576091 0.636588 0.575896 0.643125 0.570115 0.636838 0.555620 0.615176 0.555612 0.602648 0.556398 0.605602 0.557362 0.607162 0.558849 0.608250 0.560076 0.607625 0.561214 0.605602 0.561651 0.606227 0.563138 0.609648 0.565414 0.616185 0.566115 0.617431 0.570138 0.612278
3 0.611143 0.685278 0.615305 0.688028 0.623917 0.677019 0.625167 0.675296 0.625659 0.673579 0.630789 0.669102 0.631758 0.667556 0.630596 0.667037 0.629339 0.667037 0.628651 0.667213 0.627682 0.665491 0.627016 0.663944 0.626232 0.662394 0.625758 0.661880 0.622951 0.664801 0.622359 0.662912 0.620435 0.662912 0.621401 0.666694 0.617435 0.671685 0.616174 0.667213 0.614917 0.668417 0.616370 0.672546 0.611143 0.679083 0.609932 0.674829 0.609174 0.676444 0.608917 0.676676 0.610078 0.680116 0.608531 0.682694
3 0.607057 0.630046 0.615076 0.643764 0.617799 0.649144 0.619214 0.652278 0.619214 0.652278 0.622034 0.657347 0.620370 0.659634 0.619086 0.661653 0.619464 0.662324 0.619539 0.663130 0.613034 0.670796 0.612276 0.671602 0.611219 0.672815 0.609932 0.674829 0.609174 0.676444 0.606073 0.681421 0.600628 0.671333 0.592081 0.687472 0.583078 0.702801 0.573924 0.718671 0.573094 0.718671 0.571276 0.723111 0.570747 0.724856 0.565831 0.735750 0.565831 0.734273 0.563865 0.732926 0.562784 0.729375 0.574328 0.709213 0.586104 0.688412 0.585195 0.685856 0.584893 0.685588 0.584432 0.684144 0.585479 0.683213 0.586198 0.682051 0.586852 0.681356 0.588448 0.683569 0.598055 0.667301 0.592609 0.658019 0.594273 0.650759 0.597828 0.644574 0.602240 0.636389 0.605911 0.629769
2 0.626224 0.607315 0.613008 0.612620 0.603380 0.614801 0.601193 0.616509 0.600232 0.616356 0.579487 0.622269 0.578701 0.620088 0.578000 0.618222 0.577036 0.614954 0.576510 0.612000 0.576424 0.610597 0.579924 0.609352 0.581255 0.607162 0.583427 0.605931 0.585089 0.605463 0.590341 0.603907 0.602245 0.603597 0.602419 0.605463 0.613622 0.603287 0.617823 0.602819 0.621411 0.603440 0.624826 0.603440
2 0.629245 0.601986 0.625615 0.594903 0.635573 0.588236 0.647148 0.581500 0.644594 0.592194
10 0.546820 0.629995 0.548503 0.631148 0.551612 0.635755 0.552391 0.644278 0.552000 0.649806 0.547596 0.662472 0.545393 0.659940 0.547604 0.643796
3 0.548568 0.510602 0.549458 0.511843 0.551997 0.517287 0.549633 0.525690 0.553833 0.527398 0.553310 0.533157 0.548146 0.531444 0.543594 0.545139 0.533003 0.535491 0.537047 0.523458
3 0.542544 0.557741 0.554010 0.568477 0.554359 0.556185 0.549896 0.551829 0.542281 0.552764
3 0.545956 0.547472 0.533003 0.535491 0.537047 0.523458 0.537047 0.522116 0.539091 0.516065 0.538693 0.514796 0.527755 0.503273 0.524211 0.500394 0.522083 0.499315 0.521172 0.504713 0.518154 0.515245 0.515849 0.523509 0.514010 0.530356 0.522674 0.538759 0.523552 0.537514 0.523727 0.539847 0.530260 0.546898 0.530990 0.544361 0.537206 0.549495
3 0.586349 0.627810 0.601081 0.631931 0.601771 0.635880 0.600779 0.637444 0.599643 0.637310 0.589630 0.634519 0.590414 0.644671 0.589638 0.649148 0.589057 0.652588 0.585187 0.654134 0.584414 0.660847 0.593898 0.660157 0.596607 0.664801 0.596607 0.664801 0.584607 0.666352 0.583250 0.668542 0.577781 0.655940 0.578026 0.636241 0.578219 0.632116
10 0.580151 0.673176 0.569862 0.660671 0.569031 0.662014 0.564643 0.656903 0.562526 0.661343 0.562677 0.662685 0.560862 0.668741 0.561240 0.671292 0.561919 0.672505 0.565021 0.675866 0.566609 0.677074 0.568500 0.677213 0.569312 0.676912 0.582747 0.694681 0.586104 0.688412 0.585195 0.685856 0.584893 0.685588 0.584432 0.684144 0.583203 0.682778
14 0.437885 0.333750 0.438427 0.327528 0.438740 0.326120 0.438638 0.320000 0.437625 0.317662 0.435398 0.316579 0.432867 0.316403 0.431651 0.315861 0.429638 0.315861 0.428049 0.316940 0.427143 0.318148 0.426536 0.319356 0.426461 0.320032 0.435479 0.331181
6 0.419453 0.415972 0.407417 0.409727 0.389648 0.399778 0.378271 0.394023 0.373807 0.391375 0.371969 0.398222 0.372482 0.400727 0.380279 0.412431 0.389857 0.417810 0.390159 0.416065 0.395305 0.415120 0.399690 0.413375 0.400372 0.414046 0.400297 0.414986 0.399766 0.415662 0.399919 0.417944 0.399401 0.425093 0.415938 0.434306
2 0.391242 0.137583 0.390786 0.149014 0.389688 0.157454 0.389094 0.176194 0.389292 0.177759 0.387852 0.181245 0.390206 0.183921 0.391544 0.184782 0.392680 0.157486 0.393435 0.147264 0.393888 0.137852
13 0.402268 0.287250 0.404263 0.289338 0.407138 0.315023 0.407792 0.316537 0.408185 0.317116 0.408055 0.322931 0.408120 0.325139 0.408120 0.326995 0.406419 0.329787 0.404719 0.331065 0.402888 0.331880 0.401779 0.333736 0.401057 0.334204 0.399555 0.333157 0.398182 0.331412 0.397279 0.329940 0.395443 0.323815 0.394042 0.314324 0.393953 0.308722 0.393867 0.302653 0.395180 0.294097 0.397630 0.288653 0.399206 0.287560 0.401219 0.287560
2 0.315469 0.126528 0.316352 0.124134 0.318622 0.125611 0.318638 0.132713 0.318562 0.147505 0.318471 0.166764 0.314823 0.169694 0.314823 0.169694 0.314737 0.167829 0.315219 0.148880 0.315690 0.147926 0.315427 0.139370
13 0.576932 0.406014 0.560914 0.394306 0.558948 0.389329 0.559172 0.386977 0.559714 0.384565 0.562156 0.382880 0.564732 0.382880 0.568391 0.384083 0.572187 0.388181 0.575169 0.394204 0.576932 0.402157
2 0.335755 0.187546 0.339841 0.194264 0.339841 0.194264 0.348464 0.187676 0.351112 0.188347 0.351112 0.188347 0.351565 0.189560 0.349826 0.190769 0.341276 0.196944 0.342539 0.198833 0.344380 0.199644 0.344380 0.199644 0.344310 0.201352 0.344310 0.201352 0.347188 0.205769 0.346992 0.208097 0.344823 0.209782 0.344823 0.209782 0.342927 0.207856 0.338630 0.200583 0.335393 0.194824 0.332154 0.188444 0.332154 0.188444
14 0.308435 0.166583 0.293643 0.164093 0.293031 0.171250 0.292768 0.184009 0.292331 0.192727 0.292187 0.198935 0.296268 0.199106 0.299682 0.199727 0.302833 0.186500 0.300820 0.180898 0.303096 0.180120 0.303271 0.178875 0.305547 0.178097
2 0.349536 0.230667 0.345234 0.232176 0.340622 0.226653 0.332216 0.205926 0.329703 0.199958 0.325589 0.191556 0.324318 0.189963 0.323576 0.188056 0.319549 0.179032 0.322875 0.177944 0.327341 0.186657 0.328062 0.188435 0.328828 0.190157 0.333818 0.199495 0.337503 0.207616 0.343198 0.223278 0.344495 0.224079 0.347208 0.227347 0.349484 0.229056
14 0.345443 0.120509 0.345036 0.105926 0.344430 0.096204 0.344935 0.092782 0.347367 0.088644 0.350000 0.086120 0.353544 0.084500 0.356380 0.084324 0.359518 0.085764 0.362049 0.088824 0.364581 0.094042 0.365492 0.106287 0.365695 0.111329 0.358911 0.113486 0.350607 0.116366
1 0.471013 0.256435 0.474299 0.263991 0.475964 0.267222 0.477497 0.269671 0.480943 0.274495 0.484786 0.277509 0.486706 0.278815 0.488401 0.281625 0.489531 0.280824 0.490211 0.280824 0.494786 0.282731 0.494674 0.283333 0.497599 0.284972 0.502062 0.288333 0.507885 0.292231 0.509401 0.292778 0.510312 0.293287 0.513255 0.295602 0.514724 0.296685 0.516464 0.297759 0.520898 0.303532 0.525065 0.311088 0.526276 0.311491 0.528544 0.312972 0.531943 0.314963 0.542607 0.321148 0.542440 0.319199 0.535648 0.314829 0.526117 0.309449 0.521503 0.302319 0.517417 0.296671 0.513969 0.293458 0.511320 0.291440 0.508750 0.290366 0.503703 0.287361 0.496424 0.282630 0.495690 0.281926 0.494391 0.281023 0.490990 0.280000 0.489081 0.278713 0.485294 0.276000 0.481169 0.272787 0.478286 0.268870 0.477174 0.267491 0.471742 0.255588 0.468503 0.247486 0.465979 0.240995 0.464391 0.239787
6 0.481576 0.417241 0.475935 0.413671 0.473302 0.410069 0.460310 0.398856 0.460602 0.400579 0.458495 0.403912 0.459432 0.406829 0.465758 0.408287 0.465992 0.412662 0.462922 0.412819 0.463273 0.413440 0.467820 0.418056 0.474969 0.423889 0.476422 0.422032 0.479818 0.419116
8 0.570349 0.491287 0.569904 0.500296 0.568417 0.543537 0.567909 0.543722 0.566690 0.543722 0.565885 0.542463 0.567602 0.503222 0.568424 0.490352 0.569388 0.489574
