0 0.688612 0.349310 0.679940 0.357944 0.675604 0.365653 0.674563 0.376139 0.672818 0.377426 0.648336 0.372435 0.641263 0.391861 0.624612 0.446130 0.639701 0.422389 0.651060 0.417787 0.672198 0.425519 0.677859 0.443356 0.688612 0.457847 0.687953 0.482949 0.681951 0.488806 0.677391 0.496389 0.677391 0.496389 0.675984 0.500676 0.672810 0.508356 0.671596 0.522231 0.673331 0.544120 0.676904 0.567708 0.693745 0.581000 0.697781 0.565116 0.699203 0.560208 0.706229 0.546972 0.710328 0.536713 0.712503 0.528088 0.712669 0.523852 0.712148 0.511620 0.705922 0.497347 0.708125 0.470954 0.708331 0.457755 0.715370 0.454833 0.726799 0.445213 0.741047 0.453773 0.749076 0.455917 0.753875 0.466361 0.757797 0.480009 0.758924 0.486259 0.758508 0.487449 0.755747 0.494287 0.753740 0.499495 0.752820 0.504102 0.751732 0.508417 0.751732 0.508417 0.753591 0.521880 0.756602 0.520097 0.759409 0.517597 0.764628 0.529370 0.764828 0.520454 0.768039 0.520454 0.772453 0.524375 0.778177 0.502713 0.782010 0.491671 0.786643 0.480171 0.781591 0.483398 0.777057 0.465662 0.778352 0.456449 0.776859 0.444977 0.775292 0.434231 0.771370 0.426981 0.754312 0.411282 0.738862 0.405931 0.734646 0.402009 0.737055 0.391306 0.735651 0.387380 0.732240 0.376319 0.727422 0.367759 0.722276 0.360722 0.699469 0.347370 0.693380 0.347125
2 0.518547 0.376519 0.504615 0.369190 0.510797 0.384162 0.511245 0.386551 0.511021 0.390532 0.504414 0.394315 0.499583 0.396153 0.501023 0.401731 0.522737 0.397972 0.523706 0.399519 0.521760 0.401759 0.516349 0.401759 0.512857 0.406060 0.507156 0.406060 0.501284 0.406495 0.505992 0.419514 0.508083 0.420792 0.510174 0.420792 0.513576 0.418819 0.519003 0.410333 0.522990 0.402894 0.523906 0.401032 0.524297 0.399407 0.524427 0.397431 0.524036 0.396616 0.523112 0.395606 0.522833 0.396227 0.521440 0.396597 0.520044 0.395917
2 0.485932 0.282597 0.486284 0.287731 0.488560 0.292713 0.492760 0.297069 0.505714 0.306560 0.510089 0.313097 0.511753 0.313097 0.511841 0.312162 0.504839 0.302824 0.495211 0.295514 0.489609 0.289912 0.488122 0.286954 0.487422 0.283685
5 0.486417 0.366602 0.467161 0.362639 0.473013 0.360185 0.476477 0.358741 0.476115 0.356116 0.464878 0.360671 0.462526 0.361736 0.457870 0.361065 0.457828 0.357537 0.458604 0.357778 0.457734 0.355449 0.457870 0.345153 0.463714 0.346370 0.478404 0.354097 0.479766 0.354861 0.478698 0.356250
5 0.458125 0.338981 0.457516 0.339014 0.457234 0.340222 0.457346 0.341727 0.463443 0.343144 0.496823 0.360741 0.495398 0.357639 0.486719 0.335069 0.483885 0.326231 0.473253 0.336491 0.471531 0.334153 0.468878 0.336824
2 0.492578 0.319259 0.486721 0.324972 0.487716 0.327144 0.496484 0.350509 0.502344 0.363889 0.509927 0.367926 0.518477 0.373106 0.516628 0.346088 0.518477 0.344847 0.519836 0.347014 0.521370 0.375153 0.528169 0.378347 0.527211 0.368884 0.527138 0.359630 0.528802 0.353977 0.535479 0.351718 0.522203 0.338829 0.515000 0.333935 0.518008 0.341759 0.515758 0.342824 0.513961 0.341491 0.511055 0.342620 0.501648 0.343417 0.497281 0.342620 0.494146 0.339435 0.493026 0.333861 0.492581 0.326097
5 0.389654 0.235722 0.401503 0.215389 0.402906 0.208968 0.420969 0.217884 0.438628 0.228231 0.438125 0.236713 0.430964 0.273241 0.426211 0.285333 0.427773 0.278856 0.426732 0.271148 0.417367 0.266213 0.419969 0.256963 0.416151 0.247713 0.409214 0.238463 0.406786 0.244630 0.399154 0.242782
5 0.461339 0.270644 0.460042 0.283542 0.458487 0.290454 0.455247 0.294370 0.448122 0.302199 0.443977 0.305194 0.440836 0.307426 0.430534 0.311009 0.429078 0.309111 0.425320 0.312102 0.421305 0.315097 0.412365 0.315097 0.405885 0.312796 0.403839 0.310616 0.410430 0.304449 0.418753 0.293963 0.418753 0.293963 0.426070 0.285236 0.439089 0.271014 0.449284 0.257074 0.452034 0.248602 0.458695 0.251778 0.461779 0.259727 0.464576 0.263898
18 0.551870 0.311000 0.549060 0.322773 0.546438 0.340560 0.545539 0.346477 0.542766 0.348940 0.550201 0.360657 0.552109 0.361986 0.556685 0.363921 0.566203 0.373273 0.578857 0.383227 0.579047 0.376569 0.580651 0.360574 0.584099 0.337657 0.587997 0.321931 0.593245 0.300880 0.597891 0.288088 0.600740 0.283292 0.590802 0.276750 0.581771 0.273898 0.568125 0.264620 0.562906 0.273537 0.558893 0.280676 0.551854 0.295667
2 0.544867 0.389718 0.548435 0.394759 0.549625 0.397037 0.553008 0.399963 0.555479 0.403051 0.558680 0.405819 0.562247 0.406954 0.564534 0.408583 0.566362 0.407444 0.567094 0.403380 0.566911 0.401102 0.565815 0.399639 0.563893 0.398176 0.564076 0.395245 0.563984 0.393134 0.561971 0.390042 0.560234 0.388741 0.559594 0.385329 0.558406 0.383213 0.555570 0.380287 0.547336 0.376546 0.546148 0.376546 0.545591 0.378759 0.543862 0.389231
5 0.648336 0.372435 0.650802 0.367116 0.654490 0.363644 0.662659 0.358120 0.664539 0.359148 0.672995 0.375981 0.672818 0.377426
2 0.532154 0.374431 0.536544 0.375083 0.547336 0.376546 0.555570 0.380287 0.565724 0.384028 0.572857 0.390694 0.574688 0.389556 0.573224 0.386630 0.570753 0.385167 0.568193 0.384028 0.565630 0.381750 0.564167 0.379310 0.559411 0.376222 0.554380 0.374759 0.544776 0.373296 0.535445 0.370694 0.532336 0.371343
5 0.492938 0.377954 0.488682 0.383130 0.483195 0.385718 0.479948 0.390495 0.475245 0.395870 0.472055 0.405463 0.483141 0.399690 0.489971 0.395509 0.489971 0.395509 0.496802 0.390731 0.503518 0.388542 0.507966 0.385968 0.503711 0.376843 0.500104 0.369583 0.498190 0.365556 0.487312 0.359481 0.498049 0.371875 0.494865 0.375968 0.493763 0.378185
2 0.555654 0.369366 0.554380 0.374759 0.559411 0.376222 0.564167 0.379310 0.565630 0.381750 0.568193 0.384028 0.570753 0.385167 0.574185 0.384847 0.577630 0.387731 0.578857 0.383227 0.566203 0.373273 0.556685 0.363921
2 0.527503 0.323352 0.524453 0.332167 0.524753 0.334829 0.522203 0.338829 0.535479 0.351718 0.542766 0.348940 0.545539 0.346477 0.546451 0.340611 0.549060 0.322773 0.551870 0.311000 0.542448 0.305602 0.538419 0.305694 0.538255 0.313176 0.533745 0.317801 0.528716 0.318417
2 0.544594 0.392157 0.549625 0.397037 0.553740 0.402727 0.556211 0.409394 0.556211 0.420454 0.554380 0.428259 0.554016 0.428421 0.551635 0.428097 0.550263 0.425657 0.549625 0.421755 0.550849 0.416699 0.553776 0.412833 0.553776 0.410454 0.550596 0.412833 0.551727 0.406468 0.551820 0.402727 0.548799 0.399963 0.544135 0.396713 0.542990 0.395102 0.543862 0.390694
10 0.757922 0.480014 0.755078 0.480606 0.753320 0.482542 0.751732 0.484324 0.750393 0.485963 0.749307 0.490125 0.748721 0.493398 0.749221 0.499495 0.750310 0.507079 0.750812 0.508713 0.751732 0.508417 0.752820 0.504102 0.753740 0.499495 0.755747 0.494287 0.758508 0.487449 0.758924 0.486259
2 0.540734 0.381843 0.537266 0.390782 0.534318 0.402194 0.531370 0.414218 0.527901 0.436727 0.525646 0.449370 0.529461 0.452144 0.532758 0.438579 0.538654 0.410519 0.539174 0.404968 0.539349 0.425935 0.538133 0.436417 0.539521 0.451218 0.540909 0.462625 0.547154 0.466019 0.545521 0.449722 0.545419 0.436417 0.544203 0.409593 0.542990 0.395102 0.545591 0.378759
1 0.443362 0.380546 0.448484 0.372880 0.456500 0.364417 0.464878 0.360671 0.476115 0.356116 0.476477 0.358741 0.473013 0.360185 0.463310 0.364310 0.454753 0.369986 0.451198 0.374486 0.447701 0.379630 0.445594 0.382199
1 0.528169 0.378347 0.528620 0.382347 0.521424 0.378083 0.498190 0.365556 0.478404 0.354097 0.463714 0.346370 0.441378 0.342106 0.416492 0.338639 0.391458 0.335176 0.384458 0.334056 0.380411 0.330750 0.388221 0.331259 0.410047 0.333792 0.438844 0.338028 0.449008 0.339921 0.463443 0.343144 0.482435 0.353005 0.509927 0.367926
2 0.471169 0.292227 0.478555 0.310421 0.486719 0.335069 0.495398 0.357639 0.496823 0.360741 0.502344 0.363889 0.496484 0.350509 0.487716 0.327144 0.482404 0.313023 0.480849 0.307199 0.476781 0.296167 0.474073 0.288958 0.472427 0.290500
5 0.452010 0.388255 0.451198 0.374486 0.454753 0.369986 0.456500 0.368861 0.475393 0.371648 0.473253 0.378505 0.471747 0.382792 0.470482 0.386917 0.467891 0.388949 0.464906 0.389593 0.461292 0.388306 0.457885 0.391093 0.456982 0.393287
5 0.475393 0.371648 0.473253 0.378505 0.471747 0.382792 0.470482 0.386917 0.467891 0.388949 0.464906 0.389593 0.461292 0.388306 0.457885 0.391093 0.456982 0.393287 0.472055 0.405463 0.475245 0.395870 0.479948 0.390495 0.483195 0.385718 0.488682 0.383130 0.492938 0.377954 0.493763 0.378185 0.494865 0.375968 0.493229 0.374111 0.478406 0.371648
5 0.380883 0.246185 0.383544 0.239079 0.388747 0.235690 0.399154 0.242782 0.406786 0.244630 0.409214 0.238463 0.416151 0.247713 0.419969 0.256963 0.417367 0.266213 0.426732 0.271148 0.427773 0.278856 0.426211 0.285333 0.418753 0.293963 0.410430 0.304449 0.403839 0.310616 0.397424 0.298843 0.397424 0.298843 0.392497 0.293269 0.390464 0.295907 0.383440 0.295551 0.371401 0.291625 0.370000 0.285343 0.373628 0.273134
5 0.273609 0.178819 0.278789 0.164648 0.282807 0.156819 0.280474 0.149907 0.279568 0.143690 0.280734 0.141389 0.291745 0.137931 0.296281 0.136319 0.301203 0.142769 0.293690 0.143690 0.294727 0.146917 0.300297 0.150602 0.305221 0.154287 0.306516 0.159120 0.308070 0.161194 0.310013 0.161884 0.311180 0.167875 0.311828 0.166264 0.313253 0.157278 0.318305 0.161884 0.314937 0.168333 0.318305 0.173861 0.322323 0.175477 0.326727 0.179852 0.323487 0.185838 0.317917 0.193671 0.314937 0.199199 0.311180 0.203343 0.306646 0.209333 0.300099 0.216991 0.295685 0.201653 0.289062 0.191662
5 0.805938 0.803380 0.809682 0.817926 0.817135 0.814616 0.823656 0.800537 0.832042 0.769481 0.840427 0.728074 0.843690 0.692491 0.863583 0.635574 0.874154 0.606282 0.872599 0.590810 0.880992 0.562074 0.883479 0.543287 0.873253 0.531241 0.874589 0.507866 0.866047 0.498685 0.862086 0.499514 0.855099 0.488333 0.837865 0.489991 0.834836 0.467218 0.831109 0.455208 0.832974 0.451481 0.836701 0.451894 0.840659 0.445685 0.838562 0.436991 0.835534 0.429537 0.828315 0.432019 0.816435 0.416699 0.808982 0.425810 0.809682 0.429120 0.810615 0.433264 0.805721 0.439472 0.802320 0.447699 0.796750 0.458750 0.788328 0.472801 0.786643 0.480171 0.782010 0.491671 0.778177 0.502713 0.772453 0.524375 0.769042 0.534009 0.764227 0.546852 0.762620 0.551491 0.761263 0.556662 0.759839 0.564264 0.759190 0.579694 0.758026 0.589139 0.755823 0.597199 0.752154 0.622903 0.765430 0.635741 0.796406 0.659755 0.818531 0.676319 0.826917 0.689153 0.829013 0.694120 0.820862 0.725593
2 0.474073 0.288958 0.476781 0.296167 0.478906 0.301898 0.486375 0.305611 0.490878 0.305148 0.495672 0.306583 0.497320 0.310579 0.499570 0.311912 0.502867 0.315375 0.508862 0.321505 0.514708 0.329231 0.518758 0.330301 0.524453 0.332167 0.527503 0.323352 0.528716 0.318417 0.533745 0.317801 0.538255 0.313176 0.538419 0.305694 0.508599 0.287069 0.506865 0.289509 0.501034 0.288356 0.481599 0.278912 0.476029 0.282829
5 0.273609 0.178819 0.289062 0.191662 0.295685 0.201653 0.300099 0.216991 0.301102 0.221630 0.304516 0.222343 0.304516 0.231977 0.307927 0.238042 0.309531 0.273005 0.294482 0.259806 0.271404 0.238398 0.246919 0.216991 0.249128 0.211282 0.251135 0.204505 0.253341 0.201296 0.257958 0.196657 0.261370 0.188454 0.263576 0.183102 0.269195 0.186667
1 0.363620 0.307778 0.372820 0.319227 0.372151 0.321903 0.367552 0.315509 0.360776 0.308667 0.352997 0.304060 0.347563 0.300787 0.347812 0.299153 0.355229 0.302153
2 0.486417 0.366602 0.478698 0.356250 0.479766 0.354861 0.487312 0.359481 0.498049 0.371875 0.494865 0.375968
2 0.511021 0.390532 0.504414 0.394315 0.490643 0.400088 0.481573 0.405463 0.476310 0.408847 0.472055 0.405463 0.483141 0.399690 0.489971 0.395509 0.496802 0.390731 0.503518 0.388542 0.510797 0.384162 0.511245 0.386551
2 0.449284 0.257074 0.447073 0.251023 0.444719 0.248514 0.442523 0.249069 0.434839 0.266639 0.430964 0.273241 0.426211 0.285333 0.439089 0.271014
2 0.456500 0.368861 0.476448 0.371583 0.478406 0.371648 0.493229 0.374111 0.493229 0.374111 0.486417 0.366602 0.476198 0.364398 0.467161 0.362639 0.463310 0.364310
2 0.449133 0.354931 0.457828 0.357537 0.457870 0.361065 0.447552 0.359380 0.447039 0.366505 0.453427 0.367579 0.448484 0.372880 0.443362 0.380546 0.431318 0.370329 0.433221 0.360972 0.436805 0.352611 0.438932 0.351019
5 0.489063 0.411204 0.489107 0.419329 0.494383 0.423440 0.499372 0.428708 0.504938 0.437190 0.505878 0.438861 0.505878 0.436935 0.505516 0.433079 0.505372 0.430380 0.505372 0.428324 0.500313 0.417657 0.498721 0.413801 0.496768 0.410588 0.493607 0.410014
5 0.757922 0.480014 0.755078 0.480606 0.753320 0.482542 0.751732 0.484324 0.750393 0.485963 0.749307 0.490125 0.748721 0.493398 0.749221 0.499495 0.750310 0.507079 0.750812 0.508713 0.751732 0.508417 0.753591 0.521880 0.754794 0.529727 0.756401 0.539005 0.751362 0.545495 0.743737 0.530157 0.737115 0.541218 0.731992 0.538347 0.727560 0.537306 0.725635 0.530468 0.721703 0.526750 0.718859 0.523926 0.712669 0.523852 0.715818 0.515060 0.726245 0.520435 0.730813 0.503366 0.741651 0.488380 0.752487 0.467333 0.753875 0.466361
5 0.756401 0.539005 0.751362 0.545495 0.750560 0.549421 0.753169 0.558699 0.755378 0.565833 0.756581 0.570116 0.747148 0.589736 0.745544 0.591519 0.755823 0.597199 0.758026 0.589139 0.759190 0.579694 0.759839 0.564264 0.761263 0.556662 0.762620 0.551491 0.759411 0.547921
5 0.474172 0.331889 0.468878 0.336824 0.458125 0.338981 0.456565 0.330657 0.453615 0.324491 0.449799 0.318324 0.452401 0.312463 0.452922 0.309380 0.454482 0.308148 0.457604 0.302292 0.460552 0.300440 0.464888 0.299824 0.467229 0.306009
5 0.714896 0.574259 0.706815 0.567491 0.697781 0.565116 0.699203 0.560208 0.706229 0.546972 0.710328 0.536713 0.712503 0.528088 0.712669 0.523852 0.718859 0.523926 0.721703 0.526750 0.725635 0.530468 0.727560 0.537306 0.731992 0.538347 0.737115 0.541218 0.727281 0.552278 0.725505 0.549755 0.722914 0.549523 0.722914 0.557125 0.723951 0.561731 0.722914 0.564954
5 0.740526 0.586523 0.737685 0.595588 0.733409 0.600657 0.727578 0.598352 0.721620 0.603421 0.704518 0.588907 0.711513 0.579926 0.714896 0.574259 0.722914 0.564954 0.723951 0.561731 0.722914 0.557125 0.722914 0.549523 0.725505 0.549755 0.727281 0.552278 0.729089 0.557986 0.732901 0.564764 0.740125 0.580815
5 0.743737 0.530157 0.751362 0.545495 0.750560 0.549421 0.753169 0.558699 0.755378 0.565833 0.756581 0.570116 0.747148 0.589736 0.745544 0.591519 0.740526 0.586523 0.740125 0.580815 0.732901 0.564764 0.729089 0.557986 0.727281 0.552278 0.737115 0.541218
5 0.759409 0.517597 0.764628 0.529370 0.764828 0.520454 0.768039 0.520454 0.772453 0.524375 0.769042 0.534009 0.764227 0.546852 0.762620 0.551491 0.759411 0.547921 0.756401 0.539005 0.754794 0.529727 0.753591 0.521880 0.756602 0.520097
8 0.483435 0.406745 0.496026 0.401759 0.507534 0.400727 0.514695 0.399005 0.522737 0.397972 0.523706 0.399519 0.521760 0.401759 0.516349 0.401759 0.512857 0.406060 0.507156 0.406060 0.498445 0.407093 0.493607 0.410014 0.489063 0.411204 0.484063 0.413750 0.479573 0.410532
18 0.588042 0.229671 0.582495 0.234204 0.579497 0.240065 0.574549 0.244597 0.571401 0.249657 0.568125 0.264620 0.581771 0.273898 0.590802 0.276750 0.600836 0.283528 0.604232 0.277907 0.608128 0.266181 0.612625 0.251523 0.601682 0.242194
5 0.775292 0.434231 0.775964 0.429852 0.776859 0.426069 0.778091 0.423681 0.780219 0.419898 0.779435 0.415718 0.781451 0.414523 0.784586 0.416713 0.786042 0.419500 0.780779 0.444579 0.778352 0.456449 0.778352 0.456449 0.776859 0.444977
18 0.641870 0.465958 0.635971 0.478907 0.628862 0.485690 0.621875 0.496574 0.618047 0.504213 0.609219 0.515648 0.604753 0.531019 0.607529 0.531019 0.611344 0.521769 0.613424 0.518065 0.618628 0.521458 0.630596 0.535028 0.676904 0.567708 0.673331 0.544120 0.671596 0.522231 0.672810 0.508356 0.675984 0.500676 0.677391 0.496389 0.657721 0.472495 0.646690 0.460347
5 0.802320 0.447699 0.792734 0.439176 0.783016 0.449537 0.778352 0.456449 0.777057 0.465662 0.781591 0.483398 0.786643 0.480171 0.788328 0.472801 0.796750 0.458750
18 0.708331 0.457755 0.708125 0.470954 0.705922 0.497347 0.712148 0.511620 0.712669 0.523852 0.715818 0.515060 0.720315 0.499069 0.721664 0.480417 0.721664 0.471620 0.718367 0.461495 0.715370 0.454833
5 0.399346 0.346356 0.415159 0.356972 0.416492 0.338639 0.395862 0.335690
5 0.492578 0.319259 0.492581 0.326097 0.493026 0.333861 0.494146 0.339435 0.497281 0.342620 0.501648 0.343417 0.511055 0.342620 0.513961 0.341491 0.494323 0.317241
5 0.394505 0.331713 0.400807 0.332546 0.417292 0.334676 0.418776 0.331708 0.421464 0.324940 0.425943 0.315986 0.430534 0.311009 0.429078 0.309111 0.425320 0.312102 0.421305 0.315097 0.412365 0.315097 0.405885 0.312796 0.403839 0.310616 0.397424 0.298843 0.392497 0.293269 0.390464 0.295907 0.388659 0.305898
18 0.635620 0.441505 0.632172 0.467088 0.628862 0.485690 0.635971 0.478907 0.641870 0.465958 0.646690 0.460347 0.657721 0.472495 0.677391 0.496389 0.681951 0.488806 0.687953 0.482949 0.688612 0.457847 0.677859 0.443356 0.672076 0.425306 0.651060 0.417787 0.647911 0.421787 0.643716 0.430579 0.640716 0.435912
18 0.566898 0.241694 0.562599 0.263667 0.557227 0.278472 0.551854 0.295667 0.546747 0.304264 0.538419 0.305694 0.508521 0.286954 0.506966 0.284190 0.506474 0.277991 0.498961 0.275921 0.494555 0.273616 0.490669 0.264634 0.486781 0.265093 0.482635 0.261639 0.479760 0.245032 0.484690 0.229755 0.490331 0.216384 0.491674 0.198236 0.496510 0.183431 0.500542 0.183431 0.504034 0.172444 0.513706 0.195370 0.523646 0.203486 0.537883 0.211130 0.549703 0.224981 0.563943 0.235486
5 0.390464 0.295907 0.388659 0.305898 0.394609 0.331898 0.378620 0.329954 0.369393 0.296264 0.371401 0.291625 0.383440 0.295551
18 0.326727 0.179852 0.329318 0.174093 0.342922 0.184458 0.353417 0.190218 0.355229 0.196204 0.364687 0.201273 0.368703 0.207949 0.375310 0.212097 0.377901 0.224764 0.380883 0.246185 0.373628 0.273134 0.370000 0.285343 0.365982 0.292481 0.360281 0.296625 0.355174 0.302130 0.347812 0.299153 0.347563 0.300787 0.352997 0.304060 0.349906 0.304806 0.309531 0.273005 0.307927 0.238042 0.304516 0.231977 0.304516 0.222343 0.301102 0.221630 0.300099 0.216991 0.306646 0.209333 0.311180 0.203343 0.314937 0.199199 0.317917 0.193671 0.323487 0.185838
18 0.715370 0.454833 0.726799 0.445213 0.741047 0.453773 0.749076 0.455917 0.753875 0.466361 0.752487 0.467333 0.741651 0.488380 0.730813 0.503366 0.726245 0.520435 0.715818 0.515060 0.720315 0.499069 0.721664 0.480417 0.721664 0.471620 0.718367 0.461495
18 0.621724 0.300880 0.639714 0.315269 0.633117 0.337120 0.616029 0.324597
18 0.329318 0.174093 0.342703 0.165440 0.350529 0.172574 0.350932 0.161519 0.349526 0.159375 0.350932 0.148671 0.343906 0.137255 0.349927 0.132620 0.353740 0.132977 0.352536 0.122630 0.356549 0.121560 0.356951 0.114069 0.364779 0.115852 0.366583 0.117991 0.364378 0.136542 0.370195 0.136542 0.387656 0.129407 0.389461 0.130833 0.389661 0.133690 0.385047 0.136898 0.387857 0.140111 0.392672 0.142606 0.395482 0.141537 0.398492 0.136185 0.401102 0.141894 0.406919 0.143681 0.413742 0.143681 0.422773 0.146532 0.425320 0.152139 0.427034 0.148875 0.429362 0.154532 0.425932 0.159759 0.426544 0.162153 0.426385 0.172574 0.425784 0.178639 0.421169 0.182921 0.423576 0.200046 0.420969 0.217884 0.402906 0.208968 0.401503 0.215389 0.382839 0.215032 0.375310 0.212097 0.368703 0.207949 0.364687 0.201273 0.355229 0.196204 0.353417 0.190218 0.342922 0.184458
2 0.491924 0.307912 0.496870 0.315111 0.513659 0.332699 0.522203 0.338829 0.524753 0.334829 0.524453 0.332167 0.518758 0.330301 0.514708 0.329231 0.508862 0.321505 0.502867 0.315375 0.499570 0.311912 0.497320 0.310579 0.495672 0.306583
5 0.732948 0.611273 0.737497 0.614657 0.742049 0.618421 0.747977 0.621620 0.752154 0.622903 0.755823 0.597199 0.745544 0.591519 0.740526 0.586523 0.737685 0.595588 0.733409 0.600657 0.727578 0.598352 0.721620 0.603421
2 0.494323 0.317241 0.513961 0.341491 0.515758 0.342824 0.518008 0.341759 0.515000 0.333935 0.496870 0.315111 0.495073 0.315375
2 0.425943 0.315986 0.421464 0.324940 0.418776 0.331708 0.417214 0.334676 0.440104 0.338287 0.441396 0.329319 0.443747 0.318375 0.440836 0.307426 0.430534 0.311009
5 0.476029 0.282829 0.481599 0.278912 0.501034 0.288356 0.506865 0.289509 0.506474 0.277991 0.498961 0.275921 0.494555 0.273616 0.490669 0.264634 0.486781 0.265093 0.482682 0.262361 0.483648 0.269093 0.480940 0.271157 0.476003 0.273046 0.473099 0.269435 0.469724 0.265718 0.469133 0.263241 0.464576 0.263898 0.461339 0.270644 0.460042 0.283542 0.458487 0.290454 0.455247 0.294370 0.448122 0.302199 0.447919 0.304477 0.449490 0.304759 0.450586 0.308940 0.452922 0.309380 0.454482 0.308148 0.457604 0.302292 0.460552 0.300440 0.464888 0.299824 0.467229 0.306009 0.474172 0.331889 0.483099 0.323472 0.478555 0.310421 0.471169 0.292227 0.472427 0.290500 0.474073 0.288958 0.476029 0.282829
2 0.436229 0.342093 0.435063 0.343704 0.438932 0.351019 0.436805 0.352611 0.433221 0.360972 0.431318 0.370329 0.415159 0.356972 0.416492 0.338639
5 0.528802 0.353977 0.527138 0.359630 0.527211 0.368884 0.528169 0.378347 0.528620 0.382347 0.530898 0.394843 0.532055 0.395486 0.533284 0.394718 0.533716 0.393301 0.533068 0.389704 0.537266 0.390782 0.540734 0.381843 0.545484 0.378625 0.546148 0.376546 0.536544 0.375083 0.532154 0.374431 0.532336 0.371343 0.535445 0.370694 0.544776 0.373296 0.546945 0.374046 0.554380 0.374759 0.555677 0.369491 0.556685 0.363921 0.552109 0.361986 0.552109 0.361986 0.550185 0.360546 0.542766 0.348940 0.535479 0.351718
10 0.621875 0.496574 0.613828 0.487106 0.609292 0.498620 0.605146 0.515204 0.609219 0.515648 0.618047 0.504213
18 0.782005 0.396657 0.777969 0.401759 0.771370 0.426981 0.754312 0.411282 0.738862 0.405931 0.734646 0.402009 0.737055 0.391306 0.735651 0.387380 0.732240 0.376319 0.727422 0.367759 0.731635 0.345639 0.742021 0.353417 0.746943 0.357583 0.751279 0.361542 0.754208 0.365083 0.758659 0.370917 0.761003 0.375083 0.771693 0.384537 0.776388 0.386667 0.781849 0.393843
18 0.496510 0.183431 0.496221 0.178639 0.488596 0.169366 0.481974 0.170079 0.480568 0.167583 0.473745 0.161519 0.466320 0.152954 0.461505 0.156523 0.458695 0.158306 0.449464 0.153310 0.442440 0.149745 0.435216 0.136898 0.428995 0.139755 0.434211 0.154736 0.431805 0.167583 0.426385 0.172574 0.425784 0.178639 0.421169 0.182921 0.423576 0.200046 0.420969 0.217884 0.438628 0.228231 0.438047 0.236713 0.445852 0.245713 0.458695 0.251778 0.461779 0.259727 0.464576 0.263898 0.469133 0.263241 0.469810 0.265995 0.473099 0.269435 0.476003 0.273046 0.480940 0.271157 0.483648 0.269093 0.482682 0.262361 0.482583 0.261519 0.479760 0.245032 0.484682 0.229602 0.490331 0.216384 0.491674 0.198236
