0 0.479680 0.122259 0.467391 0.132153 0.452786 0.134213 0.436521 0.124829 0.433195 0.121361 0.429654 0.129454 0.429076 0.133440 0.427052 0.133181 0.423076 0.143852 0.421680 0.146819 0.425945 0.149005 0.438812 0.154917 0.433320 0.159796 0.431388 0.162097 0.430740 0.164671 0.426328 0.167495 0.425172 0.175079 0.424919 0.179657 0.425044 0.184894 0.425099 0.200528 0.426328 0.213120 0.428107 0.216690 0.429529 0.217880 0.431284 0.224574 0.434630 0.230819 0.442461 0.225917 0.446023 0.224370 0.447771 0.232745 0.455578 0.234671 0.455773 0.238833 0.456904 0.245745 0.458250 0.247769 0.460677 0.248514 0.462599 0.247917 0.466029 0.246431 0.467617 0.245389 0.468789 0.243162 0.469039 0.238551 0.475815 0.237657 0.476383 0.229556 0.479203 0.228014 0.477682 0.224519 0.477878 0.219852 0.476315 0.216074 0.475440 0.215296 0.467505 0.204856 0.467432 0.178255 0.469755 0.176755 0.472854 0.172597 0.475023 0.170157 0.479432 0.175426 0.484854 0.191106 0.484349 0.206528 0.483698 0.215009 0.486372 0.221819 0.492953 0.215653 0.492734 0.224005 0.494688 0.223620 0.498445 0.219509 0.499531 0.217194 0.501266 0.211153 0.503146 0.200486 0.501193 0.186093 0.497578 0.173111 0.495555 0.165019 0.494398 0.160773 0.493531 0.159106 0.490857 0.157690 0.488326 0.157046 0.488253 0.155634 0.489628 0.154736 0.492734 0.155634 0.494109 0.156407 0.497146 0.154606 0.493531 0.131472 0.487820 0.120162 0.482687 0.120292
2 0.357966 0.317639 0.355070 0.317227 0.353625 0.317889 0.352690 0.319468 0.351057 0.325190 0.356938 0.332741 0.359505 0.330333 0.365245 0.320213
8 0.370438 0.310412 0.369195 0.312907 0.369305 0.313773 0.368602 0.315500 0.367469 0.315787 0.357964 0.333644 0.361799 0.337676 0.370828 0.321347 0.370125 0.318565 0.371260 0.317509 0.373138 0.314829 0.373193 0.313870 0.373464 0.312907 0.372654 0.310699
8 0.324992 0.224713 0.346430 0.238528 0.362469 0.249769 0.369596 0.254380 0.368570 0.258690 0.350857 0.247273 0.341169 0.240093 0.340307 0.239421 0.324615 0.230273 0.323966 0.229801 0.324289 0.225000
1 0.602281 0.435917 0.597469 0.433250 0.595219 0.432139 0.592346 0.431806 0.589909 0.430250 0.586036 0.426028 0.583724 0.422921 0.582786 0.422032 0.580849 0.421255 0.574602 0.410810 0.569667 0.403481 0.568417 0.400259 0.565792 0.391375 0.564854 0.384931 0.562232 0.374491 0.559044 0.364940 0.556669 0.358606 0.554172 0.353500 0.552109 0.349611 0.550484 0.344278 0.548971 0.340389 0.548086 0.340389 0.549622 0.345213 0.551539 0.351019 0.555039 0.358731 0.558495 0.366861 0.562224 0.378644 0.564042 0.386778 0.565211 0.393495 0.568060 0.403449 0.570578 0.407190 0.573753 0.411912 0.577487 0.418056 0.580193 0.422620 0.582854 0.424106 0.586586 0.429005 0.591065 0.433329 0.596344 0.434569 0.601661 0.437394
8 0.598255 0.506528 0.604750 0.510986 0.609089 0.514069 0.611391 0.516722 0.618578 0.522444 0.616461 0.526278 0.609391 0.521032 0.602508 0.515356 0.598461 0.511755 0.595714 0.509958 0.593828 0.507778
8 0.588521 0.534250 0.590271 0.534139 0.599018 0.537806 0.607891 0.541472 0.606456 0.544079 0.598768 0.541361 0.591271 0.538250 0.588021 0.534806
5 0.549174 0.214995 0.565240 0.222736 0.563208 0.233403 0.560497 0.241491 0.554401 0.266782 0.552174 0.282954 0.550336 0.313236 0.550047 0.327690 0.549078 0.331991 0.549466 0.336463 0.549563 0.340245 0.530786 0.344204 0.530786 0.334912 0.531563 0.309968 0.532820 0.297407 0.532724 0.291556 0.534755 0.270394 0.538820 0.246134 0.542013 0.230995 0.546466 0.219986
8 0.602841 0.551273 0.606456 0.544079 0.615203 0.528014 0.623227 0.516704 0.630602 0.506167 0.634289 0.502954 0.635878 0.500509 0.636745 0.501282 0.637253 0.505394 0.637253 0.506551 0.634648 0.509505 0.625901 0.521458 0.623180 0.525810 0.620911 0.529935 0.609565 0.548704 0.606167 0.554486 0.604893 0.553458
6 0.630352 0.608333 0.628846 0.616583 0.629763 0.624491 0.650029 0.629255 0.653953 0.623329 0.658398 0.614843
2 0.620961 0.478356 0.624224 0.480736 0.624893 0.482815 0.626898 0.482074 0.629242 0.484005 0.630914 0.486088 0.632336 0.488171 0.632672 0.489361 0.636938 0.492630 0.639948 0.495458 0.641956 0.500958 0.645216 0.506907 0.646807 0.510773 0.647810 0.512704 0.646138 0.522222 0.644716 0.528319 0.643042 0.532630 0.641703 0.533079 0.641120 0.532037 0.641120 0.530403 0.637438 0.531292 0.635599 0.530403 0.634763 0.529060 0.634427 0.524157 0.632839 0.520884 0.629995 0.516273 0.634648 0.509505 0.637253 0.506551 0.637253 0.505394 0.636745 0.501282 0.635878 0.500509 0.634289 0.502954 0.630602 0.506167 0.627401 0.510625 0.619036 0.500065 0.621797 0.497537 0.623302 0.494861 0.623469 0.492481 0.622299 0.490551 0.621630 0.487875
10 0.550169 0.480833 0.545833 0.488944 0.544531 0.491500 0.556604 0.510523 0.570484 0.531343 0.583857 0.548176 0.596654 0.559616 0.598172 0.561426 0.599906 0.565782 0.601497 0.570167 0.606846 0.573495 0.612268 0.572352 0.613083 0.570778 0.613497 0.568366 0.614943 0.562056 0.604893 0.553458 0.584943 0.531213 0.567302 0.506407
2 0.417344 0.381343 0.420312 0.384907 0.424807 0.385741 0.449326 0.389227 0.471841 0.393028 0.453346 0.370921 0.453026 0.372370 0.452844 0.373866 0.450229 0.378255 0.446214 0.379009 0.442904 0.378579 0.440339 0.375690 0.438557 0.372194 0.436690 0.370546 0.434919 0.367310 0.433148 0.364231
2 0.447383 0.328204 0.446581 0.329569 0.444487 0.330005 0.443372 0.330065 0.443128 0.331551 0.442047 0.331181 0.441698 0.331306 0.444977 0.347977 0.446544 0.348347 0.447276 0.347917 0.447346 0.346366 0.447799 0.346306 0.448044 0.347111 0.449333 0.347296 0.450971 0.346116 0.452297 0.344880 0.452716 0.344319 0.453029 0.343079 0.452891 0.341657 0.452297 0.340167 0.451706 0.339856 0.450659 0.341347 0.449857 0.343269 0.448672 0.341097 0.448951 0.340042 0.448078 0.339486 0.447661 0.339546 0.448253 0.337194 0.448253 0.335644 0.448078 0.332296 0.448044 0.330560 0.448357 0.329319 0.448078 0.328454
1 0.585648 0.532139 0.599643 0.525810 0.609391 0.521032 0.609891 0.522366 0.610016 0.523588 0.603581 0.527144 0.593146 0.531694 0.587398 0.533806
2 0.502156 0.467065 0.502263 0.464856 0.503289 0.464569 0.504531 0.463514 0.505286 0.461208 0.507016 0.460153 0.508742 0.457944 0.509229 0.456699 0.515385 0.454204 0.519867 0.466588 0.520461 0.469944 0.519974 0.475995 0.519706 0.478681 0.518247 0.479065 0.517492 0.479546 0.516195 0.481560 0.514792 0.482810 0.513328 0.480972
2 0.523609 0.375282 0.520964 0.378292 0.519737 0.381505 0.519156 0.384074 0.519156 0.388444 0.519156 0.391273 0.519591 0.393583 0.521687 0.396542 0.523133 0.397310 0.524724 0.400653 0.525518 0.401810 0.525518 0.408236 0.525229 0.414148 0.524508 0.417102 0.524578 0.419546 0.526026 0.419671 0.528310 0.414097 0.532503 0.405356 0.532792 0.403431 0.532576 0.402144 0.531779 0.399958 0.528237 0.391477
2 0.527690 0.419120 0.541505 0.414477 0.549299 0.412236 0.550326 0.411074 0.551445 0.410162 0.552565 0.410245 0.553078 0.411157 0.553031 0.412486 0.553544 0.414644 0.554620 0.415722 0.554711 0.417880 0.556065 0.418375 0.556766 0.420204 0.553544 0.423769 0.548039 0.423190 0.546685 0.416634 0.545706 0.416968 0.546544 0.420616 0.543745 0.421944 0.542391 0.423273 0.541505 0.424352 0.531984 0.420866 0.527177 0.420037
1 0.539745 0.426495 0.526935 0.422940 0.519625 0.421056 0.519813 0.418500 0.524578 0.419546 0.526026 0.419671 0.527177 0.420037 0.531984 0.420866 0.541505 0.424352
10 0.543331 0.429856 0.552456 0.444736 0.564984 0.464801 0.573570 0.479296 0.570253 0.480370 0.569458 0.481144 0.568440 0.484000 0.566549 0.483426 0.566875 0.481023 0.565901 0.479681 0.562500 0.477759 0.561203 0.477759 0.553914 0.466144 0.549427 0.447667 0.548893 0.446370 0.548083 0.441954 0.546677 0.441375 0.546083 0.441088 0.545167 0.443583 0.545599 0.445407 0.545221 0.446273 0.545438 0.447231 0.546138 0.448671 0.546872 0.449333 0.547003 0.451935 0.545112 0.452130 0.541612 0.446546 0.540799 0.445546 0.536990 0.451764 0.536115 0.451097 0.534802 0.453208 0.534490 0.452097 0.534490 0.449657 0.534802 0.447546 0.536740 0.443213 0.538487 0.441102 0.537615 0.439546 0.535987 0.437824
2 0.455773 0.238833 0.461714 0.277347 0.468237 0.317644 0.477521 0.362403 0.485477 0.403352 0.489750 0.425449 0.489750 0.423843 0.489922 0.420926 0.490010 0.419931 0.492469 0.431681 0.490529 0.434907 0.486773 0.430759 0.469542 0.342537 0.459305 0.286801 0.452831 0.239130
2 0.518115 0.423889 0.519703 0.424931 0.520036 0.428199 0.521542 0.431769 0.522797 0.434444 0.522797 0.438014 0.522797 0.441435 0.521292 0.445894 0.520289 0.448574 0.515385 0.454204 0.513680 0.451546 0.513010 0.450060 0.512594 0.449019 0.513346 0.447829 0.512927 0.447083 0.511089 0.448273 0.508328 0.448722 0.507156 0.446194 0.505315 0.445597 0.504062 0.445597 0.503224 0.444259 0.501552 0.441880 0.499964 0.442028 0.497536 0.438014 0.497203 0.428495 0.498875 0.428495 0.500966 0.428796 0.503057 0.430134 0.505651 0.431176 0.507323 0.436972 0.508495 0.440542 0.510083 0.441139 0.511003 0.439648 0.511339 0.437421 0.507742 0.423292
10 0.499203 0.421463 0.503477 0.421657 0.505651 0.431176 0.503057 0.430134 0.500966 0.428796 0.498875 0.428495 0.497203 0.428495 0.497536 0.438014 0.497789 0.461653 0.495849 0.459264 0.495060 0.453819 0.494932 0.452153 0.494477 0.429440 0.493727 0.429106 0.492604 0.429995 0.492167 0.430440 0.490010 0.419931 0.491172 0.416704 0.492510 0.416556 0.494016 0.414329 0.493849 0.411949 0.493346 0.408380 0.493766 0.406894 0.494602 0.405852 0.496023 0.406148 0.496609 0.407931 0.496526 0.410458 0.496526 0.414625 0.499117 0.419231
2 0.453901 0.427782 0.459505 0.426296 0.460174 0.424065 0.461346 0.424213 0.462349 0.425403 0.465026 0.424366 0.469375 0.425403 0.471466 0.425704 0.473641 0.427634 0.474729 0.428083 0.476401 0.427042 0.476484 0.424065 0.475313 0.422579 0.475313 0.420796 0.476151 0.420648 0.475815 0.418120 0.476234 0.417819 0.477656 0.420796 0.479831 0.421838 0.482255 0.422727 0.482508 0.424213 0.480917 0.425852 0.482339 0.427042 0.483260 0.428083 0.482687 0.430051 0.482187 0.430718 0.481253 0.431648 0.479078 0.430458 0.479495 0.433435 0.478326 0.433435 0.477656 0.431352 0.476734 0.430611 0.475229 0.430611 0.476443 0.433685 0.474310 0.432542 0.473391 0.430458 0.472469 0.429421 0.470547 0.428972 0.468036 0.429866 0.466195 0.429866 0.465276 0.428824 0.465276 0.427190 0.464021 0.427042 0.463018 0.428380 0.463185 0.430310 0.463102 0.431648 0.461010 0.432690 0.459505 0.433435 0.458083 0.434028 0.452813 0.429421 0.452992 0.428241
2 0.462495 0.431782 0.462682 0.438088 0.470383 0.445972 0.476589 0.451944 0.477289 0.449787 0.477943 0.446968 0.477279 0.446028 0.472177 0.439190 0.472260 0.435620 0.472596 0.433093 0.473263 0.432051 0.474310 0.432542 0.473391 0.430458 0.472469 0.429421 0.470547 0.428972 0.468036 0.429866 0.466195 0.429866 0.465276 0.428824 0.465276 0.427190 0.464021 0.427042 0.463018 0.428380 0.463185 0.430310 0.463102 0.431648
2 0.446023 0.224370 0.448724 0.237537 0.445854 0.238977 0.424724 0.250148 0.418039 0.254315 0.419982 0.263986 0.418297 0.265370 0.416354 0.256847 0.411948 0.258231 0.414151 0.271130 0.412727 0.272278 0.410393 0.259380 0.404693 0.263065 0.405406 0.266662 0.406753 0.269792 0.406417 0.272028 0.404745 0.270968 0.402737 0.264287 0.391193 0.270366 0.375052 0.281380 0.371786 0.283611 0.371372 0.286444 0.366682 0.289417 0.365930 0.287782 0.364932 0.287782 0.365763 0.290616 0.357820 0.294458 0.356563 0.291491 0.356318 0.288079 0.354477 0.279602 0.370036 0.270968 0.377888 0.265324 0.390016 0.257444 0.416289 0.241829 0.426016 0.236171 0.434630 0.230819 0.442461 0.225917
2 0.444240 0.347634 0.450180 0.351801 0.454529 0.339755 0.455198 0.340199 0.451602 0.352690 0.455198 0.358787 0.456284 0.360722 0.455630 0.362819 0.453211 0.366949 0.452589 0.370148 0.442383 0.357852 0.441354 0.355931 0.440711 0.354208 0.440711 0.353435 0.441789 0.353630 0.442107 0.351620 0.441464 0.350370 0.441573 0.349403 0.442326 0.349792 0.442867 0.349792 0.443404 0.347963
2 0.457219 0.361194 0.458914 0.362843 0.461091 0.357819 0.464904 0.348375 0.465719 0.348819 0.460221 0.364593 0.468154 0.373704 0.473214 0.361810 0.473589 0.363037 0.469466 0.374477 0.474654 0.383255 0.476464 0.383139 0.477464 0.383477 0.479604 0.394579 0.471841 0.393028 0.453346 0.370921 0.454102 0.367880 0.456385 0.364074
2 0.436672 0.343190 0.442719 0.343185 0.444240 0.347634 0.443404 0.347963 0.442867 0.349792 0.442326 0.349792 0.441573 0.349403 0.441464 0.350370 0.442107 0.351620 0.441789 0.353630 0.440711 0.353435 0.440711 0.354208 0.441354 0.355931 0.442383 0.357852 0.440120 0.358958 0.433000 0.358157 0.432320 0.357454 0.432208 0.349718 0.434089 0.346750
2 0.417344 0.381343 0.432016 0.365519 0.431089 0.364731 0.429919 0.365231 0.428466 0.364801 0.427901 0.364514 0.426451 0.364588 0.425602 0.364514 0.424755 0.364370 0.425643 0.366093 0.426570 0.365806 0.427216 0.366741 0.427458 0.367958 0.426409 0.368245 0.425240 0.367454 0.424271 0.367167 0.423344 0.367310 0.422133 0.367815 0.421529 0.368245 0.420682 0.369537 0.418745 0.371759 0.418221 0.371685 0.417333 0.372907 0.416729 0.373769 0.416245 0.374194 0.414995 0.374912 0.413099 0.375991 0.415156 0.378782
10 0.337346 0.264093 0.340612 0.269903 0.341500 0.267894 0.342630 0.268468 0.343477 0.269829 0.344000 0.269616 0.344284 0.267676 0.344565 0.266745 0.345615 0.266532 0.346180 0.266676 0.346664 0.268181 0.346745 0.269042 0.345573 0.270116 0.345091 0.271694 0.344969 0.273917 0.344526 0.275065 0.345372 0.276787 0.351260 0.286681 0.361669 0.302384 0.368083 0.311852 0.369195 0.312907 0.369305 0.313773 0.368602 0.315500 0.367469 0.315787 0.354932 0.296435 0.342872 0.277574 0.342065 0.278792 0.341219 0.278935 0.340693 0.278361 0.340047 0.278935 0.339484 0.280444 0.339081 0.281301 0.338635 0.281949 0.337911 0.282236 0.337466 0.281731 0.337346 0.281301 0.338031 0.278505 0.338516 0.277287 0.339281 0.276356 0.339484 0.275782 0.338474 0.273560 0.338958 0.272412 0.339362 0.271620 0.336336 0.267319 0.336013 0.267819 0.335531 0.267894 0.335047 0.267532 0.334763 0.266819 0.334724 0.265454 0.334682 0.264162 0.335086 0.263019 0.335289 0.262731 0.335893 0.262588 0.336740 0.262731 0.337143 0.263162
2 0.312568 0.258546 0.310839 0.262866 0.310461 0.265551 0.310245 0.267375 0.310516 0.269681 0.310568 0.271218 0.310568 0.273329 0.310352 0.275250 0.310461 0.277264 0.311326 0.277843 0.313052 0.278032 0.312784 0.280722 0.312784 0.282833 0.316130 0.287250 0.318237 0.279856 0.318560 0.278130 0.317211 0.275440 0.315914 0.272755 0.314620 0.272176 0.313107 0.271505 0.311971 0.269199 0.313971 0.264977 0.314836 0.263153 0.314836 0.261042 0.314672 0.259120 0.314294 0.257778 0.313646 0.257583
10 0.338620 0.244148 0.337047 0.246088 0.333820 0.247949 0.331279 0.249171 0.328536 0.249815 0.328010 0.247806 0.326883 0.245935 0.326156 0.244940 0.325471 0.245657 0.324503 0.246801 0.320831 0.241282 0.318734 0.237194 0.318331 0.237694 0.318089 0.239847 0.318049 0.242644 0.322122 0.251157 0.321742 0.253079 0.321151 0.254704 0.319424 0.257875 0.317641 0.260852 0.316398 0.258162 0.314885 0.254611 0.313862 0.255278 0.314294 0.257778 0.314672 0.259120 0.314836 0.261042 0.314836 0.263153 0.313971 0.264977 0.311971 0.269199 0.313107 0.271505 0.314620 0.272176 0.315914 0.272755 0.317211 0.275440 0.318560 0.278130 0.318237 0.279856 0.316130 0.287250 0.315914 0.288208 0.321422 0.294833 0.321531 0.293968 0.322180 0.292431 0.324555 0.290704 0.322609 0.288495 0.322341 0.287347 0.323365 0.286194 0.324336 0.285333 0.323849 0.284370 0.323365 0.282644 0.323958 0.280333 0.324497 0.278227 0.326120 0.281685 0.326875 0.281875 0.327143 0.275343 0.331464 0.266995 0.332437 0.264116 0.332219 0.263634 0.330602 0.265454 0.327794 0.266995 0.327198 0.265361 0.327846 0.264787 0.331034 0.263255 0.330008 0.260565 0.330112 0.259315 0.332599 0.258644 0.334323 0.257875 0.335568 0.257199 0.336487 0.256435 0.338107 0.250574 0.339242 0.247792 0.340266 0.245583
2 0.352815 0.264894 0.354372 0.266708 0.355516 0.268958 0.356234 0.271236 0.357211 0.274458 0.356901 0.274903 0.356753 0.276940 0.356964 0.278116 0.354477 0.279602 0.356318 0.288079 0.356451 0.289042 0.354914 0.292153 0.351260 0.286681 0.346990 0.279509 0.347440 0.277741 0.347711 0.276190 0.347974 0.274722 0.349266 0.272495 0.350958 0.269056 0.351846 0.268125 0.352734 0.266185
2 0.368974 0.229380 0.369943 0.232319 0.370990 0.234324 0.371312 0.236551 0.372523 0.237407 0.374539 0.239204 0.373919 0.241060 0.373529 0.242264 0.373138 0.243745 0.372753 0.245037 0.373451 0.245907 0.373589 0.247083 0.373346 0.248014 0.371107 0.253213 0.370784 0.254463 0.371716 0.261764 0.369195 0.263417 0.367563 0.264083 0.367284 0.263505 0.368570 0.258690 0.369596 0.254380 0.369688 0.252806 0.370414 0.247356 0.370174 0.246329 0.371107 0.241190 0.371341 0.239106 0.370688 0.237287 0.369990 0.235875 0.369102 0.236125 0.368073 0.234384 0.366815 0.232389 0.366211 0.230231 0.364854 0.228741 0.364810 0.228074 0.366536 0.229486 0.367094 0.230481
10 0.411576 0.351866 0.408971 0.351741 0.408247 0.350454 0.404706 0.350838 0.402177 0.351227 0.400370 0.352380 0.396393 0.352639 0.394630 0.352847 0.393659 0.354477 0.391549 0.354310 0.387862 0.354824 0.386922 0.356750 0.387211 0.359833 0.388729 0.366134 0.392273 0.367032 0.392417 0.364333 0.393430 0.362019 0.394659 0.360991 0.395164 0.360093 0.396682 0.360352 0.396971 0.361380 0.397044 0.362921 0.403117 0.363690 0.408971 0.363046 0.412586 0.363306 0.413526 0.362532 0.413526 0.359833 0.413599 0.355852 0.413742 0.353407 0.413310 0.350713
2 0.419000 0.335759 0.417109 0.340463 0.412365 0.338060 0.413013 0.334894 0.401344 0.329519 0.389737 0.321741 0.383771 0.318620 0.383852 0.317190 0.383086 0.316690 0.383086 0.315106 0.389953 0.318843 0.390747 0.319093 0.399987 0.324574 0.410354 0.330380 0.414346 0.332111 0.414247 0.333037
2 0.440573 0.311532 0.439125 0.313278 0.436094 0.316926 0.437721 0.318505 0.436859 0.322440 0.434365 0.323148 0.435346 0.324977 0.436932 0.325306 0.438099 0.325639 0.441367 0.328458 0.443326 0.330616 0.443372 0.330065 0.444487 0.330005 0.446581 0.329569 0.447201 0.328542 0.446146 0.324931 0.449711 0.317056 0.448648 0.316514 0.446268 0.316514 0.444214 0.315102
2 0.434799 0.298019 0.434159 0.298171 0.433672 0.300190 0.432641 0.303245 0.433578 0.303833 0.434542 0.305931 0.435776 0.305764 0.436289 0.306458 0.437193 0.308713 0.437826 0.308171 0.438760 0.308769 0.439544 0.309569 0.445878 0.313917 0.450844 0.316028 0.451763 0.311995 0.448198 0.310653 0.447102 0.309708 0.444602 0.308847 0.443068 0.307556 0.440771 0.304833 0.437380 0.302824 0.436414 0.301102 0.434719 0.300384
1 0.375052 0.281380 0.371786 0.283611 0.372831 0.286597 0.381701 0.280042 0.389326 0.274713 0.390573 0.272157 0.389948 0.271157
2 0.424250 0.341144 0.418904 0.340949 0.412966 0.340384 0.410167 0.340468 0.410073 0.346606 0.409979 0.351750 0.411576 0.351866 0.413310 0.350713 0.413742 0.353407 0.423935 0.354653 0.427424 0.351352 0.425492 0.345324
2 0.421398 0.282648 0.427500 0.293884 0.427500 0.295708 0.430146 0.299546 0.429656 0.300407 0.429552 0.302042 0.428148 0.300412 0.427555 0.302426 0.428456 0.304694 0.428273 0.305227 0.428576 0.306088 0.428057 0.308139 0.426654 0.312264 0.423943 0.311431 0.424591 0.308745 0.425076 0.305671 0.424536 0.303171 0.423672 0.302694 0.422698 0.303657 0.420326 0.301644 0.420810 0.299144 0.421190 0.296648 0.421190 0.295495 0.419245 0.292329 0.414547 0.285319
2 0.376760 0.330648 0.381195 0.337477 0.381232 0.345495 0.381266 0.350245 0.379703 0.349690 0.378328 0.348023 0.376703 0.348023 0.375203 0.348579 0.374703 0.349912 0.372581 0.349245 0.361799 0.337676 0.365643 0.330694 0.367513 0.327542 0.368076 0.330981 0.371198 0.335537 0.372198 0.332981 0.373948 0.332981 0.375260 0.335204 0.376760 0.334537
2 0.329875 0.286218 0.332250 0.283222 0.333997 0.281667 0.335622 0.280667 0.337346 0.281301 0.337466 0.281731 0.337911 0.282236 0.338635 0.281949 0.339081 0.281301 0.340096 0.281287 0.340122 0.279986 0.342128 0.280356 0.341922 0.282444 0.343638 0.282630 0.344419 0.283042 0.345458 0.283685 0.346240 0.283787 0.348505 0.287208 0.348099 0.287852 0.347901 0.289139 0.347339 0.290431 0.347214 0.291074 0.347539 0.292583 0.348469 0.293375 0.349068 0.294093 0.349312 0.295162 0.348687 0.298370 0.347701 0.299824 0.346732 0.297894 0.343427 0.298847 0.340997 0.302602 0.340133 0.302792 0.339596 0.303847 0.339484 0.305292 0.339484 0.306435 0.338516 0.309412 0.338029 0.310856 0.337654 0.311231 0.337109 0.311046 0.336680 0.309222 0.336461 0.308458 0.336784 0.304616 0.334518 0.303847 0.333599 0.300435
2 0.368388 0.229583 0.366146 0.223671 0.364049 0.218917 0.362966 0.216477 0.361810 0.210949 0.360651 0.213519 0.358846 0.215319 0.358484 0.216347 0.359495 0.221870 0.359930 0.225083 0.359495 0.226241 0.358411 0.228426 0.357833 0.229583 0.358404 0.231782 0.359034 0.232588 0.359245 0.233815 0.360747 0.237435 0.363031 0.240583 0.367513 0.246060 0.368880 0.246278 0.370414 0.247356 0.370174 0.246329 0.371107 0.241190 0.371341 0.239106 0.370688 0.237287 0.369990 0.235875 0.369102 0.236125 0.368073 0.234384 0.366815 0.232389 0.366211 0.230231 0.364854 0.228741 0.364810 0.228074 0.366536 0.229486 0.367094 0.230481
2 0.341753 0.311787 0.353372 0.311120 0.354747 0.313120 0.355310 0.314898 0.355070 0.317227 0.353625 0.317889 0.352690 0.319468 0.351057 0.325190 0.348562 0.323343 0.342503 0.316454 0.340503 0.314477
2 0.390031 0.334991 0.395385 0.335250 0.398854 0.334861 0.399945 0.338579 0.401008 0.338690 0.399792 0.334491 0.404570 0.334583 0.406568 0.335028 0.410568 0.333806 0.413013 0.334894 0.412365 0.338060 0.412068 0.338801 0.411255 0.338690 0.411568 0.340245 0.410167 0.340468 0.410068 0.342468 0.406630 0.342690 0.403695 0.342356 0.396448 0.341134 0.394573 0.340912 0.392760 0.339356 0.392260 0.341690 0.391135 0.343801 0.388357 0.341065 0.386904 0.335690 0.389156 0.335102
10 0.580693 0.442546 0.581935 0.446676 0.581828 0.451282 0.581773 0.456181 0.581828 0.467028 0.581341 0.476630 0.584042 0.475861 0.584742 0.466356 0.584365 0.460597 0.584797 0.447926 0.584474 0.444852 0.583180 0.440880 0.583646 0.439532 0.583961 0.438949 0.584164 0.438736 0.584641 0.438468 0.585422 0.438532 0.585641 0.436963 0.585378 0.435787 0.583672 0.436579 0.582510 0.437231 0.580922 0.437435 0.579201 0.439315 0.578143 0.440963 0.578362 0.442375
2 0.597388 0.519509 0.593701 0.520509 0.592016 0.521843 0.591016 0.523398 0.589203 0.526398 0.587953 0.530394 0.586828 0.529620 0.585578 0.527065 0.584331 0.524065 0.583018 0.522731 0.582643 0.521620 0.580643 0.520509 0.579206 0.519176 0.578018 0.517731 0.575964 0.513144 0.590133 0.508773 0.591203 0.514403
2 0.591888 0.462384 0.595276 0.461597 0.596891 0.464250 0.597133 0.467764 0.596083 0.467407 0.596164 0.468194 0.596729 0.469125 0.597414 0.469986 0.598099 0.470273 0.598211 0.468972 0.600844 0.462458 0.600802 0.460019 0.600560 0.455574 0.600117 0.453421 0.599190 0.451199 0.598583 0.449407 0.597576 0.447898 0.596245 0.447042 0.595437 0.447255 0.594753 0.447542 0.593865 0.445963 0.592896 0.444528 0.592049 0.443958 0.591161 0.443671 0.590596 0.443958 0.590677 0.446468 0.590677 0.448403 0.590638 0.450269 0.589831 0.452060 0.589589 0.453065 0.589346 0.454069 0.589872 0.455000 0.590799 0.455287 0.591404 0.456005 0.592250 0.457727 0.592453 0.459588
2 0.534307 0.481255 0.533930 0.484713 0.533388 0.485287 0.532740 0.486824 0.531607 0.493065 0.530635 0.493157 0.529448 0.493157 0.528206 0.494889 0.527719 0.495750 0.527557 0.496519 0.528086 0.497894 0.528956 0.497153 0.528992 0.499130 0.532583 0.502537 0.533312 0.501856 0.533977 0.501491 0.537286 0.504468 0.537672 0.506819 0.538508 0.506694 0.540565 0.505514 0.540706 0.504468 0.541958 0.504398 0.542622 0.504468 0.542797 0.503412 0.544805 0.507759 0.545927 0.509093 0.545242 0.513088 0.546177 0.513866 0.548299 0.514204 0.553677 0.519750 0.558044 0.524532 0.559174 0.523977 0.560859 0.522977 0.562359 0.523648 0.563672 0.524310 0.564044 0.521759 0.556604 0.510523 0.551862 0.502981 0.549865 0.501653 0.547867 0.501875 0.546052 0.502097 0.544302 0.502097 0.542924 0.500542 0.541305 0.496759 0.539740 0.492546 0.538805 0.489653 0.537617 0.487764
2 0.579583 0.448704 0.578016 0.448028 0.577313 0.448412 0.576232 0.450144 0.573857 0.454079 0.574018 0.454940 0.574396 0.455037 0.575422 0.454463 0.575909 0.454463 0.576341 0.455231 0.576341 0.456190 0.576070 0.458014 0.575693 0.459167 0.575154 0.460699 0.574612 0.462236 0.574073 0.462907 0.573208 0.463870 0.573263 0.466079 0.574234 0.466556 0.577799 0.467231 0.578716 0.467231 0.580299 0.466912 0.581828 0.467028 0.581773 0.456181 0.581828 0.451282 0.581935 0.446676 0.581161 0.446463 0.580245 0.447713
2 0.584565 0.454528 0.585482 0.453667 0.589370 0.455870 0.591799 0.456833 0.592250 0.457727 0.592453 0.459588 0.591888 0.462384 0.595276 0.461597 0.596891 0.464250 0.597133 0.467764 0.596083 0.467407 0.596164 0.468194 0.596729 0.469125 0.597414 0.469986 0.598099 0.470273 0.598211 0.468972 0.600385 0.472097 0.600385 0.472097 0.597216 0.472148 0.586302 0.475102 0.584042 0.475861 0.584742 0.466356 0.584365 0.460597
2 0.550169 0.480833 0.545615 0.479519 0.544479 0.479519 0.543185 0.478750 0.542375 0.477787 0.541510 0.477023 0.541133 0.475773 0.535354 0.473662 0.535031 0.475486 0.535031 0.476731 0.536542 0.477694 0.535354 0.479903 0.534307 0.481255 0.537617 0.487764 0.538805 0.489653 0.539740 0.492546 0.541305 0.496759 0.542924 0.500542 0.544302 0.502097 0.546052 0.502097 0.547867 0.501875 0.549865 0.501653 0.551862 0.502981 0.544531 0.491500 0.545833 0.488944
2 0.564766 0.487269 0.564372 0.486676 0.563997 0.485454 0.561875 0.484454 0.559562 0.484231 0.557625 0.483898 0.556125 0.483676 0.554378 0.485009 0.553315 0.485343 0.550169 0.480833 0.545615 0.479519 0.544479 0.479519 0.543185 0.478750 0.542375 0.477787 0.541510 0.477023 0.541755 0.473014 0.546068 0.474347 0.548690 0.474458 0.550503 0.475014 0.551628 0.474681 0.553503 0.475347 0.555253 0.476569 0.554815 0.478569 0.558375 0.479458 0.564872 0.482120 0.565747 0.484898 0.566685 0.485787 0.567164 0.486944 0.566792 0.488935 0.566417 0.489597 0.565344 0.490593 0.563805 0.492255 0.562870 0.492171 0.562263 0.491671 0.562076 0.490097 0.562638 0.489347 0.563758 0.488273
2 0.553315 0.485343 0.554378 0.485009 0.556125 0.483676 0.557625 0.483898 0.559562 0.484231 0.561875 0.484454 0.563997 0.485454 0.564372 0.486676 0.564766 0.487269 0.563758 0.488273 0.562638 0.489347 0.562076 0.490097 0.562263 0.491671 0.562870 0.492171 0.563805 0.492255 0.565344 0.490593 0.566417 0.489597 0.566792 0.488935 0.567432 0.488213 0.567432 0.492324 0.567862 0.499005 0.563490 0.498523 0.561922 0.498046
10 0.571982 0.437431 0.568958 0.445301 0.567995 0.447681 0.567107 0.450088 0.564964 0.454519 0.563828 0.457398 0.567141 0.461315 0.570417 0.465176 0.571120 0.463926 0.572091 0.463542 0.573208 0.463870 0.574073 0.462907 0.574612 0.462236 0.575154 0.460699 0.575693 0.459167 0.576070 0.458014 0.576341 0.456190 0.576341 0.455231 0.575909 0.454463 0.575422 0.454463 0.574396 0.455037 0.574018 0.454940 0.573857 0.454079 0.577745 0.443759
10 0.572443 0.420542 0.570109 0.426764 0.568430 0.431907 0.568242 0.433486 0.568661 0.434648 0.571982 0.437431 0.575990 0.441866 0.577203 0.440204 0.577529 0.438213 0.577997 0.436806 0.578417 0.436806 0.580190 0.430333 0.580143 0.428343 0.579956 0.427593
2 0.529172 0.472139 0.525424 0.474134 0.523924 0.475245 0.523487 0.477579 0.522924 0.481801 0.522924 0.484579 0.523799 0.484801 0.526487 0.484801 0.527672 0.485690 0.530234 0.485579 0.530859 0.484801 0.531922 0.479912 0.532609 0.477134 0.534172 0.474690 0.534984 0.473250 0.535354 0.473662 0.540044 0.475134 0.539482 0.470250 0.538169 0.468917 0.536107 0.469361 0.532609 0.471917
2 0.521844 0.455875 0.529685 0.458972 0.529630 0.461759 0.530224 0.461949 0.531143 0.459069 0.532547 0.460606 0.535138 0.463389 0.540755 0.465884 0.541781 0.466847 0.539297 0.469435 0.538169 0.468917 0.536107 0.469361 0.532609 0.471917 0.531628 0.468093 0.529469 0.464926 0.527255 0.463583 0.523367 0.462620 0.520883 0.462144 0.518615 0.462815 0.517534 0.459741 0.515385 0.454204
2 0.463703 0.274954 0.469307 0.307519 0.474828 0.338148 0.481268 0.371009 0.488461 0.411458 0.490010 0.419931 0.489750 0.423843 0.489750 0.425449 0.485477 0.403352 0.477521 0.362403 0.468237 0.317644 0.461714 0.277347 0.461622 0.274269
1 0.381341 0.358074 0.381232 0.345495 0.381195 0.337477 0.381302 0.332676 0.380974 0.332139 0.381299 0.319444 0.381784 0.305032 0.383115 0.296292 0.384729 0.288037 0.386544 0.281657 0.391193 0.270366 0.394648 0.268662 0.394648 0.268662 0.394695 0.269907 0.392138 0.274356 0.386953 0.288051 0.383924 0.300824 0.382570 0.326384 0.382589 0.334222 0.382427 0.337870 0.383172 0.359324
10 0.508703 0.231421 0.517383 0.235333 0.517513 0.241093 0.515180 0.247310 0.514143 0.248694 0.511294 0.267352 0.503909 0.305815 0.493026 0.357639 0.494063 0.359713 0.494193 0.362704 0.492768 0.366389 0.490823 0.368231 0.489268 0.368926 0.483180 0.366162 0.482404 0.362704 0.480849 0.361782 0.479940 0.359940 0.480070 0.356255 0.482143 0.352801 0.484766 0.347315 0.477479 0.342667 0.476443 0.340134 0.476703 0.336218 0.477740 0.334144 0.479294 0.334144 0.488750 0.340593 0.498339 0.291074 0.504815 0.253991 0.506112 0.248463 0.505206 0.247310 0.505206 0.242477 0.505852 0.237639 0.507018 0.234875 0.507924 0.234875
10 0.469755 0.176755 0.479128 0.202412 0.479932 0.205745 0.487805 0.225296 0.495060 0.243620 0.497370 0.243620 0.498557 0.246509 0.498932 0.248731 0.498365 0.250176 0.496365 0.251620 0.500120 0.253843 0.502362 0.255620 0.504237 0.257282 0.502932 0.264949 0.495370 0.273389 0.493740 0.274167 0.492865 0.273167 0.491872 0.270394 0.490992 0.268727 0.490492 0.267394 0.491497 0.265060 0.491435 0.263838 0.487997 0.267727 0.486305 0.270505 0.485117 0.272722 0.483992 0.274611 0.482432 0.274056 0.481063 0.271722 0.480687 0.269171 0.481000 0.267060 0.482187 0.265949 0.485625 0.261060 0.488555 0.259060 0.489997 0.257505 0.490930 0.255398 0.477682 0.224519 0.477878 0.219852 0.476315 0.216074 0.475440 0.215296 0.468193 0.196417
2 0.476383 0.229556 0.475815 0.237657 0.475898 0.242565 0.482255 0.243162 0.482924 0.245838 0.483844 0.250148 0.486690 0.254611 0.487190 0.259815 0.488555 0.259060 0.489997 0.257505 0.490930 0.255398 0.479203 0.228014
2 0.491240 0.233866 0.498099 0.236991 0.502531 0.238773 0.505375 0.239815 0.505206 0.242477 0.505206 0.247310 0.506112 0.248463 0.504815 0.253991 0.504237 0.257282 0.502362 0.255620 0.500120 0.253843 0.496365 0.251620 0.498365 0.250176 0.498932 0.248731 0.498557 0.246509 0.497370 0.243620 0.495060 0.243620
10 0.424919 0.179657 0.415292 0.168111 0.401797 0.154116 0.389167 0.144005 0.371352 0.133889 0.370927 0.135824 0.368922 0.135824 0.367667 0.139685 0.368586 0.141773 0.368753 0.144602 0.367500 0.146671 0.363906 0.159014 0.362148 0.160069 0.360557 0.159171 0.358799 0.160963 0.357544 0.163792 0.357544 0.166898 0.358294 0.169287 0.356458 0.173745 0.357130 0.176569 0.358216 0.175972 0.360805 0.168250 0.361396 0.168546 0.360391 0.173306 0.360479 0.178361 0.361307 0.178204 0.361812 0.173884 0.363648 0.164824 0.364656 0.159907 0.368172 0.154556 0.368674 0.152486 0.370591 0.148921 0.372852 0.146532 0.373602 0.145037 0.377701 0.146394 0.385237 0.151292 0.398281 0.160667 0.413253 0.176134 0.413341 0.180292 0.412503 0.183259 0.412503 0.186523 0.413924 0.188019 0.415010 0.188477 0.416096 0.186523 0.417104 0.184296 0.418190 0.181171 0.421953 0.185352 0.423789 0.185491 0.425044 0.184894
2 0.470620 0.314454 0.473042 0.314537 0.473607 0.312546 0.474023 0.311051 0.475286 0.310222 0.476979 0.314593 0.481159 0.327384 0.483419 0.336750 0.479294 0.334144 0.477740 0.334144 0.476961 0.335509 0.472630 0.325694
10 0.586302 0.475102 0.597216 0.472148 0.600385 0.472097 0.610086 0.468083 0.612542 0.467134 0.615867 0.466750 0.617242 0.466750 0.619771 0.469963 0.620857 0.473431 0.620961 0.478356 0.621630 0.487875 0.622299 0.490551 0.623469 0.492481 0.623302 0.494861 0.621797 0.497537 0.619036 0.500065 0.603505 0.505046 0.590133 0.508773 0.575964 0.513144 0.573721 0.513144 0.572206 0.513144 0.569458 0.509157 0.568299 0.504662 0.567432 0.492324 0.567432 0.488213 0.568083 0.485125 0.569458 0.481144 0.570253 0.480370
2 0.508263 0.356213 0.508878 0.363782 0.509250 0.372079 0.509578 0.373907 0.509508 0.375324 0.509997 0.380708 0.509763 0.392074 0.509250 0.393236 0.509576 0.399292 0.485734 0.395440 0.481268 0.371009 0.479380 0.361375 0.479521 0.357227 0.479055 0.354407 0.476766 0.347852 0.474828 0.338148 0.474992 0.337810 0.476456 0.338977 0.476443 0.340134 0.477479 0.342667 0.478117 0.343347 0.482143 0.352801 0.480070 0.356255 0.479940 0.359940 0.480849 0.361782 0.482404 0.362704 0.483180 0.366162 0.489268 0.368926 0.499010 0.395653 0.499443 0.395653 0.500383 0.394755 0.489901 0.368667 0.490823 0.368231 0.492768 0.366389 0.494193 0.362704 0.494063 0.359713 0.496047 0.362764 0.500456 0.369190 0.501034 0.368162 0.501974 0.364051 0.502625 0.363407 0.502987 0.362509 0.504143 0.361352 0.505154 0.361481 0.508263 0.363537
8 0.399409 0.266009 0.404745 0.270968 0.406417 0.272028 0.408323 0.272315 0.410096 0.272565 0.412214 0.269491 0.412727 0.272278 0.414151 0.271130 0.413385 0.266574 0.416716 0.258472 0.418297 0.265370 0.419982 0.263986 0.418154 0.268792 0.416654 0.272236 0.414591 0.274236 0.411154 0.276347 0.409771 0.276713 0.407016 0.276880 0.405990 0.276213 0.403003 0.274222 0.401789 0.275134 0.397310 0.272231 0.397263 0.270569 0.396234 0.269657 0.394695 0.269907 0.394648 0.268662
2 0.663922 0.603949 0.654034 0.602843 0.646461 0.602542 0.638380 0.599125 0.634198 0.600833 0.637120 0.602824 0.645292 0.606972 0.655401 0.607421 0.662146 0.608005
2 0.653930 0.528417 0.663385 0.548588 0.666260 0.555042 0.664974 0.556116 0.661721 0.576157 0.658242 0.591083 0.623370 0.605338 0.610737 0.576019 0.613083 0.570778 0.618831 0.542403 0.625487 0.539306 0.650982 0.530162 0.650982 0.529088 0.653477 0.527472
2 0.393172 0.292509 0.397169 0.295102 0.403693 0.300875 0.412927 0.308361 0.429404 0.322250 0.428919 0.325005 0.434919 0.331542 0.438404 0.336704 0.437750 0.337764 0.437471 0.338319 0.435448 0.341792 0.434531 0.343241 0.431630 0.341005 0.432792 0.339282 0.435500 0.337907 0.436565 0.337218 0.435984 0.335500 0.433758 0.335843 0.431531 0.337565 0.429596 0.339282 0.425242 0.335843 0.424661 0.332056 0.421854 0.332917 0.413242 0.326037 0.395435 0.310722 0.391078 0.306421 0.390885 0.291625
10 0.400021 0.277454 0.398630 0.276394 0.398661 0.275773 0.398107 0.274347 0.397057 0.273796 0.396503 0.273671 0.397310 0.272231 0.397341 0.270199 0.392352 0.274106 0.393135 0.278593 0.394484 0.278495 0.395526 0.277162 0.396615 0.277806 0.397745 0.279597 0.397344 0.282968 0.397344 0.286264 0.398148 0.291144 0.401318 0.296745 0.403693 0.300875 0.412927 0.308361 0.418003 0.308069 0.419193 0.307880 0.419083 0.309319 0.419841 0.309417 0.421729 0.311528 0.423943 0.311431 0.424591 0.308745 0.425076 0.305671 0.424536 0.303171 0.423672 0.302694 0.422698 0.303657 0.420326 0.301644 0.420810 0.299144 0.421190 0.296648 0.421190 0.295495 0.419245 0.292329 0.414547 0.285319 0.413195 0.285319 0.411846 0.283208 0.410982 0.283111 0.410333 0.280611 0.409039 0.280227 0.408443 0.278889 0.408068 0.278023 0.407016 0.276880 0.405990 0.276213 0.403003 0.274222 0.401789 0.275134
2 0.349669 0.246250 0.352370 0.255574 0.353984 0.257440 0.354427 0.260810 0.354469 0.263532 0.354388 0.264324 0.353984 0.264968 0.352815 0.264894 0.352734 0.266185 0.351846 0.268125 0.350958 0.269056 0.349266 0.272495 0.347974 0.274722 0.346924 0.275940 0.346362 0.276370 0.345878 0.276153 0.345513 0.275292 0.344969 0.273917 0.345091 0.271694 0.345573 0.270116 0.346745 0.269042 0.346664 0.268181 0.346180 0.266676 0.345615 0.266532 0.344565 0.266745 0.344284 0.267676 0.344000 0.269616 0.343477 0.269829 0.342630 0.268468 0.341500 0.267894 0.340612 0.269903 0.337346 0.264093 0.337143 0.263162 0.336740 0.262731 0.335893 0.262588 0.335289 0.262731 0.335086 0.263019 0.334682 0.264162 0.334724 0.265454 0.334763 0.266819 0.335047 0.267532 0.335531 0.267894 0.336013 0.267819 0.336336 0.267319 0.339362 0.271620 0.338958 0.272412 0.338458 0.273472 0.339484 0.275782 0.339281 0.276356 0.338516 0.277287 0.338031 0.278505 0.337346 0.281301 0.335622 0.280667 0.333997 0.281667 0.332250 0.283222 0.329875 0.286218 0.328758 0.282653 0.327385 0.283296 0.330372 0.292690 0.331742 0.297708 0.330224 0.294065 0.326661 0.290514 0.324555 0.290704 0.322609 0.288495 0.322341 0.287347 0.323365 0.286194 0.324336 0.285333 0.323849 0.284370 0.323365 0.282644 0.323958 0.280333 0.324497 0.278227 0.326120 0.281685 0.326875 0.281875 0.327143 0.275343 0.327143 0.275343 0.331464 0.266995 0.332437 0.264116 0.332219 0.263634 0.330602 0.265454 0.327794 0.266995 0.327198 0.265361 0.327846 0.264787 0.331034 0.263255 0.330008 0.260565 0.330112 0.259315 0.332599 0.258644 0.334323 0.257875 0.335568 0.257199 0.336487 0.256435 0.338107 0.250574 0.339242 0.247792 0.340266 0.245583 0.342932 0.244958 0.347651 0.244958
2 0.380495 0.280787 0.383401 0.284222 0.385339 0.285440 0.384729 0.288037 0.383115 0.296292 0.382526 0.299551 0.372279 0.290773 0.370531 0.289662 0.370406 0.287884 0.370406 0.286662 0.371372 0.286444 0.371786 0.283611 0.372831 0.286597
2 0.434271 0.364815 0.434247 0.364037 0.435044 0.363500 0.435667 0.363778 0.435966 0.363875 0.436750 0.361894 0.437682 0.361843 0.439370 0.360287 0.440185 0.359856 0.441268 0.359056 0.441510 0.358199 0.442383 0.357852 0.452589 0.370148 0.452589 0.370148 0.452437 0.371421 0.450695 0.375551 0.448276 0.377102 0.445661 0.377444 0.443271 0.377255 0.441268 0.375106 0.439266 0.371458 0.437117 0.369134
2 0.449711 0.317056 0.446146 0.324931 0.461320 0.337310 0.469961 0.344898 0.469542 0.342537 0.467477 0.330977 0.459971 0.324352 0.454516 0.320319
2 0.424724 0.250148 0.424146 0.253616 0.428526 0.254606 0.432141 0.255120 0.433398 0.255671 0.433398 0.257380 0.434151 0.258296 0.434477 0.262690 0.434708 0.265685 0.434331 0.267343 0.434424 0.267921 0.435409 0.267843 0.436385 0.265852 0.436667 0.266185 0.436479 0.268588 0.436573 0.269500 0.437367 0.269745 0.438487 0.266843 0.440164 0.263769 0.442594 0.263449 0.444091 0.261120 0.445674 0.258296 0.446794 0.255889 0.446786 0.253759 0.446729 0.250315 0.447229 0.246986 0.445854 0.238977
8 0.432141 0.255120 0.429177 0.285319 0.425346 0.284167 0.428526 0.254606
5 0.479604 0.394579 0.449326 0.389227 0.407589 0.383130 0.407422 0.385213 0.436279 0.414060 0.443135 0.414801 0.446815 0.416588 0.448154 0.414356 0.449555 0.414134 0.450555 0.413912 0.474503 0.416588 0.478852 0.418968 0.480107 0.418968 0.479940 0.416588 0.481362 0.417329 0.482784 0.417778 0.483620 0.414356
5 0.485734 0.395440 0.519109 0.400796 0.518440 0.421463 0.516852 0.422208 0.511581 0.421463 0.510911 0.423102 0.507742 0.423292 0.505651 0.416306 0.504146 0.415412 0.503224 0.416750 0.502974 0.418384 0.503477 0.421657 0.499203 0.421463 0.499117 0.419231 0.496526 0.414625 0.496526 0.410458 0.496609 0.407931 0.496023 0.406148 0.494602 0.405852 0.493766 0.406894 0.493346 0.408380 0.493849 0.411949 0.494016 0.414329 0.492510 0.416556 0.491172 0.416704 0.490052 0.419954 0.488461 0.411458
8 0.537849 0.216352 0.539146 0.218273 0.539956 0.220579 0.540279 0.222208 0.535365 0.229792 0.527266 0.241407 0.524727 0.244000 0.521432 0.246111 0.518841 0.246111 0.516195 0.244579 0.517513 0.241093 0.519164 0.240449 0.520893 0.238338 0.522674 0.236032 0.524510 0.235551 0.531424 0.226144
8 0.419872 0.147333 0.418932 0.149389 0.418862 0.152343 0.419294 0.154787 0.421318 0.155301 0.433320 0.159796 0.438812 0.154917 0.425945 0.149005 0.421680 0.146819
5 0.516958 0.367060 0.532357 0.358833 0.537273 0.380296 0.542622 0.405611 0.542190 0.409468 0.528310 0.414097 0.532503 0.405356 0.532792 0.403431 0.532576 0.402144 0.531779 0.399958 0.528237 0.391477 0.523609 0.375282 0.521154 0.376954 0.520719 0.377213 0.519346 0.377213 0.517898 0.376569
8 0.476443 0.433685 0.495849 0.459264 0.513328 0.480972 0.520354 0.489745 0.520188 0.491384 0.503542 0.476213 0.490578 0.463130 0.477279 0.446028 0.472177 0.439190 0.472260 0.435620 0.472596 0.433093 0.473263 0.432051
8 0.515385 0.454204 0.523156 0.445435 0.533651 0.432884 0.539745 0.426495 0.541505 0.424352 0.542391 0.423273 0.543745 0.421944 0.546544 0.420616 0.547211 0.426551 0.545919 0.427685 0.543331 0.429856 0.535987 0.437824 0.525469 0.450764 0.521844 0.455875
8 0.558133 0.441731 0.562521 0.455838 0.567141 0.461315 0.571388 0.466208 0.575682 0.471769 0.579042 0.475917 0.578109 0.477657 0.573581 0.472764 0.562846 0.459653 0.560326 0.455838 0.556872 0.444315
5 0.456904 0.245745 0.461622 0.274269 0.463703 0.274954 0.466188 0.279204 0.466354 0.283218 0.466607 0.289912 0.469953 0.297940 0.470622 0.304630 0.473966 0.307009 0.476979 0.314593 0.481159 0.327384 0.483419 0.336750 0.488750 0.340593 0.496224 0.302343 0.491206 0.296245 0.489867 0.292972 0.492208 0.287769 0.493464 0.287769 0.494635 0.273495 0.493740 0.274167 0.492865 0.273167 0.491872 0.270394 0.490992 0.268727 0.490492 0.267394 0.491497 0.265060 0.491435 0.263838 0.487997 0.267727 0.486305 0.270505 0.485117 0.272722 0.483992 0.274611 0.482432 0.274056 0.481063 0.271722 0.480687 0.269171 0.481000 0.267060 0.482187 0.265949 0.485625 0.261060 0.487190 0.259815 0.486690 0.254611 0.483844 0.250148 0.482924 0.245838 0.482255 0.243162 0.475898 0.242565 0.475815 0.237657 0.469039 0.238551 0.468789 0.243162 0.467617 0.245389 0.466029 0.246431 0.462599 0.247917 0.460677 0.248514 0.458250 0.247769
5 0.503346 0.308662 0.508190 0.313028 0.509346 0.315602 0.512456 0.318815 0.512312 0.322796 0.511495 0.325380 0.508964 0.326667 0.510339 0.328722 0.512312 0.330120 0.511083 0.332565 0.510070 0.334106 0.509854 0.336162 0.510286 0.337190 0.510432 0.338218 0.509997 0.339759 0.508987 0.341046 0.507974 0.341944 0.508263 0.346315 0.506456 0.346444 0.505083 0.346315 0.504938 0.346829 0.505732 0.349398 0.506383 0.350685 0.507469 0.351329 0.507539 0.352097 0.508263 0.356213 0.508263 0.363537 0.505154 0.361481 0.504143 0.361352 0.502987 0.362509 0.502625 0.363407 0.501974 0.364051 0.501034 0.368162 0.500456 0.369190 0.496047 0.362764 0.494063 0.359713 0.493026 0.357639 0.496878 0.339352
5 0.297013 0.203889 0.288721 0.187306 0.294810 0.183389 0.308674 0.177398 0.311911 0.175097 0.316057 0.171644 0.321370 0.171644 0.331484 0.192037 0.343005 0.212407 0.357388 0.241662 0.371185 0.271329 0.373984 0.280079 0.374555 0.283259 0.376224 0.285444 0.376458 0.288046 0.372870 0.284847 0.369734 0.282472 0.366146 0.278491 0.361979 0.280648 0.359266 0.284731 0.335143 0.254995 0.306938 0.217222
5 0.357547 0.158755 0.356435 0.154731 0.355596 0.153046 0.355523 0.149398 0.359219 0.149204 0.362883 0.148806 0.362883 0.147792 0.358784 0.143718 0.358755 0.142060 0.361227 0.140282 0.364388 0.132481 0.363685 0.130005 0.362427 0.128514 0.362516 0.125519 0.365508 0.125852 0.372786 0.132907 0.378664 0.138218 0.384917 0.144190 0.389536 0.148009 0.395753 0.153481 0.403409 0.161954 0.415229 0.173750 0.423760 0.180292 0.433701 0.189894 0.442901 0.199713 0.447419 0.204171 0.447044 0.206278 0.448794 0.213167 0.449609 0.219051 0.456609 0.225056 0.455227 0.227278 0.454115 0.228287 0.453177 0.229907 0.451172 0.228051 0.449734 0.227046 0.447943 0.231296 0.446706 0.239412 0.439331 0.231185 0.439766 0.240181 0.440266 0.249509 0.434219 0.242505 0.424984 0.232806 0.411701 0.218213 0.396148 0.201894 0.379083 0.182597 0.362451 0.164551
5 0.384917 0.144190 0.377315 0.135782 0.371388 0.129644 0.368401 0.126907 0.368401 0.125662 0.370081 0.123171 0.374234 0.120435 0.375401 0.119190 0.376521 0.112801 0.377409 0.110560 0.381047 0.102597 0.383055 0.102264 0.383570 0.102500 0.384411 0.103250 0.410234 0.129417 0.441930 0.159255 0.468906 0.185454 0.466456 0.189551 0.466456 0.189551 0.465057 0.192620 0.463003 0.198014 0.461883 0.200171 0.461229 0.200088 0.460622 0.199009 0.459596 0.200333 0.460016 0.202412 0.458661 0.206560 0.456328 0.208051 0.456281 0.209546 0.454010 0.212546 0.447419 0.204171 0.442901 0.199713 0.433701 0.189894 0.423760 0.180292 0.415229 0.173750 0.403409 0.161954 0.395753 0.153481 0.389536 0.148009
5 0.464870 0.234852 0.462633 0.232213 0.459487 0.232356 0.457607 0.233384 0.456609 0.233602 0.453638 0.235727 0.452146 0.237019 0.450979 0.238903 0.451461 0.240102 0.462190 0.251861 0.474815 0.265917 0.494823 0.288435 0.498818 0.293671 0.507609 0.302417 0.525440 0.323931 0.533424 0.333111 0.534596 0.334616 0.535724 0.338417 0.535951 0.339593 0.531870 0.341514 0.530984 0.342181 0.531474 0.344005 0.539958 0.353324 0.541630 0.352431 0.541044 0.350500 0.541044 0.345296 0.543135 0.343958 0.546984 0.349014 0.548823 0.347676 0.548992 0.343065 0.552003 0.347676 0.554094 0.347227 0.554010 0.342917 0.556518 0.331167 0.559279 0.325815 0.562307 0.327806 0.563315 0.327157 0.562786 0.326019 0.559375 0.322639 0.557318 0.320694 0.553078 0.316412 0.551865 0.314755 0.550130 0.314398 0.547383 0.311681 0.544583 0.314171 0.542344 0.311602 0.540198 0.310602 0.538469 0.311185 0.536695 0.311269 0.514576 0.287454 0.489557 0.260986
5 0.451461 0.240102 0.449839 0.242657 0.446706 0.239412 0.439331 0.231185 0.439766 0.240181 0.440266 0.249509 0.440211 0.252102 0.437727 0.253926 0.434974 0.255463 0.433948 0.257000 0.436797 0.259120 0.445964 0.269815 0.464237 0.290875 0.480622 0.308231 0.488049 0.313931 0.500633 0.331287 0.511859 0.346162 0.517961 0.354032 0.521133 0.351491 0.526328 0.345542 0.531870 0.341514 0.535951 0.339593 0.535724 0.338417 0.534596 0.334616 0.533424 0.333111 0.525440 0.323931 0.507609 0.302417 0.498818 0.293671 0.494823 0.288435 0.474815 0.265917 0.462190 0.251861
