0 0.473656 0.075083 0.470961 0.078833 0.466977 0.089458 0.460883 0.108204 0.458893 0.126537 0.461352 0.147782 0.465102 0.159032 0.467797 0.161532 0.469672 0.158824 0.472602 0.133412 0.474359 0.124245 0.489969 0.098245 0.493258 0.104269 0.490646 0.111667 0.488419 0.112870 0.485227 0.115278 0.483484 0.117343 0.480484 0.123537 0.480773 0.128120 0.483367 0.135606 0.486497 0.149440 0.486310 0.169444 0.486779 0.178611 0.489005 0.193403 0.490646 0.197153 0.494279 0.196528 0.501307 0.189653 0.508104 0.180903 0.507870 0.116537 0.514430 0.110704 0.520641 0.109454 0.523687 0.114037 0.525891 0.126532 0.526391 0.129866 0.526328 0.139194 0.526453 0.148528 0.525703 0.160079 0.525034 0.166255 0.529513 0.173231 0.530589 0.170741 0.530826 0.170986 0.531151 0.171731 0.530076 0.174218 0.532794 0.176606 0.535469 0.170954 0.537729 0.170653 0.539867 0.169801 0.539068 0.167241 0.539068 0.167241 0.539654 0.166944 0.546372 0.160782 0.537010 0.125306 0.530331 0.093019 0.570990 0.116560 0.570755 0.102602 0.570169 0.097810 0.569701 0.093435 0.569232 0.089273 0.567474 0.080940 0.564310 0.073856 0.559154 0.065731 0.555289 0.059065 0.518497 0.049278 0.492016 0.043236 0.487094 0.047819
14 0.450286 0.432116 0.447792 0.437583 0.446906 0.438329 0.447292 0.439236 0.446104 0.441574 0.440378 0.434662 0.439349 0.434181 0.438971 0.434755 0.441297 0.437162 0.445346 0.442537 0.444490 0.443412 0.444638 0.447162 0.444279 0.448611 0.443766 0.452630 0.443193 0.454394 0.438130 0.437199 0.436331 0.431037 0.446375 0.435699 0.446776 0.434986 0.447060 0.429894
2 0.587924 0.609995 0.588771 0.613009 0.582724 0.634306 0.575984 0.657968 0.572474 0.671023 0.559773 0.662273 0.560297 0.657968 0.562552 0.651250 0.563052 0.649588 0.564609 0.642338 0.564854 0.641222 0.565589 0.640620 0.567622 0.634394 0.567510 0.632583 0.570901 0.621231 0.573081 0.612792 0.573927 0.616667 0.562068 0.659977 0.571391 0.666361 0.577844 0.643412 0.568401 0.636671 0.569130 0.634162 0.578930 0.640472 0.579042 0.639269 0.579854 0.638046 0.584940 0.619676 0.575258 0.612148 0.574773 0.614009 0.573927 0.610426 0.575096 0.604690 0.577034 0.604977 0.575745 0.611000 0.585544 0.617741
6 0.543997 0.381370 0.542622 0.382417 0.552365 0.424491 0.555201 0.436782 0.557826 0.435380 0.558701 0.435222 0.569292 0.473190 0.573055 0.486569 0.573471 0.489130 0.574253 0.489065 0.572560 0.468273 0.572161 0.463449 0.563747 0.436634 0.551260 0.401676
6 0.573651 0.514662 0.594122 0.600944 0.614458 0.682889 0.614594 0.700000 0.613372 0.700481 0.613372 0.703616 0.614187 0.707231 0.615677 0.709162 0.612424 0.712292 0.605104 0.683370 0.589784 0.617333 0.573706 0.549995 0.569854 0.531653 0.571346 0.534139 0.571956 0.532426 0.567578 0.521991 0.565396 0.517963
6 0.555201 0.436782 0.557826 0.435380 0.558701 0.435222 0.569292 0.473190 0.573055 0.486569 0.573471 0.489130 0.568740 0.489463 0.567521 0.488921
6 0.573482 0.467727 0.592573 0.525491 0.607414 0.569778 0.609310 0.596509 0.609794 0.603486 0.607219 0.604528 0.598781 0.579116 0.574854 0.493648 0.575313 0.490509
2 0.518846 0.651537 0.529104 0.662551 0.533128 0.656273 0.533667 0.654102 0.534727 0.652051 0.533969 0.650032 0.534346 0.647745 0.536240 0.641829 0.530500 0.644921 0.521503 0.649366
2 0.508156 0.492718 0.513406 0.493185 0.516557 0.495986 0.519182 0.496606 0.518745 0.502986 0.517258 0.505787 0.509117 0.503296 0.507281 0.499097
4 0.553398 0.670722 0.553724 0.681880 0.552875 0.683389 0.552875 0.694546 0.551958 0.695361 0.553135 0.721282 0.565492 0.713611 0.565885 0.709194 0.566474 0.709542 0.565951 0.713375 0.580596 0.704657 0.579549 0.701287 0.580464 0.699546 0.583276 0.701056 0.584844 0.702472 0.587760 0.700523 0.587716 0.699171 0.586786 0.695722 0.585734 0.692046 0.586237 0.689120 0.587674 0.685597 0.589865 0.683190 0.591977 0.682972 0.593794 0.684019 0.595141 0.685667 0.596620 0.689343 0.595273 0.692644 0.594807 0.696176 0.595482 0.699847 0.596070 0.702032 0.594724 0.703148 0.597763 0.714259 0.601940 0.717106 0.602320 0.717861 0.611271 0.712375 0.612424 0.712292 0.605104 0.683370 0.603289 0.675546 0.597680 0.674569 0.597633 0.680412 0.595737 0.680495 0.596070 0.674116 0.574464 0.671556 0.560281 0.669986 0.554875 0.669907
6 0.511411 0.676574 0.531385 0.698972 0.551505 0.721718 0.549357 0.723458 0.548672 0.744556 0.526794 0.720417 0.507406 0.698537
6 0.492221 0.654843 0.500984 0.664838 0.500331 0.667630 0.500003 0.670185 0.500133 0.676810 0.501310 0.676764 0.501440 0.669185 0.501690 0.667606 0.502664 0.666329 0.508195 0.672639 0.504729 0.678486 0.500383 0.686444 0.498060 0.689292
2 0.522701 0.516972 0.520776 0.532815 0.520372 0.549380 0.519865 0.572963 0.513687 0.575667 0.516018 0.540560 0.517943 0.525255
2 0.523977 0.622694 0.514747 0.635602 0.516714 0.647032 0.521102 0.641519 0.525641 0.633181 0.525641 0.626995
6 0.539484 0.369037 0.558091 0.449856 0.572768 0.511102 0.573404 0.513778 0.566339 0.515995 0.564984 0.515995 0.558714 0.487458 0.557919 0.479634 0.556336 0.471296 0.553961 0.462648 0.551586 0.457630 0.545716 0.432014 0.542661 0.414838 0.539333 0.403583 0.532094 0.372343
2 0.564018 0.524565 0.566807 0.535157 0.569607 0.543620 0.570906 0.549764 0.571651 0.552662 0.572026 0.555148 0.572026 0.555148 0.573362 0.558838 0.570625 0.560880 0.570951 0.562125 0.570951 0.562125 0.573107 0.569708 0.575146 0.568954 0.575315 0.564727 0.576930 0.563972 0.573706 0.549995 0.569854 0.531653 0.562151 0.513088 0.565208 0.523694
6 0.542094 0.368046 0.540510 0.371361 0.543997 0.381370 0.551260 0.401676 0.563747 0.436634 0.581552 0.489597 0.602729 0.548764 0.605906 0.558579 0.603260 0.519310 0.583969 0.464986 0.566951 0.416968 0.552122 0.375824 0.548190 0.364389
11 0.539643 0.636986 0.553031 0.651782 0.553635 0.655009 0.553107 0.658102 0.551443 0.664958 0.549779 0.666977 0.547281 0.665361 0.534727 0.652051 0.533969 0.650032 0.534346 0.647745 0.536240 0.641829
5 0.514346 0.416616 0.512607 0.428583 0.517750 0.429120 0.517146 0.431542 0.507992 0.434097 0.504664 0.441227 0.508901 0.447681 0.528643 0.466505 0.528870 0.462741 0.525164 0.456824 0.521609 0.452523 0.519112 0.447546 0.518281 0.444319 0.516919 0.442569 0.515180 0.442838 0.514799 0.442032 0.516086 0.440954 0.517523 0.441227 0.519339 0.443912 0.520398 0.447412 0.521911 0.451042 0.525995 0.455616 0.528945 0.461398 0.532424 0.442569 0.530005 0.441898 0.528115 0.450102 0.526753 0.448755 0.528115 0.441227 0.529401 0.437190 0.528794 0.431273 0.526375 0.427644 0.522591 0.423875
2 0.461602 0.046116 0.463539 0.071236 0.465667 0.092051 0.464128 0.098764 0.462385 0.103065 0.460451 0.098245 0.458904 0.097042 0.457169 0.090556 0.463005 0.093722 0.462688 0.090935 0.462688 0.090935 0.461893 0.090162 0.456531 0.087856 0.451151 0.078977 0.452747 0.086616 0.448161 0.085083 0.446370 0.072819 0.446049 0.069944 0.446049 0.069944 0.438531 0.055269 0.439122 0.060759 0.437698 0.062255 0.436326 0.062838 0.435609 0.058829 0.434602 0.052671 0.434622 0.050639 0.430586 0.020463 0.428409 0.000093 0.428552 0.000000 0.433990 0.000000 0.434185 0.000542 0.444802 0.020324 0.453927 0.037426 0.457440 0.044704 0.458437 0.046185 0.459445 0.044412 0.460529 0.044120 0.461148 0.044810
14 0.444849 0.401440 0.444380 0.401347 0.442253 0.404815 0.441208 0.406986 0.441885 0.408046 0.441922 0.410056 0.441799 0.411847 0.439784 0.416005 0.437245 0.420523 0.434581 0.422532 0.433578 0.421917 0.435201 0.427745 0.435766 0.427745 0.445646 0.432690 0.445930 0.428815 0.445281 0.426116 0.443331 0.419431 0.443547 0.414551 0.444560 0.408634 0.446151 0.404269 0.447164 0.401824
6 0.526073 0.309699 0.523669 0.312551 0.521685 0.316903 0.530823 0.343708 0.532456 0.348935 0.534128 0.347810 0.534424 0.350889 0.536154 0.349014 0.537716 0.349912 0.536534 0.351713 0.536703 0.352241 0.538729 0.352912 0.535901 0.356440 0.538771 0.367472 0.543182 0.365440 0.546773 0.363810 0.547427 0.363343 0.544292 0.353583 0.538208 0.337194 0.532263 0.320338 0.529320 0.311972 0.527687 0.309532
6 0.573471 0.489130 0.598781 0.579116 0.607219 0.604528 0.609794 0.603486 0.611083 0.617648 0.612911 0.646523 0.597328 0.590069 0.568740 0.489463
1 0.434622 0.050639 0.430375 0.046657 0.427995 0.044500 0.427154 0.044583 0.426687 0.046657 0.427482 0.049560 0.433781 0.060931 0.435977 0.063500 0.437237 0.064995 0.441951 0.074704 0.433409 0.079764 0.425195 0.077106 0.424260 0.077773 0.424214 0.079431 0.430747 0.082005 0.421648 0.087727 0.421695 0.089884 0.422487 0.090384 0.432708 0.082583 0.439570 0.084741 0.440922 0.087810 0.441391 0.090551 0.440409 0.093037 0.439708 0.096773 0.439341 0.101269 0.440854 0.106356 0.444740 0.112213 0.446630 0.113847 0.445982 0.118361 0.443448 0.118454 0.440802 0.114227 0.437776 0.112403 0.435240 0.112403 0.430161 0.114810 0.421307 0.118644 0.419146 0.118935 0.418284 0.116625 0.417094 0.114421 0.415958 0.114611 0.416500 0.117690 0.417904 0.120569 0.420117 0.121722 0.429297 0.117690 0.436424 0.115574 0.438964 0.116245 0.441393 0.118454 0.441664 0.119417 0.426221 0.126616 0.426599 0.128722 0.442312 0.120949 0.445227 0.125463 0.445445 0.128051 0.443878 0.129588 0.440854 0.135352 0.438911 0.140731 0.436318 0.151384 0.434427 0.160694 0.426544 0.165588 0.418661 0.166259 0.414125 0.167894 0.410344 0.170481 0.401977 0.180472 0.391065 0.194579 0.385286 0.206866 0.385286 0.209366 0.387826 0.203986 0.393552 0.194486 0.409154 0.175477 0.414174 0.170676 0.419146 0.168468 0.420443 0.168565 0.420602 0.169241 0.409859 0.175380 0.410721 0.178458 0.425896 0.168185 0.432755 0.167995 0.434753 0.187667 0.433133 0.192370 0.432807 0.190644 0.431458 0.190644 0.431081 0.191028 0.431893 0.195352 0.428703 0.203032 0.419523 0.201398 0.416122 0.200824 0.413638 0.200056 0.407534 0.199954 0.401107 0.201106 0.399003 0.202069 0.399060 0.204176 0.400299 0.206102 0.405971 0.208500 0.412234 0.213204 0.417956 0.213495 0.424490 0.213116 0.416500 0.232505 0.413690 0.239032 0.411044 0.241523 0.409859 0.244310 0.408669 0.248051 0.408076 0.251324 0.408453 0.252083 0.404294 0.261306 0.400677 0.260824 0.400138 0.261204 0.400409 0.263222 0.400841 0.264856 0.398789 0.267731 0.392146 0.251412 0.389393 0.245657 0.388310 0.245463 0.388203 0.246329 0.389930 0.249306 0.396305 0.264472 0.394737 0.270042 0.391284 0.270421 0.387177 0.268977 0.383667 0.264472 0.380427 0.258907 0.377888 0.252949 0.376755 0.245273 0.374865 0.230199 0.372974 0.230579 0.373786 0.239509 0.375997 0.253046 0.377458 0.256981 0.380107 0.261875 0.384643 0.268977 0.387177 0.271194 0.391227 0.272630 0.395820 0.272630 0.402945 0.264375 0.403055 0.265144 0.399060 0.271287 0.395385 0.277241 0.393117 0.283384 0.389664 0.297014 0.389716 0.300185 0.386206 0.309491 0.385992 0.310745 0.387609 0.312472 0.388529 0.310935 0.394089 0.294227 0.398914 0.280394 0.401172 0.286560 0.397831 0.291000 0.398318 0.292824 0.403880 0.286296 0.404586 0.288028 0.405284 0.289755 0.407010 0.291671 0.408310 0.292153 0.407987 0.294361 0.407120 0.295412 0.406633 0.295894 0.405984 0.297148 0.405341 0.297718 0.403609 0.298009 0.402424 0.299255 0.402260 0.300787 0.400370 0.300407 0.400698 0.302907 0.403773 0.316440 0.407010 0.329690 0.409659 0.338426 0.415510 0.359019 0.417948 0.368852 0.424523 0.371421 0.424523 0.369241 0.427487 0.370528 0.424812 0.377852 0.425245 0.379139 0.428284 0.371421 0.431607 0.374769 0.429513 0.377852 0.426115 0.381444 0.422214 0.383120 0.423151 0.385944 0.424523 0.384667 0.426258 0.388259 0.426982 0.387741 0.426909 0.385944 0.425826 0.384667 0.427128 0.383505 0.431174 0.390574 0.430305 0.394042 0.429872 0.394296 0.424742 0.388514 0.424378 0.388514 0.424812 0.391218 0.428932 0.395972 0.426549 0.398926 0.427271 0.400986 0.429656 0.397773 0.429221 0.402273 0.427930 0.403000 0.428211 0.404907 0.430497 0.403750 0.430404 0.406403 0.429703 0.409889 0.430216 0.411051 0.431242 0.408227 0.431430 0.406319 0.432083 0.406319 0.432318 0.415861 0.433344 0.415944 0.433203 0.413125 0.435352 0.410634 0.437964 0.412875 0.434745 0.419264 0.433578 0.421917 0.434581 0.422532 0.437245 0.420523 0.439784 0.416005 0.441799 0.411847 0.441922 0.410056 0.441885 0.408046 0.440792 0.406255 0.437081 0.401301 0.439784 0.398005 0.439505 0.396213 0.441964 0.395782 0.441841 0.394347 0.442729 0.393699 0.441375 0.391287 0.445281 0.386148 0.449836 0.379204 0.451354 0.379852 0.450706 0.381912 0.447453 0.399639 0.445138 0.399384 0.444201 0.400032 0.444849 0.401440 0.447164 0.401824 0.446151 0.404269 0.444560 0.408634 0.443547 0.414551 0.443331 0.419431 0.445281 0.426116 0.445930 0.428815 0.445646 0.432690 0.435766 0.427745 0.435201 0.427745 0.436331 0.431037 0.446375 0.435699 0.446776 0.434986 0.447060 0.429894 0.450286 0.432116 0.453029 0.431616 0.454560 0.427602 0.459208 0.432463 0.459586 0.434764 0.456021 0.440722 0.452727 0.445907 0.449435 0.443597 0.449380 0.441398 0.448820 0.439324 0.447792 0.437583 0.446906 0.438329 0.448026 0.441069 0.448214 0.442894 0.447466 0.442148 0.446104 0.441574 0.440378 0.434662 0.439349 0.434181 0.438971 0.434755 0.441297 0.437162 0.445346 0.442537 0.451341 0.447144 0.454042 0.448778 0.453552 0.450310 0.453122 0.450694 0.448638 0.452037 0.447560 0.453380 0.446966 0.455588 0.445940 0.457315 0.444750 0.459528 0.445346 0.460204 0.446695 0.458278 0.447453 0.456259 0.448102 0.454727 0.449935 0.453861 0.450529 0.453764 0.450370 0.455296 0.450370 0.458468 0.450529 0.460481 0.451661 0.461926 0.456685 0.465190 0.453930 0.467588 0.448638 0.464898 0.447018 0.463755 0.446154 0.464236 0.446641 0.465861 0.452531 0.468931 0.448638 0.472491 0.451826 0.482954 0.452310 0.485157 0.454578 0.494759 0.458685 0.496194 0.461924 0.495722 0.464893 0.511370 0.460841 0.516356 0.461492 0.518662 0.465107 0.512903 0.466677 0.520968 0.463490 0.524519 0.468187 0.540449 0.469602 0.544532 0.471609 0.552083 0.473010 0.556481 0.474784 0.555236 0.473383 0.549431 0.478143 0.544449 0.478096 0.546690 0.476510 0.548019 0.476464 0.549347 0.478237 0.548764 0.478143 0.565028 0.478378 0.574153 0.479404 0.579630 0.481083 0.579630 0.481456 0.588009 0.481456 0.589255 0.482492 0.593593 0.487565 0.595412 0.486326 0.601079 0.487029 0.601176 0.488216 0.596181 0.492430 0.597819 0.495018 0.608088 0.496477 0.612884 0.498586 0.614139 0.497503 0.618741 0.496477 0.619032 0.496583 0.625944 0.496206 0.626324 0.493130 0.616245 0.492482 0.616819 0.495453 0.626898 0.492159 0.630356 0.489242 0.633620 0.490510 0.639843 0.493156 0.636190 0.495154 0.635519 0.493750 0.639361 0.493695 0.642241 0.491268 0.644829 0.491268 0.648579 0.493750 0.644255 0.495370 0.658463 0.496453 0.659421 0.494669 0.643583 0.494885 0.639653 0.496396 0.634944 0.497581 0.634468 0.498771 0.637245 0.504172 0.648481 0.506763 0.652704 0.506169 0.653185 0.506388 0.654819 0.507682 0.654338 0.509031 0.657505 0.507034 0.659903 0.503365 0.662019 0.501135 0.664579 0.500984 0.664838 0.500331 0.667630 0.500003 0.670185 0.500133 0.676810 0.501310 0.676764 0.501440 0.669185 0.501690 0.667606 0.502664 0.666329 0.505383 0.663694 0.510258 0.659250 0.511945 0.663250 0.510133 0.667690 0.508195 0.672639 0.504729 0.678486 0.500383 0.686444 0.498060 0.689292 0.498698 0.690352 0.499594 0.689375 0.505036 0.680144 0.508583 0.673468 0.511320 0.668134 0.509977 0.675194 0.505755 0.696505 0.503698 0.713898 0.500823 0.704236 0.500323 0.704569 0.503635 0.718120 0.503823 0.725227 0.504573 0.729005 0.505195 0.728005 0.504823 0.722782 0.507570 0.733005 0.508758 0.732227 0.505010 0.717898 0.506633 0.703569 0.507406 0.698537 0.511411 0.676574 0.513318 0.666245 0.514505 0.669356 0.515755 0.669468 0.515943 0.667579 0.514193 0.663917 0.514755 0.659028 0.514630 0.655028 0.521503 0.649366 0.530500 0.644921 0.536240 0.641829 0.539643 0.636986 0.550995 0.649477 0.554992 0.648699 0.558117 0.645366 0.560242 0.642032 0.560867 0.647810 0.561427 0.649699 0.562552 0.651250 0.563052 0.649588 0.561615 0.648032 0.561633 0.646847 0.560841 0.641023 0.561521 0.639014 0.561576 0.637407 0.561576 0.635699 0.559146 0.628468 0.556716 0.620528 0.555674 0.617384 0.556299 0.615051 0.557862 0.613829 0.558109 0.612056 0.556549 0.612611 0.556237 0.610056 0.556299 0.607167 0.557799 0.606833 0.557299 0.605389 0.555862 0.605278 0.555987 0.604167 0.557862 0.603500 0.561234 0.602722 0.562484 0.601944 0.565859 0.602056 0.566669 0.599833 0.563109 0.598616 0.561922 0.598060 0.561109 0.595060 0.561672 0.593171 0.567294 0.591060 0.574604 0.591171 0.577604 0.595727 0.582414 0.603056 0.571669 0.600833 0.569982 0.600833 0.570482 0.602833 0.569732 0.606389 0.570044 0.609833 0.571232 0.603722 0.575979 0.626829 0.579042 0.639269 0.579854 0.638046 0.572669 0.604389 0.587102 0.606500 0.586633 0.604269 0.584484 0.603444 0.579492 0.595481 0.577529 0.591829 0.582570 0.595394 0.583833 0.595727 0.584297 0.594069 0.580284 0.590917 0.575711 0.589171 0.572349 0.584028 0.568057 0.578889 0.571044 0.571667 0.576737 0.582694 0.582477 0.590250 0.583596 0.591417 0.582758 0.587926 0.577068 0.579542 0.571880 0.570833 0.568664 0.563116 0.570951 0.562125 0.570625 0.560880 0.568339 0.561546 0.568008 0.559713 0.572026 0.555148 0.571651 0.552662 0.570906 0.549764 0.568438 0.548852 0.569607 0.543620 0.566807 0.535157 0.562234 0.541468 0.559104 0.519060 0.560180 0.519319 0.560555 0.521051 0.560878 0.521884 0.561391 0.521218 0.561534 0.519806 0.560555 0.518653 0.558497 0.516907 0.558172 0.514662 0.556818 0.512097 0.555656 0.510264 0.555229 0.506787 0.554393 0.506787 0.554393 0.508852 0.552151 0.506366 0.550383 0.504954 0.547208 0.503801 0.545758 0.503546 0.544453 0.478764 0.542948 0.461370 0.545708 0.455273 0.548552 0.449028 0.548552 0.447542 0.547294 0.446796 0.546458 0.447694 0.545289 0.451259 0.544953 0.443074 0.543784 0.442931 0.544034 0.453782 0.543115 0.456014 0.540354 0.435343 0.541859 0.434454 0.541940 0.432667 0.540854 0.429403 0.540104 0.425681 0.540016 0.423157 0.538930 0.421069 0.537510 0.415273 0.538599 0.415130 0.541273 0.421671 0.541779 0.421514 0.541359 0.416019 0.538430 0.410074 0.537599 0.410954 0.538354 0.414028 0.537112 0.414319 0.533388 0.400676 0.533763 0.391269 0.534305 0.381486 0.533924 0.380329 0.533443 0.380431 0.532411 0.389838 0.531331 0.390125 0.530469 0.373708 0.532094 0.372343 0.539484 0.369037 0.542094 0.368046 0.548190 0.364389 0.549638 0.363046 0.552344 0.357671 0.554555 0.354028 0.559742 0.349417 0.559854 0.347282 0.557612 0.348861 0.555042 0.351019 0.552432 0.354917 0.550143 0.360060 0.548370 0.362713 0.547427 0.363343 0.546773 0.363810 0.543182 0.365440 0.538771 0.367472 0.531891 0.370625 0.527458 0.352690 0.531258 0.349907 0.530823 0.343708 0.521685 0.316903 0.523669 0.312551 0.526073 0.309699 0.527687 0.309532 0.529320 0.311972 0.533786 0.317273 0.540859 0.320727 0.546909 0.322458 0.549719 0.324759 0.553930 0.330523 0.556630 0.332634 0.557979 0.332157 0.558630 0.330134 0.555930 0.326681 0.549070 0.319194 0.544427 0.317662 0.536167 0.314773 0.530438 0.309685 0.526878 0.305653 0.529576 0.301333 0.532656 0.295000 0.534169 0.291157 0.534974 0.288093 0.543883 0.294324 0.555010 0.299699 0.563703 0.300190 0.565651 0.299801 0.567271 0.298843 0.571156 0.300190 0.572505 0.301431 0.573049 0.301532 0.574125 0.300375 0.571701 0.297977 0.568888 0.296634 0.566784 0.296157 0.563865 0.297588 0.559492 0.297977 0.551393 0.295958 0.536167 0.286750 0.537786 0.276185 0.543404 0.278486 0.544945 0.281463 0.545508 0.280384 0.546208 0.279218 0.546396 0.277727 0.545646 0.276819 0.543784 0.276972 0.543266 0.275898 0.541773 0.269264 0.542440 0.262602 0.543529 0.262213 0.544177 0.265421 0.542948 0.269153 0.543672 0.270310 0.544904 0.269796 0.545914 0.266708 0.545115 0.263755 0.544609 0.260532 0.544609 0.256046 0.545695 0.253083 0.548732 0.248204 0.550250 0.246528 0.551911 0.239597 0.552057 0.235731 0.552057 0.232398 0.551120 0.227903 0.549526 0.224556 0.548513 0.224426 0.548513 0.225458 0.549669 0.228546 0.550107 0.231755 0.550031 0.236764 0.549383 0.241264 0.548589 0.244727 0.546852 0.248074 0.546128 0.242931 0.544034 0.235731 0.540854 0.223657 0.537885 0.211829 0.537310 0.205273 0.551112 0.210806 0.554625 0.212296 0.554794 0.209616 0.554456 0.199801 0.554456 0.187458 0.550026 0.173042 0.542578 0.173042 0.539654 0.166944 0.539068 0.167241 0.540654 0.172144 0.537729 0.170653 0.535469 0.170954 0.532794 0.176606 0.530076 0.174218 0.531151 0.171731 0.530826 0.170986 0.530589 0.170741 0.529513 0.173231 0.525034 0.166255 0.525703 0.160079 0.526453 0.148528 0.526328 0.139194 0.525203 0.137088 0.530013 0.127421 0.531451 0.123977 0.530076 0.121981 0.526391 0.129866 0.525891 0.126532 0.525203 0.126755 0.521703 0.135088 0.519703 0.137977 0.518979 0.142542 0.517724 0.144917 0.506102 0.144773 0.506435 0.149227 0.517055 0.147736 0.519568 0.149384 0.519648 0.153245 0.518229 0.154435 0.516138 0.160380 0.513464 0.161866 0.510745 0.158847 0.509451 0.157301 0.508258 0.156926 0.506909 0.153560 0.505396 0.154426 0.509883 0.164889 0.504372 0.170551 0.499997 0.174009 0.497518 0.173431 0.490552 0.171708 0.487203 0.170162 0.481154 0.164889 0.482560 0.152894 0.482667 0.145019 0.481854 0.140028 0.480292 0.140028 0.480831 0.147704 0.478344 0.145306 0.479156 0.138106 0.479099 0.136287 0.478180 0.135995 0.480773 0.128120 0.483367 0.135606 0.486497 0.149440 0.488172 0.157403 0.489633 0.157014 0.491521 0.154324 0.499510 0.139065 0.501242 0.135319 0.500974 0.131579 0.497406 0.114681 0.513232 0.107282 0.517711 0.104028 0.523596 0.097500 0.528294 0.090301 0.529320 0.088856 0.528872 0.084310 0.523549 0.092741 0.517161 0.101000 0.509807 0.104958 0.501292 0.109431 0.497711 0.110977 0.496742 0.104440 0.494323 0.103236 0.492969 0.098593 0.491615 0.095838 0.489969 0.096870 0.489969 0.098245 0.491711 0.098764 0.493258 0.104269 0.494807 0.105301 0.495872 0.106162 0.496161 0.111495 0.490646 0.111667 0.488419 0.112870 0.484065 0.108398 0.483484 0.111324 0.485227 0.115278 0.483484 0.117343 0.480484 0.123537 0.477581 0.116481 0.473227 0.110977 0.470612 0.108569 0.468193 0.102375 0.465388 0.098764 0.464128 0.098764 0.466161 0.103065 0.468870 0.108056 0.463839 0.104269 0.462385 0.103065 0.460451 0.098245 0.458904 0.097042 0.456792 0.095630 0.453716 0.095630 0.451508 0.097181 0.449128 0.101875 0.446865 0.111477 0.443729 0.108120 0.441357 0.103889 0.440708 0.101019 0.440708 0.098333 0.441570 0.094875 0.442266 0.092861 0.442536 0.091037 0.442490 0.089593 0.441240 0.085361 0.446698 0.087375 0.449081 0.091986 0.454906 0.091417 0.457169 0.090556 0.463005 0.093722 0.462688 0.090935 0.456531 0.087856 0.448161 0.085083 0.447289 0.082708 0.443940 0.074935 0.446370 0.072819 0.446049 0.069944 0.443185 0.073676 0.440109 0.067537 0.438375 0.063889 0.436326 0.062838 0.434651 0.059861 0.429956 0.051606 0.428224 0.048060 0.428388 0.047477 0.432870 0.051792 0.434273 0.052671 0.434602 0.052671
5 0.530177 0.463440 0.533680 0.444190 0.535031 0.442699 0.538112 0.442449 0.540167 0.443694 0.542687 0.475884 0.535219 0.473065 0.531484 0.469412
5 0.545620 0.498824 0.546958 0.498083 0.554148 0.486815 0.555708 0.484727 0.548776 0.467269 0.543966 0.472597
5 0.554148 0.486815 0.559648 0.504477 0.565208 0.523694 0.560398 0.527917 0.559104 0.519060 0.560180 0.519319 0.560555 0.521051 0.560878 0.521884 0.561391 0.521218 0.561534 0.519806 0.560555 0.518653 0.558497 0.516907 0.558172 0.514662 0.556818 0.512097 0.555656 0.510264 0.555229 0.506787 0.554393 0.506787 0.554393 0.508852 0.552151 0.506366 0.550383 0.504954 0.547208 0.503801 0.545703 0.503435 0.545620 0.498824 0.546958 0.498083
6 0.568740 0.489463 0.597328 0.590069 0.612911 0.646523 0.614458 0.682889 0.594122 0.600944 0.573651 0.514662 0.573404 0.513778 0.572768 0.511102 0.567521 0.488921
6 0.534128 0.347810 0.534424 0.350889 0.536154 0.349014 0.537716 0.349912 0.536534 0.351713 0.536703 0.352241 0.538729 0.352912 0.535901 0.356440 0.538771 0.367472 0.531891 0.370625 0.527458 0.352690
2 0.546208 0.627861 0.544964 0.629269 0.542365 0.621634 0.537732 0.615810 0.533211 0.610486 0.538974 0.632481 0.540612 0.636801 0.548693 0.644940 0.550333 0.646847 0.552875 0.646546 0.556039 0.645343 0.559078 0.641514 0.559995 0.640227 0.559208 0.636986 0.557247 0.633727 0.554831 0.631398 0.550711 0.630125 0.551102 0.628495 0.547620 0.627060
2 0.542378 0.413852 0.541359 0.416019 0.541779 0.421514 0.541273 0.421671 0.542560 0.427727 0.543703 0.435704 0.544578 0.440847 0.544953 0.443074 0.545289 0.451259 0.546458 0.447694 0.547294 0.446796 0.547922 0.447171 0.547078 0.440204 0.545716 0.432014
2 0.477891 0.024111 0.474406 0.069190 0.473826 0.097231 0.474117 0.111856 0.477581 0.116481 0.480484 0.123537 0.483484 0.117343 0.485227 0.115278 0.483484 0.111324 0.484065 0.108398 0.485052 0.078648 0.487664 0.042347 0.488052 0.034264 0.488633 0.030477 0.488826 0.028583 0.487859 0.017403 0.486503 0.016542 0.486602 0.021014 0.485729 0.026866 0.485826 0.029616 0.482826 0.028926 0.481956 0.026519 0.479536 0.027208 0.478664 0.023769
2 0.548221 0.595819 0.541896 0.615403 0.549042 0.622898 0.552323 0.609986
2 0.556716 0.620528 0.558242 0.619222 0.558411 0.617417 0.559937 0.616509 0.561802 0.613296 0.567906 0.596519 0.568810 0.594611 0.570901 0.621231 0.566945 0.632583 0.567510 0.632583 0.567622 0.634394 0.565589 0.640620 0.564854 0.641222 0.563951 0.640421 0.561633 0.646847 0.560841 0.641023 0.561521 0.639014 0.561576 0.637407 0.561576 0.635699 0.559146 0.628468
