0 0.792534 0.223542 0.804172 0.216051 0.810995 0.218190 0.817818 0.230319 0.821630 0.244231 0.824440 0.262782 0.831063 0.268847 0.841497 0.278838 0.851331 0.292037 0.854102 0.300245 0.856708 0.308093 0.858516 0.328069 0.857714 0.353403 0.853901 0.368741 0.850490 0.374093 0.847880 0.385153 0.838849 0.400139 0.836844 0.395500 0.836039 0.383014 0.837846 0.381583 0.831224 0.361606 0.827211 0.344481 0.823799 0.328426 0.820789 0.346264 0.818581 0.346981 0.814367 0.332708 0.809349 0.321648 0.807344 0.309875 0.802526 0.306667 0.801323 0.311662 0.796706 0.302741 0.794299 0.309519 0.791690 0.313088 0.790487 0.309519 0.777042 0.321648 0.767609 0.330926 0.762992 0.348407 0.760846 0.366602 0.766815 0.386051 0.769513 0.385782 0.772362 0.386852 0.777458 0.393245 0.782555 0.396176 0.787352 0.403907 0.782555 0.407102 0.777458 0.430023 0.780560 0.450778 0.775596 0.453477 0.768914 0.452037 0.758859 0.450653 0.752437 0.446731 0.741201 0.425681 0.732971 0.406773 0.732570 0.400352 0.733172 0.388579 0.720932 0.368241 0.715513 0.351477 0.713607 0.349796 0.708810 0.330463 0.708810 0.318009 0.711258 0.308343 0.719245 0.295394 0.722357 0.293074 0.725867 0.286403 0.727555 0.279051 0.731828 0.275593 0.729922 0.270241 0.729781 0.262426 0.729138 0.255505 0.732891 0.234458 0.736484 0.208343 0.746076 0.204597 0.766326 0.204597 0.777703 0.209949 0.788799 0.213657
5 0.448688 0.319037 0.454180 0.329352 0.456219 0.333259 0.456115 0.343690 0.466953 0.347463 0.473471 0.340787 0.474570 0.335208 0.471276 0.338556 0.469865 0.336046 0.472531 0.332699 0.468609 0.319315 0.463747 0.311787 0.459307 0.302611 0.456547 0.303421 0.454021 0.307685 0.453049 0.310083 0.452281 0.310083 0.451919 0.310727 0.451151 0.311704 0.450792 0.312759 0.450932 0.313514 0.451292 0.314102
5 0.456641 0.347778 0.456563 0.362310 0.459826 0.363153 0.469549 0.359245 0.471589 0.357574 0.472531 0.361755 0.464349 0.364398 0.473620 0.365333 0.485148 0.366944 0.478740 0.358889 0.479766 0.357778 0.464115 0.349769
5 0.473471 0.340787 0.476656 0.341421 0.479935 0.343713 0.482630 0.348088 0.484622 0.349546 0.487695 0.358306 0.466953 0.347463
5 0.642997 0.446384 0.641378 0.449444 0.642086 0.451606 0.645326 0.451782 0.647656 0.452866 0.649984 0.465648 0.652315 0.465648 0.653560 0.465838 0.658854 0.467861 0.662487 0.467444 0.665182 0.466819 0.662253 0.457653 0.652995 0.448694 0.645732 0.445782
5 0.496888 0.409310 0.499500 0.418773 0.504727 0.432708 0.505404 0.440106 0.499500 0.429782 0.494661 0.424106 0.487596 0.419463 0.487404 0.413097 0.491565 0.414815 0.493596 0.411894 0.495242 0.410171
18 0.346797 0.149056 0.345391 0.145306 0.343047 0.140722 0.342813 0.137806 0.345039 0.133847 0.346445 0.132597 0.348786 0.134681 0.352068 0.133639 0.350779 0.122389 0.354880 0.122597 0.355818 0.114269 0.362849 0.115310 0.364138 0.117810 0.364138 0.126764 0.363435 0.136764 0.366128 0.137806 0.375854 0.134056 0.385109 0.129681 0.386867 0.130097 0.387570 0.133014 0.387570 0.135722 0.384289 0.138014 0.386516 0.140931 0.388742 0.142806 0.392492 0.141556 0.395773 0.139056 0.396828 0.137806 0.399521 0.141972 0.400927 0.139681 0.403036 0.143222 0.409482 0.143847 0.409365 0.140722 0.410654 0.139681 0.413466 0.140931 0.415435 0.145116 0.419078 0.145306 0.420706 0.145306 0.423635 0.151241 0.424141 0.154657 0.424961 0.149449 0.428089 0.153407 0.424245 0.160426 0.424844 0.168968 0.424727 0.175009 0.422852 0.179801 0.420039 0.217917 0.410781 0.217500 0.403049 0.213542 0.400237 0.212713 0.399182 0.215833 0.395784 0.216458 0.387583 0.216667 0.382896 0.214167 0.384302 0.219792 0.375680 0.219394 0.374229 0.216815 0.371958 0.217231 0.371034 0.215556 0.366224 0.210588 0.361651 0.202875 0.356151 0.198486 0.352521 0.192032 0.350997 0.181838 0.349000 0.172255 0.349385 0.167926 0.349151 0.161468 0.346573 0.162301 0.346456 0.160009 0.348917 0.150222
18 0.491826 0.172153 0.496445 0.185222 0.494135 0.196046 0.490987 0.204634 0.483427 0.231139 0.479016 0.246444 0.478891 0.250625 0.482271 0.271083 0.478344 0.269181 0.475763 0.268431 0.472654 0.265556 0.472927 0.269403 0.470891 0.269403 0.468453 0.265556 0.465052 0.267500 0.462891 0.268431 0.458479 0.262495 0.455581 0.252491 0.453042 0.248944 0.450143 0.252194 0.448505 0.256708 0.447057 0.257977 0.444326 0.249579 0.443068 0.248611 0.434898 0.264435 0.432357 0.257009 0.436346 0.237333 0.435612 0.232185 0.433974 0.226995 0.419820 0.221505 0.410781 0.217500 0.420039 0.217917 0.422852 0.179801 0.424727 0.175009 0.427276 0.171519 0.430719 0.167639 0.432714 0.161852 0.433448 0.159236 0.429081 0.139898 0.433448 0.147630 0.435065 0.146657 0.432714 0.137958 0.432714 0.135681 0.440148 0.148935 0.446320 0.157968 0.449409 0.154421 0.452685 0.151847 0.457219 0.152481 0.459383 0.157968 0.465745 0.156028 0.471729 0.161514 0.474271 0.169579 0.476813 0.173463 0.476099 0.165398 0.477547 0.164727 0.477904 0.168273 0.477904 0.173463 0.482628 0.170884 0.487711 0.169917
5 0.455365 0.370139 0.454521 0.370963 0.461086 0.378120 0.465724 0.382944 0.470625 0.386523 0.472549 0.382167 0.474302 0.380144 0.475427 0.373171 0.470229 0.372468
5 0.505891 0.282551 0.506021 0.291306 0.497599 0.289231 0.486070 0.282782 0.480354 0.279986 0.476094 0.283704 0.474208 0.284486 0.473112 0.283926 0.472484 0.281417 0.470130 0.281977 0.468562 0.281977 0.466523 0.278907 0.462891 0.268431 0.465052 0.267500 0.468453 0.265556 0.470891 0.269403 0.472927 0.269403 0.472654 0.265556 0.475763 0.268431 0.478344 0.269181 0.482271 0.271083 0.480857 0.262588 0.487914 0.264722
5 0.700846 0.484532 0.704503 0.487958 0.710198 0.497356 0.719143 0.510856 0.723617 0.516157 0.727820 0.516880 0.738125 0.520977 0.741242 0.522426 0.744089 0.519773 0.744224 0.517602 0.743141 0.514954 0.741107 0.514713 0.739073 0.511097 0.737581 0.507000 0.736227 0.502181 0.731346 0.499287 0.725651 0.491093 0.722398 0.485792 0.719823 0.479523 0.717518 0.477356 0.716638 0.474167 0.710565 0.473736 0.707648 0.476759
5 0.821880 0.457782 0.821742 0.451037 0.816862 0.444528 0.803034 0.444769 0.794766 0.441634 0.792867 0.440912 0.778768 0.456819 0.779852 0.463088 0.784055 0.466463 0.786630 0.477787 0.798750 0.476630 0.799198 0.479116 0.800948 0.481282 0.807198 0.479694 0.811914 0.475185
18 0.766815 0.386051 0.773711 0.400176 0.775359 0.411898 0.777458 0.430023 0.782555 0.407102 0.787352 0.403907 0.782555 0.396176 0.777458 0.393245 0.772362 0.386852 0.769513 0.385782
5 0.368057 0.301023 0.378055 0.331889 0.381091 0.333796 0.382146 0.332546 0.393583 0.334403 0.387781 0.313208 0.385742 0.309306 0.387781 0.303167 0.389664 0.295083 0.379625 0.295361 0.373664 0.293407 0.369328 0.294894
5 0.401742 0.313764 0.398604 0.304005 0.389664 0.295083 0.387781 0.303167 0.385742 0.309306 0.387781 0.313208 0.393583 0.334403 0.397964 0.334838 0.418315 0.337815 0.420299 0.330662 0.421349 0.323505 0.423362 0.318991 0.425112 0.313389 0.425112 0.312301 0.419948 0.317593 0.414346 0.318213 0.410497 0.318370 0.405945 0.317125 0.403758 0.315727
5 0.412807 0.340481 0.414086 0.350421 0.414784 0.360537 0.403495 0.351356 0.397104 0.346380 0.394297 0.337731
5 0.454521 0.370963 0.451354 0.372074 0.449474 0.375977 0.450937 0.389676 0.453120 0.391616 0.460987 0.397801 0.461893 0.394708 0.464466 0.393227 0.466888 0.392421 0.469760 0.390000 0.470820 0.387444 0.470625 0.386523 0.465724 0.382944 0.461086 0.378120
18 0.568490 0.239537 0.562969 0.255046 0.558672 0.278056 0.551120 0.300648 0.549766 0.309167 0.534805 0.310074 0.513911 0.290639 0.487914 0.264722 0.478891 0.250625 0.479016 0.246444 0.483427 0.231139 0.490987 0.204634 0.494135 0.196046 0.496445 0.185222 0.502734 0.172718 0.513182 0.196477 0.530432 0.209000 0.534076 0.213755 0.537721 0.212023 0.545740 0.224120 0.552422 0.228241
5 0.728849 0.573921 0.719557 0.587454 0.715466 0.593995 0.728456 0.604546 0.730255 0.596819 0.742997 0.580565 0.745544 0.587227 0.749182 0.592065 0.751221 0.582583 0.749182 0.577565 0.746357 0.573662 0.744318 0.563620 0.741966 0.562227 0.742906 0.553583 0.736633 0.553583 0.734594 0.551074 0.733591 0.552491 0.732695 0.557468 0.732398 0.561111 0.733479 0.563838 0.731799 0.572593
5 0.749182 0.592065 0.745544 0.587227 0.742997 0.580565 0.730255 0.596819 0.728456 0.604546 0.746893 0.618139 0.773904 0.636995 0.779674 0.583407 0.779708 0.570968 0.773836 0.581769 0.770495 0.577806 0.760367 0.590407 0.761417 0.599037
18 0.715104 0.557963 0.710781 0.568417 0.708523 0.573472 0.705513 0.579273 0.703339 0.584926 0.668427 0.559431 0.633779 0.533671 0.624750 0.525458 0.621180 0.528444 0.618240 0.543750 0.615719 0.541884 0.618029 0.530310 0.620130 0.525458 0.623448 0.519745 0.626156 0.514931 0.630503 0.505264 0.653560 0.465838 0.670107 0.486333 0.686779 0.507056 0.695872 0.519111 0.697763 0.526356 0.701164 0.526356 0.708471 0.535278 0.713365 0.542259
18 0.605174 0.246000 0.586443 0.229963 0.577424 0.238292 0.570141 0.248773 0.568060 0.260801 0.565995 0.269032 0.563411 0.270449 0.563081 0.273625 0.561953 0.275417 0.558672 0.278056 0.551120 0.300648 0.549766 0.309167 0.546951 0.328171 0.545719 0.343898 0.550854 0.344667 0.553073 0.348431 0.555659 0.354412 0.557740 0.358792 0.557219 0.363880 0.558120 0.366157 0.572760 0.374236 0.577083 0.374074 0.579010 0.371713 0.581354 0.376111 0.582818 0.368134 0.583154 0.364551 0.586375 0.343125 0.589479 0.327245 0.592982 0.315500 0.594786 0.310657 0.593365 0.300296 0.594630 0.291727 0.600544 0.268477
5 0.767961 0.558542 0.760771 0.573847 0.756417 0.582486 0.755505 0.585009 0.759049 0.589329 0.760367 0.590407 0.770495 0.577806 0.773836 0.581769 0.779708 0.570968 0.781026 0.565926 0.781328 0.563764 0.781328 0.560343 0.783846 0.554699 0.780424 0.552264 0.776409 0.546968 0.774594 0.543509 0.773169 0.538213 0.773430 0.531995 0.765396 0.540519 0.765396 0.550653 0.765656 0.555486 0.767599 0.555718
5 0.779029 0.497088 0.777797 0.506644 0.776677 0.511023 0.775333 0.514208 0.774773 0.517991 0.773878 0.524958 0.773430 0.531995 0.773169 0.538213 0.774594 0.543509 0.776409 0.546968 0.780424 0.552264 0.783846 0.554699 0.787612 0.548287 0.789336 0.535736 0.798435 0.507292 0.793250 0.505449 0.786083 0.507241 0.785971 0.498880 0.780484 0.492708
5 0.800948 0.481282 0.799375 0.505620 0.798435 0.507292 0.793250 0.505449 0.786083 0.507241 0.785971 0.498880 0.786904 0.486389 0.784831 0.479481 0.785417 0.477736 0.786630 0.477787 0.798750 0.476630 0.799198 0.479116
14 0.763841 0.477407 0.761135 0.482417 0.760687 0.488389 0.760240 0.493366 0.760576 0.500333 0.761695 0.501528 0.768078 0.496949 0.768750 0.501926 0.761695 0.506505 0.764943 0.509491 0.769086 0.510884 0.773677 0.507898 0.777797 0.506644 0.779029 0.497088 0.777703 0.495144 0.769154 0.491690 0.764878 0.477176
18 0.635951 0.322384 0.635352 0.327713 0.628906 0.338644 0.617812 0.329847 0.618711 0.325051 0.620810 0.322653 0.624859 0.322917 0.631753 0.319185 0.633703 0.322384
14 0.769870 0.476065 0.772974 0.474301 0.777313 0.473912 0.778143 0.472051 0.784339 0.475426 0.785417 0.477736 0.784831 0.479481 0.786904 0.486389 0.785971 0.498880 0.780484 0.492708 0.779000 0.492838 0.776279 0.486852 0.774206 0.484088
5 0.777797 0.506644 0.773677 0.507898 0.769086 0.510884 0.764943 0.509491 0.762984 0.515079 0.756878 0.514782 0.750521 0.515380 0.744497 0.512699 0.745336 0.516120 0.749266 0.518926 0.753297 0.519722 0.755984 0.519921 0.758672 0.522310 0.760016 0.527088 0.761135 0.532065 0.761247 0.542019 0.757664 0.548588 0.756490 0.550440 0.759063 0.554421 0.761885 0.559440 0.767961 0.558542 0.767599 0.555718 0.765656 0.555486 0.765396 0.550653 0.765396 0.540519 0.773430 0.531995 0.773878 0.524958 0.774773 0.517991 0.775333 0.514208 0.776677 0.511023
18 0.326208 0.181444 0.312031 0.179153 0.307461 0.179153 0.306406 0.179778 0.306289 0.181653 0.309102 0.184778 0.315547 0.187278 0.320935 0.188944 0.317070 0.195403 0.308047 0.206856 0.300784 0.214148 0.297862 0.219181 0.299151 0.224389 0.305591 0.239380 0.298555 0.231065 0.290474 0.243981 0.290706 0.246463 0.305591 0.264181 0.308518 0.272301 0.307232 0.274593 0.370339 0.324995 0.370667 0.322759 0.360529 0.310389 0.351432 0.306056 0.346260 0.302218 0.347440 0.301153 0.352740 0.304542 0.360979 0.308833 0.368391 0.307940 0.368057 0.301023 0.369328 0.294894 0.373664 0.293407 0.376635 0.282356 0.379633 0.273032 0.379310 0.268116 0.378039 0.261662 0.377130 0.250370 0.379854 0.246819 0.378583 0.241657 0.377677 0.236171 0.374953 0.226171 0.375680 0.219394 0.374229 0.216815 0.371958 0.217231 0.371034 0.215556 0.366224 0.210588 0.361651 0.202875 0.356151 0.198486 0.352521 0.192032 0.349349 0.187227 0.345359 0.189389 0.343279 0.190931 0.334086 0.187847
10 0.557141 0.461894 0.560430 0.447222 0.557102 0.444130 0.554453 0.442921 0.552789 0.442514 0.549945 0.444060 0.546542 0.446347 0.547070 0.449306 0.547622 0.452338 0.555013 0.460102
2 0.693617 0.461014 0.717318 0.448157 0.714766 0.442940 0.708099 0.447963 0.701641 0.452315 0.693451 0.457014
5 0.399182 0.215833 0.399135 0.227046 0.407687 0.236949 0.412870 0.240171 0.416885 0.249157 0.416367 0.256755 0.415461 0.263204 0.416237 0.267120 0.423492 0.272417 0.426214 0.274722 0.429977 0.275005 0.432357 0.257009 0.436346 0.237333 0.435612 0.232185 0.433974 0.226995 0.419820 0.221505 0.410781 0.217500 0.403049 0.213542 0.400237 0.212713
5 0.272036 0.181824 0.272310 0.176861 0.274771 0.173944 0.277701 0.164366 0.281333 0.157907 0.280982 0.154574 0.278990 0.151866 0.278755 0.147282 0.276411 0.144366 0.292346 0.137907 0.294221 0.140199 0.299729 0.143324 0.299495 0.146449 0.294924 0.146657 0.292698 0.146657 0.299143 0.152074 0.300432 0.152074 0.302542 0.157699 0.305820 0.163324 0.307930 0.162491 0.309570 0.167069 0.309922 0.169569 0.311563 0.167903 0.312148 0.164366 0.312266 0.159574 0.313086 0.158324 0.315781 0.159366 0.316719 0.160616 0.315078 0.165407 0.312969 0.170194 0.312734 0.171444 0.315781 0.173528 0.320820 0.173528 0.324333 0.178736 0.326208 0.181444 0.312031 0.179153 0.307461 0.179153 0.306406 0.179778 0.306289 0.181653 0.309102 0.184778 0.315547 0.187278 0.320935 0.188944 0.317070 0.195403 0.308047 0.206856 0.300784 0.214148 0.297862 0.219181 0.295870 0.208769 0.290245 0.197514 0.278760 0.185440
5 0.272036 0.181824 0.269055 0.184958 0.268375 0.188574 0.262141 0.186403 0.260513 0.187852 0.259021 0.193153 0.258208 0.195565 0.257396 0.196769 0.257396 0.199176 0.252245 0.206407 0.249667 0.206407 0.249396 0.209060 0.251294 0.216292 0.246956 0.212676 0.247497 0.216532 0.245872 0.217495 0.245737 0.220630 0.278815 0.250273 0.307232 0.274593 0.308518 0.272301 0.305591 0.264181 0.290706 0.246463 0.290474 0.243981 0.298555 0.231065 0.305591 0.239380 0.299151 0.224389 0.297862 0.219181 0.295870 0.208769 0.290245 0.197514 0.278760 0.185440
5 0.460987 0.397801 0.472138 0.405454 0.471732 0.403477 0.474151 0.398477 0.476833 0.394292 0.480755 0.390227 0.486182 0.382440 0.492042 0.377287 0.490062 0.376986 0.488932 0.376384 0.488255 0.377593 0.483677 0.372167 0.482547 0.373875 0.480570 0.370560 0.478536 0.372968 0.475427 0.373171 0.474302 0.380144 0.472549 0.382167 0.470625 0.386523 0.470820 0.387444 0.469760 0.390000 0.466888 0.392421 0.464466 0.393227 0.461893 0.394708
5 0.836917 0.428954 0.828932 0.443472 0.821880 0.457782 0.811914 0.475185 0.799375 0.505620 0.798435 0.507292 0.789336 0.535736 0.787612 0.548287 0.783846 0.554699 0.781328 0.560343 0.781328 0.563764 0.781026 0.565926 0.779708 0.570968 0.779674 0.583407 0.773904 0.636995 0.807661 0.663130 0.816862 0.669199 0.825609 0.679972 0.828513 0.687329 0.828768 0.697269 0.822453 0.721468 0.829729 0.736148 0.835573 0.766380 0.828042 0.770704 0.821727 0.786255 0.815646 0.800481 0.807135 0.826426 0.801799 0.840231 0.810057 0.843269 0.827552 0.803514 0.843578 0.768958 0.859130 0.698977 0.866917 0.665745 0.871292 0.658389 0.873469 0.649741 0.881727 0.625125 0.883922 0.604829 0.886010 0.593051 0.890711 0.579403 0.893234 0.572144 0.895102 0.561273 0.893542 0.558495 0.888370 0.556241 0.882398 0.552333 0.885539 0.534236 0.883341 0.529750 0.882870 0.523907 0.882724 0.519167 0.880365 0.517491 0.879115 0.519458 0.877862 0.522778 0.871292 0.503324 0.865193 0.505032 0.862490 0.504292 0.858279 0.504551 0.854359 0.506454 0.853669 0.495130 0.852870 0.486935 0.851508 0.480449 0.849875 0.474898 0.849203 0.471028 0.851635 0.463574 0.855174 0.465995 0.857607 0.465250 0.859784 0.459958 0.857753 0.450602 0.855792 0.446440 0.853596 0.445375 0.850419 0.446023 0.849203 0.445375 0.847932 0.439991 0.847315 0.439991 0.846789 0.439991 0.846336 0.442537 0.846263 0.443343 0.841799 0.436505
5 0.352521 0.192032 0.350997 0.181838 0.349000 0.172255 0.344289 0.166500 0.340096 0.166116 0.333083 0.169329 0.327661 0.171898 0.323542 0.173569 0.320820 0.173528 0.324333 0.178736 0.326208 0.181444 0.334086 0.187847 0.343279 0.190931 0.345359 0.189389 0.349349 0.187227
5 0.545719 0.343898 0.544440 0.348273 0.531307 0.353032 0.526956 0.354069 0.525286 0.359426 0.525201 0.366856 0.525703 0.373847 0.526828 0.380269 0.527711 0.384435 0.529237 0.395625 0.530693 0.397019 0.532036 0.396222 0.532260 0.393435 0.531813 0.390449 0.535060 0.389454 0.537076 0.386208 0.543120 0.379421 0.543750 0.378287 0.530674 0.376227 0.531378 0.372292 0.545586 0.374921 0.554328 0.369407 0.555552 0.366361 0.557219 0.363880 0.557740 0.358792 0.555659 0.354412 0.553073 0.348431 0.550854 0.344667
5 0.633643 0.430819 0.642997 0.446384 0.641378 0.449444 0.642086 0.451606 0.645326 0.451782 0.647656 0.452866 0.649984 0.465648 0.652315 0.465648 0.653560 0.465838 0.630503 0.505264 0.626156 0.514931 0.623448 0.519745 0.621049 0.517431 0.623898 0.513968 0.626148 0.507306 0.626896 0.501708 0.624797 0.495315 0.617753 0.487583 0.627570 0.451634
2 0.789477 0.423995 0.787036 0.437731 0.782836 0.452194 0.778768 0.456819 0.779852 0.463088 0.784055 0.466463 0.786630 0.477787 0.785417 0.477736 0.784339 0.475426 0.778143 0.472051 0.772167 0.467472 0.768383 0.465593 0.768383 0.462653 0.775208 0.453704 0.780651 0.450880 0.778490 0.436667 0.782443 0.423731 0.784760 0.415440 0.787294 0.419056
18 0.709893 0.355755 0.709091 0.364676 0.704247 0.374773 0.701438 0.386884 0.696398 0.401815 0.693458 0.411898 0.690727 0.418991 0.706687 0.432431 0.712102 0.436028 0.717318 0.448157 0.720052 0.455755 0.723289 0.452532 0.726398 0.453222 0.731711 0.451148 0.738190 0.448384 0.744148 0.448847 0.756328 0.451611 0.760344 0.455755 0.763971 0.463356 0.765208 0.460139 0.768094 0.452060 0.758815 0.450505 0.752437 0.446731 0.741201 0.425681 0.732971 0.406773 0.732570 0.400352 0.733172 0.388579 0.720932 0.368241 0.715513 0.351477
2 0.483513 0.415167 0.487404 0.413097 0.491565 0.414815 0.493596 0.411894 0.495242 0.410171 0.496888 0.409310 0.510984 0.407588 0.513948 0.405917 0.517201 0.403856 0.518214 0.402574 0.514815 0.399875 0.505708 0.401287 0.505201 0.402574 0.503682 0.402574 0.499852 0.403472 0.499201 0.402060 0.490310 0.403731 0.485596 0.404681 0.483203 0.407921 0.481641 0.411301 0.481253 0.413060 0.481221 0.413611
2 0.547622 0.452338 0.555013 0.460102 0.557141 0.461894 0.554453 0.470255 0.547734 0.465079 0.545208 0.463426 0.544599 0.452736
2 0.541667 0.394569 0.541667 0.389394 0.544354 0.381630 0.543122 0.379440 0.537076 0.386208 0.535508 0.392977 0.526414 0.431296 0.524208 0.444875 0.523302 0.455940 0.523818 0.456398 0.529003 0.443718 0.531724 0.435657 0.538073 0.405718 0.538206 0.417704 0.537240 0.436157 0.537292 0.438981 0.539237 0.453870 0.540143 0.461000 0.545208 0.463426 0.543411 0.428704 0.543229 0.424815
1 0.469549 0.359245 0.459826 0.363153 0.455547 0.365370 0.451198 0.368935 0.446180 0.374583 0.443826 0.378486 0.442570 0.382394 0.445237 0.384903 0.449474 0.375977 0.451354 0.372074 0.455365 0.370139 0.457786 0.368171 0.464349 0.364398 0.472531 0.361755 0.471589 0.357574
1 0.432786 0.345986 0.436547 0.352157 0.452523 0.358968 0.456570 0.360264 0.456599 0.357773 0.450599 0.355162 0.441953 0.351500 0.436799 0.349458 0.434076 0.345000 0.432763 0.343903 0.432651 0.344819
2 0.443068 0.248611 0.434898 0.264435 0.429977 0.275005 0.434055 0.278907 0.438445 0.271657 0.443307 0.261620 0.447057 0.257977 0.444326 0.249579
2 0.425112 0.313389 0.423362 0.318991 0.421349 0.323505 0.420299 0.330662 0.418315 0.337815 0.441904 0.340690 0.447391 0.341792 0.443115 0.315690 0.441380 0.309093 0.434682 0.312370
2 0.432786 0.345986 0.436547 0.352157 0.433708 0.357060 0.431958 0.361389 0.429958 0.367278 0.429458 0.371167 0.429333 0.371833 0.414784 0.360537 0.414086 0.350421 0.412807 0.340481 0.432763 0.343903 0.432651 0.344819
2 0.436547 0.352157 0.433708 0.357060 0.431958 0.361389 0.429958 0.367278 0.429458 0.371167 0.429333 0.371833 0.442570 0.382394 0.443826 0.378486 0.446180 0.374583 0.451198 0.368935 0.446628 0.367792 0.446562 0.360472 0.456563 0.362310 0.456563 0.362310 0.456570 0.360264 0.452523 0.358968
10 0.749266 0.518926 0.753297 0.519722 0.755984 0.519921 0.758672 0.522310 0.760016 0.527088 0.761135 0.532065 0.761247 0.542019 0.757664 0.548588 0.756490 0.550440 0.750906 0.541593 0.745104 0.532671 0.744643 0.528620 0.745180 0.524977 0.745875 0.523347 0.747172 0.522014 0.748305 0.520282
5 0.695872 0.519111 0.695401 0.489356 0.692586 0.491875 0.688385 0.485417 0.686875 0.478519 0.689333 0.474301 0.680831 0.467852 0.677573 0.461731 0.676289 0.457968 0.673187 0.454875 0.675229 0.446940 0.690055 0.461866 0.693643 0.465417 0.693057 0.442069 0.687622 0.438796 0.681008 0.437444 0.665961 0.436236 0.665188 0.435898 0.666680 0.467713 0.667380 0.482963 0.670107 0.486333 0.686779 0.507056
2 0.695401 0.489356 0.695872 0.519111 0.697763 0.526356 0.701164 0.526356 0.708471 0.535278 0.713365 0.542259 0.714359 0.527648 0.715299 0.521514 0.717654 0.510361 0.719143 0.510856 0.710198 0.497356 0.704503 0.487958 0.700846 0.484532
2 0.715466 0.593995 0.713578 0.592648 0.710878 0.582569 0.708826 0.577287 0.708503 0.575176 0.708523 0.573472 0.710781 0.568417 0.712552 0.568843 0.716224 0.576616 0.719086 0.583625 0.719557 0.587454
2 0.711734 0.566000 0.717922 0.571778 0.725086 0.579718 0.728849 0.573921 0.721607 0.567222 0.716359 0.564005 0.713292 0.562380
5 0.684273 0.369380 0.684669 0.389940 0.684534 0.398856 0.696398 0.401815 0.701438 0.386884 0.704247 0.374773 0.695492 0.372269
5 0.706687 0.432431 0.690727 0.418991 0.693458 0.411898 0.696398 0.401815 0.684534 0.398856 0.680466 0.396204 0.677349 0.395750 0.676263 0.397676 0.681008 0.437444 0.687622 0.438796 0.693057 0.442069 0.693451 0.457014 0.701641 0.452315 0.708099 0.447963
2 0.520677 0.344630 0.518216 0.341273 0.520677 0.340856 0.520911 0.336278 0.518919 0.335653 0.516927 0.333569 0.514055 0.330000 0.518685 0.331069 0.525065 0.327926 0.525195 0.324472 0.525326 0.321245 0.529083 0.318713 0.529083 0.318713 0.535302 0.312264 0.534805 0.310074 0.534805 0.310074 0.549766 0.309167 0.546888 0.328060 0.545719 0.343898 0.544440 0.348273 0.534948 0.351991 0.531536 0.349259 0.527940 0.346481
10 0.617753 0.487583 0.624797 0.495315 0.626896 0.501708 0.626148 0.507306 0.623898 0.513968 0.621049 0.517431 0.618352 0.518495 0.614604 0.518495 0.610406 0.513699
2 0.693643 0.465417 0.695479 0.467102 0.689333 0.474301 0.680901 0.467921 0.677573 0.461731 0.676289 0.457968 0.673187 0.454875 0.675229 0.446940 0.690055 0.461866
2 0.689333 0.474301 0.686875 0.478519 0.688385 0.485417 0.692586 0.491875 0.695401 0.489356 0.700846 0.484532 0.707648 0.476759 0.710565 0.473736 0.716638 0.474167 0.717518 0.477356 0.726789 0.471417 0.732747 0.468426 0.735599 0.468426 0.741169 0.464509 0.743112 0.467273 0.753737 0.468426 0.758529 0.470037 0.756586 0.474412 0.763841 0.477407 0.764878 0.477176 0.769154 0.491690 0.777703 0.495144 0.779029 0.497088 0.780484 0.492708 0.779000 0.492838 0.776279 0.486852 0.774206 0.484088 0.769870 0.476065 0.767857 0.471648 0.767987 0.469806 0.767211 0.468194 0.766044 0.466120 0.763971 0.463356 0.760344 0.455755 0.756328 0.451611 0.744148 0.448847 0.738190 0.448384 0.731711 0.451148 0.726398 0.453222 0.723289 0.452532 0.720052 0.455755 0.713185 0.451380 0.711888 0.455065 0.710076 0.456907 0.707094 0.457370 0.702172 0.458981 0.698414 0.463125 0.695479 0.467102
5 0.646177 0.394926 0.652135 0.405292 0.660169 0.424639 0.665188 0.435898 0.666680 0.467713 0.665182 0.466819 0.662253 0.457653 0.652995 0.448694 0.635164 0.428093 0.636719 0.418653 0.642549 0.402296
2 0.563922 0.393616 0.564698 0.401676 0.569750 0.406282 0.571823 0.406282 0.575062 0.400065 0.574414 0.396148 0.574945 0.393060 0.568208 0.388685
5 0.664354 0.351514 0.657099 0.359574 0.649195 0.388824 0.646177 0.394926 0.652135 0.405292 0.660169 0.424639 0.665188 0.435898 0.665961 0.436236 0.681008 0.437444 0.676263 0.397676 0.677349 0.395750 0.680466 0.396204 0.684534 0.398856 0.684669 0.389940 0.684617 0.383713 0.681146 0.375880 0.681208 0.372148 0.680859 0.369315 0.678398 0.368051 0.675872 0.365079 0.674641 0.365722 0.672180 0.362130 0.671026 0.362773 0.665818 0.352755
5 0.719143 0.510856 0.717654 0.510361 0.715299 0.521514 0.714359 0.527648 0.713365 0.542259 0.715104 0.557963 0.720789 0.556653 0.724867 0.554144 0.727693 0.561949 0.728789 0.564736 0.731299 0.562787 0.732398 0.561111 0.726750 0.553028 0.730516 0.551352 0.734594 0.551074 0.736633 0.553583 0.742906 0.553583 0.741966 0.562227 0.744318 0.563620 0.746357 0.573662 0.749182 0.577565 0.751221 0.582583 0.749182 0.592065 0.761417 0.599037 0.760367 0.590407 0.759049 0.589329 0.755505 0.585009 0.756417 0.582486 0.760771 0.573847 0.767961 0.558542 0.761885 0.559440 0.759063 0.554421 0.750906 0.541593 0.745104 0.532671 0.740398 0.527931 0.735625 0.520046 0.727820 0.516880 0.727820 0.516880 0.723617 0.516157
5 0.492042 0.377287 0.486182 0.382440 0.480755 0.390227 0.476833 0.394292 0.474151 0.398477 0.471732 0.403477 0.472138 0.405454 0.476060 0.403782 0.495641 0.392315 0.506352 0.386065 0.502497 0.377718 0.500372 0.372278 0.499893 0.368972 0.487349 0.362130 0.490385 0.365731 0.497070 0.372569 0.496464 0.373292 0.493622 0.377593 0.492042 0.377287
2 0.726789 0.471417 0.727307 0.475796 0.737930 0.480171 0.747388 0.481782 0.756198 0.489384 0.760240 0.493366 0.760576 0.500333 0.761695 0.501528 0.768078 0.496949 0.768750 0.501926 0.761695 0.506505 0.753995 0.511727 0.750521 0.515380 0.744497 0.512699 0.745336 0.516120 0.749266 0.518926 0.748305 0.520282 0.747172 0.522014 0.745875 0.523347 0.745180 0.524977 0.744643 0.528620 0.745104 0.532671 0.740398 0.527931 0.735417 0.519907 0.738125 0.520977 0.741242 0.522426 0.744089 0.519773 0.744224 0.517602 0.743141 0.514954 0.741107 0.514713 0.739073 0.511097 0.737581 0.507000 0.736227 0.502181 0.731346 0.499287 0.725651 0.491093 0.722398 0.485792 0.719823 0.479523 0.717518 0.477356
5 0.446380 0.305694 0.441380 0.309093 0.434682 0.312370 0.425112 0.313389 0.425112 0.312301 0.419948 0.317593 0.414346 0.318213 0.410497 0.318370 0.405945 0.317125 0.403758 0.315727 0.401742 0.313764 0.398604 0.304005 0.389664 0.295083 0.389068 0.294204 0.387604 0.292083 0.385531 0.288079 0.385013 0.282551 0.383849 0.279329 0.382682 0.276565 0.383070 0.275875 0.382552 0.271958 0.381776 0.267583 0.379961 0.266662 0.379310 0.268116 0.378039 0.261662 0.377130 0.250370 0.379854 0.246819 0.378583 0.241657 0.377677 0.236171 0.374953 0.226171 0.375680 0.219394 0.384302 0.219792 0.386828 0.227736 0.391622 0.225894 0.394990 0.224741 0.399135 0.227046 0.407687 0.236949 0.412870 0.240171 0.416885 0.249157 0.416367 0.256755 0.415461 0.263204 0.416237 0.267120 0.423492 0.272417 0.426214 0.274722 0.429977 0.275005 0.434055 0.278907 0.438445 0.271657 0.443307 0.261620 0.447057 0.257977 0.448505 0.256708 0.450143 0.252194 0.453042 0.248944 0.455581 0.252491 0.458479 0.262495 0.462891 0.268431 0.466523 0.278907 0.462750 0.280708 0.459427 0.281250 0.457638 0.287949 0.457169 0.291699 0.455177 0.296074
2 0.455365 0.370139 0.470229 0.372468 0.475427 0.373171 0.478536 0.372968 0.480570 0.370560 0.482547 0.373875 0.483677 0.372167 0.488255 0.377593 0.488932 0.376384 0.490062 0.376986 0.492042 0.377287 0.493396 0.377593 0.493622 0.377593 0.485148 0.366944 0.473620 0.365333 0.464349 0.364398 0.457786 0.368171
2 0.508529 0.384819 0.495667 0.392347 0.476060 0.403782 0.472138 0.405454 0.476224 0.408889 0.494427 0.398796 0.510547 0.390185
1 0.384336 0.336463 0.394253 0.337681 0.412807 0.340481 0.432763 0.343903 0.436615 0.344060 0.456641 0.347778 0.464115 0.349769 0.479766 0.357778 0.499893 0.368972 0.502888 0.370773 0.527711 0.384435 0.526828 0.380269 0.513727 0.372977 0.500677 0.364907 0.497318 0.363148 0.493458 0.361343 0.487695 0.358306 0.466953 0.347463 0.456115 0.343690 0.441904 0.340690 0.418315 0.337815 0.397964 0.334838 0.382146 0.332546 0.381091 0.333796
2 0.477357 0.302009 0.481146 0.305815 0.492807 0.305815 0.497729 0.313185 0.508094 0.322861 0.514055 0.330000 0.518846 0.331380 0.525065 0.327926 0.525195 0.324472 0.525326 0.321245 0.529083 0.318713 0.535302 0.312264 0.534805 0.310074 0.513911 0.290639 0.505891 0.282551 0.506021 0.291306 0.497599 0.289231 0.486070 0.282782 0.483997 0.285315 0.476094 0.283704 0.474208 0.284486 0.475151 0.285319 0.475935 0.287551 0.472974 0.290852
2 0.493458 0.361343 0.485005 0.335481 0.477159 0.311773 0.471406 0.298403 0.469576 0.293407 0.469969 0.291778 0.472320 0.290852 0.472974 0.290852 0.477357 0.302009 0.479708 0.307356 0.484740 0.322500 0.492065 0.343153 0.498995 0.361519 0.500677 0.364907 0.497318 0.363148
2 0.496375 0.316185 0.503135 0.323505 0.513680 0.334546 0.518216 0.341273 0.520677 0.340856 0.520911 0.336278 0.518919 0.335653 0.516927 0.333569 0.514055 0.330000 0.508094 0.322861 0.497729 0.313185 0.492807 0.305815 0.490130 0.307051 0.494635 0.313426
2 0.492555 0.318778 0.504154 0.332736 0.507786 0.335861 0.508607 0.335861 0.509427 0.337731 0.510130 0.339815 0.513060 0.343148 0.514935 0.343356 0.516107 0.343148 0.518216 0.341273 0.513680 0.334546 0.503135 0.323505 0.496375 0.316185
5 0.492555 0.318778 0.491888 0.320801 0.491536 0.325171 0.491771 0.332046 0.493646 0.338296 0.495753 0.343088 0.497628 0.344963 0.501026 0.345380 0.502901 0.344546 0.504190 0.343921 0.507706 0.343296 0.509464 0.342463 0.510049 0.341838 0.510130 0.339815 0.509427 0.337731 0.508607 0.335861 0.507786 0.335861 0.504154 0.332736
2 0.492555 0.318778 0.490628 0.320625 0.485599 0.324907 0.492065 0.343153 0.498995 0.361519 0.500677 0.364907 0.513727 0.372977 0.517513 0.375435 0.516576 0.353356 0.518919 0.353356 0.520323 0.376477 0.526828 0.380269 0.525703 0.373847 0.525201 0.366856 0.525286 0.359426 0.526956 0.354069 0.531307 0.353032 0.534948 0.351991 0.531536 0.349259 0.527940 0.346481 0.520677 0.344630 0.518216 0.341273 0.516107 0.343148 0.514935 0.343356 0.513060 0.343148 0.510130 0.339815 0.510049 0.341838 0.509464 0.342463 0.507706 0.343296 0.504190 0.343921 0.502901 0.344546 0.501026 0.345380 0.497628 0.344963 0.495753 0.343088 0.493646 0.338296 0.491771 0.332046 0.491536 0.325171 0.491888 0.320801
5 0.472531 0.332699 0.468609 0.319315 0.463747 0.311787 0.459307 0.302611 0.456547 0.303421 0.454745 0.304343 0.452401 0.305176 0.448885 0.306426 0.446380 0.305694 0.455177 0.296074 0.457169 0.291699 0.457638 0.287949 0.459427 0.281250 0.462750 0.280708 0.466523 0.278907 0.468562 0.281977 0.470130 0.281977 0.472484 0.281417 0.473112 0.283926 0.474208 0.284486 0.475151 0.285319 0.475935 0.287551 0.472974 0.290852 0.472320 0.290852 0.469969 0.291778 0.469576 0.293407 0.471406 0.298403 0.477159 0.311773 0.481714 0.325477 0.474630 0.330616
2 0.484586 0.285912 0.487474 0.294157 0.490536 0.297426 0.502966 0.306449 0.505065 0.308162 0.509443 0.313921 0.510667 0.312366 0.505240 0.304894 0.502003 0.301630 0.488260 0.291356 0.486073 0.286069
2 0.498227 0.396375 0.499201 0.402060 0.499852 0.403472 0.503682 0.402574 0.505201 0.402574 0.505708 0.401287 0.514815 0.399875 0.518214 0.402574 0.517201 0.403856 0.513948 0.405917 0.510984 0.407588 0.500495 0.408884 0.505867 0.421389 0.508591 0.421657 0.511615 0.419907 0.514641 0.415875 0.517742 0.411977 0.519029 0.406866 0.520315 0.404444 0.521979 0.402292 0.521979 0.400273 0.521070 0.398662 0.520289 0.398282 0.518935 0.398282 0.517870 0.393981 0.517839 0.378935 0.502888 0.370773 0.509294 0.383630 0.508529 0.384819 0.510547 0.390185 0.510547 0.390185
2 0.554320 0.369347 0.556219 0.371884 0.563664 0.377833 0.572948 0.385565 0.579555 0.390472 0.580307 0.390171 0.580643 0.386606 0.578383 0.384079 0.577214 0.381995 0.574786 0.379912 0.569518 0.377532 0.565000 0.374412 0.559982 0.369208 0.556805 0.366231 0.555552 0.366361
2 0.551237 0.379704 0.560565 0.383620 0.568208 0.388685 0.574945 0.393060 0.578055 0.393523 0.579555 0.390472 0.572948 0.385565 0.563664 0.377833 0.556219 0.371884 0.554320 0.369347 0.545586 0.374921
2 0.545586 0.374921 0.551237 0.379704 0.556549 0.388963 0.559141 0.397023 0.564698 0.401676 0.569750 0.406282 0.566523 0.414759 0.564451 0.414759 0.562638 0.413606 0.562768 0.409231 0.556807 0.406926 0.553958 0.407157 0.548646 0.401861 0.542427 0.396792 0.541667 0.394569 0.541667 0.389394 0.544354 0.381630 0.543122 0.379440
