0 0.551870 0.503574 0.552992 0.511699 0.555596 0.520824 0.556607 0.530588 0.552271 0.538556 0.550534 0.546912 0.549885 0.549611 0.541979 0.553426 0.539807 0.552079 0.534872 0.543472 0.534583 0.540032 0.536227 0.522486 0.532018 0.515704 0.525823 0.506588 0.523695 0.502972 0.521664 0.496778 0.521083 0.492134 0.519242 0.495750 0.516242 0.497986 0.514503 0.492477 0.514404 0.505898 0.516437 0.512264 0.516341 0.515361 0.515953 0.519662 0.514927 0.526083 0.514841 0.529194 0.503948 0.507120 0.505633 0.490769 0.495008 0.488231 0.487508 0.475310 0.492172 0.473468 0.501487 0.464278 0.493596 0.454120 0.482714 0.449514 0.478167 0.445620 0.475719 0.455505 0.466247 0.436181 0.463310 0.432380 0.468167 0.420972 0.474758 0.411722 0.474862 0.415329 0.482268 0.417333 0.488685 0.420509 0.491010 0.416870 0.490958 0.415051 0.493594 0.414093 0.496786 0.412245 0.499750 0.410148 0.498625 0.404384 0.498677 0.399204 0.503505 0.396005 0.535292 0.417977 0.539938 0.423838 0.545289 0.431009 0.552635 0.428611 0.552784 0.433940 0.555932 0.446199 0.556682 0.451528 0.552185 0.454991 0.551792 0.460620 0.551143 0.467116 0.551359 0.469042 0.550997 0.473282 0.546443 0.463644 0.525768 0.474056 0.525479 0.476625 0.532852 0.483694 0.537552 0.486005 0.539865 0.489477 0.543336 0.486394 0.544635 0.491148 0.544781 0.490889 0.545938 0.490250 0.548154 0.490329 0.549682 0.493278 0.551560 0.494565 0.552714 0.497653 0.553141 0.499704 0.550057 0.501556 0.549190 0.503486
5 0.417482 0.269472 0.405839 0.248968 0.391729 0.219306 0.381539 0.199000 0.376120 0.188787 0.373219 0.186620 0.374820 0.184032 0.361461 0.157537 0.358786 0.152657 0.356109 0.161259 0.351060 0.154569 0.344477 0.159986 0.342237 0.156241 0.338911 0.154569 0.343516 0.165639 0.355057 0.190324 0.362419 0.206384 0.371201 0.222144 0.377724 0.231810 0.380068 0.236421 0.384333 0.246681 0.391443 0.258875 0.394937 0.266426 0.397393 0.261190 0.405523 0.264116 0.410651 0.271162
5 0.330885 0.174116 0.333143 0.173074 0.335401 0.166532 0.339167 0.164449 0.343516 0.165639 0.355057 0.190324 0.362419 0.206384 0.371201 0.222144 0.377724 0.231810 0.380068 0.236421 0.384333 0.246681 0.391443 0.258875 0.394937 0.266426 0.389753 0.270991 0.387193 0.273759 0.384133 0.281532 0.372448 0.259884 0.346234 0.207125 0.338706 0.189134
5 0.473984 0.226481 0.477919 0.223111 0.481245 0.220157 0.484643 0.217199 0.487607 0.215144 0.491984 0.210597 0.489810 0.206611 0.485521 0.199741 0.479987 0.201639 0.478531 0.205093 0.475424 0.207681 0.473385 0.209231 0.468628 0.213722 0.466794 0.214236 0.465339 0.213722 0.463385 0.214755 0.463599 0.217222
5 0.569164 0.570801 0.576039 0.585255 0.596909 0.623426 0.632026 0.690495 0.649286 0.725102 0.636844 0.736875 0.628591 0.745537 0.599333 0.687333 0.551503 0.600648 0.556122 0.596384 0.560469 0.592389 0.557771 0.587324 0.559120 0.585727 0.562568 0.582792 0.566615 0.577995 0.567664 0.572935
5 0.588721 0.558532 0.617216 0.612759 0.660362 0.694815 0.666984 0.708014 0.681234 0.689463 0.685448 0.684824 0.689461 0.679116 0.679628 0.661634 0.675013 0.651644 0.673607 0.644153 0.653138 0.605981 0.629659 0.559958 0.612602 0.525708 0.606581 0.528208 0.601565 0.532843 0.595945 0.538907 0.593737 0.542120 0.590526 0.551398
5 0.384133 0.281532 0.396362 0.305032 0.430010 0.366088 0.463310 0.432380 0.468167 0.420972 0.474758 0.411722 0.475625 0.408639 0.475625 0.404630 0.473891 0.395685 0.463831 0.377185 0.443365 0.337102 0.421685 0.295167 0.410651 0.271162 0.405523 0.264116 0.397393 0.261190 0.394937 0.266426 0.389753 0.270991 0.387193 0.273759
5 0.494742 0.211634 0.500792 0.219356 0.502091 0.219125 0.504560 0.214505 0.505599 0.211731 0.508198 0.213810 0.508719 0.213352 0.511057 0.201796 0.511188 0.199718 0.509237 0.197407 0.509628 0.192556 0.509888 0.187935 0.509758 0.185394 0.509237 0.184241 0.509497 0.182389 0.509888 0.182157 0.508068 0.177079 0.502870 0.167833 0.490654 0.148657 0.475578 0.123940 0.463622 0.103144 0.446771 0.077083 0.443229 0.071898 0.442708 0.071898 0.442698 0.077963 0.441789 0.079579 0.437760 0.073569 0.437240 0.076574 0.434901 0.081889 0.433211 0.084894 0.430352 0.079810 0.429573 0.081657 0.429312 0.084662 0.432049 0.092931 0.433672 0.094551 0.439292 0.102148 0.448612 0.116731 0.461086 0.136491 0.488026 0.181000 0.499771 0.199981 0.499383 0.202227 0.496258 0.209440
5 0.485521 0.199741 0.479987 0.201639 0.478531 0.205093 0.475424 0.207681 0.473385 0.209231 0.468628 0.213722 0.466794 0.214236 0.465339 0.213722 0.463385 0.214755 0.463599 0.217222 0.461076 0.220056 0.460154 0.221713 0.459484 0.223935 0.443477 0.195616 0.434341 0.185037 0.427781 0.176454 0.419492 0.163741 0.403677 0.138704 0.397826 0.130231 0.396557 0.127120 0.396122 0.123185 0.397057 0.121111 0.399818 0.117824 0.403490 0.115088 0.407786 0.112269 0.411016 0.110093 0.413151 0.107407 0.415372 0.103560 0.417109 0.103560 0.424115 0.100509 0.427768 0.104838 0.425448 0.107546 0.426750 0.110000 0.437701 0.127153 0.457581 0.157699 0.467987 0.170935 0.471346 0.173921 0.475221 0.180861
5 0.383672 0.145801 0.383063 0.160440 0.384966 0.160042 0.386422 0.158255 0.395130 0.164838 0.396135 0.164241 0.392622 0.149519 0.395716 0.149370 0.411023 0.164685 0.429508 0.183125 0.439211 0.192347 0.443477 0.195616 0.434341 0.185037 0.427781 0.176454 0.419492 0.163741 0.403677 0.138704 0.397826 0.130231 0.396052 0.133458 0.393292 0.140449 0.392286 0.141787 0.390362 0.139704 0.387018 0.142231 0.385427 0.143574
5 0.482513 0.238560 0.477242 0.247037 0.472141 0.255958 0.468461 0.258190 0.465784 0.258486 0.465115 0.256551 0.463693 0.256704 0.462857 0.259824 0.462857 0.268005 0.462354 0.268894 0.444872 0.247481 0.440776 0.252986 0.440440 0.254917 0.434333 0.246889 0.433563 0.251019 0.427740 0.239074 0.403490 0.216852 0.376120 0.188787 0.376120 0.188787 0.373219 0.186620 0.374820 0.184032 0.380076 0.180806 0.380016 0.176361 0.381214 0.174917 0.384326 0.176477 0.385695 0.173148 0.388070 0.171037 0.386422 0.158255 0.395130 0.164838 0.396135 0.164241 0.392622 0.149519 0.395716 0.149370 0.411023 0.164685 0.429508 0.183125 0.439211 0.192347 0.443477 0.195616 0.459484 0.223935 0.460154 0.221713 0.461076 0.220056 0.463599 0.217222 0.473984 0.226481 0.477427 0.229699 0.479552 0.233699 0.483182 0.237815
5 0.492536 0.393065 0.459755 0.336333 0.438768 0.297787 0.423680 0.272194 0.420870 0.266278 0.418490 0.268843 0.417482 0.269472 0.410651 0.271162 0.421685 0.295167 0.443365 0.337102 0.463831 0.377185 0.473891 0.395685 0.475625 0.404630 0.475625 0.408639 0.474758 0.411722 0.474862 0.415329 0.482268 0.417333 0.488685 0.420509 0.491010 0.416870 0.490958 0.415051 0.493594 0.414093 0.496786 0.412245 0.499750 0.410148 0.498625 0.404384 0.498677 0.399204 0.495711 0.395750
5 0.492536 0.393065 0.495711 0.395750 0.498677 0.399204 0.503505 0.396005 0.501432 0.384259 0.499099 0.376194 0.497156 0.368597 0.501951 0.359384 0.488865 0.342338 0.461656 0.308481 0.432508 0.271630 0.428362 0.264949 0.427005 0.259954 0.420870 0.266278 0.423680 0.272194 0.438768 0.297787 0.459755 0.336333
5 0.508198 0.213810 0.511273 0.218269 0.518458 0.230708 0.526893 0.245926 0.541638 0.271028 0.547138 0.280801 0.545763 0.282023 0.542526 0.280519 0.531255 0.265546 0.517393 0.245509 0.501328 0.224319 0.498219 0.219481 0.495367 0.217528 0.494461 0.225588 0.487724 0.224204 0.489409 0.228352 0.488891 0.230194 0.486557 0.227431 0.483708 0.221440 0.484357 0.228352 0.486039 0.233880 0.486299 0.237565 0.485521 0.236875 0.483320 0.233190 0.482023 0.235032 0.483182 0.237815 0.479552 0.233699 0.477427 0.229699 0.473984 0.226481 0.477919 0.223111 0.481245 0.220157 0.484643 0.217199 0.487607 0.215144 0.491984 0.210597 0.491695 0.212148 0.493432 0.212667 0.494742 0.211634 0.500792 0.219356 0.502091 0.219125 0.504560 0.214505 0.505599 0.211731
5 0.551503 0.600648 0.599333 0.687333 0.628591 0.745537 0.613964 0.757093 0.596083 0.772366 0.578901 0.710449 0.561951 0.646056 0.553826 0.613444
5 0.574112 0.555611 0.569164 0.570801 0.567664 0.572935 0.566615 0.577995 0.562568 0.582792 0.559120 0.585727 0.557771 0.587324 0.560469 0.592389 0.556122 0.596384 0.551503 0.600648 0.547427 0.586523 0.545779 0.579861 0.532029 0.558069 0.553102 0.548079 0.578185 0.537019 0.572763 0.543884 0.570513 0.549750
5 0.649286 0.725102 0.666984 0.708014 0.660362 0.694815 0.617216 0.612759 0.588721 0.558532 0.590526 0.551398 0.593737 0.542120 0.595945 0.538907 0.601565 0.532843 0.606581 0.528208 0.612602 0.525708 0.629659 0.559958 0.653138 0.605981 0.673607 0.644153 0.660167 0.594875 0.643690 0.559722 0.633109 0.537218 0.632417 0.532898 0.620622 0.514398 0.618021 0.509463 0.616112 0.502412 0.613906 0.499204 0.603070 0.505625 0.602266 0.512046 0.601664 0.516329 0.595643 0.522394 0.589422 0.525602 0.580211 0.533273 0.578747 0.534662 0.578185 0.537019 0.572763 0.543884 0.570513 0.549750 0.574112 0.555611 0.569164 0.570801 0.576039 0.585255 0.596909 0.623426 0.632026 0.690495
5 0.689461 0.679116 0.707557 0.656042 0.705357 0.634389 0.694214 0.615505 0.677630 0.584181 0.672318 0.572894 0.670245 0.569440 0.669078 0.568750 0.667654 0.564144 0.667523 0.559074 0.653661 0.527750 0.651331 0.524528 0.642391 0.504949 0.637596 0.495046 0.634747 0.493894 0.631508 0.490208 0.629047 0.486060 0.630990 0.497116 0.628656 0.494125 0.626583 0.494583 0.626326 0.495046 0.622310 0.487903 0.621273 0.491361 0.621130 0.498130 0.619122 0.502412 0.616112 0.502412 0.618021 0.509463 0.620622 0.514398 0.632417 0.532898 0.633109 0.537218 0.643690 0.559722 0.660167 0.594875 0.673607 0.644153 0.675013 0.651644 0.679628 0.661634
5 0.432049 0.092931 0.430206 0.099315 0.428651 0.102250 0.427768 0.104838 0.425448 0.107546 0.426750 0.110000 0.437701 0.127153 0.457581 0.157699 0.467987 0.170935 0.471346 0.173921 0.475221 0.180861 0.485521 0.199741 0.489810 0.206611 0.491984 0.210597 0.491695 0.212148 0.493432 0.212667 0.494742 0.211634 0.496258 0.209440 0.499383 0.202227 0.499771 0.199981 0.488026 0.181000 0.461086 0.136491 0.448612 0.116731 0.439292 0.102148 0.433672 0.094551
5 0.572273 0.393431 0.545289 0.431009 0.552635 0.428611 0.552784 0.433940 0.555932 0.446199 0.556682 0.451528 0.552185 0.454991 0.551792 0.460620 0.573760 0.447028 0.588664 0.438944 0.593602 0.438773 0.594182 0.438597 0.592060 0.424079 0.589661 0.422213 0.585914 0.410755 0.583516 0.409421 0.575271 0.400894
5 0.577414 0.380935 0.575167 0.386264 0.574417 0.391593 0.572273 0.393431 0.545289 0.431009 0.539938 0.423838 0.535292 0.417977 0.574266 0.373741 0.575766 0.375338 0.574865 0.380403
5 0.482714 0.449514 0.475719 0.455505 0.487508 0.475310 0.492172 0.473468 0.492172 0.466329 0.492172 0.458500 0.493596 0.454120
5 0.514503 0.492477 0.514404 0.505898 0.516437 0.512264 0.516341 0.515361 0.515953 0.519662 0.514927 0.526083 0.532018 0.515704 0.525823 0.506588 0.523695 0.502972 0.521664 0.496778 0.521083 0.492134 0.519242 0.495750 0.516242 0.497986
5 0.525768 0.474056 0.546443 0.463644 0.550997 0.473282 0.551359 0.469042 0.551143 0.467116 0.551792 0.460620 0.573760 0.447028 0.588664 0.438944 0.593602 0.438773 0.594182 0.438597 0.596469 0.439611 0.596469 0.443338 0.596904 0.445523 0.598711 0.445523 0.599000 0.447065 0.597987 0.447968 0.598854 0.453491 0.605432 0.458245 0.603409 0.461847 0.600083 0.463130 0.600083 0.466213 0.600807 0.467116 0.601385 0.469171 0.601313 0.471356 0.605721 0.469042 0.606229 0.469426 0.605638 0.474593 0.586039 0.485074 0.551870 0.503574 0.549190 0.503486 0.550057 0.501556 0.553141 0.499704 0.554591 0.498944 0.557766 0.496500 0.561745 0.493667 0.564646 0.491870 0.568404 0.490699 0.569841 0.489431 0.572523 0.490074 0.575633 0.485954 0.577797 0.479667 0.582060 0.464231 0.581125 0.463843 0.579391 0.462046 0.579247 0.457944 0.577797 0.454606 0.576927 0.455870 0.575049 0.461653 0.572302 0.475681 0.570503 0.486852 0.564141 0.487102 0.561602 0.483375 0.560086 0.485306 0.557107 0.486343 0.549461 0.488880 0.548154 0.490329 0.545938 0.490250 0.544781 0.490889 0.544635 0.491148 0.543336 0.486394 0.539865 0.489477 0.537552 0.486005 0.532852 0.483694 0.525479 0.476625
5 0.532018 0.515704 0.536227 0.522486 0.534583 0.540032 0.534872 0.543472 0.539807 0.552079 0.541979 0.553426 0.532029 0.558069 0.514841 0.529194 0.514927 0.526083
5 0.591292 0.482292 0.586039 0.485074 0.551870 0.503574 0.552992 0.511699 0.555596 0.520824 0.556607 0.530588 0.552271 0.538556 0.550534 0.546912 0.549885 0.549611 0.553102 0.548079 0.578185 0.537019 0.578747 0.534662 0.580211 0.533273 0.589422 0.525602 0.595643 0.522394 0.601664 0.516329 0.602266 0.512046 0.603070 0.505625 0.601125 0.509412 0.599245 0.509282 0.598378 0.508380 0.597581 0.502986 0.597148 0.503241 0.592161 0.505810 0.592016 0.508898 0.588763 0.510051 0.587750 0.508125 0.586956 0.504014 0.585943 0.498102 0.586740 0.496046 0.588979 0.493088 0.590643 0.487949
5 0.591292 0.482292 0.605638 0.474593 0.605638 0.474593 0.615299 0.473704 0.615029 0.483306 0.621346 0.483208 0.621076 0.484361 0.619078 0.485130 0.619026 0.493194 0.620591 0.496843 0.618323 0.497801 0.616112 0.502412 0.613906 0.499204 0.603070 0.505625 0.604521 0.504269 0.604089 0.499259 0.602932 0.497588 0.602424 0.493088 0.601268 0.490005 0.599607 0.487560 0.598521 0.486532 0.597943 0.485764 0.598016 0.483833 0.596859 0.482162 0.594185 0.482681
5 0.403490 0.216852 0.376120 0.188787 0.381539 0.199000 0.391729 0.219306 0.405839 0.248968 0.417482 0.269472 0.418490 0.268843 0.420870 0.266278 0.427005 0.259954 0.426703 0.256958 0.423320 0.251338 0.415289 0.237954
5 0.374688 0.162597 0.364841 0.164671 0.374820 0.184032 0.380076 0.180806 0.380016 0.176361 0.381214 0.174917 0.376253 0.164852
5 0.514661 0.335648 0.489070 0.302125 0.468732 0.276097 0.462354 0.268894 0.444872 0.247481 0.440776 0.252986 0.440440 0.254917 0.434333 0.246889 0.433563 0.251019 0.431211 0.256991 0.426508 0.252611 0.426703 0.256958 0.427005 0.259954 0.428362 0.264949 0.432508 0.271630 0.461656 0.308481 0.488865 0.342338 0.501951 0.359384
5 0.495367 0.217528 0.494461 0.225588 0.487724 0.224204 0.489409 0.228352 0.488891 0.230194 0.486557 0.227431 0.483708 0.221440 0.484357 0.228352 0.486039 0.233880 0.486299 0.237565 0.485521 0.236875 0.483320 0.233190 0.482023 0.235032 0.483182 0.237815 0.482513 0.238560 0.477242 0.247037 0.480031 0.244847 0.485182 0.252014 0.492461 0.260375 0.498956 0.269130 0.504443 0.271917 0.508362 0.282269 0.510826 0.288042 0.516984 0.297995 0.521573 0.305162 0.534451 0.325468 0.539036 0.320093 0.546615 0.314630 0.550234 0.308889 0.550000 0.298889 0.542526 0.280519 0.531255 0.265546 0.517393 0.245509 0.501328 0.224319 0.498219 0.219481
5 0.534451 0.325468 0.521573 0.305162 0.516984 0.297995 0.510826 0.288042 0.508362 0.282269 0.504443 0.271917 0.498956 0.269130 0.492461 0.260375 0.485182 0.252014 0.480031 0.244847 0.479406 0.246065 0.483034 0.250671 0.482516 0.255278 0.481221 0.261264 0.480313 0.264259 0.482385 0.265412 0.484719 0.263338 0.486661 0.259884 0.487440 0.261495 0.488086 0.271630 0.487049 0.273704 0.487180 0.276468 0.488216 0.277157 0.489513 0.277157 0.491326 0.275546 0.493010 0.270940 0.494305 0.272319 0.494695 0.279921 0.494305 0.284528 0.493659 0.287060 0.495990 0.289366 0.497414 0.288671 0.500005 0.281764 0.501820 0.283838 0.502208 0.295120 0.501432 0.297884 0.500784 0.300190 0.503115 0.301569 0.504930 0.299958 0.505966 0.295352 0.508687 0.297657 0.509206 0.308481 0.507909 0.310324 0.508169 0.312625 0.510370 0.313778 0.512055 0.310093 0.514128 0.307792 0.515813 0.308713 0.516201 0.315162 0.515552 0.321380 0.514776 0.321611 0.514516 0.323454 0.516331 0.325296 0.518534 0.324833 0.520346 0.319769 0.522419 0.323222 0.522964 0.329782 0.529229 0.329782
5 0.518922 0.328981 0.522419 0.323222 0.520346 0.319769 0.518534 0.324833 0.516331 0.325296 0.514516 0.323454 0.514776 0.321611 0.515552 0.321380 0.516201 0.315162 0.515813 0.308713 0.514128 0.307792 0.512055 0.310093 0.510370 0.313778 0.508169 0.312625 0.507909 0.310324 0.509206 0.308481 0.508687 0.297657 0.505966 0.295352 0.504930 0.299958 0.503115 0.301569 0.500784 0.300190 0.501432 0.297884 0.502208 0.295120 0.501820 0.283838 0.500005 0.281764 0.497414 0.288671 0.495990 0.289366 0.493659 0.287060 0.494305 0.284528 0.494695 0.279921 0.494305 0.272319 0.493010 0.270940 0.491326 0.275546 0.489513 0.277157 0.488216 0.277157 0.487180 0.276468 0.487049 0.273704 0.488086 0.271630 0.487440 0.261495 0.486661 0.259884 0.484719 0.263338 0.482385 0.265412 0.480313 0.264259 0.481221 0.261264 0.482516 0.255278 0.483034 0.250671 0.479406 0.246065 0.477242 0.247037 0.472141 0.255958 0.468461 0.258190 0.490669 0.297000 0.514740 0.335741
5 0.468461 0.258190 0.490669 0.297000 0.514688 0.335694 0.489070 0.302125 0.468732 0.276097 0.462354 0.268894 0.462857 0.268005 0.462857 0.259824 0.463693 0.256704 0.465115 0.256551 0.465784 0.258486
5 0.427740 0.239074 0.403490 0.216852 0.415289 0.237954 0.423320 0.251338 0.426703 0.256958 0.426508 0.252611 0.431211 0.256991 0.433563 0.251019
5 0.383063 0.160440 0.381969 0.160324 0.380008 0.163463 0.378831 0.162764 0.378438 0.163463 0.379156 0.166602 0.377719 0.167995 0.381214 0.174917 0.384326 0.176477 0.385695 0.173148 0.388070 0.171037 0.386422 0.158255 0.384966 0.160042
5 0.523594 0.364653 0.526281 0.373009 0.536695 0.360870 0.536807 0.357884 0.536799 0.355468 0.533432 0.352472
2 0.549461 0.488880 0.557107 0.486343 0.560086 0.485306 0.561602 0.483375 0.564141 0.487102 0.570503 0.486852 0.572302 0.475681 0.575049 0.461653 0.576927 0.455870 0.577797 0.454606 0.579247 0.457944 0.579391 0.462046 0.581125 0.463843 0.582060 0.464231 0.577797 0.479667 0.575633 0.485954 0.572523 0.490074 0.569841 0.489431 0.568404 0.490699 0.564646 0.491870 0.561745 0.493667 0.557766 0.496500 0.554591 0.498944 0.553141 0.499704 0.552714 0.497653 0.551560 0.494565 0.549682 0.493278 0.548154 0.490329
2 0.590643 0.487949 0.588979 0.493088 0.586740 0.496046 0.585943 0.498102 0.586956 0.504014 0.587750 0.508125 0.588763 0.510051 0.592016 0.508898 0.592161 0.505810 0.597148 0.503241 0.597581 0.502986 0.598378 0.508380 0.599245 0.509282 0.601125 0.509412 0.603070 0.505625 0.604521 0.504269 0.604089 0.499259 0.602932 0.497588 0.602424 0.493088 0.601268 0.490005 0.599607 0.487560 0.598521 0.486532 0.597943 0.485764 0.598016 0.483833 0.596859 0.482162 0.594185 0.482681 0.591292 0.482292
