0 0.426237 0.377833 0.421656 0.387014 0.418081 0.391079 0.415703 0.394532 0.408930 0.403912 0.407995 0.403704 0.406052 0.405694 0.401013 0.412593 0.399557 0.414745 0.413500 0.422657 0.429318 0.433907 0.430375 0.430819 0.430539 0.429574 0.430807 0.428611 0.431672 0.428611 0.431995 0.426597 0.432859 0.425157 0.433563 0.425255 0.433615 0.426981 0.435667 0.427171 0.436641 0.427366 0.436641 0.427079 0.435883 0.426310 0.435721 0.425731 0.435937 0.425255 0.436909 0.425542 0.438477 0.426310 0.438583 0.429093 0.440773 0.428625 0.443284 0.428773 0.443284 0.430560 0.450526 0.433699 0.454276 0.436199 0.496104 0.402245 0.499503 0.405370 0.499971 0.408495 0.499854 0.415162 0.500904 0.420569 0.501904 0.421792 0.503216 0.421792 0.503966 0.422236 0.505279 0.422681 0.507026 0.422681 0.507401 0.422681 0.508401 0.424347 0.508964 0.424681 0.509839 0.423681 0.510401 0.422236 0.510901 0.420903 0.514992 0.419940 0.513326 0.418306 0.514630 0.409495 0.514917 0.393787 0.514497 0.388046 0.513797 0.379958 0.512859 0.374958 0.510870 0.369750 0.506182 0.362875 0.503487 0.357458 0.501026 0.353500 0.493294 0.351630 0.443612 0.336630 0.438810 0.337671 0.435529 0.329338 0.430911 0.323755 0.427443 0.323088 0.422289 0.326421 0.419594 0.326630 0.414906 0.327255 0.411625 0.337880 0.411471 0.342593 0.411622 0.347306 0.411273 0.353292 0.410922 0.359125 0.410177 0.362514 0.411016 0.362815
2 0.514630 0.409495 0.526065 0.421273 0.532875 0.428046 0.534188 0.429491 0.533818 0.431977 0.531977 0.428269 0.530969 0.428569 0.529719 0.429014 0.528628 0.426338 0.527128 0.425736 0.526539 0.426481 0.525622 0.427824 0.525115 0.428269 0.524365 0.426181 0.522609 0.425736 0.522609 0.423806 0.521435 0.423657 0.521435 0.424546 0.514992 0.419940 0.513326 0.418306
2 0.500904 0.420569 0.501904 0.421792 0.503216 0.421792 0.503966 0.422236 0.505279 0.422681 0.507026 0.422681 0.507401 0.422681 0.508401 0.424347 0.508964 0.424681 0.509839 0.423681 0.510401 0.422236 0.510901 0.420903 0.514992 0.419940 0.521435 0.424546 0.521435 0.423657 0.522609 0.423806 0.522609 0.425736 0.524365 0.426181 0.525115 0.428269 0.525622 0.427824 0.526539 0.426481 0.527128 0.425736 0.528628 0.426338 0.529719 0.429014 0.530969 0.428569 0.531977 0.428269 0.533818 0.431977 0.535768 0.437676 0.539203 0.445787 0.539828 0.448343 0.540141 0.451782 0.540328 0.454227 0.517039 0.436625 0.511521 0.436477 0.509177 0.436329 0.508341 0.435884 0.506000 0.433356 0.504578 0.431718 0.500812 0.428000 0.500341 0.425347 0.500216 0.423681 0.500216 0.422125
8 0.422406 0.382907 0.420281 0.384463 0.417281 0.384574 0.411784 0.384685 0.405849 0.384685 0.398599 0.384241 0.396102 0.384019 0.394003 0.383111 0.394914 0.387236 0.400786 0.387347 0.405971 0.388014 0.411096 0.387903 0.415656 0.387681 0.418844 0.387347 0.421656 0.387014 0.422591 0.384574
2 0.241763 0.299898 0.235406 0.291273 0.231810 0.284435 0.230221 0.278634 0.230555 0.272833 0.231057 0.271199 0.233232 0.270157 0.237331 0.272833 0.242099 0.280866 0.242266 0.290532
2 0.338745 0.195917 0.329130 0.186792 0.321974 0.179727 0.320672 0.179727 0.319297 0.183194 0.317419 0.187694 0.315323 0.191806 0.313154 0.195532 0.311130 0.199005 0.309104 0.202213 0.308310 0.204528 0.311346 0.206329 0.322190 0.185250 0.329635 0.192579 0.335635 0.197718
2 0.234635 0.267870 0.237516 0.268458 0.240539 0.267690 0.242375 0.267593 0.245453 0.266727 0.248154 0.266634 0.250151 0.266343 0.253068 0.267403 0.254849 0.267977 0.256091 0.268167 0.258466 0.267495 0.259276 0.266356 0.255010 0.263944 0.252474 0.264426 0.249612 0.264042 0.247560 0.263657 0.244859 0.263847 0.240161 0.264713 0.238703 0.265287 0.236721 0.265204
2 0.258214 0.258106 0.257495 0.252519 0.257495 0.248199 0.257549 0.246282 0.259115 0.241579 0.261112 0.236106 0.263974 0.230056 0.270130 0.220551 0.274721 0.213255 0.280878 0.202602 0.283362 0.196167 0.284656 0.194537 0.286763 0.193958 0.289570 0.195782 0.291245 0.199528 0.292000 0.200009 0.292919 0.201639 0.293674 0.203944 0.294214 0.207111 0.295510 0.210282 0.296536 0.214218 0.294701 0.213065 0.292810 0.208167 0.289680 0.201546 0.288383 0.198569 0.287034 0.198569 0.284766 0.202130 0.280495 0.210370 0.273964 0.221514 0.268026 0.229958 0.264029 0.237546 0.261474 0.245569 0.259964 0.247972 0.260232 0.255940
2 0.324302 0.300134 0.317193 0.302815 0.314096 0.302366 0.311339 0.299690 0.309664 0.295972 0.307573 0.291810 0.305398 0.288241 0.304896 0.286458 0.305565 0.285417 0.307323 0.286306 0.308495 0.288093 0.311422 0.294634 0.314349 0.299542 0.316357 0.299245 0.319534 0.298648 0.323883 0.297458 0.325391 0.297162 0.327146 0.293296 0.327815 0.289282 0.328495 0.286755 0.330010 0.287653 0.330326 0.289431 0.328568 0.295824 0.326896 0.298352 0.325391 0.301176
2 0.374656 0.319111 0.376078 0.318069 0.378419 0.317176 0.379664 0.318042 0.377917 0.315079 0.378052 0.314380 0.378518 0.314116 0.379138 0.314843 0.380937 0.317579 0.382953 0.316745 0.385570 0.316597 0.394068 0.315361 0.397474 0.314870 0.401508 0.315773 0.418568 0.319884 0.417781 0.322130 0.416862 0.320495 0.415833 0.320792 0.415021 0.322324 0.414536 0.323764 0.413297 0.324046 0.412914 0.327986 0.411240 0.331347 0.407359 0.336435 0.403896 0.338931 0.403620 0.333468 0.402664 0.333681 0.402818 0.339704 0.400987 0.339986 0.395096 0.340657 0.393424 0.340657 0.392018 0.340657 0.391424 0.338648 0.389753 0.338648 0.388833 0.338648 0.387211 0.337593 0.386565 0.336907 0.385320 0.336907 0.385161 0.338352 0.379294 0.332491 0.374471 0.327514 0.374956 0.325491 0.374740 0.324435 0.375440 0.324718 0.375927 0.323852 0.375927 0.322231 0.375927 0.321356
2 0.345917 0.311431 0.341216 0.305519 0.338831 0.301532 0.337964 0.297806 0.338411 0.296231 0.338815 0.295130 0.339008 0.293954 0.339008 0.292319 0.337492 0.289046 0.334732 0.287250 0.332977 0.284569 0.329143 0.282384 0.326396 0.279301 0.325313 0.278014 0.324518 0.275958 0.322927 0.275444 0.319602 0.278528 0.319458 0.280199 0.322276 0.284310 0.324299 0.285981 0.328495 0.286755 0.330010 0.287653 0.333987 0.292153 0.335651 0.293694 0.334638 0.295236 0.333625 0.297551 0.333047 0.299861 0.332831 0.301403 0.332904 0.302949 0.334638 0.306801 0.339193 0.312713 0.340349 0.315157 0.343385 0.313227
2 0.359174 0.183343 0.361693 0.193051 0.362115 0.197116 0.361531 0.198278 0.359776 0.202144 0.360732 0.204625 0.359617 0.207412 0.357591 0.209023 0.356617 0.210324 0.355641 0.210324 0.351982 0.208968 0.350307 0.207356 0.349612 0.206792 0.341526 0.210866 0.340659 0.220847 0.339638 0.220657 0.340281 0.212792 0.337258 0.220463 0.335422 0.219028 0.335260 0.217106 0.336286 0.213935 0.340229 0.209139 0.340500 0.208176 0.337206 0.210963 0.336180 0.207986 0.339367 0.206162 0.339745 0.205296 0.339958 0.198676 0.335750 0.201074 0.333911 0.202509 0.332724 0.205199 0.331698 0.206644 0.332398 0.210005 0.331857 0.212019 0.331156 0.212593 0.331750 0.215088 0.331805 0.217204 0.330836 0.218356 0.328945 0.218931 0.328297 0.217296 0.328026 0.214898 0.329104 0.211444 0.329589 0.209329 0.330188 0.207125 0.329807 0.206644 0.329211 0.206542 0.326729 0.209042 0.323974 0.211829 0.322677 0.213556 0.321115 0.214037 0.320628 0.212792 0.322518 0.211157 0.326891 0.207315 0.328297 0.205199 0.329430 0.204056 0.330294 0.204056 0.328727 0.198579 0.328727 0.196181 0.329104 0.194833 0.329807 0.194644 0.330885 0.195125 0.331266 0.198769 0.331534 0.201940 0.333370 0.199829 0.334773 0.198194 0.335635 0.197718 0.338745 0.195917 0.341258 0.193782 0.348005 0.189843 0.353000 0.187065 0.356471 0.185074
5 0.345568 0.208718 0.348372 0.218181 0.349049 0.222829 0.350987 0.224894 0.353211 0.227991 0.355052 0.229537 0.356211 0.231773 0.357664 0.234181 0.359503 0.236764 0.362318 0.239190 0.365570 0.235611 0.366354 0.236403 0.363664 0.240977 0.364893 0.244574 0.365677 0.245968 0.368930 0.239000 0.369596 0.239000 0.368474 0.244366 0.367292 0.248194 0.368591 0.250731 0.366122 0.257699 0.366682 0.259301 0.369596 0.259699 0.371388 0.261296 0.371948 0.263278 0.373401 0.262486 0.374078 0.260694 0.373401 0.255120 0.373401 0.251731 0.374078 0.246968 0.374078 0.243972 0.374078 0.241579 0.373070 0.239190 0.370719 0.236796 0.368253 0.234009 0.366906 0.231222 0.366578 0.228435 0.366240 0.223861 0.363771 0.221880 0.360867 0.218889 0.358516 0.216102 0.356271 0.214310 0.353029 0.212523 0.351344 0.210528 0.350307 0.207356 0.349612 0.206792
6 0.336427 0.147051 0.353000 0.187065 0.356471 0.185074 0.342250 0.151032 0.338667 0.144264
6 0.295695 0.180185 0.310703 0.199708 0.311130 0.199005 0.313154 0.195532 0.313802 0.194435 0.310234 0.191102 0.309815 0.191338 0.306682 0.188074 0.306617 0.187069 0.304563 0.184292 0.298146 0.175218 0.297034 0.176708
6 0.319914 0.149676 0.316620 0.164458 0.309815 0.191338 0.306682 0.188074 0.306521 0.185963 0.308034 0.177037 0.312570 0.159181 0.314839 0.149676 0.315323 0.145838 0.316404 0.145838 0.316997 0.148333 0.318130 0.148042
2 0.296253 0.317366 0.287578 0.326491 0.286638 0.335745 0.293143 0.339602 0.300010 0.329704 0.299000 0.328032 0.298349 0.329833 0.297625 0.329833 0.296107 0.327903 0.295964 0.327005 0.296253 0.325333 0.296542 0.323537 0.296904 0.322509 0.296469 0.321866 0.296253 0.320963 0.297047 0.316981
1 0.327292 0.266278 0.330891 0.266278 0.333531 0.266278 0.335214 0.266278 0.337214 0.264574 0.338732 0.262583 0.339534 0.261019 0.337253 0.260625 0.335932 0.262296 0.334411 0.263292 0.331852 0.263148 0.331292 0.261727 0.331531 0.258884 0.331211 0.255898 0.330891 0.253903 0.329706 0.252542 0.330479 0.247894 0.330964 0.245486 0.330576 0.242218 0.329898 0.239463 0.328156 0.238602 0.325544 0.238602 0.323125 0.237917 0.321055 0.236838 0.321055 0.236838 0.319531 0.236407 0.317930 0.238259 0.317451 0.239398 0.317771 0.240250 0.319852 0.240963 0.321690 0.240963 0.323451 0.239824 0.327052 0.240250 0.328570 0.240676 0.328971 0.241389 0.328891 0.245088 0.327771 0.250778 0.327211 0.254333 0.326570 0.258458 0.325599 0.263477
2 0.299167 0.305282 0.299753 0.307361 0.298917 0.307958 0.298247 0.308704 0.297914 0.311079 0.298414 0.312866 0.297914 0.314352 0.296576 0.315394 0.297047 0.316981 0.296253 0.320963 0.296469 0.321866 0.296904 0.322509 0.296542 0.323537 0.296253 0.325333 0.295964 0.327005 0.296107 0.327903 0.297625 0.329833 0.298349 0.329833 0.299000 0.328032 0.300010 0.329704 0.293143 0.339602 0.294719 0.341681 0.297820 0.338083 0.302086 0.338991 0.308518 0.336806 0.309682 0.335898 0.311849 0.338352 0.313219 0.337833 0.314307 0.335139 0.315820 0.331542 0.317201 0.330500 0.318714 0.329861 0.318641 0.334366 0.318641 0.336032 0.320521 0.336671 0.321750 0.337060 0.322620 0.334486 0.321674 0.331153 0.320740 0.328968 0.319510 0.325875 0.318641 0.324463 0.318279 0.321639 0.315820 0.313417 0.314667 0.311481 0.313294 0.309949 0.311630 0.309685 0.309312 0.306856 0.307365 0.305194 0.305557 0.305699 0.305122 0.306083 0.303609 0.306083 0.302521 0.305060 0.301367 0.305060
2 0.393984 0.283560 0.389518 0.284153 0.386341 0.284449 0.382911 0.285194 0.381406 0.285639 0.384081 0.292926 0.387260 0.293370 0.390437 0.296194 0.394141 0.295231 0.399807 0.295157 0.401060 0.296194 0.402315 0.292329 0.403237 0.289356 0.403990 0.291440 0.404240 0.289505 0.403237 0.287125 0.402148 0.285042 0.401232 0.284370 0.398339 0.278056 0.395656 0.273208 0.382828 0.248019 0.382854 0.249495 0.382854 0.256204 0.382719 0.260014
6 0.537711 0.460773 0.535714 0.465477 0.526549 0.459259 0.498865 0.438440 0.498807 0.432315 0.527997 0.452241 0.537359 0.460208
2 0.278857 0.261370 0.287911 0.262449 0.302565 0.265435 0.310453 0.266931 0.318154 0.268921 0.324687 0.270000 0.326135 0.275227 0.323661 0.275227 0.319042 0.274644 0.311388 0.273236 0.302987 0.271324 0.296125 0.270662 0.288284 0.269250 0.286464 0.269417 0.283711 0.267259 0.281424 0.265019
2 0.382854 0.249495 0.382854 0.256204 0.381990 0.271662 0.380651 0.275676 0.378477 0.276866 0.371451 0.278500 0.367438 0.278500 0.364341 0.278949 0.361833 0.278796 0.360997 0.278204 0.364424 0.273894 0.369612 0.273894 0.378393 0.271662 0.379815 0.271065 0.380401 0.259319 0.380401 0.251440 0.380820 0.246384 0.381573 0.245639 0.382159 0.245787 0.382828 0.248019
2 0.304505 0.235181 0.306521 0.242343 0.309544 0.253690 0.312120 0.263444 0.312786 0.267454 0.310453 0.266931 0.302565 0.265435 0.287911 0.262449 0.278857 0.261370 0.278750 0.258667 0.280542 0.256079 0.282781 0.256278 0.283565 0.253093 0.285581 0.251699 0.288380 0.250106 0.287148 0.247718 0.288716 0.245130 0.292971 0.247120 0.293643 0.241745 0.294763 0.236972 0.295435 0.232792 0.295435 0.229407 0.294539 0.225824 0.295771 0.222440 0.297898 0.220648 0.300362 0.221644 0.301482 0.224829 0.302154 0.226620 0.302490 0.230602 0.302490 0.232593
2 0.274719 0.249509 0.274719 0.251301 0.274719 0.253690 0.274719 0.256278 0.276174 0.258269 0.278750 0.258667 0.278857 0.261370 0.277328 0.262366 0.278263 0.265366 0.280201 0.268810 0.281388 0.267366 0.285326 0.271810 0.286323 0.272921 0.287385 0.277250 0.289948 0.286472 0.291135 0.290356 0.292198 0.291356 0.293698 0.291912 0.294479 0.295380 0.295602 0.297171 0.296346 0.302384 0.297661 0.304944 0.297841 0.306509 0.297047 0.305991 0.295745 0.305991 0.294083 0.306250 0.291841 0.308051 0.290323 0.309204 0.289354 0.310120 0.287789 0.307431 0.286763 0.305032 0.285576 0.303019 0.283469 0.299273 0.284823 0.295894 0.283448 0.295120 0.282948 0.296213 0.280055 0.293889 0.277253 0.292389 0.275188 0.290949 0.270336 0.288120 0.264815 0.284255 0.261971 0.282176 0.260763 0.279639 0.262951 0.277306 0.264513 0.274310 0.266823 0.267088 0.263076 0.265199 0.263107 0.264301 0.265635 0.263403 0.268745 0.264685 0.270625 0.265843 0.271276 0.263144 0.270698 0.262630 0.270596 0.260116 0.270565 0.259528 0.270174 0.257384 0.268789 0.256903 0.267404 0.256528 0.269898 0.252588 0.270547 0.251236
1 0.312755 0.203616 0.311346 0.206329 0.308310 0.204528 0.310057 0.209894 0.311396 0.213759 0.312148 0.219704 0.310643 0.219407 0.306964 0.209296 0.305521 0.209231 0.303177 0.209231 0.300831 0.209231 0.299612 0.209926 0.299135 0.212083 0.300799 0.215171 0.305354 0.220440 0.309401 0.226222 0.310646 0.227069 0.314115 0.229255 0.317729 0.232083 0.320188 0.234139 0.321055 0.235940 0.321055 0.236838 0.323125 0.237917 0.323414 0.235852 0.323026 0.233958 0.320221 0.227079 0.323026 0.225014 0.328448 0.222431 0.332510 0.221227 0.335995 0.220366 0.335422 0.219028 0.331805 0.217204 0.330836 0.218356 0.328945 0.218931 0.325677 0.215968 0.325583 0.214477 0.324792 0.213796 0.324245 0.215509 0.322677 0.213556 0.321115 0.214037 0.320628 0.212792 0.313875 0.205440
2 0.323406 0.345194 0.326919 0.352032 0.332607 0.365713 0.336622 0.370620 0.343482 0.373000 0.352516 0.375231 0.363305 0.381625 0.370081 0.383704 0.378945 0.389949 0.389234 0.400806 0.393919 0.404968 0.396594 0.403630 0.396763 0.402588 0.396763 0.400657 0.396177 0.395454 0.395172 0.388315 0.394003 0.383111 0.393583 0.381176 0.391576 0.379245 0.388898 0.374634 0.385805 0.368986 0.396008 0.371810 0.395841 0.368093 0.395172 0.367347 0.393081 0.366606 0.382292 0.363481 0.374346 0.351588 0.367820 0.349060 0.364560 0.347421 0.360794 0.344449 0.356445 0.339542 0.354354 0.337759 0.346742 0.336417 0.339466 0.334042 0.339633 0.337014 0.339216 0.338500 0.337292 0.341921 0.336456 0.342069 0.334531 0.340731 0.332273 0.337458 0.328927 0.335528 0.326753 0.333593 0.323659 0.331958 0.324076 0.336269 0.325581 0.337907 0.324328 0.341921 0.323909 0.343319
9 0.637018 0.531306 0.637018 0.533236 0.637352 0.536509 0.638021 0.538889 0.638607 0.539630 0.640029 0.539926 0.641701 0.540375 0.643625 0.539037 0.645130 0.538440 0.645799 0.537995 0.646805 0.536806 0.647138 0.534722 0.647138 0.531454 0.646635 0.529222 0.645214 0.527435 0.643458 0.525949 0.641870 0.525505 0.641367 0.525949 0.639109 0.525801 0.637518 0.526097 0.637102 0.528329
6 0.338411 0.296231 0.357977 0.324792 0.372745 0.348977 0.374346 0.351588 0.382292 0.363481 0.391169 0.366069 0.389284 0.364560 0.385091 0.357491 0.377836 0.346972 0.364687 0.325759 0.355812 0.311181 0.344438 0.294528 0.342182 0.291560 0.339927 0.288148 0.334732 0.287250 0.337492 0.289046 0.339008 0.292319 0.339008 0.293954 0.338815 0.295130
6 0.408326 0.360880 0.391875 0.345222 0.379294 0.332491 0.359938 0.312704 0.348732 0.300782 0.355812 0.311181 0.360432 0.318727 0.363229 0.321806 0.364690 0.322769 0.368898 0.328449 0.370680 0.332662 0.377260 0.338495 0.376826 0.339648 0.388458 0.349162 0.399141 0.360185 0.402318 0.363472 0.404659 0.365093 0.406826 0.367676 0.408672 0.369769
6 0.411016 0.362815 0.426237 0.377833 0.422591 0.384574 0.422406 0.382907 0.409844 0.371296 0.409927 0.365639 0.410177 0.362514
6 0.363917 0.302148 0.359435 0.303051 0.355385 0.302023 0.353435 0.301380 0.350831 0.301380 0.348732 0.300782 0.355602 0.308060 0.363844 0.308963 0.372375 0.309861 0.388422 0.312819 0.401508 0.315773 0.418568 0.319884 0.421531 0.315000 0.413219 0.312819 0.394857 0.308574 0.379964 0.305491 0.377578 0.304977 0.376495 0.307032 0.375122 0.306394 0.375049 0.304847 0.373531 0.303694 0.370378 0.303421
6 0.617831 0.512759 0.616742 0.517074 0.601268 0.505625 0.557773 0.473653 0.527997 0.452241 0.498807 0.432315 0.497802 0.425176 0.500812 0.428000 0.504578 0.431718 0.506000 0.433356 0.508341 0.435884 0.509177 0.436329 0.511521 0.436477 0.517039 0.436625 0.548909 0.460569 0.582701 0.485546 0.605534 0.502648 0.618331 0.511870
6 0.635888 0.532106 0.634466 0.536120 0.605945 0.517981 0.601182 0.515597 0.568388 0.494333 0.529914 0.468463 0.499383 0.448829 0.498781 0.442472 0.498865 0.438440 0.526549 0.459259 0.572604 0.490292 0.594326 0.505282 0.626797 0.525889
6 0.601182 0.515597 0.600266 0.518190 0.600156 0.522023 0.594810 0.520495 0.567055 0.502148 0.548237 0.488384 0.500208 0.453148 0.499383 0.448829 0.529914 0.468463 0.568388 0.494333
6 0.641385 0.557236 0.640612 0.560333 0.639740 0.566699 0.617674 0.548981 0.611607 0.544954 0.612284 0.540824 0.606964 0.537213 0.588284 0.523620 0.536799 0.486630 0.500216 0.459273 0.500208 0.453148 0.548237 0.488384 0.598852 0.525407 0.629086 0.547708
6 0.612284 0.540824 0.606964 0.537213 0.588284 0.523620 0.536799 0.486630 0.500216 0.459273 0.500992 0.471144 0.541250 0.499704 0.588672 0.534116 0.607833 0.548565 0.611607 0.544954
6 0.655971 0.523542 0.654547 0.531370 0.652305 0.528907 0.651643 0.530843 0.640516 0.522204 0.598034 0.490972 0.550771 0.456333 0.545253 0.452162 0.544409 0.448755 0.543242 0.446657 0.542154 0.443551 0.538982 0.438944 0.538721 0.436250 0.547091 0.442815 0.589495 0.474181 0.615419 0.492907 0.616935 0.492310 0.619268 0.492310 0.620357 0.494407 0.623115 0.497514 0.626380 0.499750 0.628143 0.501981 0.632068 0.501843 0.632911 0.505690 0.647458 0.516699
2 0.353187 0.320389 0.351526 0.323856 0.351526 0.326954 0.351307 0.330426 0.347911 0.328227 0.345307 0.326440 0.344151 0.326440 0.344370 0.327981 0.346104 0.328870 0.350513 0.333380 0.353333 0.336579 0.354354 0.337759 0.356445 0.339542 0.360794 0.344449 0.364560 0.347421 0.367820 0.349060 0.374346 0.351588 0.372745 0.348977 0.357977 0.324792 0.354633 0.319875
2 0.394141 0.295231 0.398000 0.298102 0.399737 0.302088 0.401688 0.301315 0.403422 0.303116 0.405375 0.304269 0.406820 0.305426 0.407906 0.306329 0.409784 0.307611 0.412026 0.308769 0.413687 0.309542 0.414844 0.310310 0.414990 0.312111 0.413219 0.312819 0.394857 0.308574 0.391641 0.304014 0.386797 0.297843 0.384628 0.295532 0.384081 0.292926 0.387260 0.293370 0.390437 0.296194
2 0.324411 0.260810 0.325599 0.263477 0.328661 0.267921 0.329909 0.270477 0.332659 0.275472 0.336534 0.281694 0.338156 0.285583 0.334596 0.285250 0.332977 0.284569 0.329143 0.282384 0.326396 0.279301 0.325313 0.278014 0.324518 0.275958 0.323661 0.275227 0.326135 0.275227 0.326768 0.274264 0.325854 0.270931 0.324581 0.265787 0.324268 0.262736
2 0.242440 0.268227 0.242099 0.280866 0.242266 0.290532 0.241763 0.299898 0.241414 0.302690 0.243305 0.304514 0.244276 0.304898 0.244216 0.302356 0.244505 0.285005 0.245518 0.268514 0.244331 0.267843
2 0.275430 0.326620 0.272919 0.320968 0.267984 0.315319 0.261461 0.307884 0.257029 0.302532 0.256073 0.301199 0.253542 0.298630 0.256193 0.298069 0.261891 0.304014 0.269406 0.312792 0.274677 0.319630 0.275849 0.322306 0.276182 0.324389 0.276432 0.325431 0.277771 0.327662
2 0.340974 0.322727 0.335039 0.317352 0.329328 0.312773 0.324177 0.307398 0.323271 0.306403 0.322823 0.307338 0.321536 0.307718 0.320271 0.309250 0.319443 0.309509 0.318154 0.310745 0.317315 0.310625 0.316094 0.310685 0.315880 0.311301 0.315820 0.313417 0.318279 0.321639 0.318641 0.324463 0.319510 0.325875 0.320740 0.328968 0.321674 0.331153 0.322620 0.334486 0.324076 0.336269 0.323659 0.331958 0.326753 0.333593 0.328927 0.335528 0.332273 0.337458 0.334531 0.340731 0.336456 0.342069 0.337292 0.341921 0.339216 0.338500 0.339633 0.337014 0.339466 0.334042 0.339922 0.328657
2 0.294422 0.270806 0.300784 0.274532 0.305990 0.278773 0.311773 0.283657 0.319146 0.289181 0.319292 0.291880 0.320159 0.293426 0.320448 0.294324 0.319292 0.294968 0.317773 0.294454 0.308495 0.288093 0.307323 0.286306 0.305565 0.285417 0.300568 0.281986 0.292904 0.276588 0.288930 0.274273 0.288198 0.273699 0.287448 0.270255 0.288284 0.269250
2 0.364487 0.280463 0.367875 0.280634 0.371260 0.286139 0.372518 0.290097 0.371164 0.293023 0.369326 0.296463 0.367003 0.299560 0.365648 0.301454 0.363917 0.302148 0.359435 0.303051 0.355385 0.302023 0.353435 0.301380 0.350831 0.301380 0.348732 0.300782 0.344438 0.294528 0.342182 0.291560 0.339927 0.288148 0.342807 0.287347 0.343969 0.284764 0.344841 0.283389 0.351615 0.281838 0.354133 0.281324 0.354326 0.288894 0.356938 0.289926 0.360714 0.288722 0.362938 0.288204 0.361875 0.280463
2 0.275188 0.290949 0.270336 0.288120 0.264815 0.284255 0.261971 0.282176 0.260763 0.279639 0.260326 0.281306 0.260388 0.283972 0.261076 0.286528 0.263701 0.290301 0.268388 0.291736 0.271565 0.292477 0.276367 0.295958 0.281034 0.301269 0.281859 0.298847 0.282948 0.296213 0.280055 0.293889 0.277253 0.292389
2 0.569547 0.470102 0.568135 0.474694 0.582701 0.485546 0.605534 0.502648 0.618331 0.511870 0.620984 0.510102 0.622117 0.508727 0.598034 0.490972
8 0.385091 0.357491 0.387982 0.358519 0.393839 0.363528 0.399477 0.367384 0.409018 0.374583 0.416536 0.380495 0.420875 0.383963 0.420281 0.384463 0.417281 0.384574 0.403091 0.374454 0.398031 0.370343 0.395841 0.368093 0.395172 0.367347 0.393081 0.366606 0.393081 0.366606 0.389284 0.364560
2 0.270547 0.251236 0.270060 0.249028 0.271919 0.245926 0.273823 0.241148 0.274607 0.237370 0.274943 0.234782 0.276174 0.234185 0.278526 0.234185 0.280094 0.234185 0.278414 0.231199 0.277294 0.229009 0.277742 0.224829 0.278190 0.223037 0.280542 0.223833 0.282109 0.225426 0.284461 0.228213 0.284909 0.231995 0.284909 0.235181 0.286141 0.237569 0.287932 0.237569 0.289948 0.236176 0.289724 0.233588 0.290060 0.232394 0.291740 0.230602 0.293307 0.230602 0.295435 0.229407 0.295435 0.232792 0.294763 0.236972 0.293643 0.241745 0.292971 0.247120 0.288716 0.245130 0.287148 0.247718 0.288380 0.250106 0.285581 0.251699 0.283565 0.253093 0.282781 0.256278 0.280542 0.256079 0.278750 0.258667 0.276174 0.258269 0.274719 0.256278 0.274719 0.253690 0.274719 0.251301 0.274719 0.249509
2 0.362643 0.251120 0.360969 0.258894 0.358755 0.268880 0.355245 0.278093 0.353841 0.277713 0.352492 0.275981 0.349359 0.272046 0.347036 0.268208 0.344984 0.265329 0.344284 0.263981 0.342917 0.261731 0.343784 0.266356 0.347201 0.271278 0.350169 0.275310 0.354706 0.280977 0.355354 0.280398 0.356326 0.278769 0.357674 0.275505 0.359727 0.271472 0.360484 0.269264 0.361185 0.264847 0.361563 0.261389 0.362018 0.258546 0.363130 0.255440 0.363779 0.250157
2 0.412339 0.302968 0.413128 0.303810 0.412958 0.305833 0.412536 0.307037 0.412026 0.308769 0.409784 0.307611 0.407906 0.306329 0.406820 0.305426 0.405375 0.304269 0.403422 0.303116 0.401688 0.301315 0.399737 0.302088 0.398000 0.298102 0.394141 0.295231 0.399807 0.295157 0.401060 0.296194 0.401656 0.294190 0.403404 0.295523 0.405779 0.297745 0.407716 0.299634 0.409716 0.301190 0.410654 0.302523
5 0.367292 0.248194 0.363779 0.250157 0.363779 0.250157 0.362643 0.251120 0.360286 0.251333 0.354190 0.255120 0.350221 0.256843 0.345479 0.260282 0.342917 0.261731 0.341831 0.261991 0.341831 0.261991 0.337253 0.260625 0.332609 0.258218 0.331544 0.255120 0.329706 0.252542 0.330479 0.247894 0.330964 0.245486 0.330576 0.242218 0.329898 0.239463 0.328156 0.238602 0.325544 0.238602 0.323125 0.237917 0.323414 0.235852 0.323026 0.233958 0.320221 0.227079 0.323026 0.225014 0.328448 0.222431 0.332510 0.221227 0.335977 0.220356 0.335422 0.219028 0.337258 0.220463 0.337258 0.220463 0.339638 0.220657 0.340659 0.220847 0.340833 0.218819 0.344029 0.220713 0.347125 0.223292 0.349049 0.222829 0.350987 0.224894 0.353211 0.227991 0.355052 0.229537 0.356211 0.231773 0.357664 0.234181 0.359503 0.236764 0.362318 0.239190 0.365570 0.235611 0.366354 0.236403 0.363664 0.240977 0.364893 0.244574 0.365677 0.245968 0.368930 0.239000 0.369596 0.239000 0.368474 0.244366
2 0.288930 0.274273 0.292904 0.276588 0.300568 0.281986 0.305565 0.285417 0.304896 0.286458 0.305398 0.288241 0.307573 0.291810 0.309664 0.295972 0.311339 0.299690 0.314096 0.302366 0.311208 0.300977 0.302661 0.293579 0.295854 0.287796 0.294565 0.286759 0.291940 0.285759 0.290573 0.281250 0.288198 0.273699
2 0.360484 0.269264 0.360852 0.266560 0.363760 0.262847 0.368214 0.265426 0.375083 0.269037 0.375083 0.269037 0.372880 0.270741 0.369677 0.270741 0.368172 0.271324 0.366344 0.272833 0.364424 0.273894 0.360997 0.278204 0.361875 0.280463 0.362938 0.288204 0.360714 0.288722 0.356938 0.289926 0.354326 0.288894 0.354133 0.281324 0.354706 0.280977 0.355354 0.280398 0.356326 0.278769 0.357674 0.275505 0.359727 0.271472
2 0.276354 0.317431 0.271583 0.310458 0.259815 0.297208 0.262036 0.295931 0.266091 0.300463 0.272432 0.308597 0.277271 0.315236 0.279102 0.317662 0.280214 0.314759 0.281258 0.314306 0.282500 0.315815 0.281846 0.318606 0.280867 0.318944 0.280146 0.319769 0.279492 0.319769 0.278773 0.319292
2 0.244505 0.285005 0.253542 0.298630 0.256073 0.301199 0.253688 0.311736 0.247326 0.307366 0.244216 0.302356
2 0.809596 0.662903 0.808841 0.664648 0.825711 0.677694 0.833729 0.683074 0.834937 0.682134 0.835846 0.681458 0.837133 0.681324 0.838797 0.680921 0.839857 0.680250 0.840385 0.678500 0.839703 0.677560 0.837586 0.678097 0.835013 0.679310 0.834484 0.680384 0.830247 0.676755 0.824953 0.673662 0.823893 0.669894 0.821625 0.669625 0.822911 0.672046 0.816406 0.667338
2 0.363844 0.308963 0.373120 0.317662 0.374656 0.319111 0.375753 0.320722 0.375927 0.321356 0.375927 0.322231 0.375927 0.323852 0.375440 0.324718 0.374740 0.324435 0.374956 0.325491 0.374471 0.327514 0.359938 0.312704 0.355602 0.308060
2 0.360432 0.318727 0.364687 0.325759 0.377836 0.346972 0.381315 0.351171 0.382424 0.350241 0.385172 0.352449 0.388115 0.353963 0.389029 0.357218 0.389945 0.358958 0.391971 0.360120 0.392755 0.359542 0.392820 0.356866 0.393148 0.354310 0.388458 0.349162 0.376826 0.339648 0.377260 0.338495 0.370680 0.332662 0.368898 0.328449 0.364690 0.322769 0.363229 0.321806
8 0.780563 0.623556 0.758398 0.611236 0.745781 0.604495 0.742284 0.602449 0.738839 0.601148 0.738557 0.604352 0.740029 0.606060 0.746128 0.608574 0.760987 0.616815 0.766526 0.620032 0.770258 0.621741 0.775680 0.623542
2 0.780563 0.623556 0.782198 0.628125 0.785193 0.638569 0.785305 0.640579 0.784513 0.641083 0.785305 0.646407 0.785589 0.648819 0.785589 0.651028 0.785305 0.653838 0.785135 0.655148 0.783214 0.655546 0.776094 0.652736 0.775190 0.654542 0.775021 0.656051 0.773721 0.657458 0.772760 0.658060 0.772479 0.657458 0.772534 0.655148 0.772534 0.654042 0.773609 0.652833 0.773664 0.651227 0.759935 0.644898 0.751120 0.639778 0.749141 0.636463 0.748010 0.639875 0.746203 0.637866 0.747786 0.634250 0.743831 0.630634 0.740667 0.628625 0.742021 0.624606 0.742586 0.624005 0.743604 0.624810 0.744339 0.622597 0.745750 0.620588 0.747049 0.621894 0.750159 0.620792 0.753776 0.619787 0.755865 0.619685 0.759708 0.619583 0.761120 0.619986 0.761234 0.620889 0.764172 0.621093 0.766526 0.620032 0.770258 0.621741 0.775680 0.623542
2 0.699055 0.571468 0.699055 0.576088 0.697471 0.577495 0.696286 0.578199 0.695156 0.578199 0.693177 0.577394 0.689789 0.577292 0.688602 0.576991 0.687188 0.575588 0.686057 0.574681 0.684758 0.574583 0.683911 0.572972 0.683458 0.571269 0.683120 0.569759 0.683177 0.567954 0.683516 0.567551 0.684534 0.568153 0.686115 0.568755 0.686622 0.568755 0.687018 0.567750 0.687018 0.566847 0.687641 0.565639 0.689674 0.566644 0.689844 0.564236 0.690466 0.563028 0.690919 0.562426 0.691708 0.562426 0.692161 0.562829 0.692500 0.563634 0.692953 0.564435 0.693404 0.565338 0.693461 0.566144 0.693349 0.567551 0.693234 0.568153 0.694307 0.566949 0.695099 0.566847 0.695552 0.567250 0.696172 0.568352 0.696682 0.569259 0.696852 0.569657 0.697867 0.570361
2 0.704651 0.587523 0.704391 0.589500 0.704716 0.590894 0.704716 0.592986 0.703997 0.594963 0.703409 0.596704 0.702232 0.598102 0.701448 0.598333 0.697786 0.598333 0.693078 0.594495 0.690398 0.593917 0.687849 0.591593 0.682880 0.588106 0.674315 0.583106 0.665161 0.578111 0.660846 0.575667 0.660193 0.573579 0.659737 0.571370 0.660456 0.569509 0.661633 0.569394 0.666927 0.572532 0.672094 0.575088 0.677063 0.576019 0.679089 0.577181 0.679414 0.578690 0.683534 0.580435 0.688896 0.582644 0.689091 0.581130 0.689615 0.580083 0.690727 0.582991 0.696479 0.584968 0.696544 0.582644 0.697852 0.582528 0.697721 0.585898 0.701643 0.587407 0.703148 0.587991
2 0.722052 0.603352 0.717810 0.605370 0.712135 0.609542 0.705865 0.614111 0.703740 0.615995 0.701698 0.615727 0.701477 0.613440 0.710773 0.607255 0.713052 0.605370 0.707068 0.599856 0.701393 0.603083 0.698982 0.604296 0.698294 0.605102 0.698141 0.606042 0.697234 0.604833 0.695797 0.606449 0.694812 0.608731 0.694812 0.609542 0.693005 0.608731 0.692771 0.608329 0.692703 0.605773 0.693982 0.603625 0.696099 0.602009 0.700336 0.599991 0.701448 0.598333 0.702232 0.598102 0.703409 0.596704 0.705404 0.595421 0.708279 0.593000 0.709490 0.592329 0.710253 0.593403 0.712969 0.591653 0.715844 0.589773 0.717357 0.588829 0.719247 0.588292 0.720995 0.588292 0.722576 0.588292 0.724164 0.588963 0.727945 0.590579 0.729768 0.591653 0.731729 0.592731 0.733854 0.594343 0.734831 0.595690 0.734990 0.597843 0.734990 0.598917 0.730443 0.599722 0.726583 0.601069
2 0.716479 0.573449 0.715039 0.573681 0.713177 0.576204 0.712753 0.576472 0.712031 0.573796 0.711247 0.572056 0.711182 0.570773 0.712818 0.569495 0.713536 0.565431 0.714516 0.564269 0.715563 0.564963 0.716151 0.566125 0.716609 0.566241 0.716935 0.564500 0.716935 0.563222 0.716935 0.561708 0.718570 0.562870 0.719487 0.563106 0.719943 0.561361 0.720008 0.560778 0.720794 0.560778 0.722232 0.560778 0.722690 0.558690 0.723344 0.557759 0.724323 0.559153 0.724846 0.559968 0.725630 0.560315 0.725958 0.561130 0.726089 0.562523 0.726807 0.562523 0.727461 0.563685 0.728115 0.565546 0.728221 0.566417 0.729443 0.566671 0.730862 0.567894 0.731987 0.568847 0.732174 0.569625 0.733299 0.570495 0.733888 0.571273 0.733987 0.572579 0.734130 0.573958 0.733104 0.573704 0.733451 0.575435 0.733549 0.576306 0.733888 0.578213 0.733987 0.578736 0.733987 0.579435 0.733935 0.580389 0.733057 0.579958 0.733797 0.581551 0.734477 0.581921 0.734922 0.582514 0.735307 0.583676 0.735542 0.584838 0.736302 0.584269 0.736909 0.584769 0.737799 0.586014 0.738263 0.587093 0.738961 0.588000 0.739427 0.588838 0.739799 0.589583 0.740224 0.590245 0.740831 0.591324 0.741206 0.592231 0.741297 0.592894 0.741060 0.594056 0.740549 0.595139 0.739990 0.594718 0.739198 0.595718 0.739753 0.597125 0.739753 0.598042 0.739753 0.598542 0.738870 0.599042 0.738354 0.598949 0.737982 0.599125 0.737609 0.599787 0.737562 0.600366 0.738125 0.601694 0.737471 0.602273 0.737609 0.603435 0.738401 0.605019 0.738635 0.606667 0.738680 0.607829 0.737518 0.608005 0.736674 0.606181 0.736302 0.605181 0.735367 0.605759 0.733737 0.603597 0.732148 0.606181 0.730979 0.608745 0.730560 0.609245 0.730143 0.607083 0.730888 0.605681 0.731961 0.604019 0.733737 0.600528 0.734948 0.599366 0.734990 0.598917 0.734990 0.597843 0.734831 0.595690 0.733854 0.594343 0.731729 0.592731 0.729768 0.591653 0.727945 0.590579 0.723984 0.585514 0.722159 0.583852 0.720995 0.584514 0.719734 0.584597 0.718518 0.584269 0.717263 0.582282 0.715065 0.582769 0.713477 0.581606 0.712641 0.580120 0.712732 0.578713 0.713411 0.576991
2 0.753534 0.648241 0.744516 0.641713 0.737872 0.635282 0.734471 0.632403 0.732742 0.628370 0.729396 0.623088 0.724049 0.623380 0.724589 0.624912 0.725885 0.625778 0.726641 0.625778 0.727667 0.627218 0.728909 0.629810 0.728964 0.630866 0.728315 0.631731 0.727883 0.631921 0.716706 0.624435 0.707039 0.618866 0.707365 0.618000 0.715625 0.616083 0.717677 0.615889 0.716167 0.613875 0.716057 0.612625 0.716057 0.611764 0.717354 0.610514 0.717732 0.611380 0.717622 0.606866 0.719029 0.606866 0.718326 0.611954 0.719674 0.614449 0.720971 0.613875 0.721078 0.611569 0.722375 0.611380 0.722646 0.612435 0.722917 0.613204 0.727505 0.610801 0.728044 0.608593 0.729044 0.600241 0.730443 0.599722 0.734990 0.598917 0.734948 0.599366 0.733737 0.600528 0.731961 0.604019 0.730888 0.605681 0.730143 0.607083 0.730560 0.609245 0.730979 0.608745 0.732148 0.606181 0.733737 0.603597 0.735367 0.605759 0.736302 0.605181 0.736674 0.606181 0.737518 0.608005 0.738680 0.607829 0.738635 0.606667 0.738401 0.605019 0.738557 0.604352 0.740029 0.606060 0.746128 0.608574 0.760987 0.616815 0.766526 0.620032 0.764172 0.621093 0.761234 0.620889 0.761120 0.619986 0.759708 0.619583 0.755865 0.619685 0.753776 0.619787 0.750159 0.620792 0.747049 0.621894 0.745750 0.620588 0.744339 0.622597 0.743604 0.624810 0.742586 0.624005 0.742021 0.624606 0.740667 0.628625 0.743831 0.630634 0.747786 0.634250 0.746203 0.637866 0.748010 0.639875 0.749141 0.636463 0.751120 0.639778 0.759935 0.644898
2 0.651188 0.555718 0.651555 0.561333 0.652635 0.562870 0.654956 0.564407 0.654578 0.561907 0.656091 0.564310 0.656740 0.566231 0.657872 0.567764 0.660456 0.569509 0.660435 0.567315 0.661159 0.566167 0.661565 0.565301 0.662815 0.566093 0.664102 0.566667 0.664951 0.566815 0.665594 0.566815 0.666562 0.566667 0.666924 0.566380 0.667370 0.565593 0.667815 0.563866 0.668469 0.561130 0.668656 0.559634 0.668003 0.556977 0.667169 0.554694 0.666562 0.553329 0.665594 0.552250 0.664464 0.550750 0.663052 0.549676 0.662370 0.547454 0.660672 0.546231 0.660596 0.548806 0.660029 0.550528 0.658779 0.551319 0.658135 0.553042 0.656560 0.552542 0.655997 0.551750 0.655068 0.552829 0.653979 0.552250 0.653654 0.552185 0.651924 0.552685 0.650911 0.553407 0.650187 0.553829 0.649826 0.554407 0.649862 0.555838 0.649987 0.556481
2 0.664135 0.531528 0.667396 0.530931 0.667982 0.529000 0.669740 0.531227 0.670240 0.532417 0.671161 0.535542 0.670909 0.537620 0.670909 0.542231 0.670992 0.546398 0.669487 0.549074 0.668484 0.549667 0.666477 0.549815 0.665221 0.549963 0.664888 0.548625 0.665891 0.544463 0.663966 0.544315 0.662797 0.543718 0.662378 0.542829 0.662461 0.539704 0.662544 0.537773 0.662378 0.533907 0.662964 0.530931 0.663214 0.529889
2 0.627786 0.557130 0.622719 0.558231 0.618164 0.557333 0.609779 0.552449 0.604500 0.549366 0.602187 0.549366 0.594885 0.545380 0.597706 0.545125 0.604781 0.546370 0.607833 0.548565 0.611607 0.544954 0.617674 0.548981
2 0.541250 0.499704 0.541294 0.503968 0.538167 0.502972 0.529813 0.499241 0.518706 0.494176 0.518612 0.491440 0.516979 0.491023 0.514130 0.488370 0.511844 0.486296 0.513945 0.486296 0.516232 0.485051 0.516932 0.485963 0.519125 0.487208 0.520479 0.487042 0.521599 0.487042 0.521786 0.487787 0.522253 0.489116 0.524633 0.487954
2 0.577396 0.525972 0.577310 0.531773 0.578010 0.531523 0.578245 0.532435 0.578430 0.534097 0.570263 0.528537 0.559201 0.520903 0.558456 0.519907 0.558594 0.517833 0.559247 0.516421 0.559716 0.515843 0.560414 0.515843 0.561208 0.516588 0.562049 0.517255 0.562656 0.516421 0.563401 0.516093 0.563646 0.515958
2 0.514917 0.393787 0.521458 0.402824 0.533464 0.427037 0.537417 0.438097 0.540260 0.444046 0.541513 0.448361 0.542526 0.455852 0.546474 0.458796 0.545253 0.452162 0.544409 0.448755 0.543242 0.446657 0.542154 0.443551 0.538982 0.438944 0.538721 0.436250 0.538393 0.434574 0.538185 0.433847 0.537909 0.430560 0.536680 0.427421 0.535549 0.424759 0.534865 0.424046 0.534380 0.423972 0.533935 0.423111 0.533534 0.421176 0.532323 0.418023 0.530708 0.415079 0.529461 0.413861 0.528651 0.411287 0.525505 0.405269 0.522760 0.399884 0.519534 0.394796 0.516313 0.389699 0.514898 0.387616 0.514497 0.388046
