0 0.486833 0.173023 0.482568 0.169454 0.473284 0.184921 0.468182 0.201125 0.466674 0.215403 0.468013 0.220458 0.461773 0.231014 0.455969 0.251653 0.457927 0.263162 0.460862 0.270718 0.462745 0.273602 0.463490 0.277157 0.465112 0.283148 0.469427 0.288708 0.471862 0.283819 0.474740 0.280708 0.473284 0.268560 0.477734 0.259106 0.477247 0.250838 0.483154 0.243106 0.485378 0.220903 0.508464 0.239417 0.505359 0.313426 0.513414 0.307444 0.519245 0.291329 0.515656 0.272222 0.511852 0.239565 0.518443 0.225426 0.523888 0.225426 0.527383 0.235551 0.537229 0.245694 0.535289 0.257662 0.538398 0.265958 0.542281 0.279315 0.544096 0.296352 0.549406 0.303505 0.549799 0.297736 0.549531 0.292685 0.556534 0.291296 0.561201 0.265722 0.561326 0.257204 0.560164 0.247537 0.554719 0.232102 0.554167 0.221708 0.554836 0.209366 0.553607 0.199819 0.547466 0.186838 0.543268 0.179907 0.534870 0.169245 0.524081 0.177245
2 0.508654 0.544894 0.506875 0.552519 0.506875 0.555245 0.514440 0.563796 0.516630 0.562801 0.517768 0.568083 0.519698 0.570116 0.520833 0.570972 0.521279 0.569537 0.527453 0.565324 0.527469 0.563556 0.527167 0.559051 0.525992 0.557389 0.524727 0.554495 0.523943 0.551764 0.523552 0.548338 0.523763 0.545444 0.524237 0.542542 0.517961 0.538759 0.516208 0.541347 0.513344 0.542565 0.511367 0.542565 0.509229 0.541560
2 0.573021 0.387546 0.570971 0.384435 0.569576 0.385301 0.568914 0.387782 0.570133 0.398750 0.571878 0.405569 0.572971 0.413019 0.575273 0.408741 0.577016 0.408310 0.577922 0.409361 0.577878 0.406389 0.576802 0.403069 0.574003 0.394523 0.572578 0.392685
2 0.588612 0.516190 0.581878 0.516546 0.576484 0.517662 0.569344 0.518991 0.566357 0.515838 0.562672 0.515255 0.555063 0.518324 0.551331 0.522227 0.549604 0.526954 0.548716 0.531269 0.548596 0.534963 0.550107 0.538157 0.551148 0.541491 0.550878 0.546278 0.553081 0.552333 0.556966 0.549708 0.560281 0.553727 0.562203 0.556370 0.562615 0.555310 0.562987 0.552384 0.558471 0.546884 0.558359 0.543843 0.558130 0.540556 0.559018 0.537042 0.561318 0.533889 0.564625 0.530375 0.569464 0.527148 0.573055 0.526213 0.577896 0.525926 0.581888 0.526861 0.586409 0.523093 0.588878 0.521977
2 0.519635 0.523704 0.519797 0.527292 0.519635 0.532810 0.519273 0.536755 0.517961 0.538759 0.524237 0.542542 0.525146 0.537917 0.526049 0.534819 0.527794 0.532713 0.530792 0.531843 0.530607 0.528616 0.527711 0.526375 0.523945 0.529944 0.521938 0.527565
2 0.575628 0.489319 0.577120 0.487245 0.580388 0.487907 0.583469 0.489653 0.586206 0.492815 0.587372 0.494310 0.588648 0.496870 0.589255 0.501019 0.588948 0.505324 0.588195 0.505157 0.588568 0.508060 0.588430 0.512458 0.587635 0.515944 0.581878 0.516546 0.576484 0.517662 0.577654 0.489949
2 0.582974 0.456477 0.580380 0.459167 0.579005 0.462569 0.577466 0.470370 0.576206 0.481486 0.573685 0.488870 0.575628 0.489319 0.577120 0.487245 0.580388 0.487907 0.583469 0.489653 0.583750 0.485648 0.584036 0.482685 0.584115 0.479306 0.585612 0.466102 0.586971 0.465296 0.587219 0.463065
2 0.579005 0.462569 0.578198 0.464005 0.574042 0.462759 0.569742 0.460634 0.571922 0.472431 0.570833 0.477315 0.567237 0.486083 0.568318 0.489454 0.573685 0.488870 0.576206 0.481486 0.577466 0.470370
2 0.562693 0.440477 0.554023 0.460921 0.549766 0.462824 0.547635 0.460398 0.558685 0.440449 0.558872 0.442509 0.561396 0.439329
2 0.523828 0.433194 0.522755 0.436111 0.522513 0.439481 0.522432 0.442708 0.528344 0.452546 0.531341 0.449324 0.535234 0.456287 0.540857 0.454514 0.540857 0.454514 0.535023 0.444847 0.535023 0.444847 0.527654 0.442884
2 0.535443 0.315630 0.541815 0.313324 0.542245 0.333963 0.538034 0.335213
2 0.535646 0.361190 0.533831 0.361546 0.532742 0.366028 0.530846 0.365991 0.529797 0.371875 0.530039 0.374454 0.532500 0.379903 0.535490 0.384745 0.537057 0.384481 0.538380 0.383833 0.539167 0.385125 0.538443 0.385977 0.539255 0.387106 0.539229 0.390051 0.538716 0.393000 0.540070 0.393106 0.539862 0.391176 0.540464 0.391120 0.541547 0.390588 0.542841 0.390963 0.543443 0.391287 0.543443 0.393421 0.544352 0.395458 0.546536 0.398736 0.547893 0.397120 0.549880 0.399912 0.550003 0.395838 0.549099 0.395306 0.551180 0.389306 0.549521 0.387593 0.549880 0.384056 0.549070 0.381699 0.547534 0.379394 0.544130 0.376685
2 0.539229 0.390051 0.539255 0.387106 0.538443 0.385977 0.539167 0.385125 0.538380 0.383833 0.537057 0.384481 0.535490 0.384745 0.524844 0.398676 0.524531 0.396454 0.520909 0.397898 0.520971 0.403782 0.514471 0.406782 0.514784 0.410227 0.521458 0.413704 0.531060 0.400648
2 0.553464 0.381523 0.553977 0.384014 0.554443 0.390236 0.555516 0.397037 0.556357 0.399111 0.557378 0.400083 0.558555 0.399120 0.558102 0.394301 0.557346 0.387171 0.555589 0.382606 0.554346 0.374833 0.555458 0.375014 0.555896 0.371352 0.556193 0.366097 0.555628 0.359435 0.555568 0.355991 0.554568 0.351319 0.552505 0.348218 0.551956 0.344907 0.550797 0.336810 0.550076 0.327685 0.549135 0.319977 0.547737 0.315380 0.543956 0.314134 0.541906 0.317472 0.544487 0.318046 0.544906 0.328796 0.548776 0.340278 0.550365 0.352356 0.550365 0.357505 0.552044 0.361657 0.552747 0.371542
2 0.551956 0.344907 0.552505 0.348218 0.554568 0.351319 0.555568 0.355991 0.555628 0.359435 0.556193 0.366097 0.555896 0.371352 0.557708 0.370907 0.560208 0.369019 0.560219 0.364796 0.557086 0.356676 0.555810 0.350792 0.553570 0.345648 0.552846 0.341921 0.553487 0.338963 0.554948 0.334065 0.555674 0.332579 0.555573 0.331333 0.554844 0.331000 0.554063 0.332667 0.552549 0.336468 0.551682 0.342574
2 0.536682 0.341208 0.538138 0.347810 0.538914 0.353833 0.539687 0.357102 0.539687 0.359167 0.540753 0.358824 0.540753 0.360718 0.540849 0.363125 0.541237 0.363468 0.541526 0.368116 0.542495 0.368287 0.543560 0.366907 0.544237 0.361921 0.544430 0.354866 0.545198 0.352606 0.549724 0.348875 0.548776 0.340278 0.544906 0.328796 0.541628 0.342042
2 0.581378 0.592204 0.579854 0.608889 0.579156 0.614861 0.578620 0.616338 0.576807 0.629352 0.574328 0.630597 0.571609 0.630046 0.574224 0.623292 0.574013 0.621801 0.572654 0.618704 0.574456 0.618958 0.575990 0.617843 0.576828 0.613505 0.576417 0.611565 0.577904 0.605972 0.578469 0.601245 0.578396 0.592370
2 0.579490 0.535968 0.579651 0.540384 0.581812 0.548449 0.582057 0.551204 0.583521 0.563986 0.583516 0.568750 0.582474 0.585676 0.581430 0.586356 0.581742 0.568569 0.581047 0.557042 0.579685 0.550347 0.577872 0.539935 0.578083 0.536713
2 0.579875 0.551560 0.578990 0.551884 0.579302 0.555912 0.579771 0.557995 0.579120 0.559986 0.577276 0.562963 0.577641 0.564907 0.575818 0.569861 0.577094 0.571528 0.578805 0.578468 0.577313 0.583440 0.578393 0.583810 0.578396 0.592370 0.581378 0.592204 0.581430 0.586356 0.581742 0.568569 0.581047 0.557042
2 0.578990 0.551884 0.579302 0.555912 0.579771 0.557995 0.579120 0.559986 0.577276 0.562963 0.577641 0.564907 0.575818 0.569861 0.577094 0.571528 0.578805 0.578468 0.577313 0.583440 0.576859 0.581023 0.575411 0.574745 0.574573 0.569269 0.576253 0.562218 0.577185 0.556991 0.576953 0.552014 0.575227 0.550435 0.573125 0.549606 0.574805 0.547532 0.576393 0.548111
2 0.576979 0.553796 0.569846 0.551787 0.562987 0.552384 0.562615 0.555310 0.561867 0.558213 0.561169 0.557051 0.559909 0.557051 0.559721 0.559375 0.560747 0.560287 0.561029 0.562611 0.563977 0.562176 0.563302 0.568574 0.564292 0.566722 0.565240 0.563019 0.574039 0.558468 0.572771 0.563824 0.572367 0.569704 0.571195 0.574032 0.569578 0.576352 0.566620 0.577069 0.573547 0.579657 0.576859 0.581023 0.575411 0.574745 0.574573 0.569269 0.576253 0.562218 0.577185 0.556991
2 0.523099 0.644167 0.543729 0.626565 0.548901 0.629838 0.553701 0.632560 0.554992 0.632847 0.555740 0.634255 0.552112 0.646880 0.532273 0.657653 0.533279 0.664662 0.535346 0.672204 0.535721 0.674653 0.536651 0.678199 0.539469 0.682648 0.534029 0.686542 0.521346 0.652431
9 0.403914 0.653833 0.401971 0.660991 0.399888 0.669634 0.399750 0.673583 0.399750 0.683954 0.398083 0.695060 0.399888 0.701727 0.399888 0.704194 0.401000 0.708394 0.404747 0.713333 0.407805 0.716292 0.408497 0.712343 0.408966 0.709810 0.407560 0.709903 0.407169 0.708792 0.407768 0.706569 0.408776 0.703949 0.410971 0.701662 0.411935 0.700407 0.412529 0.695380 0.413393 0.687889 0.411664 0.680880 0.410260 0.678866 0.408531 0.670704 0.406750 0.662736 0.405930 0.655787
10 0.451313 0.603630 0.451932 0.604870 0.453482 0.605694 0.454721 0.606384 0.455188 0.607347 0.455419 0.608037 0.452630 0.612171 0.451234 0.616718 0.450846 0.618921 0.451729 0.619870 0.452349 0.623176 0.451497 0.624694 0.450258 0.623588 0.449406 0.626347 0.448167 0.627583 0.448172 0.639866 0.447633 0.644667 0.445042 0.646685 0.440154 0.649088 0.434573 0.651708 0.433023 0.653773 0.431706 0.654875 0.430854 0.654736 0.433648 0.650569 0.427151 0.636352 0.429229 0.629537 0.430917 0.626481 0.436880 0.615449 0.438247 0.617667 0.439719 0.617389 0.441656 0.613120 0.442896 0.610778 0.444523 0.606644 0.446849 0.605542
2 0.425750 0.666333 0.425417 0.664176 0.425081 0.663222 0.423943 0.663106 0.416841 0.670898 0.414768 0.683940 0.414833 0.687514 0.415169 0.688468 0.416453 0.690162 0.418828 0.691505 0.421997 0.684944 0.423286 0.683940 0.423206 0.678134
2 0.535115 0.543495 0.533266 0.541759 0.531943 0.539407 0.530930 0.537551 0.530685 0.533824 0.530792 0.531843 0.531401 0.530639 0.533318 0.530019 0.536667 0.529523 0.539245 0.529523 0.540211 0.529546 0.543570 0.532231 0.544117 0.533111 0.544117 0.534778 0.543023 0.536213 0.541852 0.537231 0.541318 0.536931 0.539859 0.537894 0.538875 0.539171 0.538198 0.539866 0.537443 0.541208 0.536375 0.543431 0.535958 0.544958 0.535057 0.544963
2 0.568667 0.456898 0.565076 0.465778 0.560688 0.470347 0.561620 0.472255 0.565120 0.468519 0.569742 0.460634 0.571497 0.452963 0.572437 0.446148 0.572292 0.435741 0.569979 0.425204 0.567737 0.419032 0.564703 0.412866 0.560292 0.410167 0.555159 0.409009 0.555016 0.410806 0.559930 0.412866 0.564195 0.415565 0.566292 0.418903 0.569039 0.427514 0.570919 0.434843 0.571424 0.443065 0.570919 0.448847 0.570195 0.452449
2 0.584419 0.678782 0.585576 0.671032 0.586198 0.662477 0.586385 0.658505 0.586281 0.652556 0.585620 0.648093 0.584922 0.643384 0.583529 0.639292 0.581052 0.635463 0.578674 0.633755 0.576336 0.633023 0.571578 0.632931 0.570180 0.632898 0.569552 0.631843 0.570529 0.629181 0.571609 0.630046 0.574328 0.630597 0.577521 0.630977 0.580797 0.633579 0.583378 0.636491 0.585609 0.639653 0.586794 0.643931 0.588135 0.652370 0.588073 0.664699 0.586885 0.672472 0.586010 0.678361 0.585263 0.681472
2 0.428602 0.497435 0.430339 0.496111 0.433203 0.495139 0.435625 0.499120 0.437474 0.503426 0.438047 0.505278 0.434427 0.507639 0.435885 0.514537 0.435417 0.516852 0.435885 0.521343 0.434380 0.521935 0.434419 0.520713
2 0.417784 0.544028 0.416875 0.544167 0.408906 0.552778 0.407760 0.555000 0.411042 0.562130 0.415755 0.567130 0.423464 0.559213 0.425385 0.556806 0.427245 0.560727 0.428073 0.562176 0.430911 0.565000 0.431875 0.564907 0.435214 0.560662 0.436133 0.559681 0.436568 0.557792 0.434922 0.556435 0.433880 0.555278 0.431354 0.550139 0.431354 0.550139 0.431224 0.548333 0.429060 0.545000 0.426542 0.542014 0.426542 0.542014 0.422576 0.537500 0.422576 0.537500 0.419398 0.541019 0.417638 0.542921
2 0.411180 0.617190 0.413831 0.614727 0.415307 0.614245 0.417174 0.614727 0.417990 0.616120 0.414948 0.622227 0.413260 0.625227 0.412266 0.632190 0.412174 0.633690 0.411211 0.634333 0.409854 0.632245 0.408349 0.631546 0.406841 0.633634 0.405094 0.637333 0.404247 0.635509 0.406781 0.626296
2 0.574003 0.394523 0.576802 0.403069 0.577878 0.406389 0.577922 0.409361 0.577680 0.412801 0.578870 0.416255 0.578060 0.420574 0.579948 0.421824 0.582281 0.422569 0.584076 0.414343 0.586365 0.409463 0.586297 0.407384 0.582880 0.396648 0.582315 0.395574 0.580984 0.394782 0.580016 0.394426 0.579411 0.390306 0.577661 0.395023
2 0.562693 0.440477 0.568667 0.456898 0.565076 0.465778 0.560688 0.470347 0.561620 0.472255 0.565120 0.468519 0.569742 0.460634 0.571922 0.472431 0.571016 0.476759 0.567237 0.486083 0.567560 0.487324 0.566581 0.489806 0.564677 0.490116 0.564258 0.488787 0.560990 0.488620 0.556823 0.490417 0.556766 0.487255 0.557578 0.471375 0.556068 0.469722 0.549766 0.462778 0.554023 0.460921
2 0.517135 0.340963 0.516867 0.329153 0.514740 0.332824 0.513734 0.331843 0.512708 0.329921 0.511034 0.334435 0.509253 0.337028 0.506013 0.339042 0.501698 0.339764 0.499914 0.375472 0.504289 0.376051 0.506341 0.355120 0.508232 0.356083 0.507422 0.375856 0.508122 0.376051 0.510174 0.354736 0.512659 0.355120 0.514820 0.361458 0.516578 0.379019 0.522031 0.379986 0.524484 0.380370 0.526159 0.377204 0.529312 0.331870 0.524625 0.339426
2 0.529661 0.296815 0.531977 0.309921 0.535138 0.324583 0.529312 0.331870 0.524625 0.339426 0.517135 0.340963 0.516867 0.329153 0.520526 0.318907 0.524299 0.317014 0.524299 0.303079 0.525268 0.303250 0.525703 0.310324 0.527578 0.310694 0.528385 0.305093 0.528557 0.298435
2 0.561224 0.263056 0.564724 0.264250 0.562112 0.281843 0.560898 0.290389 0.558750 0.293292 0.554531 0.292917 0.556518 0.291259 0.561201 0.265722
9 0.575560 0.315269 0.575560 0.322208 0.579536 0.332231 0.570789 0.341741 0.565583 0.347653 0.567794 0.351398 0.572352 0.354843 0.573201 0.348963 0.579453 0.352833 0.581753 0.345662 0.582799 0.348889 0.584211 0.347384
9 0.550690 0.688657 0.559651 0.689079 0.562451 0.689324 0.563104 0.689741 0.563047 0.691801 0.565984 0.699574 0.571352 0.708194 0.575039 0.711282 0.577643 0.712824 0.579305 0.718477 0.585161 0.718347 0.581060 0.790222 0.566451 0.792296 0.552310 0.792296 0.538284 0.787148 0.524846 0.779981 0.513203 0.771620 0.508500 0.763259 0.508766 0.748403 0.502138 0.746495 0.502372 0.743843 0.502232 0.740852 0.501299 0.737699 0.499151 0.734713 0.498964 0.720606 0.498419 0.711005 0.498906 0.711005 0.499823 0.706778 0.511240 0.709907
2 0.502138 0.746495 0.508766 0.748403 0.508500 0.763259 0.506932 0.767241 0.498062 0.754958 0.497977 0.745468
2 0.558177 0.630255 0.555740 0.634255 0.552120 0.646884 0.550185 0.650681 0.552023 0.668065 0.546617 0.676894 0.539469 0.682648 0.534029 0.686542 0.512130 0.699611 0.509219 0.705338 0.511240 0.709907 0.550690 0.688657 0.553026 0.683935 0.555451 0.681278 0.557227 0.680116 0.557737 0.677125 0.556664 0.674972 0.559464 0.674972 0.560865 0.663106 0.562125 0.659602 0.562471 0.657856 0.560930 0.652880 0.559904 0.639852 0.559456 0.633870 0.559052 0.630023
2 0.553943 0.615065 0.546844 0.614704 0.548901 0.629838 0.553701 0.632560 0.554992 0.632847 0.555740 0.634255 0.558177 0.630255 0.558461 0.627398 0.558500 0.625523 0.556484 0.621949
2 0.539469 0.682648 0.536651 0.678199 0.535721 0.674653 0.535346 0.672204 0.533279 0.664662 0.532273 0.657653 0.549609 0.648194 0.550185 0.650681 0.552023 0.668065 0.546617 0.676894
2 0.536813 0.614986 0.538909 0.614912 0.542297 0.612259 0.544154 0.612907 0.544396 0.609681 0.546654 0.610324 0.548146 0.610037 0.548872 0.608102 0.548510 0.605306 0.549276 0.604444 0.550526 0.604514 0.550607 0.606023 0.551333 0.606523 0.552544 0.605375 0.554281 0.605218 0.555896 0.606435 0.557104 0.607727 0.557622 0.609644 0.558974 0.611565 0.559930 0.614611 0.560495 0.616833 0.561380 0.617481 0.563802 0.616690 0.565656 0.616620 0.566302 0.617551 0.566344 0.618917 0.563398 0.619347 0.561057 0.619060 0.559807 0.618630 0.557250 0.616806 0.554948 0.617431 0.553943 0.615065 0.546844 0.614704 0.547417 0.618662 0.544906 0.617981 0.538432 0.618528
2 0.538432 0.618528 0.544906 0.617981 0.547417 0.618662 0.547945 0.622463 0.543065 0.625569 0.536766 0.630713 0.524474 0.639014 0.527734 0.625583 0.527997 0.626801 0.529716 0.625407 0.531161 0.622514
2 0.535234 0.456287 0.541232 0.468731 0.532609 0.476060 0.530594 0.477088 0.527979 0.472444 0.525974 0.470782 0.524013 0.469704 0.521260 0.469125 0.531029 0.461264 0.531102 0.458819 0.530667 0.456639 0.528344 0.452546 0.531341 0.449324
2 0.435214 0.560662 0.435935 0.565218 0.434370 0.566394 0.429427 0.568537 0.425542 0.570468 0.423693 0.570472 0.416414 0.571384 0.415865 0.570449 0.427922 0.566699 0.427245 0.560727 0.428073 0.562176 0.430911 0.565000 0.431875 0.564907
9 0.470422 0.603120 0.465729 0.593037 0.457089 0.593528 0.456813 0.592032 0.456292 0.590639 0.455302 0.590181 0.452604 0.592875 0.450781 0.589986 0.442497 0.592532 0.437760 0.591954 0.429878 0.598588 0.420005 0.604810 0.408964 0.614917 0.403612 0.629787 0.402747 0.640792 0.402641 0.650199 0.400432 0.660556 0.398935 0.668023 0.398633 0.680560 0.397638 0.688398 0.396997 0.695060 0.398758 0.709565 0.399297 0.710236 0.403888 0.714750 0.405276 0.719921 0.406570 0.722032 0.419253 0.746227 0.423190 0.749338 0.428375 0.752894 0.435294 0.758819 0.448917 0.761144 0.455398 0.759704 0.463174 0.755579 0.466630 0.753176
9 0.471456 0.610995 0.472763 0.610662 0.473370 0.610745 0.471000 0.697412 0.470122 0.697412
2 0.443445 0.296736 0.445497 0.288273 0.450677 0.284259 0.456885 0.292338 0.457185 0.295782 0.455094 0.296792 0.455888 0.317949 0.456260 0.321102 0.457474 0.322764 0.458081 0.323259 0.458922 0.329731 0.457755 0.334296 0.457008 0.338111 0.453701 0.341019 0.452039 0.338111 0.451010 0.338444 0.446078 0.346375 0.446049 0.342898 0.443966 0.338500 0.445026 0.337546 0.447005 0.336528 0.447849 0.334319 0.452036 0.324546 0.453125 0.316606 0.452766 0.310491 0.449586 0.301116 0.446404 0.298542
2 0.438047 0.505278 0.434427 0.507639 0.435885 0.514537 0.435417 0.516852 0.435885 0.521343 0.436201 0.524343 0.436016 0.526500 0.437789 0.531227 0.438862 0.527579 0.440961 0.526500 0.442781 0.526912 0.444089 0.525556 0.443984 0.521852 0.442286 0.519787 0.438984 0.505093
2 0.435737 0.563685 0.438133 0.560769 0.441076 0.558083 0.443263 0.558407 0.444044 0.562019 0.442716 0.563546 0.437378 0.567574 0.429763 0.573657 0.427352 0.575912 0.424729 0.577944 0.423693 0.570472 0.425542 0.570468 0.429427 0.568537 0.434370 0.566394 0.435935 0.565218
2 0.468497 0.450491 0.466307 0.456741 0.461628 0.475815 0.460901 0.479690 0.461052 0.475306 0.461107 0.469546 0.460349 0.464458 0.459055 0.459755 0.459242 0.451407 0.463370 0.451843
2 0.471615 0.427889 0.471430 0.431069 0.471510 0.436662 0.471229 0.439532 0.471107 0.446130 0.469211 0.448139 0.468497 0.450491 0.466427 0.450861 0.464734 0.443259 0.464089 0.438597 0.464492 0.437167 0.463604 0.436306 0.470354 0.428051
2 0.458935 0.467944 0.457125 0.470606 0.455169 0.469435 0.453396 0.477074 0.450453 0.491509 0.459979 0.486824 0.460901 0.479690 0.461052 0.475306 0.461107 0.469546 0.460349 0.464458 0.459055 0.459755
2 0.431151 0.309366 0.423945 0.325532 0.423482 0.327977 0.422734 0.329889 0.424755 0.347546 0.428255 0.356991 0.432664 0.355171 0.441224 0.336731 0.443661 0.330954 0.443224 0.326958
2 0.452089 0.398310 0.452167 0.387713 0.446091 0.376764 0.445716 0.373986 0.446271 0.373083 0.449654 0.368259 0.452281 0.363949 0.470857 0.365491 0.473464 0.370125 0.475052 0.395565 0.467388 0.387727 0.466448 0.388116 0.464773 0.391935 0.457836 0.383620 0.455375 0.389069
2 0.514836 0.683356 0.512135 0.694106 0.512135 0.696986 0.512130 0.699611 0.534029 0.686542 0.526716 0.688009 0.517849 0.689917 0.517008 0.683444
2 0.514836 0.683356 0.529544 0.685380 0.534029 0.686542 0.528734 0.671653 0.524414 0.674630 0.519284 0.675495 0.518206 0.665509 0.515445 0.675995
2 0.521346 0.652431 0.518206 0.665509 0.519284 0.675495 0.524414 0.674630 0.528734 0.671653
2 0.421669 0.378319 0.423969 0.362139 0.425568 0.362130 0.431813 0.362449 0.432984 0.370551 0.434854 0.373875 0.431786 0.398532 0.431849 0.406866 0.430883 0.412560 0.431099 0.420398 0.429107 0.426144 0.428969 0.434190 0.426589 0.437264 0.422396 0.443245 0.420594 0.453218 0.419099 0.452884 0.416576 0.410130 0.417227 0.399847 0.420859 0.411741 0.427031 0.406102 0.428740 0.394634 0.427552 0.389801 0.423120 0.377333
2 0.436979 0.345556 0.437901 0.364444 0.437872 0.368065 0.434979 0.372958 0.432984 0.370551 0.431813 0.362449 0.432664 0.355171
2 0.443839 0.372727 0.439302 0.367940 0.437573 0.380282 0.436992 0.397495 0.436042 0.412269 0.436091 0.420144 0.436680 0.429153 0.440219 0.419528 0.439633 0.417292 0.442654 0.414653 0.447315 0.411875 0.449555 0.407986 0.452237 0.406134 0.450857 0.402264 0.452143 0.398398 0.452167 0.387713
2 0.436091 0.420144 0.435708 0.418431 0.435164 0.418588 0.434682 0.421537 0.434081 0.422394 0.432211 0.426088 0.430734 0.427750 0.431099 0.420398 0.429107 0.426144 0.428969 0.434190 0.429430 0.433644 0.433115 0.441731 0.438484 0.438259 0.435482 0.432542 0.436680 0.429153
2 0.437573 0.380282 0.437732 0.372380 0.435771 0.374704 0.435771 0.379514 0.435818 0.382171 0.433625 0.383167 0.431786 0.398532 0.431849 0.406866 0.430883 0.412560 0.431099 0.420398 0.430734 0.427750 0.432211 0.426088 0.434081 0.422394 0.434682 0.421537 0.435164 0.418588 0.435708 0.418431 0.436091 0.420144 0.436042 0.412269 0.436992 0.397495
2 0.457195 0.265389 0.455599 0.267319 0.455570 0.269194 0.455932 0.270370 0.455599 0.270532 0.454966 0.270102 0.451984 0.267745 0.449815 0.269889 0.445651 0.274120 0.450677 0.284259 0.451380 0.279537 0.452578 0.279398 0.453099 0.280463 0.455078 0.278889 0.456109 0.275954 0.460052 0.274157 0.460862 0.270718 0.457927 0.263162
2 0.515635 0.613792 0.522563 0.609856 0.523135 0.609116 0.525219 0.608838 0.527667 0.615875 0.529073 0.618884 0.527641 0.620782 0.524073 0.623005 0.517146 0.618190
2 0.498977 0.685898 0.498419 0.711005 0.498906 0.711005 0.499823 0.706778 0.509219 0.705338 0.512135 0.696986 0.512135 0.694106 0.514836 0.683356 0.515445 0.675995 0.505331 0.676347 0.500958 0.678269
2 0.512708 0.329921 0.512708 0.328426 0.511979 0.328287 0.511849 0.326574 0.512604 0.325556 0.513307 0.325602 0.514245 0.323704 0.515599 0.317454 0.516589 0.313241 0.517448 0.309815 0.518490 0.306157 0.520469 0.301574 0.521797 0.291250 0.523411 0.290602 0.524089 0.293657 0.524453 0.296667 0.524427 0.300444 0.522807 0.301213 0.521891 0.307069 0.521026 0.313884 0.522536 0.313787 0.524299 0.303079 0.524299 0.317014 0.524299 0.317014 0.520526 0.318907 0.516867 0.329153 0.514688 0.332778 0.513734 0.331843
2 0.587323 0.584866 0.586232 0.585019 0.584135 0.589824 0.583031 0.601648 0.582146 0.607412 0.580690 0.617079 0.577984 0.630269 0.579612 0.628745 0.582505 0.627755 0.582977 0.627611 0.584284 0.604546 0.585357 0.599731 0.586107 0.593431 0.586172 0.590208 0.586112 0.588546 0.586591 0.587958 0.587648 0.586782
2 0.436771 0.615833 0.438247 0.617667 0.439719 0.617389 0.441656 0.613120 0.442896 0.610778 0.444523 0.606644 0.446849 0.605542 0.451654 0.603065 0.451729 0.601685 0.450646 0.601412 0.447159 0.601685 0.445995 0.600032 0.444445 0.598792 0.442122 0.598657 0.440263 0.599343 0.438711 0.599343 0.436310 0.599208 0.434062 0.599069 0.431971 0.599481 0.430885 0.601412 0.430576 0.603616 0.430576 0.605819 0.430497 0.606921 0.431568 0.607208 0.437609 0.610634 0.437661 0.612579
2 0.457698 0.616977 0.456349 0.610708 0.460456 0.610986 0.460687 0.612361 0.462857 0.625176 0.463555 0.626829 0.468128 0.628620 0.468281 0.630546 0.467740 0.634269 0.466810 0.637847 0.466268 0.641292 0.465260 0.643356 0.464484 0.644185 0.463120 0.637778
2 0.463120 0.637778 0.460099 0.637227 0.457464 0.639019 0.455216 0.641773 0.452737 0.644116 0.450721 0.645370 0.449359 0.643199 0.448172 0.639866 0.448167 0.627583 0.449406 0.626347 0.450258 0.623588 0.451497 0.624694 0.452349 0.623176 0.451729 0.619870 0.457698 0.616977
2 0.545401 0.844037 0.548370 0.860769 0.565570 0.858949 0.570195 0.849694 0.570516 0.843306 0.563456 0.843417 0.553352 0.843782
2 0.508695 0.436000 0.504701 0.438116 0.503966 0.470181 0.507341 0.473731
2 0.436201 0.524343 0.429901 0.525667 0.420344 0.533403 0.417844 0.535343 0.416786 0.541185 0.419398 0.541019 0.422576 0.537500 0.426542 0.542014 0.430602 0.540106 0.439563 0.538944 0.442456 0.532139 0.441521 0.532556 0.440169 0.535292 0.439563 0.534463 0.439841 0.533384 0.440216 0.529653 0.442688 0.527741 0.442781 0.526912 0.440961 0.526500 0.438862 0.527579 0.437789 0.531227 0.436016 0.526500
2 0.443875 0.563204 0.430284 0.574000 0.430573 0.590963 0.431948 0.597005 0.437760 0.591954 0.442497 0.592532 0.450781 0.589986 0.449495 0.582852 0.444771 0.565894
2 0.586898 0.352491 0.586021 0.353185 0.581141 0.361648 0.577740 0.364227 0.575281 0.381356 0.574331 0.385181 0.575378 0.388343 0.579411 0.390306 0.582094 0.386986 0.584677 0.360722 0.588242 0.355056
2 0.579453 0.352833 0.573201 0.348963 0.572352 0.354843 0.569448 0.366921 0.569773 0.378037 0.572107 0.381606 0.575281 0.381356
2 0.560898 0.290389 0.562112 0.281843 0.564445 0.278292 0.569299 0.284347 0.575552 0.293144 0.574992 0.294884 0.570839 0.289241 0.566544 0.285009 0.566031 0.298866 0.565565 0.304426 0.564677 0.306005 0.561737 0.303347
2 0.549531 0.292685 0.553664 0.298120 0.558565 0.306333 0.558190 0.311231 0.556417 0.315958 0.553758 0.317782 0.547737 0.315380 0.543956 0.314134 0.544096 0.296352 0.549406 0.303505 0.549799 0.297736
2 0.554167 0.221708 0.554719 0.232102 0.560164 0.247537 0.561326 0.257204 0.562391 0.257630 0.564724 0.235560 0.561177 0.222949
2 0.528557 0.298435 0.529661 0.296815 0.539854 0.287176 0.538398 0.265958 0.535289 0.257662 0.537229 0.245694 0.529279 0.237565 0.527255 0.239106 0.525594 0.240394 0.525810 0.244634 0.527109 0.244764 0.528049 0.247847 0.528557 0.252602 0.526099 0.255171 0.524365 0.257231 0.529135 0.269440 0.526242 0.274449 0.526604 0.277792 0.526242 0.280236
2 0.529661 0.296815 0.539854 0.287176 0.542531 0.303625 0.531977 0.309921
2 0.575560 0.315269 0.575560 0.322208 0.579536 0.332231 0.570789 0.341741 0.565583 0.347653 0.563849 0.335829 0.562185 0.308583 0.570138 0.308583 0.572380 0.310769
2 0.536620 0.404157 0.544883 0.401986 0.552240 0.407380 0.564758 0.420259 0.560063 0.428704 0.554167 0.413875 0.546643 0.422444 0.535023 0.444847 0.527654 0.442884 0.522964 0.430981 0.527880 0.428315 0.536422 0.419639 0.529406 0.412986
2 0.529406 0.412986 0.536422 0.419639 0.527880 0.428315 0.522964 0.430981 0.517352 0.427259 0.517630 0.420194 0.520560 0.417718 0.522872 0.419153
2 0.517828 0.415852 0.521458 0.413704 0.531060 0.400648 0.533398 0.402801 0.535052 0.402370 0.537997 0.405528 0.529406 0.412986 0.522872 0.419153
2 0.574831 0.415208 0.573695 0.433065 0.580380 0.459167 0.582974 0.456477 0.583784 0.445824 0.579948 0.421824 0.578060 0.420574 0.578870 0.416255 0.577680 0.412801
2 0.546643 0.422444 0.554167 0.413875 0.563128 0.436745 0.558872 0.442509 0.558685 0.440449
2 0.535023 0.444847 0.546643 0.422444 0.558685 0.440449 0.546055 0.463491
2 0.512625 0.494514 0.513607 0.497167 0.517013 0.500074 0.521961 0.503472 0.526115 0.503972 0.528443 0.506241 0.529237 0.510139 0.520159 0.523301 0.519635 0.523704 0.518669 0.521338 0.513344 0.514815
2 0.514979 0.434148 0.518161 0.435690 0.530667 0.456639 0.531102 0.458819 0.531029 0.461264 0.521260 0.469125 0.518693 0.469125 0.515286 0.470782 0.513326 0.473190
2 0.557578 0.471375 0.556766 0.487255 0.554854 0.488991 0.554878 0.491028 0.554365 0.491856 0.553430 0.492440 0.552310 0.491111 0.550354 0.487634 0.549310 0.487255 0.547323 0.489491 0.544919 0.494444 0.541445 0.496588 0.536810 0.497065 0.533422 0.500144 0.531849 0.505981 0.531193 0.508894 0.529237 0.510139 0.528443 0.506241 0.526115 0.503972 0.530128 0.500153 0.532555 0.496338 0.533255 0.490449 0.533393 0.485056 0.532602 0.482398 0.544380 0.475750
5 0.513326 0.473190 0.515286 0.470782 0.518693 0.469125 0.521260 0.469125 0.524013 0.469704 0.525974 0.470782 0.527979 0.472444 0.530594 0.477088 0.532602 0.482398 0.533393 0.485056 0.533255 0.490449 0.532555 0.496338 0.530128 0.500153 0.526115 0.503972 0.521961 0.503472 0.517013 0.500074 0.513607 0.497167 0.512625 0.494514
2 0.548596 0.534963 0.547711 0.535148 0.546409 0.533620 0.546409 0.532139 0.546242 0.508454 0.547130 0.492852 0.548482 0.492023 0.552310 0.491111 0.553430 0.492440 0.554365 0.491856 0.554878 0.491028 0.560990 0.488620 0.564258 0.488787 0.564677 0.490116 0.568318 0.489454 0.577654 0.489949 0.576484 0.517662 0.569344 0.518991 0.566357 0.515838 0.562672 0.515255 0.555063 0.518324 0.551331 0.522227 0.549604 0.526954 0.548716 0.531269
5 0.581888 0.526861 0.577896 0.525926 0.573055 0.526213 0.569464 0.527148 0.564625 0.530375 0.561318 0.533889 0.559018 0.537042 0.558130 0.540556 0.558359 0.543843 0.558471 0.546884 0.570682 0.536620
2 0.586409 0.523093 0.570682 0.536620 0.558471 0.546884 0.562987 0.552384 0.569846 0.551787 0.571185 0.548519 0.572940 0.543907 0.577208 0.536620 0.587495 0.526657
5 0.527167 0.559051 0.525992 0.557389 0.524727 0.554495 0.523943 0.551764 0.523552 0.548338 0.523763 0.545444 0.525146 0.537917 0.526049 0.534819 0.527794 0.532713 0.530792 0.531843 0.530685 0.533824 0.530930 0.537551 0.531943 0.539407 0.533266 0.541759 0.535115 0.543495 0.535057 0.544963 0.530247 0.544032 0.526099 0.543102 0.526734 0.552398
5 0.513344 0.514815 0.518669 0.521338 0.519635 0.523704 0.519797 0.527292 0.519635 0.532810 0.519273 0.536755 0.516208 0.541347 0.513344 0.542565 0.511367 0.542565 0.509229 0.541560 0.511771 0.527648 0.512859 0.526069 0.513667 0.523778 0.513667 0.521699
5 0.541792 0.566519 0.537859 0.565176 0.532599 0.563926 0.527469 0.563556 0.527339 0.568981 0.527992 0.572796 0.529625 0.576782 0.531294 0.579546 0.534904 0.584171 0.535466 0.581394 0.537091 0.579616 0.540151 0.578838 0.542276 0.579838 0.544904 0.581750 0.543984 0.578292
2 0.505362 0.569444 0.509339 0.567245 0.513466 0.564194 0.516630 0.562801 0.521664 0.587616 0.521773 0.589824 0.521125 0.592130 0.516914 0.595292 0.503576 0.605856 0.505141 0.598847
2 0.524234 0.577037 0.528188 0.577537 0.531294 0.579546 0.534904 0.584171 0.537901 0.587722 0.534216 0.600495 0.529544 0.604958 0.527583 0.601968 0.515917 0.607199 0.522917 0.601968 0.531693 0.592431 0.531693 0.590523 0.527490 0.585546 0.521609 0.584551
5 0.544904 0.581750 0.539534 0.600065 0.538898 0.612787 0.536779 0.610273 0.535216 0.605162 0.534216 0.600495 0.537901 0.587722 0.534904 0.584171 0.535466 0.581394 0.537091 0.579616 0.540151 0.578838 0.542276 0.579838
2 0.563977 0.562176 0.558792 0.562750 0.549503 0.569185 0.543984 0.578292 0.544904 0.581750 0.539534 0.600065 0.538898 0.612787 0.547323 0.602514 0.556070 0.596370 0.559094 0.595986 0.560807 0.595625 0.562268 0.581227 0.562995 0.575889 0.562469 0.572833 0.562573 0.570472 0.563302 0.568574
2 0.574039 0.558468 0.565240 0.563019 0.564292 0.566722 0.563302 0.568574 0.562573 0.570472 0.562469 0.572833 0.562995 0.575889 0.566620 0.577069 0.569578 0.576352 0.571195 0.574032 0.572367 0.569704 0.572771 0.563824
2 0.562995 0.575889 0.566620 0.577069 0.573547 0.579657 0.576859 0.581023 0.577313 0.583440 0.578393 0.583810 0.578469 0.601245 0.577904 0.605972 0.576417 0.611565 0.568854 0.615500 0.564966 0.615977 0.562268 0.615116 0.558974 0.611565 0.557622 0.609644 0.557461 0.601481 0.558810 0.600713 0.560807 0.595625 0.562268 0.581227
2 0.576336 0.633023 0.574661 0.634694 0.576359 0.639764 0.577865 0.642708 0.578469 0.645708 0.581852 0.650167 0.582880 0.653981 0.583906 0.657968 0.583813 0.662444 0.584156 0.663588 0.584992 0.662102 0.586385 0.658505 0.586281 0.652556 0.585620 0.648093 0.584922 0.643384 0.583529 0.639292 0.581052 0.635463 0.578674 0.633755
2 0.560557 0.621991 0.563766 0.620565 0.568995 0.619264 0.572654 0.618704 0.574013 0.621801 0.574224 0.623292 0.571609 0.630046 0.570529 0.629181 0.569552 0.631843 0.570180 0.632898 0.570031 0.634838 0.569279 0.635907 0.562469 0.633713 0.559456 0.633870 0.558500 0.625523 0.559302 0.622917
5 0.578469 0.645708 0.579221 0.652032 0.579461 0.657389 0.577503 0.662852 0.574612 0.667352 0.572141 0.669065 0.569036 0.670727 0.570745 0.673815 0.572706 0.674227 0.576346 0.673481 0.579333 0.671157 0.581432 0.668005 0.582599 0.665681 0.583813 0.662444 0.583906 0.657968 0.582880 0.653981 0.581852 0.650167
5 0.573997 0.642176 0.574510 0.645495 0.572784 0.650389 0.571758 0.656366 0.571570 0.659847 0.564664 0.657856 0.562471 0.657856 0.562125 0.659602 0.564927 0.662222 0.566495 0.665972 0.569036 0.670727 0.572141 0.669065 0.574612 0.667352 0.577503 0.662852 0.579461 0.657389 0.579221 0.652032 0.578469 0.645708
2 0.526099 0.543102 0.530247 0.544032 0.535057 0.544963 0.541682 0.544653 0.543969 0.553102 0.546779 0.562801 0.543917 0.563954 0.537859 0.565176 0.532599 0.563926 0.527469 0.563556 0.526734 0.552398
5 0.559904 0.639852 0.565411 0.640102 0.570310 0.640764 0.573997 0.642176 0.578469 0.645708 0.577865 0.642708 0.576359 0.639764 0.574039 0.637463 0.571206 0.635532 0.570031 0.634838 0.569279 0.635907 0.562469 0.633713 0.559456 0.633870
5 0.438906 0.449032 0.441755 0.449282 0.445375 0.450505 0.448315 0.453727 0.450503 0.457611 0.451437 0.462722 0.451813 0.467167 0.450688 0.472384 0.447063 0.476833 0.445779 0.476676 0.444771 0.476102 0.443076 0.476102 0.442755 0.477968 0.439930 0.479833 0.437914 0.479472 0.435305 0.478056 0.433448 0.475616 0.431513 0.472032 0.429052 0.466579 0.429320 0.460042 0.431495 0.454986 0.435594 0.449037
2 0.559904 0.639852 0.565411 0.640102 0.570310 0.640764 0.573997 0.642176 0.574510 0.645495 0.572784 0.650389 0.571758 0.656366 0.571570 0.659847 0.564664 0.657856 0.562471 0.657856 0.560930 0.652880
2 0.565984 0.699574 0.571352 0.708194 0.575039 0.711282 0.577643 0.712824 0.579305 0.718477 0.585161 0.718347 0.586586 0.704264 0.579542 0.702352
2 0.575029 0.679940 0.587211 0.688269 0.586586 0.704264 0.579542 0.702352 0.577867 0.694181 0.579651 0.694491 0.579276 0.692046 0.577219 0.690917
2 0.570292 0.677005 0.574380 0.675708 0.577219 0.690917 0.568148 0.683431 0.566419 0.687463 0.577867 0.694181 0.579542 0.702352 0.565984 0.699574 0.563047 0.691801 0.563104 0.689741
2 0.562125 0.659602 0.564927 0.662222 0.566495 0.665972 0.571458 0.675139 0.563104 0.689741 0.562451 0.689324 0.559651 0.689079 0.550690 0.688657 0.553026 0.683935 0.555451 0.681278 0.557227 0.680116 0.557737 0.677125 0.556664 0.674972 0.559464 0.674972 0.560865 0.663106
2 0.503154 0.608380 0.527734 0.625583 0.515445 0.675995 0.499089 0.666875 0.500057 0.619218
2 0.508500 0.763259 0.506932 0.767241 0.516875 0.783227 0.516875 0.804926 0.534315 0.802787 0.537052 0.799889 0.538732 0.792125 0.538284 0.787148 0.524846 0.779981 0.513203 0.771620
2 0.498062 0.754958 0.516875 0.783227 0.516875 0.804926 0.505263 0.806120 0.506138 0.828556 0.503911 0.828472 0.498964 0.829796 0.495510 0.830463
2 0.571266 0.807653 0.572641 0.818093 0.572703 0.826315 0.572078 0.834310 0.570516 0.843306 0.574151 0.841662 0.578073 0.833366 0.580078 0.821005 0.579846 0.813866 0.578398 0.803912
2 0.562768 0.806542 0.564268 0.817981 0.564331 0.826648 0.564706 0.834310 0.563456 0.843417 0.570516 0.843306 0.572078 0.834310 0.572703 0.826315 0.572641 0.818093 0.571266 0.807653
2 0.554292 0.806255 0.555594 0.815639 0.556026 0.824889 0.555521 0.833370 0.554797 0.838255 0.553352 0.843782 0.563456 0.843417 0.564706 0.834310 0.564331 0.826648 0.564268 0.817981 0.562768 0.806542
2 0.544604 0.804454 0.546919 0.813324 0.547208 0.825148 0.546846 0.835301 0.545401 0.844037 0.553352 0.843782 0.554797 0.838255 0.555521 0.833370 0.556026 0.824889 0.555594 0.815639 0.554292 0.806255
2 0.534315 0.802787 0.536646 0.807597 0.537878 0.816074 0.538240 0.824815 0.537953 0.835745 0.536578 0.844352 0.545401 0.844037 0.546846 0.835301 0.547208 0.825148 0.546919 0.813324 0.544604 0.804454
2 0.534315 0.802787 0.505263 0.806120 0.506138 0.828556 0.504240 0.833449 0.505102 0.841153 0.506607 0.844722 0.509617 0.845171 0.518484 0.846361 0.519346 0.845602 0.536578 0.844352 0.537953 0.835745 0.538240 0.824815 0.537878 0.816074 0.536646 0.807597
2 0.519698 0.853454 0.511250 0.850329 0.504307 0.851370 0.497029 0.853602 0.496068 0.845319 0.498745 0.843088 0.505102 0.841153 0.506607 0.844722 0.509617 0.845171 0.518484 0.846361
2 0.519698 0.853454 0.520951 0.863116 0.498117 0.861481 0.497029 0.853602 0.504307 0.851370 0.511250 0.850329
2 0.543937 0.845005 0.548370 0.860769 0.523109 0.862551 0.519346 0.845602
5 0.468682 0.534773 0.465781 0.534343 0.462271 0.535051 0.459685 0.538338 0.457865 0.542782 0.457221 0.547657 0.457060 0.553546 0.458591 0.560278 0.460151 0.565370 0.462661 0.569333 0.465977 0.572620 0.469914 0.573176 0.472143 0.572245 0.472146 0.554611 0.470055 0.534685
2 0.409326 0.560287 0.407888 0.575505 0.409138 0.592833 0.416823 0.592944 0.415755 0.567130 0.411042 0.562130
2 0.439948 0.339583 0.436979 0.345556 0.437901 0.364444 0.439359 0.360796 0.440440 0.364829 0.438659 0.366074 0.440656 0.367421 0.444490 0.372412 0.446271 0.373083 0.449654 0.368259 0.444742 0.351769
2 0.482529 0.254333 0.478802 0.259514 0.473284 0.268560 0.476987 0.277755 0.483281 0.286968 0.489711 0.297833 0.491102 0.273676 0.490104 0.271458 0.490044 0.262792 0.487792 0.266676 0.485984 0.268125 0.484417 0.267676 0.483732 0.263903 0.483169 0.258903
2 0.476987 0.277755 0.474740 0.280708 0.471862 0.283819 0.469427 0.288708 0.466016 0.294676 0.466542 0.296972 0.473464 0.310028 0.479940 0.321167 0.483122 0.325667 0.483773 0.325667 0.484930 0.322968 0.488581 0.314468 0.489711 0.297833 0.483281 0.286968
2 0.464885 0.309449 0.462453 0.309065 0.458026 0.311468 0.457185 0.295782 0.455094 0.296792 0.455888 0.317949 0.456260 0.321102 0.457474 0.322764 0.458081 0.323259 0.458922 0.329731 0.457755 0.334296 0.457008 0.338111 0.465409 0.329153 0.464102 0.327079 0.464987 0.322681 0.464661 0.320856
2 0.462109 0.278370 0.461250 0.275685 0.460052 0.274157 0.456109 0.275954 0.457185 0.295782 0.458026 0.311468 0.462453 0.309065 0.464885 0.309449 0.467693 0.308106 0.466990 0.301579 0.461536 0.296491 0.463805 0.284491 0.463695 0.282764 0.462562 0.283912
2 0.457836 0.383620 0.455375 0.389069 0.450857 0.402264 0.454729 0.405491 0.458563 0.406995 0.464773 0.391935
2 0.452237 0.406134 0.449555 0.407986 0.447315 0.411875 0.442654 0.414653 0.439633 0.417292 0.440219 0.419528 0.444750 0.428824 0.450682 0.426421 0.454060 0.423505 0.454841 0.417616 0.456229 0.414023 0.456560 0.411829 0.456318 0.410491
2 0.450682 0.426421 0.441552 0.430384 0.438484 0.438259 0.437135 0.441907 0.438000 0.447282 0.438906 0.449032 0.439419 0.445176 0.459242 0.451407 0.463370 0.451843 0.463250 0.450931 0.454253 0.443963 0.454039 0.442523 0.452201 0.438681
2 0.423120 0.377333 0.417122 0.381856 0.415380 0.393819 0.420859 0.411741 0.427031 0.406102 0.428740 0.394634 0.427552 0.389801
2 0.467214 0.479546 0.465703 0.478389 0.460901 0.479690 0.461628 0.475815 0.466307 0.456741 0.469211 0.448139 0.471107 0.446130 0.469372 0.458463 0.468727 0.465921 0.468445 0.470940
2 0.438906 0.449032 0.439419 0.445176 0.459242 0.451407 0.458935 0.467944 0.457125 0.470606 0.455169 0.469435 0.454419 0.469106 0.449474 0.478069 0.447063 0.476833 0.450688 0.472384 0.451813 0.467167 0.451437 0.462722 0.450503 0.457611 0.448315 0.453727 0.445375 0.450505 0.441755 0.449282
2 0.432036 0.448440 0.422396 0.443245 0.419732 0.459130 0.419247 0.469208 0.418812 0.476310 0.426859 0.475542 0.423672 0.456148 0.427669 0.455384 0.431016 0.453847
2 0.425852 0.480981 0.425732 0.477537 0.431138 0.479116 0.435654 0.479690 0.437914 0.479472 0.439930 0.479833 0.442755 0.477968 0.443076 0.476102 0.444771 0.476102 0.445779 0.476676 0.449474 0.478069 0.454419 0.469106 0.455169 0.469435 0.453396 0.477074 0.450453 0.491509 0.443969 0.492921 0.442378 0.490093 0.441818 0.486366 0.436128 0.486532 0.429451 0.482463
2 0.459979 0.486824 0.447146 0.493579 0.437164 0.496352 0.442286 0.519787 0.447818 0.519769 0.452612 0.518014 0.459096 0.514986 0.454914 0.512032 0.449286 0.505296 0.449951 0.502458 0.453115 0.498227 0.457839 0.490148
2 0.467214 0.479546 0.465703 0.478389 0.457839 0.490148 0.453115 0.498227 0.449951 0.502458 0.449286 0.505296 0.454914 0.512032 0.459096 0.514986 0.461477 0.520005 0.464927 0.528412 0.466323 0.531449 0.468971 0.529588 0.467786 0.517625 0.467378 0.501481 0.466940 0.496926 0.466315 0.494926
2 0.447818 0.519769 0.438010 0.542093 0.438604 0.543792 0.447352 0.551981 0.460151 0.565370 0.458591 0.560278 0.457060 0.553546 0.457221 0.547657 0.457865 0.542782 0.459685 0.538338 0.462271 0.535051 0.465781 0.534343 0.468682 0.534773 0.463464 0.527477 0.452612 0.518014
2 0.447352 0.551981 0.442352 0.554204 0.444771 0.565894 0.449495 0.582852 0.452604 0.592875 0.455302 0.590181 0.456292 0.590639 0.456813 0.592032 0.463169 0.589255 0.463573 0.585972 0.471729 0.582907 0.472143 0.572245 0.469914 0.573176 0.465977 0.572620 0.462661 0.569333 0.460151 0.565370
2 0.448172 0.639866 0.447633 0.644667 0.445042 0.646685 0.444393 0.653116 0.448747 0.650167 0.456260 0.650167 0.458875 0.674644 0.459771 0.676532 0.464271 0.652759 0.464271 0.644986 0.459648 0.643648 0.459333 0.641713 0.451802 0.647847 0.451245 0.646301 0.450721 0.645370 0.449359 0.643199
2 0.426516 0.605727 0.431568 0.607208 0.437609 0.610634 0.437661 0.612579 0.436880 0.615449 0.430917 0.626481 0.429229 0.629537 0.427151 0.636352 0.417279 0.657903 0.405284 0.651569 0.404086 0.646843 0.403724 0.642856 0.405094 0.637333 0.406841 0.633634 0.408349 0.631546 0.409854 0.632245 0.411211 0.634333 0.412174 0.633690 0.412266 0.632190 0.413260 0.625227 0.414948 0.622227 0.417990 0.616120
2 0.427151 0.636352 0.433648 0.650569 0.428151 0.659014 0.416841 0.670898 0.411281 0.681005 0.409469 0.675894 0.407656 0.667676 0.406781 0.660565 0.406656 0.656458 0.405284 0.651569 0.417279 0.657903
2 0.423258 0.708509 0.422003 0.715144 0.421375 0.723139 0.428135 0.725227 0.434633 0.726782 0.431482 0.718435 0.431297 0.714699 0.429010 0.710968 0.427792 0.710898
2 0.429010 0.710968 0.431297 0.714699 0.431482 0.718435 0.435263 0.728472 0.440396 0.721588 0.441284 0.720426 0.441419 0.718486 0.441297 0.714685 0.441185 0.711856 0.432706 0.711667
2 0.456589 0.693894 0.444453 0.698370 0.442266 0.700532 0.442266 0.702644 0.441078 0.707634 0.441185 0.711856 0.441297 0.714685 0.441419 0.718486 0.442831 0.715546 0.450937 0.706079 0.453682 0.701634
2 0.416453 0.690162 0.414833 0.707444 0.421312 0.707824 0.427792 0.710898 0.432706 0.711667 0.441185 0.711856 0.441078 0.707634 0.442266 0.702644 0.442266 0.700532 0.434513 0.707667 0.428958 0.709907 0.428211 0.696380 0.425828 0.696421 0.423044 0.694843 0.421997 0.684944 0.418828 0.691505
2 0.434948 0.659505 0.438216 0.661296 0.439911 0.665815 0.441161 0.677718 0.440906 0.683088 0.439273 0.687407 0.433776 0.693407 0.429742 0.696421 0.428211 0.696380 0.428958 0.709907 0.434513 0.707667 0.444453 0.698370 0.456589 0.693894 0.459760 0.683190 0.458875 0.674644 0.456260 0.650167 0.448747 0.650167 0.440065 0.656472
2 0.425430 0.666958 0.428737 0.664093 0.434948 0.659505 0.438216 0.661296 0.439911 0.665815 0.441161 0.677718 0.440906 0.683088 0.439273 0.687407 0.433776 0.693407 0.429742 0.696421 0.425828 0.696421 0.423044 0.694843 0.421997 0.684944 0.423286 0.683940 0.423206 0.678134
2 0.405076 0.759218 0.410479 0.756565 0.416693 0.755917 0.423107 0.756921 0.428510 0.760361 0.428375 0.752894 0.423190 0.749338 0.419253 0.746227 0.413505 0.746227 0.404883 0.749116
2 0.405237 0.767389 0.409917 0.765384 0.414513 0.763588 0.422138 0.764667 0.428471 0.769542 0.428510 0.760361 0.423107 0.756921 0.416693 0.755917 0.410479 0.756565 0.405076 0.759218
2 0.405026 0.778426 0.408615 0.776009 0.412521 0.774458 0.417052 0.774338 0.421516 0.775329 0.425036 0.777870 0.427651 0.781032 0.428471 0.769542 0.422138 0.764667 0.414513 0.763588 0.409917 0.765384 0.405237 0.767389
2 0.404852 0.789954 0.408581 0.785491 0.414438 0.784255 0.420956 0.785370 0.425698 0.789213 0.427232 0.792000 0.427651 0.781032 0.425036 0.777870 0.421516 0.775329 0.417052 0.774338 0.412521 0.774458 0.408615 0.776009 0.405026 0.778426
2 0.404909 0.798491 0.407310 0.796125 0.411458 0.794148 0.416966 0.794023 0.421917 0.795819 0.424211 0.797125 0.427023 0.799375 0.427232 0.792000 0.425698 0.789213 0.420956 0.785370 0.414438 0.784255 0.408581 0.785491 0.404852 0.789954
2 0.424211 0.797125 0.421917 0.795819 0.416966 0.794023 0.411458 0.794148 0.407310 0.796125 0.404909 0.798491 0.404971 0.802944
2 0.401828 0.829407 0.407115 0.842079 0.415331 0.844153 0.416255 0.825750
2 0.424211 0.797125 0.400055 0.804440 0.400323 0.825852 0.401828 0.829407 0.416255 0.825750 0.416255 0.820977 0.425633 0.821079
2 0.455128 0.760417 0.455128 0.772991 0.455182 0.791903 0.458693 0.792097 0.460096 0.778657 0.462039 0.779037 0.463875 0.782111 0.464201 0.768477 0.463336 0.758301
2 0.431896 0.768829 0.431318 0.785023 0.429706 0.812731 0.430646 0.817731 0.433016 0.820611 0.451018 0.819722 0.451826 0.815727 0.452701 0.808620 0.453888 0.785514 0.455203 0.774407 0.453237 0.769255 0.450763 0.765181 0.446846 0.762611 0.442458 0.762699 0.437557 0.764023 0.433870 0.766352
2 0.466753 0.787236 0.463875 0.782111 0.462039 0.779037 0.460096 0.778657 0.458693 0.792097 0.458354 0.800509 0.456938 0.818657 0.463518 0.819236 0.464443 0.828755 0.464885 0.837648 0.465490 0.837935
2 0.535234 0.456287 0.540857 0.454514 0.545169 0.461620 0.545357 0.474727 0.544380 0.475750 0.532602 0.482398 0.532609 0.476060 0.541232 0.468731
2 0.426620 0.300731 0.430721 0.290361 0.435036 0.281898 0.441896 0.301546 0.443346 0.301546 0.453125 0.316606 0.452036 0.324546 0.447849 0.334319 0.443224 0.326958 0.431151 0.309366
2 0.444742 0.351769 0.446078 0.346375 0.451010 0.338444 0.452039 0.338111 0.461695 0.363528 0.461229 0.364856 0.452281 0.363949 0.449654 0.368259
2 0.469349 0.321269 0.467919 0.345843 0.466914 0.362204 0.475279 0.364579 0.475609 0.358194 0.472604 0.353731 0.472604 0.352690 0.475951 0.352986 0.476818 0.348093 0.477750 0.347435 0.479109 0.348681 0.480924 0.341537 0.482326 0.342116 0.483677 0.345690 0.483164 0.351255 0.482839 0.351907 0.485260 0.362241 0.486005 0.362574 0.486151 0.360005 0.487271 0.358593 0.487820 0.333245 0.488036 0.324250 0.484930 0.322968 0.483773 0.325667 0.483122 0.325667 0.479940 0.321167 0.475458 0.318338
2 0.475052 0.395565 0.467388 0.387727 0.466448 0.388116 0.464773 0.391935 0.458563 0.406995 0.456318 0.410491 0.456560 0.411829 0.456229 0.414023 0.455982 0.416435 0.458828 0.423074 0.459388 0.422079 0.461768 0.424981 0.464242 0.425565 0.466901 0.426394 0.470354 0.428051 0.471615 0.427889 0.472781 0.420255 0.473016 0.415273 0.473297 0.410546 0.474742 0.409551
2 0.521609 0.584551 0.527490 0.585546 0.531693 0.590523 0.515469 0.603958 0.518885 0.593856 0.521125 0.592130 0.521773 0.589824 0.521664 0.587616
2 0.428602 0.497435 0.418539 0.504824 0.412471 0.509958 0.412922 0.516440 0.417844 0.535343 0.420344 0.533403 0.434380 0.521935 0.434419 0.520713
2 0.414997 0.705500 0.414070 0.705495 0.409917 0.710231 0.409271 0.712097 0.411005 0.716972 0.416935 0.724000 0.421854 0.711810 0.419638 0.707792 0.414833 0.707444
2 0.558190 0.311231 0.556417 0.315958 0.553755 0.317782 0.554844 0.331000 0.555573 0.331333 0.555674 0.332579 0.555193 0.333648 0.557083 0.356481 0.561458 0.355046
2 0.560898 0.290389 0.561737 0.303347 0.562185 0.308583 0.563849 0.335829 0.565583 0.347653 0.567956 0.376880 0.565352 0.377778 0.562552 0.367731 0.561458 0.355046 0.558190 0.311231 0.558565 0.306333 0.558190 0.301440 0.558003 0.296213 0.558750 0.293292
2 0.529466 0.511060 0.536576 0.518792 0.535404 0.525481 0.530805 0.525782 0.527711 0.526375 0.523945 0.529944 0.521938 0.527565 0.519635 0.523704 0.527878 0.512694
2 0.466990 0.301579 0.469815 0.304282 0.469911 0.303421 0.473464 0.310028 0.477500 0.317134 0.475458 0.318338 0.469349 0.321269 0.464987 0.322681 0.464661 0.320856 0.464885 0.309449 0.467693 0.308106
2 0.454841 0.417616 0.456667 0.423750 0.458073 0.427269 0.458385 0.429954 0.458385 0.433565 0.461503 0.437116 0.454253 0.443963 0.454039 0.442523 0.452201 0.438681 0.450682 0.426421 0.454060 0.423505
2 0.583930 0.584426 0.583174 0.585074 0.582445 0.586787 0.581378 0.592204 0.579854 0.608889 0.579156 0.614861 0.578620 0.616338 0.576807 0.629352 0.577984 0.630269 0.580690 0.617079 0.582146 0.607412 0.583031 0.601648 0.584135 0.589824 0.583518 0.590019
2 0.584188 0.532801 0.587427 0.538176 0.588237 0.541727 0.586995 0.557278 0.586349 0.557278 0.585917 0.547102 0.581812 0.548449 0.579651 0.540384 0.579490 0.535968
2 0.541318 0.536931 0.542677 0.541023 0.544036 0.542074 0.551622 0.554088 0.551151 0.554852 0.552536 0.558333 0.554505 0.557338 0.556576 0.560407 0.557279 0.563694 0.553549 0.566273 0.548555 0.559528 0.548529 0.556056 0.541682 0.544653 0.539734 0.541486 0.538875 0.539171 0.539859 0.537894
5 0.297013 0.203889 0.288721 0.187306 0.294810 0.183389 0.308674 0.177398 0.311911 0.175097 0.316057 0.171644 0.321370 0.171644 0.331484 0.192037 0.343005 0.212407 0.357388 0.241662 0.371185 0.271329 0.373984 0.280079 0.374555 0.283259 0.376224 0.285444 0.376458 0.288046 0.372870 0.284847 0.369734 0.282472 0.366146 0.278491 0.361979 0.280648 0.359266 0.284731 0.335143 0.254995 0.306938 0.217222
5 0.357547 0.158755 0.356435 0.154731 0.355596 0.153046 0.355523 0.149398 0.359219 0.149204 0.362883 0.148806 0.362883 0.147792 0.358784 0.143718 0.358755 0.142060 0.361227 0.140282 0.364388 0.132481 0.363685 0.130005 0.362427 0.128514 0.362516 0.125519 0.365508 0.125852 0.372786 0.132907 0.378664 0.138218 0.384917 0.144190 0.389536 0.148009 0.395753 0.153481 0.403409 0.161954 0.415229 0.173750 0.423760 0.180292 0.433701 0.189894 0.442901 0.199713 0.447419 0.204171 0.447044 0.206278 0.448794 0.213167 0.449609 0.219051 0.456609 0.225056 0.455227 0.227278 0.454115 0.228287 0.453177 0.229907 0.451172 0.228051 0.449734 0.227046 0.447943 0.231296 0.446706 0.239412 0.439331 0.231185 0.439766 0.240181 0.440266 0.249509 0.434219 0.242505 0.424984 0.232806 0.411701 0.218213 0.396148 0.201894 0.379083 0.182597 0.362451 0.164551
5 0.384917 0.144190 0.377315 0.135782 0.371388 0.129644 0.368401 0.126907 0.368401 0.125662 0.370081 0.123171 0.374234 0.120435 0.375401 0.119190 0.376521 0.112801 0.377409 0.110560 0.381047 0.102597 0.383055 0.102264 0.383570 0.102500 0.384411 0.103250 0.410234 0.129417 0.441930 0.159255 0.468906 0.185454 0.466456 0.189551 0.466456 0.189551 0.465057 0.192620 0.463003 0.198014 0.461883 0.200171 0.461229 0.200088 0.460622 0.199009 0.459596 0.200333 0.460016 0.202412 0.458661 0.206560 0.456328 0.208051 0.456281 0.209546 0.454010 0.212546 0.447419 0.204171 0.442901 0.199713 0.433701 0.189894 0.423760 0.180292 0.415229 0.173750 0.403409 0.161954 0.395753 0.153481 0.389536 0.148009
5 0.464870 0.234852 0.462633 0.232213 0.459487 0.232356 0.457607 0.233384 0.456609 0.233602 0.453638 0.235727 0.452146 0.237019 0.450979 0.238903 0.451461 0.240102 0.462190 0.251861 0.474815 0.265917 0.494823 0.288435 0.498818 0.293671 0.507609 0.302417 0.525440 0.323931 0.533424 0.333111 0.534596 0.334616 0.535724 0.338417 0.535951 0.339593 0.531870 0.341514 0.530984 0.342181 0.531474 0.344005 0.539958 0.353324 0.541630 0.352431 0.541044 0.350500 0.541044 0.345296 0.543135 0.343958 0.546984 0.349014 0.548823 0.347676 0.548992 0.343065 0.552003 0.347676 0.554094 0.347227 0.554010 0.342917 0.556518 0.331167 0.559279 0.325815 0.562307 0.327806 0.563315 0.327157 0.562786 0.326019 0.559375 0.322639 0.557318 0.320694 0.553078 0.316412 0.551865 0.314755 0.550130 0.314398 0.547383 0.311681 0.544583 0.314171 0.542344 0.311602 0.540198 0.310602 0.538469 0.311185 0.536695 0.311269 0.514576 0.287454 0.489557 0.260986
5 0.451461 0.240102 0.449839 0.242657 0.446706 0.239412 0.439331 0.231185 0.439766 0.240181 0.440266 0.249509 0.440211 0.252102 0.437727 0.253926 0.434974 0.255463 0.433948 0.257000 0.436797 0.259120 0.445964 0.269815 0.464237 0.290875 0.480622 0.308231 0.488049 0.313931 0.500633 0.331287 0.511859 0.346162 0.517961 0.354032 0.521133 0.351491 0.526328 0.345542 0.531870 0.341514 0.535951 0.339593 0.535724 0.338417 0.534596 0.334616 0.533424 0.333111 0.525440 0.323931 0.507609 0.302417 0.498818 0.293671 0.494823 0.288435 0.474815 0.265917 0.462190 0.251861
