0 0.422698 0.314370 0.420083 0.303894 0.419630 0.300611 0.420154 0.292306 0.427648 0.311023 0.428763 0.309597 0.429146 0.306931 0.429146 0.305319 0.420557 0.285866 0.424326 0.265833 0.426833 0.250935 0.433177 0.243995 0.439047 0.234856 0.437672 0.223856 0.433112 0.223745 0.431549 0.230528 0.406870 0.233856 0.409333 0.216870 0.414458 0.207574 0.420560 0.197347 0.422758 0.196852 0.426799 0.199773 0.430021 0.200190 0.428435 0.195620 0.428620 0.192056 0.434930 0.183532 0.436052 0.169315 0.438055 0.167431 0.443302 0.163542 0.471268 0.169579 0.498451 0.214931 0.500792 0.219694 0.500542 0.230694 0.507482 0.240810 0.509406 0.239468 0.514008 0.247005 0.512055 0.256310 0.509346 0.266819 0.507419 0.277097 0.499831 0.277597 0.497823 0.258852 0.492036 0.246157 0.482888 0.234375 0.479904 0.233046 0.477896 0.239264 0.475234 0.243833 0.472995 0.246731 0.475326 0.246819 0.476169 0.253954 0.479154 0.264991 0.481081 0.281880 0.485281 0.285699 0.488549 0.287361 0.490185 0.288352 0.491164 0.288935 0.491820 0.290426 0.489857 0.294167 0.486357 0.303375 0.483044 0.315731 0.480430 0.326269 0.479495 0.330671 0.478750 0.331500 0.477865 0.329921 0.476885 0.326773 0.474315 0.328347 0.472216 0.329838 0.470443 0.330255 0.468859 0.329657 0.466940 0.323338 0.466245 0.322532 0.465443 0.323028 0.464221 0.326250 0.462865 0.325139 0.458922 0.322407 0.456099 0.308773 0.456935 0.305551 0.461536 0.298111 0.465034 0.292032 0.462036 0.265505 0.461049 0.254356 0.453990 0.253995 0.449513 0.252991 0.447378 0.252917 0.447906 0.257491 0.447826 0.261435 0.443365 0.271560 0.441820 0.279750 0.440945 0.285639 0.441380 0.289745 0.442255 0.292852 0.441068 0.295634 0.438693 0.301852 0.437193 0.305958 0.436258 0.309519 0.437193 0.311185 0.438570 0.311514 0.443440 0.299630 0.445755 0.305958 0.446380 0.309292 0.445315 0.317287 0.444674 0.325042 0.444620 0.326574 0.441164 0.328495 0.438357 0.328787 0.437112 0.328787 0.438086 0.323889 0.436357 0.323407 0.434898 0.322931 0.432958 0.322162 0.430797 0.321676 0.428906 0.321292 0.426312 0.317356
1 0.523302 0.341963 0.526247 0.343898 0.527216 0.351213 0.525682 0.353005 0.524875 0.354296 0.526893 0.357880 0.525682 0.359741 0.523302 0.355940 0.522495 0.356440 0.521448 0.355875 0.521245 0.351491 0.520964 0.351856 0.520370 0.356097 0.520003 0.360079 0.519875 0.366917 0.519427 0.369815 0.516224 0.373426 0.513339 0.370218 0.513784 0.369069 0.516727 0.371505 0.517414 0.370995 0.517333 0.362537 0.518141 0.357157 0.519995 0.351569
8 0.555677 0.621046 0.557516 0.708792 0.561677 0.709995 0.562646 0.707931 0.559948 0.627917
5 0.472995 0.246731 0.475234 0.243833 0.477896 0.239264 0.479904 0.233046 0.482888 0.234375 0.492036 0.246157 0.496391 0.255736 0.495057 0.256097 0.492034 0.257458 0.488201 0.259394 0.486589 0.257532 0.484935 0.256528 0.482029 0.259611 0.477714 0.259611 0.476169 0.253954 0.475391 0.246898
2 0.505633 0.457532 0.521146 0.458153 0.522680 0.461560 0.525852 0.471787 0.526753 0.513042 0.523755 0.513491 0.523021 0.511759 0.522396 0.510185 0.524609 0.506435 0.522786 0.497361 0.522188 0.496806 0.520339 0.495278 0.518516 0.493148 0.517083 0.489769 0.515078 0.483426 0.514271 0.480000 0.513359 0.476065 0.510990 0.474491 0.505128 0.471472 0.503219 0.466866 0.505781 0.458981
2 0.533643 0.576935 0.548951 0.538606 0.559396 0.512958 0.561776 0.514532 0.563107 0.516907 0.536560 0.583301
1 0.478091 0.370380 0.488576 0.393426 0.489927 0.396204 0.494661 0.406880 0.503310 0.422148 0.519531 0.447306 0.539284 0.479741 0.558289 0.508468 0.561776 0.514532 0.563107 0.516907 0.572076 0.531486 0.573565 0.535292 0.575172 0.546194 0.580206 0.578907 0.580479 0.581153 0.582497 0.582435 0.576398 0.543694 0.574544 0.530394 0.560779 0.507171 0.542648 0.478394 0.536667 0.468278 0.532995 0.462903 0.519568 0.441338 0.504607 0.419074 0.496820 0.406032 0.490461 0.391731 0.478094 0.364347
1 0.490682 0.392199 0.500630 0.385486 0.508677 0.379097 0.511516 0.381782 0.491831 0.394884
1 0.457464 0.521167 0.446531 0.581366 0.445219 0.581366 0.442625 0.580477 0.442706 0.578069 0.448604 0.545880 0.456714 0.506583
2 0.457464 0.521167 0.462924 0.629250 0.464281 0.632694 0.467862 0.633727 0.465344 0.586412 0.462539 0.533935 0.459151 0.461847 0.458570 0.439481 0.456635 0.441889 0.455086 0.444130 0.453924 0.446019 0.454979 0.478745 0.456029 0.490940 0.456714 0.506583
2 0.451828 0.375912 0.453958 0.444569 0.456221 0.440981 0.458477 0.438403 0.457932 0.422708 0.457708 0.411204 0.457193 0.403181 0.456586 0.400884 0.456635 0.393407 0.456227 0.371648
1 0.477464 0.369477 0.466029 0.342676 0.458375 0.326083 0.463089 0.330148 0.477464 0.363255
1 0.458375 0.326083 0.445911 0.317130 0.450000 0.316389 0.462865 0.325139 0.475000 0.334398 0.487630 0.342315 0.493698 0.344907 0.494766 0.343241 0.496458 0.338796 0.497995 0.331713 0.503099 0.301991 0.504401 0.294722 0.506771 0.281204 0.509531 0.281759 0.505339 0.304537 0.501068 0.329861 0.498828 0.340417 0.496849 0.347407 0.496432 0.348935 0.491901 0.347917 0.483464 0.343611 0.478654 0.341130 0.477742 0.340620 0.463089 0.330148
5 0.477714 0.259611 0.482029 0.259611 0.484935 0.256528 0.486589 0.257532 0.488201 0.259394 0.492034 0.257458 0.495057 0.256097 0.496391 0.255736 0.497823 0.258852 0.499831 0.277597 0.485055 0.281194 0.481706 0.282269 0.481081 0.281880 0.479154 0.264991
2 0.413125 0.268333 0.416247 0.255083 0.420083 0.250667 0.422458 0.248648 0.420513 0.237319 0.425859 0.235690 0.427372 0.239528 0.427102 0.241065 0.428885 0.240968 0.428076 0.245292 0.427643 0.248264 0.426833 0.250935 0.425104 0.260745 0.421703 0.264588 0.417221 0.267083
5 0.428906 0.321292 0.425172 0.320620 0.421659 0.317051 0.419734 0.313037 0.418312 0.312741 0.416055 0.312292 0.413544 0.312588 0.410451 0.312889 0.408443 0.313630 0.404930 0.319875 0.403341 0.326120 0.403674 0.332662 0.403591 0.335639 0.402505 0.337125 0.400245 0.342926 0.398740 0.347532 0.398656 0.350954 0.397820 0.352440 0.397987 0.359727 0.398992 0.364338 0.400497 0.367310 0.402336 0.367310 0.403005 0.374301 0.404010 0.377870 0.403089 0.379653 0.403341 0.380843 0.408862 0.381435 0.409112 0.389023 0.409112 0.394671 0.410953 0.399875 0.411370 0.401958 0.414799 0.398537 0.417643 0.398389 0.418312 0.397796 0.417560 0.396606 0.417141 0.395269 0.417727 0.394671 0.417727 0.391699 0.417727 0.390361 0.419651 0.391847 0.420990 0.391551 0.423081 0.388870 0.424586 0.386343 0.425505 0.384116 0.425758 0.378019 0.426341 0.375042 0.431109 0.367162 0.432115 0.360620 0.431612 0.357644 0.430523 0.356606 0.428602 0.357944 0.426844 0.358241 0.425841 0.358241 0.424503 0.354375 0.428182 0.349764 0.428266 0.347681 0.433786 0.353778 0.438471 0.358833 0.442234 0.364486 0.443070 0.365972 0.443990 0.376380 0.444995 0.376083 0.446081 0.374597 0.445581 0.363000 0.442987 0.344708 0.442654 0.340991 0.442401 0.336829 0.442234 0.334153 0.439724 0.333259 0.438219 0.332662 0.437299 0.332815 0.436880 0.331324 0.437112 0.328787 0.438086 0.323889 0.436357 0.323407 0.434898 0.322931 0.432958 0.322162 0.430797 0.321676
2 0.500781 0.505523 0.497784 0.479417 0.496034 0.470088 0.496536 0.459981 0.497971 0.452426 0.499471 0.451093 0.502971 0.453208 0.505719 0.455537 0.505781 0.458981 0.503219 0.466866 0.501656 0.474088 0.500836 0.476912 0.501807 0.488435 0.502672 0.498130 0.503156 0.504852 0.503318 0.506866
2 0.505128 0.471472 0.510990 0.474491 0.513359 0.476065 0.514271 0.480000 0.515078 0.483426 0.517083 0.489769 0.518516 0.493148 0.520339 0.495278 0.522188 0.496806 0.522786 0.497361 0.524609 0.506435 0.522396 0.510185 0.523021 0.511759 0.523021 0.513380 0.522943 0.513750 0.521375 0.514208 0.518672 0.516065 0.516849 0.517380 0.512057 0.512824 0.508437 0.510185 0.510250 0.501375 0.511380 0.494778 0.512388 0.487463 0.512185 0.483806 0.508031 0.475917 0.506719 0.474861 0.505469 0.473241
5 0.392930 0.457417 0.390820 0.455593 0.388529 0.454847 0.386539 0.454259 0.385849 0.453134 0.386089 0.451792 0.385333 0.441727 0.386120 0.436370 0.386904 0.434977 0.391122 0.434440 0.393055 0.433347 0.393568 0.429944 0.387289 0.429361 0.386531 0.425477 0.387367 0.421301 0.388875 0.418019 0.390232 0.416625 0.393747 0.415750 0.397833 0.412884 0.401086 0.412023 0.407362 0.413384 0.411508 0.414255 0.411352 0.411995 0.413307 0.411296 0.416102 0.432690 0.415833 0.439125 0.409893 0.440083
1 0.420513 0.237319 0.411294 0.239023 0.407180 0.239148 0.406536 0.237833 0.406870 0.233856 0.431549 0.230528 0.438383 0.229787 0.438870 0.233009 0.425859 0.235690
1 0.365315 0.308000 0.363753 0.308088 0.362581 0.308463 0.361591 0.309245 0.361018 0.310727 0.361018 0.312255 0.362164 0.314481 0.363961 0.316282 0.367190 0.316745 0.379180 0.316435 0.381513 0.315815 0.387893 0.311560 0.391042 0.308704 0.392578 0.307130 0.403826 0.297412 0.400753 0.295931 0.392810 0.302968 0.387836 0.307273 0.382940 0.311995 0.378331 0.312412 0.374190 0.312412 0.370831 0.312597 0.368331 0.312644 0.367534 0.312597
1 0.400753 0.295931 0.398203 0.293889 0.398909 0.293588 0.401875 0.291852 0.405755 0.294213 0.415312 0.297500 0.419740 0.298287 0.419630 0.300611 0.419896 0.302454 0.407839 0.298981 0.403826 0.297412
1 0.485281 0.285699 0.495495 0.282500 0.503568 0.281389 0.506771 0.281204 0.509531 0.281759 0.515807 0.287176 0.525365 0.294245 0.528299 0.296310 0.529740 0.296759 0.541302 0.294259 0.539427 0.290185 0.528622 0.291806 0.525810 0.289167 0.516823 0.282639 0.510232 0.278069 0.507419 0.277097 0.499831 0.277597 0.485055 0.281194 0.481706 0.282269
1 0.523490 0.317963 0.522531 0.334356 0.521445 0.338375 0.519115 0.345463 0.515625 0.354954 0.509302 0.370032 0.512497 0.372819 0.519878 0.352088 0.524128 0.339176 0.524578 0.329481 0.524062 0.325417
2 0.509146 0.383352 0.502568 0.415917 0.504607 0.419074 0.507812 0.402583 0.511966 0.382097 0.511516 0.381782
1 0.440917 0.333310 0.442206 0.331824 0.455315 0.333310 0.457896 0.335657 0.460471 0.339444 0.460544 0.340681 0.459167 0.344954 0.456086 0.352037 0.452630 0.359218 0.452073 0.361440 0.451984 0.368162 0.450609 0.369630 0.450398 0.364051 0.451409 0.358713 0.452875 0.353819 0.456510 0.346019 0.458242 0.342236 0.458557 0.340306 0.455211 0.335787 0.442346 0.335231 0.442234 0.334153
1 0.455870 0.320477 0.446313 0.292296 0.447969 0.288009 0.458922 0.322407
1 0.413307 0.411296 0.432469 0.401023 0.433086 0.397824 0.433307 0.395296 0.411326 0.406583 0.401086 0.412023 0.407362 0.413384 0.411352 0.411995
2 0.417398 0.430389 0.415573 0.428569 0.413307 0.411296 0.424161 0.406167 0.419495 0.420769 0.423878 0.424917 0.426740 0.429718 0.422206 0.435185
2 0.415831 0.404222 0.420990 0.391551 0.423081 0.388870 0.424586 0.386343 0.425505 0.384116 0.425758 0.378019 0.426341 0.375042 0.431109 0.367162 0.435339 0.355273 0.438698 0.359088 0.440570 0.361634 0.429193 0.391171 0.426667 0.398676
8 0.537328 0.412352 0.553229 0.431898 0.563125 0.444491 0.575930 0.461028 0.578195 0.463111 0.579003 0.463713 0.579914 0.463204 0.580956 0.461630 0.581693 0.458056 0.581146 0.455787 0.572031 0.444120 0.544479 0.409954 0.520156 0.379907 0.513177 0.373426 0.499583 0.361389 0.488359 0.352269 0.478073 0.349352 0.478047 0.357361 0.483594 0.359444 0.502578 0.372824 0.515312 0.385602 0.526292 0.398181
5 0.451289 0.420019 0.450586 0.419634 0.450318 0.423667 0.450318 0.434611 0.450771 0.442329 0.449042 0.437819 0.446451 0.432250 0.446289 0.429657 0.445370 0.424088 0.444021 0.422648 0.442076 0.418616 0.441482 0.419384 0.440943 0.424380 0.441430 0.428315 0.443427 0.436569 0.446560 0.456347 0.437044 0.444917 0.434651 0.437704 0.436714 0.434153 0.438771 0.425819 0.442401 0.411935 0.445018 0.399718 0.445875 0.394963
5 0.391042 0.308704 0.398594 0.322222 0.395135 0.338458 0.394172 0.337014 0.390677 0.334551 0.381513 0.315815 0.387893 0.311560
2 0.530927 0.328426 0.534062 0.347176 0.537505 0.365009 0.539737 0.368769 0.541974 0.371176 0.542500 0.372491 0.581747 0.424792 0.582026 0.418903 0.564490 0.396403 0.566133 0.366870 0.565714 0.362144 0.566083 0.352190 0.566786 0.351106 0.566924 0.350278 0.566552 0.349454 0.565435 0.349699 0.564544 0.350528 0.561885 0.392843 0.548492 0.376000 0.539443 0.364347 0.533479 0.330116
5 0.369284 0.316620 0.370086 0.326847 0.372247 0.335833 0.374375 0.341347 0.378503 0.337194 0.382872 0.334356 0.386940 0.333981 0.387664 0.333981 0.379180 0.316435
5 0.369214 0.337009 0.367193 0.327653 0.366669 0.321019 0.366461 0.316681 0.363961 0.316282 0.362164 0.314481 0.361018 0.312255 0.361018 0.310727 0.361591 0.309245 0.362581 0.308463 0.363753 0.308088 0.365315 0.308000 0.363484 0.304245 0.363687 0.299782 0.355909 0.300495 0.357581 0.302509 0.359578 0.305491 0.357042 0.307787 0.353911 0.311630 0.351372 0.313556 0.348891 0.313162 0.350146 0.314806 0.349326 0.315097 0.360435 0.327463
5 0.400753 0.295931 0.392810 0.302968 0.387836 0.307273 0.382940 0.311995 0.378331 0.312412 0.374190 0.312412 0.370831 0.312597 0.368331 0.312644 0.398203 0.293889
5 0.463026 0.275069 0.455628 0.276130 0.455161 0.262796 0.453990 0.253995 0.461049 0.254356
7 0.515714 0.253454 0.523630 0.287602 0.516823 0.282639 0.511052 0.278509 0.511794 0.268440 0.512943 0.263315
8 0.548227 0.727704 0.549698 0.754926 0.549698 0.758463 0.550966 0.758190 0.554247 0.757907 0.552102 0.721315
2 0.389266 0.461204 0.409893 0.440083 0.415833 0.439125 0.416102 0.432690 0.417398 0.430389 0.422206 0.435185 0.426740 0.429718 0.423878 0.424917 0.427010 0.421653 0.431401 0.429032 0.432714 0.437032 0.434651 0.437704 0.442401 0.459764 0.450555 0.481361 0.449810 0.482606 0.448760 0.484759 0.447698 0.489292 0.445922 0.486472 0.416896 0.522394 0.418242 0.526292 0.446948 0.492792 0.445573 0.497671 0.441865 0.504699 0.436823 0.511870 0.418943 0.532764 0.392909 0.470449
6 0.398586 0.276880 0.363917 0.296565 0.363484 0.304245 0.367534 0.312597 0.398909 0.293588 0.416135 0.283509 0.410742 0.270046
6 0.413125 0.268333 0.418724 0.280866 0.421831 0.278569 0.424326 0.265833 0.425104 0.260745 0.421703 0.264588 0.417221 0.267083
8 0.346859 0.193583 0.342862 0.176880 0.343349 0.172657 0.346211 0.166991 0.385716 0.185273 0.382245 0.186042 0.380078 0.187329 0.376896 0.189514 0.376505 0.190417 0.347721 0.177264 0.352961 0.195505
8 0.399849 0.189977 0.420560 0.197347 0.416656 0.204037 0.415885 0.204375 0.403143 0.200056 0.402414 0.197222 0.401404 0.192727
5 0.346211 0.166991 0.350068 0.147940 0.355878 0.123394 0.355378 0.116731 0.354818 0.113398 0.353505 0.112176 0.352505 0.111620 0.353755 0.107954 0.355565 0.106954 0.361065 0.103625 0.362440 0.105509 0.373747 0.101292 0.386870 0.094514 0.390555 0.093292 0.394680 0.106731 0.397927 0.115620 0.394232 0.135250 0.392635 0.146125 0.393630 0.160106 0.395477 0.185014 0.389693 0.185273 0.385716 0.185273
5 0.399307 0.119435 0.406070 0.141375 0.408518 0.148583 0.410469 0.153981 0.410365 0.144537 0.411122 0.143630 0.414427 0.143630 0.421669 0.146736 0.423042 0.147815 0.423443 0.148671 0.426672 0.148671 0.428206 0.148602 0.435063 0.161801 0.434503 0.173352 0.433333 0.174097 0.432120 0.171273 0.431609 0.168870 0.431281 0.166634 0.430674 0.165963 0.427919 0.171273 0.424513 0.174847 0.420221 0.178162 0.418771 0.178250 0.418448 0.179407 0.419383 0.181315 0.416578 0.181977 0.402812 0.185380 0.398078 0.186685 0.397758 0.186514 0.396492 0.172000 0.394654 0.145375 0.398148 0.125875
5 0.352961 0.195505 0.355680 0.196185 0.365938 0.197935 0.371185 0.200458 0.375458 0.202222 0.376336 0.202815 0.375451 0.193111 0.376505 0.190417 0.347721 0.177264
5 0.376336 0.202815 0.375451 0.193111 0.376896 0.189514 0.380078 0.187329 0.382245 0.186042 0.385716 0.185273 0.389693 0.185273 0.395477 0.185014 0.398078 0.186685 0.401404 0.192727 0.402414 0.197222 0.403573 0.201338 0.404729 0.204037 0.406174 0.205833 0.412320 0.205833 0.416656 0.204037 0.414458 0.207574 0.409333 0.216870 0.406870 0.233856 0.406536 0.237833 0.405161 0.248500 0.396992 0.226523 0.395547 0.223870 0.393062 0.222329 0.380747 0.209657 0.379724 0.206880 0.379398 0.206106
2 0.388049 0.373972 0.388229 0.376759 0.388854 0.377778 0.390026 0.377685 0.390547 0.375000 0.394193 0.356389 0.400469 0.325324 0.403672 0.331157 0.403341 0.326120 0.401484 0.322546 0.406198 0.306481 0.402708 0.307361 0.399427 0.319444 0.392578 0.307130 0.391042 0.308704 0.398594 0.322222 0.394375 0.342176 0.390995 0.360366
8 0.416135 0.283509 0.420154 0.292306 0.427648 0.311023 0.428763 0.309597 0.429146 0.306931 0.429146 0.305319 0.420557 0.285866 0.418724 0.280866 0.413125 0.268333 0.405161 0.248500 0.396992 0.226523 0.395547 0.223870 0.393602 0.226269 0.398516 0.239130 0.404768 0.254912 0.410742 0.270046
2 0.363099 0.273704 0.367320 0.270481 0.362891 0.243333 0.363242 0.236764 0.364068 0.235977 0.364768 0.236227 0.365047 0.237222 0.370701 0.269421 0.382031 0.268181 0.384260 0.271287 0.385755 0.270069 0.385755 0.270282 0.388536 0.272500 0.395346 0.275509 0.383924 0.276074 0.379810 0.276009 0.371776 0.276940 0.365266 0.278977
1 0.395477 0.185014 0.393630 0.160106 0.392635 0.146125 0.394232 0.135250 0.399656 0.106324 0.401977 0.092773 0.402458 0.088167 0.402669 0.085917 0.403604 0.084685 0.404779 0.085917 0.405109 0.087579 0.398148 0.125875 0.394654 0.145375 0.396492 0.172000 0.397758 0.186514
2 0.408518 0.148583 0.412424 0.125991 0.414167 0.125435 0.422786 0.131824 0.424844 0.140481 0.415990 0.134324 0.414427 0.143630 0.411122 0.143630 0.410365 0.144537 0.410469 0.153981
1 0.500469 0.433333 0.498880 0.430787 0.497865 0.428287 0.497604 0.425741 0.498724 0.425787 0.499036 0.427454 0.499974 0.430139 0.500552 0.431250 0.502195 0.433708 0.502482 0.434120 0.502943 0.436620 0.503073 0.438426 0.503255 0.440602 0.503880 0.441157 0.504661 0.441157 0.505833 0.440694 0.506536 0.441250 0.506250 0.442778 0.506016 0.443056 0.502839 0.442685 0.501797 0.445093 0.501016 0.446806 0.499839 0.447912 0.498563 0.448144 0.497000 0.447773 0.493542 0.445324 0.488464 0.438750 0.486380 0.435417 0.485625 0.434074 0.485938 0.433241 0.486693 0.433565 0.490521 0.439676 0.493672 0.443333 0.495859 0.445509 0.497182 0.446111 0.498409 0.446389 0.499995 0.446014 0.501273 0.444352 0.501818 0.442917 0.499214 0.441528 0.498255 0.440556 0.495651 0.439722 0.493620 0.439583 0.492448 0.440185 0.491562 0.439676 0.491823 0.438519 0.493984 0.437824 0.495755 0.437963 0.499661 0.440000 0.501432 0.441250 0.502396 0.441343 0.502344 0.438935 0.502083 0.437454 0.501172 0.434398
8 0.443440 0.299630 0.446313 0.292296 0.447969 0.288009 0.450349 0.280005 0.451195 0.275273 0.451195 0.269963 0.448977 0.256986 0.447378 0.252917 0.447906 0.257491 0.447826 0.261435 0.447687 0.261861 0.448534 0.270611 0.448573 0.273764 0.447445 0.279144 0.443815 0.289829 0.442255 0.292852 0.441068 0.295634 0.438693 0.301852 0.437193 0.305958 0.436258 0.309519 0.437193 0.311185 0.438570 0.311514
10 0.372594 0.345898 0.371505 0.357644 0.371422 0.366120 0.371948 0.370315 0.371948 0.366093 0.373396 0.365838 0.374284 0.367417 0.374984 0.372398 0.375922 0.375963 0.377034 0.378194 0.380539 0.379935 0.383576 0.381023 0.387815 0.373884 0.388049 0.373972 0.390995 0.360366 0.384737 0.358731 0.378859 0.354329 0.375169 0.350343
2 0.523630 0.287602 0.515714 0.253454 0.516299 0.251171 0.518227 0.254069 0.525810 0.289167
1 0.372594 0.345898 0.369214 0.337009 0.367193 0.327653 0.366669 0.321019 0.366461 0.316681 0.366984 0.316681 0.369284 0.316620 0.370086 0.326847 0.372247 0.335833 0.374375 0.341347 0.379396 0.348477 0.383612 0.352815 0.387065 0.354921 0.391737 0.356222 0.390995 0.360366 0.384737 0.358731 0.378859 0.354329 0.375169 0.350343
1 0.438591 0.139273 0.438828 0.131019 0.440339 0.119815 0.441979 0.118565 0.442630 0.120880 0.441667 0.129907 0.440885 0.137546 0.440964 0.140787 0.441510 0.147963 0.443411 0.156667 0.443302 0.163542 0.442526 0.164120 0.440130 0.153981 0.438828 0.146898 0.439945 0.145065 0.439909 0.142708
7 0.400443 0.383574 0.387068 0.405333 0.386180 0.405755 0.384927 0.405333 0.384849 0.404472 0.385411 0.403611 0.382391 0.397144 0.380128 0.392417 0.379281 0.388546 0.383576 0.381023 0.388049 0.373972 0.388229 0.376759 0.388854 0.377778 0.390026 0.377685 0.390547 0.375000 0.392193 0.366532 0.396633 0.359722 0.397987 0.359727 0.398359 0.361648 0.396430 0.365028 0.401672 0.373769 0.401469 0.378370
2 0.325859 0.299213 0.342044 0.313134 0.350417 0.322671 0.356669 0.331565 0.372146 0.351185 0.372594 0.345898 0.369214 0.337009 0.360435 0.327463 0.349326 0.315097 0.337521 0.302736 0.331216 0.295514
10 0.374375 0.341347 0.378503 0.337194 0.382872 0.334356 0.386940 0.333981 0.387664 0.333981 0.387969 0.334537 0.393820 0.345255 0.391737 0.356222 0.387065 0.354921 0.383612 0.352815 0.379396 0.348477
5 0.382031 0.268181 0.370701 0.269421 0.365047 0.237222 0.366867 0.240375 0.370974 0.245852 0.376599 0.260884 0.377807 0.262394
5 0.363242 0.236764 0.361641 0.238796 0.360346 0.240722 0.360346 0.266690 0.363099 0.273704 0.367320 0.270481 0.362891 0.243333
5 0.395346 0.275509 0.398586 0.276880 0.382370 0.286009 0.376148 0.288157 0.383924 0.276074
5 0.491328 0.650741 0.485055 0.628185 0.479492 0.609755 0.477008 0.599194 0.475065 0.588250 0.479708 0.584218 0.485875 0.572755 0.493182 0.560870 0.502357 0.547833 0.514349 0.538176 0.516969 0.539676 0.526656 0.567051 0.528326 0.570306 0.533294 0.576069 0.540313 0.590755 0.541232 0.595171 0.540367 0.599875 0.527164 0.616639 0.514841 0.632574 0.513208 0.631690 0.510281 0.627051 0.506638 0.622347
5 0.532995 0.462903 0.536667 0.468278 0.548042 0.475954 0.561674 0.487569 0.559901 0.468495 0.558125 0.451569 0.556831 0.450838 0.555818 0.449722 0.554773 0.447676 0.553276 0.446194 0.545432 0.439681 0.544036 0.439625 0.542188 0.439810 0.540828 0.439810 0.538216 0.438690 0.535776 0.437208 0.534138 0.436398 0.525211 0.437449 0.525107 0.435287 0.533089 0.434542 0.536992 0.433856 0.540716 0.435944 0.541966 0.434440 0.542008 0.432648 0.541482 0.431644 0.540997 0.431282 0.540997 0.429421 0.540958 0.427769 0.540354 0.426551 0.540716 0.423755 0.540555 0.420958 0.539667 0.419523 0.538255 0.418088 0.537448 0.417014 0.537328 0.412352 0.526292 0.398181 0.523190 0.396940 0.522596 0.396634 0.520992 0.397815 0.514367 0.399731 0.507812 0.402583 0.504607 0.419074 0.519568 0.441338
5 0.559992 0.453481 0.561164 0.453667 0.564419 0.456167 0.568221 0.457463 0.571945 0.460333 0.575930 0.461028 0.578195 0.463111 0.579003 0.463713 0.579914 0.463204 0.580956 0.461630 0.588318 0.477634 0.590763 0.485644 0.592216 0.492491 0.593576 0.492616 0.592529 0.496208 0.590891 0.499185 0.588625 0.500421 0.588414 0.500856 0.589427 0.508231 0.589495 0.510463 0.588799 0.511949 0.588206 0.512819 0.577469 0.500856 0.563664 0.489019 0.561521 0.468389
5 0.461901 0.434685 0.466083 0.429046 0.469430 0.423657 0.471138 0.419810 0.473859 0.409278 0.475531 0.404255 0.481878 0.430162 0.488078 0.462801 0.489753 0.475880 0.490833 0.482324 0.495706 0.499083 0.498779 0.511380 0.496695 0.513926 0.493464 0.517208 0.491018 0.518505 0.489479 0.518319 0.487667 0.515222 0.487154 0.511792 0.486823 0.511042 0.485255 0.512486 0.480797 0.513292 0.478266 0.513986 0.475615 0.498833 0.473224 0.479713 0.471375 0.468250 0.464937 0.447306
5 0.461549 0.433458 0.465794 0.427856 0.469049 0.422903 0.470742 0.419199 0.473477 0.408829 0.474701 0.405065 0.471477 0.406991 0.470904 0.405278 0.471115 0.403565 0.471958 0.402759 0.475122 0.401366 0.471237 0.383227 0.470026 0.383296 0.468656 0.383727 0.467646 0.385880 0.466315 0.385736 0.465065 0.385736 0.463693 0.387241 0.460266 0.389681 0.456635 0.393407 0.456586 0.400884 0.457193 0.403181 0.457708 0.411204 0.457932 0.422708
5 0.441648 0.547213 0.440359 0.549694 0.439591 0.550125 0.437779 0.548639 0.435164 0.545356 0.432445 0.537981 0.432201 0.536366 0.434328 0.525028 0.436180 0.515241 0.436823 0.511870 0.441865 0.504699 0.445573 0.497671 0.446948 0.492792 0.448760 0.484759 0.449810 0.482606 0.452641 0.478745 0.454979 0.478745 0.456029 0.490940 0.456714 0.506583 0.448604 0.545880 0.446547 0.542843 0.443966 0.542630 0.441867 0.542630 0.440255 0.541194 0.437714 0.540838 0.438521 0.543773 0.439487 0.547148 0.441667 0.546356
5 0.360346 0.240722 0.360346 0.266690 0.358760 0.265366 0.357687 0.267023 0.357359 0.268769 0.361513 0.278722 0.362214 0.284116 0.360115 0.288597 0.359320 0.290921 0.357781 0.291167 0.356753 0.294236 0.355214 0.295153 0.355154 0.296653 0.355909 0.300495 0.357581 0.302509 0.359578 0.305491 0.357042 0.307787 0.353911 0.311630 0.351372 0.313556 0.348891 0.313162 0.344083 0.299630 0.340732 0.289069 0.341003 0.284074 0.339331 0.279088 0.337549 0.274000 0.337333 0.271213 0.338305 0.269005 0.331635 0.252958 0.330516 0.251435 0.329758 0.249310 0.330516 0.243338 0.328956 0.226343 0.328672 0.218884 0.329714 0.217032 0.331771 0.194532 0.331276 0.193005 0.336456 0.188375 0.338281 0.189255 0.339818 0.191204 0.341016 0.192218 0.355680 0.196185 0.365938 0.197935 0.371185 0.200458 0.375458 0.202222 0.376336 0.202815 0.379398 0.206106 0.379724 0.206880 0.380747 0.209657 0.393062 0.222329 0.395547 0.223870 0.393602 0.226269 0.398516 0.239130 0.404768 0.254912 0.410742 0.270046 0.398586 0.276880 0.388536 0.272500 0.385755 0.270282 0.385755 0.270069 0.384260 0.271287 0.377807 0.262394 0.376599 0.260884 0.370974 0.245852 0.366867 0.240375 0.365047 0.237222 0.364768 0.236227 0.364068 0.235977 0.361641 0.238796
5 0.556630 0.505819 0.550135 0.507611 0.539083 0.509546 0.531982 0.511269 0.528393 0.513060 0.523755 0.513491 0.521375 0.514208 0.516849 0.517380 0.512229 0.519537 0.509661 0.519866 0.507096 0.521366 0.504013 0.521949 0.501354 0.524269 0.493888 0.527009 0.492953 0.528417 0.494680 0.535639 0.496737 0.538125 0.499068 0.539616 0.500750 0.540528 0.501497 0.540866 0.504482 0.538037 0.508216 0.533894 0.511669 0.533644 0.515263 0.534310 0.517365 0.535056 0.521516 0.532315 0.525294 0.531486 0.529266 0.528833 0.531831 0.527338 0.536872 0.527593 0.537805 0.527176 0.543125 0.527833 0.547654 0.523440 0.550359 0.521949 0.550966 0.519866 0.557174 0.518296 0.559396 0.512958 0.561776 0.514532 0.558289 0.508468
5 0.446560 0.594116 0.459359 0.557343 0.462924 0.629250 0.462924 0.629250
5 0.502482 0.434120 0.502943 0.436620 0.503073 0.438426 0.503255 0.440602 0.503880 0.441157 0.504661 0.441157 0.505833 0.440694 0.506536 0.441250 0.506250 0.442778 0.506016 0.443056 0.506536 0.444537 0.507240 0.445093 0.508672 0.446157 0.509401 0.445833 0.510130 0.446481 0.510703 0.446111 0.510833 0.447731 0.511328 0.448426 0.512708 0.449352 0.514167 0.449306 0.516510 0.448565 0.518620 0.448611 0.519687 0.447639 0.519531 0.447306 0.504068 0.423333
5 0.473802 0.485046 0.470310 0.488796 0.465456 0.492778 0.463729 0.494773 0.463542 0.496514 0.465128 0.501079 0.467089 0.506222 0.468349 0.509208 0.468490 0.512611 0.467695 0.518088 0.466341 0.523477 0.465643 0.525718 0.464430 0.527875 0.463776 0.528458 0.464430 0.530282 0.462539 0.533935 0.460789 0.499588 0.463570 0.486894 0.468310 0.458426 0.471375 0.468250 0.473224 0.479713
5 0.464070 0.354222 0.464206 0.359523 0.466927 0.364764 0.469872 0.371866 0.473044 0.378144 0.475232 0.380782 0.476854 0.382421 0.477456 0.370565 0.477464 0.369477 0.471693 0.356056
10 0.587109 0.753519 0.587083 0.772565 0.585935 0.772069 0.585378 0.773310 0.584617 0.778514 0.590240 0.777181 0.591802 0.777736 0.593427 0.776069 0.596424 0.773185 0.598974 0.773435 0.597437 0.765065 0.597927 0.762338 0.596078 0.752421 0.598909 0.741278 0.597828 0.725185 0.597557 0.723134 0.590240 0.736745 0.590552 0.737083 0.589896 0.737778 0.589617 0.737519 0.586674 0.743028 0.594870 0.755139 0.595104 0.756852 0.593281 0.759306 0.592370 0.759861 0.590807 0.759213
7 0.550966 0.519866 0.557174 0.518296 0.548951 0.538606 0.533643 0.576935 0.533294 0.576069 0.528326 0.570306 0.526656 0.567051 0.516969 0.539676 0.514349 0.538176 0.511669 0.533644 0.515263 0.534310 0.517365 0.535056 0.521516 0.532315 0.525294 0.531486 0.529266 0.528833 0.531831 0.527338 0.536872 0.527593 0.537805 0.527176 0.543125 0.527833 0.547654 0.523440 0.550359 0.521949
2 0.503219 0.466866 0.505128 0.471472 0.505469 0.473241 0.506719 0.474861 0.508031 0.475917 0.512185 0.483806 0.512388 0.487463 0.511380 0.494778 0.510250 0.501375 0.506135 0.521523 0.504013 0.521949 0.502625 0.519801 0.508313 0.488468 0.507547 0.487389 0.507346 0.485884 0.507224 0.485454 0.500836 0.476912 0.501656 0.474088
2 0.462539 0.533935 0.470135 0.518708 0.475266 0.515731 0.478266 0.513986 0.480797 0.513292 0.487630 0.513907 0.487667 0.515222 0.487146 0.516787 0.483904 0.519954 0.479802 0.522931 0.476831 0.528213 0.474456 0.533972 0.471635 0.535560 0.465383 0.540005 0.463164 0.545884
2 0.458385 0.537130 0.455953 0.540157 0.453526 0.542560 0.446531 0.581366 0.445219 0.581366 0.443286 0.580884 0.442484 0.585037 0.446560 0.594116 0.459359 0.557343
1 0.339331 0.279088 0.321857 0.291005 0.324984 0.299880 0.340732 0.289069 0.341003 0.284074
2 0.570953 0.495394 0.577469 0.500856 0.588206 0.512819 0.591982 0.515444 0.592521 0.510833 0.598352 0.512083 0.597706 0.517361 0.602240 0.519093 0.601971 0.524565 0.586193 0.518583 0.597651 0.537167 0.594724 0.539250 0.590552 0.533370 0.586430 0.530264 0.585430 0.530264 0.580555 0.530264 0.579992 0.529819 0.578495 0.531375 0.576120 0.531926 0.574544 0.530394 0.570055 0.517426 0.566852 0.517523 0.563896 0.512477 0.565094 0.509977 0.566969 0.507847 0.568609 0.504606 0.570615 0.501181 0.572359 0.499838
2 0.496039 0.501176 0.500781 0.505523 0.503318 0.506866 0.504732 0.507995 0.502625 0.519801 0.504013 0.521949 0.501354 0.524269 0.493888 0.527009 0.479299 0.531042 0.474456 0.533972 0.476831 0.528213 0.479802 0.522931 0.483904 0.519954 0.487146 0.516787 0.487667 0.515222 0.489479 0.518319 0.491018 0.518505 0.493464 0.517208 0.496695 0.513926 0.498779 0.511380
2 0.433773 0.565130 0.440271 0.563796 0.443018 0.563796 0.444893 0.566019 0.442706 0.578069 0.442625 0.580477 0.443286 0.580884 0.442484 0.585037
2 0.608727 0.720824 0.616042 0.722130 0.620383 0.715616 0.619159 0.713819 0.610185 0.699898 0.599383 0.697977 0.600237 0.706162
2 0.553969 0.707204 0.557516 0.708792 0.559151 0.709241 0.560417 0.711491 0.561250 0.714870 0.561875 0.715759 0.564060 0.717532 0.564872 0.718644 0.566232 0.719954 0.563685 0.725088 0.560438 0.732528 0.552315 0.725977 0.552102 0.721315 0.552758 0.720301 0.557190 0.713861
1 0.526753 0.513042 0.525513 0.457269 0.529831 0.464273 0.531182 0.511894 0.528393 0.513060
5 0.367656 0.350231 0.364935 0.349995 0.361901 0.347093 0.360409 0.343440 0.358727 0.340370 0.357607 0.339125 0.357794 0.335394 0.357094 0.333898 0.354201 0.332903 0.350888 0.331079 0.346594 0.331907 0.343372 0.335060 0.342393 0.339792 0.342253 0.345431 0.354154 0.375718 0.356628 0.380444 0.361435 0.384264 0.364469 0.384097 0.374596 0.383597 0.376930 0.383597 0.377302 0.380194 0.377034 0.378194 0.375922 0.375963 0.374984 0.372398 0.374284 0.367417 0.373396 0.365838 0.371948 0.366093 0.371948 0.370315 0.371422 0.366120 0.371505 0.357644 0.371693 0.356019
5 0.363357 0.396921 0.385711 0.424282 0.387052 0.422681 0.387367 0.421301 0.388875 0.418019 0.390232 0.416625 0.393747 0.415750 0.397833 0.412884 0.393813 0.404208 0.391706 0.397787 0.387068 0.405333 0.386180 0.405755 0.384927 0.405333 0.384849 0.404472 0.385411 0.403611 0.382391 0.397144 0.380797 0.400667 0.381339 0.405560 0.380565 0.407356 0.379151 0.401838 0.376893 0.399829 0.374151 0.403778 0.371688 0.405560 0.371164 0.403958 0.372185 0.402708 0.374133 0.398593 0.373221 0.397671 0.372779 0.396278 0.372573 0.393264 0.372990 0.389519 0.372734 0.387870 0.371870 0.385227 0.371794 0.383704 0.364469 0.384097 0.361435 0.384264 0.356628 0.380444
1 0.375273 0.383532 0.376966 0.385384 0.377539 0.386171 0.378607 0.385292 0.380039 0.385292 0.381003 0.385616 0.379281 0.388546 0.380128 0.392417 0.382391 0.397144 0.380797 0.400667 0.381339 0.405560 0.380565 0.407356 0.379151 0.401838 0.376893 0.399829 0.374151 0.403778 0.371688 0.405560 0.371164 0.403958 0.372185 0.402708 0.374133 0.398593 0.373221 0.397671 0.372779 0.396278 0.372573 0.393264 0.372990 0.389519 0.372734 0.387870 0.371870 0.385227 0.371794 0.383704
5 0.431609 0.168870 0.431021 0.171028 0.431068 0.175588 0.431956 0.177995 0.433122 0.179241 0.434383 0.179903 0.434661 0.181315 0.434055 0.182644 0.431956 0.184384 0.430414 0.185046 0.427237 0.182986 0.427057 0.182449 0.425943 0.181486 0.423411 0.181056 0.422326 0.186199 0.420815 0.184935 0.417430 0.183685 0.418549 0.188083 0.421414 0.189056 0.421750 0.189417 0.421255 0.197241 0.420560 0.197347 0.417133 0.190977 0.412763 0.182889 0.416578 0.181977 0.419383 0.181315 0.418448 0.179407 0.418771 0.178250 0.420221 0.178162 0.424513 0.174847 0.427919 0.171273 0.430674 0.165963 0.431281 0.166634
2 0.344620 0.320014 0.341831 0.320324 0.339807 0.337370 0.342253 0.345431 0.342393 0.339792 0.343372 0.335060 0.346594 0.331907 0.350888 0.331079 0.354201 0.332903 0.357094 0.333898 0.357794 0.335394 0.357607 0.339125 0.358727 0.340370 0.360146 0.342667 0.363005 0.339630 0.358344 0.333588
2 0.355909 0.300495 0.363687 0.299782 0.363917 0.296565 0.382370 0.286009 0.376148 0.288157 0.372490 0.288903 0.365862 0.290227 0.356753 0.294236 0.355214 0.295153 0.355154 0.296653
2 0.429953 0.419134 0.430763 0.410495 0.433086 0.397824 0.434273 0.390431 0.434977 0.382079 0.434977 0.377856 0.435786 0.376417 0.438216 0.376417 0.439674 0.377954 0.441617 0.376417 0.443990 0.376380 0.444995 0.376083 0.446081 0.374597 0.447667 0.372671 0.451984 0.368162 0.454253 0.365375 0.457279 0.363745 0.459870 0.364704 0.466549 0.370407 0.469583 0.372866 0.471409 0.376060 0.473044 0.378144 0.475232 0.380782 0.476854 0.382421 0.476669 0.385181 0.473229 0.383606 0.468568 0.379620 0.464971 0.376194 0.461380 0.373880 0.459685 0.372731 0.456227 0.371648 0.451828 0.375912 0.448497 0.383528 0.445018 0.399718 0.442401 0.411935 0.438771 0.425819 0.436714 0.434153 0.434651 0.437704 0.432714 0.437032 0.431401 0.429032
1 0.462906 0.467245 0.465771 0.450181 0.468310 0.458426 0.463570 0.486894 0.460789 0.499588 0.460182 0.484384 0.461878 0.474634 0.462383 0.476815 0.463422 0.477375 0.464492 0.476912 0.464622 0.475199
2 0.558583 0.503449 0.563401 0.497431 0.567828 0.494282 0.569339 0.493773 0.570953 0.495394 0.572359 0.499838 0.570615 0.501181 0.568609 0.504606 0.566969 0.507847 0.565094 0.509977 0.563896 0.512477
1 0.555310 0.434569 0.558125 0.451569 0.559901 0.468495 0.561674 0.487569 0.562357 0.494296 0.563201 0.494722 0.563714 0.494509 0.563984 0.493921 0.563664 0.489019 0.561521 0.468389 0.559992 0.453481 0.557385 0.437241
1 0.552615 0.420120 0.546443 0.394444 0.543419 0.382042 0.542208 0.375083 0.540128 0.372102 0.538953 0.370616 0.537549 0.370250 0.536768 0.370106 0.534891 0.369690 0.532003 0.367560 0.535831 0.367560 0.539737 0.368769 0.541974 0.371176 0.543539 0.374926 0.544891 0.381361 0.549297 0.399088 0.554198 0.420255 0.554688 0.422657
1 0.532557 0.325560 0.540526 0.328292 0.546932 0.329866 0.556490 0.332551 0.557036 0.334171 0.556802 0.336440 0.556516 0.337736 0.533479 0.330116 0.530927 0.328426 0.526151 0.326023 0.525813 0.321116 0.530242 0.324671
1 0.545339 0.383426 0.562875 0.399616 0.549141 0.381250 0.543875 0.376866
1 0.522047 0.371593 0.529948 0.359491 0.529818 0.353611 0.526151 0.326023 0.525813 0.321116 0.523177 0.309444 0.519714 0.302917 0.515938 0.298935 0.512969 0.297639 0.516589 0.302639 0.518281 0.304306 0.520885 0.309028 0.523490 0.317963 0.524062 0.325417 0.526224 0.342500 0.527630 0.356944 0.519427 0.369815 0.516224 0.373426 0.514583 0.374861 0.516172 0.376194
2 0.548930 0.397440 0.565773 0.427278 0.579214 0.451208 0.580122 0.452458 0.583299 0.449681 0.582969 0.446157 0.573977 0.432319 0.566167 0.418431 0.552544 0.393509 0.548594 0.386537 0.545339 0.383426
1 0.551055 0.406810 0.559336 0.417875 0.565773 0.427278 0.575471 0.444449 0.581146 0.455787 0.572031 0.444120 0.571172 0.443009 0.563750 0.429861 0.552656 0.413565
1 0.581693 0.458056 0.586536 0.468889 0.589297 0.473981 0.594245 0.480417 0.598125 0.485231 0.603490 0.493935 0.607057 0.500741 0.597474 0.488380 0.591719 0.481806 0.588318 0.477634 0.580956 0.461630
1 0.490682 0.392199 0.493021 0.384444 0.488646 0.378657 0.484557 0.373009 0.483776 0.376759 0.483307 0.376065 0.483385 0.373102 0.484010 0.371204 0.483542 0.369167 0.483542 0.364491 0.482708 0.359074 0.483594 0.359444 0.484687 0.362130 0.485234 0.366157 0.485208 0.369074 0.485130 0.370602 0.489401 0.373704 0.495339 0.376250 0.495938 0.376620 0.497969 0.374028 0.495911 0.373009 0.492266 0.369028 0.491615 0.368009 0.491693 0.366620 0.492786 0.366528 0.494089 0.368102 0.496406 0.370139 0.497995 0.370833 0.499115 0.370324 0.501016 0.371713 0.500078 0.373148 0.502422 0.376574 0.503281 0.378426 0.504115 0.377361 0.504245 0.375972 0.504792 0.375093 0.505573 0.375648 0.505677 0.378333 0.506068 0.378889 0.506875 0.377083 0.507578 0.377731 0.506563 0.380602 0.504922 0.382176 0.503880 0.381111 0.503333 0.383380 0.500630 0.385486 0.498672 0.382917 0.497734 0.386157 0.498255 0.387222 0.496380 0.388287 0.494036 0.385509 0.492292 0.391019
1 0.491820 0.290426 0.492802 0.288667 0.495487 0.288111 0.498799 0.290032 0.500995 0.290032 0.502458 0.291148 0.504760 0.292449 0.504401 0.294722 0.503099 0.301991 0.501458 0.311944 0.497109 0.309630 0.494510 0.308560 0.494930 0.311227 0.492245 0.310051 0.489490 0.308560 0.490956 0.297593 0.491583 0.293690 0.492245 0.291829 0.491339 0.291394
1 0.504013 0.312491 0.509823 0.316292 0.510466 0.318083 0.510831 0.322384 0.512237 0.331699 0.510745 0.333995 0.509940 0.335213 0.507398 0.332060 0.506672 0.333134 0.508891 0.336792 0.506914 0.340593 0.504049 0.345829 0.502776 0.349477 0.502138 0.353449 0.502607 0.353593 0.503464 0.349375 0.504557 0.346417 0.506836 0.342185 0.508138 0.339685 0.509768 0.337431 0.513883 0.342569 0.515188 0.343495 0.515602 0.343495 0.518451 0.347023 0.519115 0.345463 0.521445 0.338375 0.521914 0.336685 0.521583 0.332667 0.522096 0.327306 0.522125 0.324111 0.523242 0.322949 0.523490 0.317963 0.520885 0.309028 0.518281 0.304306 0.516589 0.302639 0.512969 0.297639 0.510802 0.295319 0.509508 0.294731 0.507729 0.294519 0.507062 0.294204
5 0.488464 0.438750 0.487143 0.439130 0.484216 0.433861 0.482263 0.432500 0.481878 0.430162 0.477393 0.412116 0.478786 0.403245 0.489927 0.396204 0.494661 0.406880 0.501536 0.419213 0.500990 0.420370 0.499948 0.422639 0.498154 0.422889 0.498023 0.415157 0.497945 0.413352 0.497607 0.412750 0.497138 0.413444 0.497008 0.417981 0.497112 0.422704 0.492604 0.421065 0.491823 0.421019 0.491406 0.422176 0.491484 0.423565 0.492214 0.424815 0.494036 0.425694 0.497604 0.425741 0.497865 0.428287 0.498880 0.430787 0.500469 0.433333 0.499661 0.440000 0.495755 0.437963 0.493984 0.437824 0.491823 0.438519 0.491562 0.439676 0.492448 0.440185 0.493620 0.439583 0.495651 0.439722 0.498255 0.440556 0.499214 0.441528 0.497182 0.446111 0.495859 0.445509 0.493672 0.443333 0.490521 0.439676 0.486693 0.433565 0.485938 0.433241 0.485625 0.434074 0.486380 0.435417
1 0.505633 0.457532 0.521146 0.458153 0.522680 0.461560 0.525852 0.471787 0.525503 0.458398 0.523831 0.455241 0.521565 0.454245 0.514557 0.453449 0.514557 0.455273 0.504312 0.454417 0.505719 0.455537
2 0.446560 0.456347 0.443427 0.436569 0.441430 0.428315 0.440943 0.424380 0.441482 0.419384 0.442076 0.418616 0.444021 0.422648 0.445370 0.424088 0.446289 0.429657 0.446451 0.432250 0.449042 0.437819 0.450771 0.442329 0.451810 0.447676 0.449995 0.451981 0.448422 0.458648
2 0.446750 0.391407 0.448497 0.383528 0.451828 0.375912 0.453310 0.420509
5 0.411427 0.401597 0.408536 0.408218 0.401086 0.412023 0.397833 0.412884 0.393813 0.404208 0.391706 0.397787 0.400443 0.383574 0.400182 0.386389 0.400964 0.390278 0.401693 0.391435 0.402995 0.391713 0.404245 0.390231 0.404375 0.389028 0.403411 0.386944 0.403341 0.380843 0.408862 0.381435 0.409112 0.389023 0.409112 0.394671 0.410953 0.399875
5 0.463164 0.545884 0.465383 0.540005 0.471635 0.535560 0.479299 0.531042 0.493888 0.527009 0.492953 0.528417 0.494680 0.535639 0.496737 0.538125 0.499068 0.539616 0.500750 0.540528 0.501497 0.540866 0.504482 0.538037 0.508216 0.533894 0.511669 0.533644 0.514349 0.538176 0.502357 0.547833 0.493182 0.560870 0.485875 0.572755 0.479708 0.584218 0.475065 0.588250 0.477008 0.599194 0.479492 0.609755 0.485055 0.628185 0.491328 0.650741 0.480758 0.670282 0.470898 0.648759 0.464281 0.632694 0.467862 0.633727 0.466911 0.617144 0.465344 0.586412
2 0.539805 0.858139 0.541380 0.866231 0.558622 0.864519 0.565010 0.863583 0.573500 0.854560 0.572682 0.847824 0.570247 0.848046 0.568622 0.848269 0.566747 0.845046 0.564060 0.845491
13 0.480758 0.670282 0.506638 0.622347 0.510281 0.627051 0.513208 0.631690 0.515927 0.633181 0.521471 0.633000 0.522518 0.635417 0.526279 0.648769 0.527125 0.652264 0.543831 0.685282 0.547445 0.702093 0.550258 0.699866 0.557190 0.713861 0.552758 0.720301 0.524378 0.766991 0.520128 0.781977 0.505885 0.726227
5 0.592818 0.495194 0.614688 0.536287 0.622578 0.592782 0.617138 0.585792 0.613208 0.575838 0.607521 0.566014 0.601500 0.557694 0.599076 0.554120 0.598990 0.551301 0.598073 0.546394 0.596479 0.542227 0.594724 0.539250 0.597651 0.537167 0.586193 0.518583 0.601971 0.524565 0.602240 0.519093 0.597706 0.517361 0.598352 0.512083 0.592521 0.510833 0.591982 0.515444 0.588206 0.512819 0.588799 0.511949 0.589495 0.510463 0.589427 0.508231 0.588414 0.500856 0.588625 0.500421 0.590891 0.499185 0.592529 0.496208
2 0.580951 0.683856 0.602880 0.723398 0.639474 0.784389 0.643823 0.779713 0.621849 0.743782 0.587846 0.684699 0.587427 0.686000 0.586805 0.685810 0.585867 0.684421 0.585060 0.683356 0.584224 0.682389 0.583779 0.681690
2 0.598951 0.682755 0.619159 0.713819 0.620383 0.715616 0.625612 0.708306 0.630841 0.699009 0.616232 0.649532 0.610089 0.652870 0.603750 0.656398 0.598820 0.659616 0.597604 0.660519 0.597526 0.671537 0.597987 0.676579
1 0.622073 0.645796 0.629568 0.678343 0.641586 0.722611 0.643896 0.746602 0.637958 0.724829 0.630841 0.699009 0.618974 0.658625 0.620331 0.658625 0.620276 0.656958 0.619940 0.654648 0.619602 0.652380 0.618818 0.649880 0.617883 0.648028 0.616945 0.645708 0.616216 0.644185 0.615250 0.642889 0.614234 0.641866 0.614104 0.641639 0.615406 0.641037 0.616555 0.640292 0.617255 0.639412 0.618294 0.638880 0.621258 0.646315
16 0.620383 0.715616 0.616042 0.722130 0.614693 0.724532 0.613234 0.728755 0.621849 0.743782 0.638021 0.770037 0.640937 0.763602 0.644448 0.754097 0.643896 0.746602 0.637958 0.724829 0.630841 0.699009 0.625763 0.707921
16 0.611685 0.738069 0.611195 0.752014 0.612206 0.761620 0.613706 0.767324 0.615693 0.771852 0.616391 0.772838 0.618237 0.768500 0.623573 0.757907
16 0.618385 0.770880 0.620661 0.765662 0.624073 0.758903 0.633943 0.775106 0.628708 0.784366 0.626677 0.786218 0.623943 0.786079 0.623031 0.783116 0.624984 0.781403 0.620505 0.769458
5 0.544201 0.734366 0.538997 0.748926 0.537263 0.751648 0.536456 0.758389 0.535971 0.762264 0.534924 0.765778 0.534036 0.768000 0.533352 0.770509 0.533310 0.771153 0.535932 0.770509 0.539078 0.768718 0.543273 0.766565 0.548357 0.766134 0.549242 0.766708 0.548276 0.768069 0.556706 0.769792 0.561138 0.774620 0.562445 0.777194 0.563148 0.782171 0.563193 0.787231 0.562076 0.790051 0.559383 0.798060 0.558078 0.803782 0.557521 0.809343 0.553430 0.821296 0.550674 0.827347 0.549380 0.828880 0.547758 0.828208 0.539010 0.820528 0.552076 0.798519 0.546589 0.799954 0.543242 0.801389 0.540943 0.801315 0.539370 0.800597 0.536344 0.798593 0.534164 0.797731 0.525169 0.800597 0.520128 0.781977 0.524378 0.766991
5 0.525169 0.800597 0.535008 0.837829 0.538070 0.839940 0.547440 0.840718 0.554878 0.841718 0.560500 0.841051 0.561375 0.843940 0.564060 0.845491 0.566747 0.845046 0.568622 0.848269 0.570247 0.848046 0.572682 0.847824 0.572120 0.834718 0.573370 0.822500 0.577432 0.813505 0.586492 0.802282 0.609547 0.776403 0.605672 0.774292 0.601237 0.773514 0.596424 0.773185 0.593427 0.776069 0.587990 0.781181 0.584305 0.785403 0.582742 0.791176 0.582117 0.794509 0.579555 0.791620 0.575745 0.787954 0.571557 0.785847 0.568060 0.787625 0.565185 0.787625 0.563193 0.787231 0.562750 0.788509 0.567935 0.800731 0.561813 0.807505 0.558938 0.799620 0.558078 0.803782 0.557521 0.809343 0.553430 0.821296 0.550674 0.827347 0.549380 0.828880 0.547758 0.828208 0.539010 0.820528 0.552076 0.798519 0.546589 0.799954 0.543242 0.801389 0.540943 0.801315 0.539370 0.800597 0.536344 0.798593 0.534164 0.797731
2 0.538586 0.749620 0.545323 0.766398 0.548357 0.766134 0.549242 0.766708 0.548276 0.768069 0.555727 0.769657 0.550966 0.758190 0.549698 0.758463 0.549698 0.754926 0.542672 0.738769 0.538997 0.748926
7 0.543831 0.685282 0.542005 0.679880 0.540943 0.676102 0.539943 0.672662 0.539943 0.668551 0.539380 0.664884 0.538758 0.661773 0.537258 0.656333 0.536008 0.651667 0.535133 0.648889 0.534008 0.651000 0.532883 0.653778 0.531570 0.655222 0.530073 0.655778 0.529760 0.654000 0.529698 0.652778 0.527948 0.650444 0.527260 0.648778 0.524010 0.640560 0.527125 0.652264 0.526279 0.648769 0.522518 0.635417 0.521471 0.633000 0.515927 0.633181 0.514841 0.632574 0.527164 0.616639 0.540367 0.599875 0.541232 0.595171 0.540313 0.590755 0.536560 0.583301 0.563107 0.516907 0.572076 0.531486 0.573565 0.535292 0.575172 0.546194 0.580206 0.578907 0.580479 0.581153 0.582497 0.582435 0.576398 0.543694 0.574544 0.530394 0.576120 0.531926 0.578495 0.531375 0.579992 0.529819 0.580555 0.530264 0.585430 0.530264 0.586430 0.530264 0.590552 0.533370 0.594724 0.539250 0.596479 0.542227 0.598073 0.546394 0.598990 0.551301 0.599076 0.554120 0.601500 0.557694 0.607521 0.566014 0.613208 0.575838 0.617138 0.585792 0.622578 0.592782 0.625917 0.612347 0.624917 0.612125 0.624542 0.612903 0.624479 0.615681 0.623604 0.617343 0.623417 0.617676 0.626854 0.625787 0.618294 0.638880 0.617255 0.639412 0.616555 0.640292 0.615406 0.641037 0.614104 0.641639 0.614234 0.641866 0.615250 0.642889 0.616216 0.644185 0.616945 0.645708 0.617883 0.648028 0.618818 0.649880 0.619602 0.652380 0.619940 0.654648 0.620276 0.656958 0.620331 0.658625 0.618974 0.658625 0.619107 0.655667 0.617357 0.650111 0.615669 0.646333 0.614008 0.643495 0.598820 0.659616 0.597604 0.660519 0.596424 0.662329 0.594615 0.663884 0.591615 0.672218 0.591490 0.673329 0.592927 0.674880 0.593615 0.675213 0.597549 0.672551 0.597674 0.674213 0.594302 0.676213 0.592927 0.676213 0.591240 0.674435 0.592552 0.693208 0.591240 0.690097 0.590552 0.675546 0.589615 0.678546 0.589177 0.682435 0.588740 0.684769 0.588552 0.685769 0.587846 0.684699 0.587427 0.686000 0.586805 0.685810 0.585867 0.684421 0.585060 0.683356 0.584224 0.682389 0.583779 0.681690 0.580951 0.683856 0.587240 0.695097 0.586805 0.704759 0.586742 0.709426 0.589740 0.709981 0.592865 0.709870 0.594615 0.709870 0.594365 0.710870 0.590552 0.711315 0.589302 0.724421 0.587927 0.731972 0.587055 0.734528 0.589990 0.736417 0.590552 0.737083 0.589896 0.737778 0.586242 0.735750 0.583242 0.742083 0.581492 0.746190 0.581305 0.747523 0.582805 0.748634 0.583242 0.749968 0.582680 0.752523 0.581867 0.762852 0.580680 0.769852 0.579867 0.773625 0.578932 0.779625 0.579555 0.780181 0.584617 0.778514 0.590240 0.777181 0.591802 0.777736 0.590802 0.778625 0.588615 0.778736 0.583367 0.780625 0.579930 0.781292 0.578745 0.781069 0.577932 0.780736 0.577932 0.780403 0.574932 0.781181 0.573620 0.783847 0.571557 0.785847 0.568060 0.787625 0.565185 0.787625 0.563193 0.787231 0.563148 0.782171 0.562445 0.777194 0.561138 0.774620 0.556352 0.753014 0.557052 0.753208 0.556458 0.750616 0.553380 0.742264 0.552315 0.725977 0.560438 0.732528 0.563685 0.725088 0.565622 0.727088 0.566622 0.723421 0.571745 0.713981 0.569060 0.709648 0.564872 0.718644 0.564060 0.717532 0.568497 0.708537 0.565810 0.704870 0.561875 0.715759 0.561250 0.714870 0.565310 0.703537 0.562438 0.700097 0.559948 0.627917 0.555677 0.621046 0.557125 0.693875 0.549065 0.697542 0.550258 0.699866 0.547445 0.702093
2 0.593911 0.710866 0.597740 0.722301 0.597557 0.723134 0.590240 0.736745 0.589990 0.736417 0.587055 0.734528 0.587927 0.731972 0.589302 0.724421 0.590552 0.711315
10 0.602477 0.722699 0.604349 0.756801 0.605977 0.753898 0.607570 0.751574 0.608596 0.751324 0.609664 0.753398 0.610135 0.755472 0.610089 0.758463 0.609529 0.761449 0.608969 0.763523 0.607990 0.762940 0.608362 0.770657 0.608362 0.771403 0.607570 0.770824 0.607143 0.769662 0.607284 0.767255 0.607143 0.764769 0.606164 0.763023 0.605326 0.762694 0.606682 0.774806 0.605672 0.774292 0.602456 0.773787 0.601823 0.766292 0.601099 0.766134 0.600096 0.759620 0.600346 0.759194 0.601284 0.758639 0.599435 0.734889 0.598122 0.714889
5 0.297013 0.203889 0.288721 0.187306 0.294810 0.183389 0.308674 0.177398 0.311911 0.175097 0.316057 0.171644 0.321370 0.171644 0.331484 0.192037 0.343005 0.212407 0.357388 0.241662 0.371185 0.271329 0.373984 0.280079 0.374555 0.283259 0.376224 0.285444 0.376458 0.288046 0.372870 0.284847 0.369734 0.282472 0.366146 0.278491 0.361979 0.280648 0.359266 0.284731 0.335143 0.254995 0.306938 0.217222
5 0.357547 0.158755 0.356435 0.154731 0.355596 0.153046 0.355523 0.149398 0.359219 0.149204 0.362883 0.148806 0.362883 0.147792 0.358784 0.143718 0.358755 0.142060 0.361227 0.140282 0.364388 0.132481 0.363685 0.130005 0.362427 0.128514 0.362516 0.125519 0.365508 0.125852 0.372786 0.132907 0.378664 0.138218 0.384917 0.144190 0.389536 0.148009 0.395753 0.153481 0.403409 0.161954 0.415229 0.173750 0.423760 0.180292 0.433701 0.189894 0.442901 0.199713 0.447419 0.204171 0.447044 0.206278 0.448794 0.213167 0.449609 0.219051 0.456609 0.225056 0.455227 0.227278 0.454115 0.228287 0.453177 0.229907 0.451172 0.228051 0.449734 0.227046 0.447943 0.231296 0.446706 0.239412 0.439331 0.231185 0.439766 0.240181 0.440266 0.249509 0.434219 0.242505 0.424984 0.232806 0.411701 0.218213 0.396148 0.201894 0.379083 0.182597 0.362451 0.164551
5 0.384917 0.144190 0.377315 0.135782 0.371388 0.129644 0.368401 0.126907 0.368401 0.125662 0.370081 0.123171 0.374234 0.120435 0.375401 0.119190 0.376521 0.112801 0.377409 0.110560 0.381047 0.102597 0.383055 0.102264 0.383570 0.102500 0.384411 0.103250 0.410234 0.129417 0.441930 0.159255 0.468906 0.185454 0.466456 0.189551 0.466456 0.189551 0.465057 0.192620 0.463003 0.198014 0.461883 0.200171 0.461229 0.200088 0.460622 0.199009 0.459596 0.200333 0.460016 0.202412 0.458661 0.206560 0.456328 0.208051 0.456281 0.209546 0.454010 0.212546 0.447419 0.204171 0.442901 0.199713 0.433701 0.189894 0.423760 0.180292 0.415229 0.173750 0.403409 0.161954 0.395753 0.153481 0.389536 0.148009
5 0.464870 0.234852 0.462633 0.232213 0.459487 0.232356 0.457607 0.233384 0.456609 0.233602 0.453638 0.235727 0.452146 0.237019 0.450979 0.238903 0.451461 0.240102 0.462190 0.251861 0.474815 0.265917 0.494823 0.288435 0.498818 0.293671 0.507609 0.302417 0.525440 0.323931 0.533424 0.333111 0.534596 0.334616 0.535724 0.338417 0.535951 0.339593 0.531870 0.341514 0.530984 0.342181 0.531474 0.344005 0.539958 0.353324 0.541630 0.352431 0.541044 0.350500 0.541044 0.345296 0.543135 0.343958 0.546984 0.349014 0.548823 0.347676 0.548992 0.343065 0.552003 0.347676 0.554094 0.347227 0.554010 0.342917 0.556518 0.331167 0.559279 0.325815 0.562307 0.327806 0.563315 0.327157 0.562786 0.326019 0.559375 0.322639 0.557318 0.320694 0.553078 0.316412 0.551865 0.314755 0.550130 0.314398 0.547383 0.311681 0.544583 0.314171 0.542344 0.311602 0.540198 0.310602 0.538469 0.311185 0.536695 0.311269 0.514576 0.287454 0.489557 0.260986
5 0.451461 0.240102 0.449839 0.242657 0.446706 0.239412 0.439331 0.231185 0.439766 0.240181 0.440266 0.249509 0.440211 0.252102 0.437727 0.253926 0.434974 0.255463 0.433948 0.257000 0.436797 0.259120 0.445964 0.269815 0.464237 0.290875 0.480622 0.308231 0.488049 0.313931 0.500633 0.331287 0.511859 0.346162 0.517961 0.354032 0.521133 0.351491 0.526328 0.345542 0.531870 0.341514 0.535951 0.339593 0.535724 0.338417 0.534596 0.334616 0.533424 0.333111 0.525440 0.323931 0.507609 0.302417 0.498818 0.293671 0.494823 0.288435 0.474815 0.265917 0.462190 0.251861
