0 0.366229 0.345065 0.366891 0.351111 0.368091 0.354310 0.377109 0.361153 0.392724 0.367287 0.395224 0.373208 0.398591 0.379542 0.401844 0.385208 0.404344 0.392185 0.405250 0.400616 0.404227 0.409875 0.402065 0.418213 0.398820 0.414537 0.393872 0.403347 0.384729 0.394551 0.384581 0.406542 0.386078 0.407343 0.390576 0.408407 0.392076 0.409477 0.396122 0.421468 0.399654 0.433991 0.400625 0.436593 0.403917 0.452648 0.404667 0.465440 0.404367 0.474500 0.400919 0.485694 0.394174 0.500347 0.388177 0.505681 0.382482 0.505944 0.398070 0.470500 0.400169 0.469704 0.400620 0.466773 0.399419 0.464907 0.395672 0.463574 0.390576 0.461972 0.387279 0.461176 0.385029 0.453713 0.378883 0.440653 0.375734 0.435856 0.374237 0.429463 0.371688 0.428931 0.370938 0.425463 0.368839 0.422532 0.365091 0.424931 0.362844 0.429463 0.359547 0.433727 0.357448 0.438523 0.356846 0.457977 0.357896 0.468102 0.362844 0.476097 0.367341 0.481963 0.368690 0.486227 0.367490 0.495019 0.363742 0.499815 0.359995 0.499815 0.357148 0.500347 0.355497 0.503546 0.355198 0.512074 0.339758 0.511810 0.339909 0.500884 0.330464 0.495287 0.328216 0.487023 0.328065 0.481694 0.332263 0.476097 0.337659 0.471833 0.340057 0.467037 0.340807 0.452380 0.341406 0.443056 0.335112 0.441454 0.329716 0.441454 0.321919 0.443056 0.320570 0.451583 0.320422 0.460907 0.321021 0.469435 0.322219 0.476898 0.324018 0.483028 0.326268 0.487292 0.324318 0.489958 0.317724 0.490755 0.311727 0.485426 0.305880 0.473167 0.300633 0.456912 0.299586 0.443588 0.303482 0.423597 0.305880 0.412671 0.301534 0.409741 0.299885 0.400949 0.300935 0.388421 0.305581 0.373764 0.308578 0.366306 0.312326 0.358042 0.316823 0.349782 0.319073 0.349782 0.326268 0.355912 0.331065 0.359106 0.335260 0.348981 0.336911 0.343384 0.337510 0.335657 0.337510 0.328194 0.339609 0.323667 0.343357 0.324463 0.343805 0.320731 0.346203 0.317537 0.348753 0.315403 0.349352 0.314069 0.346953 0.312736 0.346505 0.309542 0.348904 0.305542 0.350253 0.301278 0.355948 0.298880 0.359245 0.302079 0.361044 0.306611 0.357169 0.310296 0.357982 0.313963 0.359607 0.314741 0.359857 0.316852 0.361732 0.318625 0.361794 0.322069 0.360919 0.322292 0.361294 0.327958 0.361419 0.334954 0.363417 0.338287
1 0.600214 0.485491 0.571721 0.457384 0.572214 0.454213 0.585599 0.467731 0.602055 0.484745
8 0.679362 0.609662 0.680492 0.601023 0.681172 0.588264 0.682187 0.575204 0.681284 0.572694 0.679927 0.572995 0.679307 0.578319 0.678570 0.590574 0.678063 0.605741
2 0.609245 0.497222 0.608411 0.494116 0.608161 0.491884 0.608078 0.487870 0.609164 0.483556 0.610586 0.480880 0.613932 0.480134 0.622130 0.479542 0.629070 0.479690 0.631664 0.481921 0.633589 0.486380 0.634760 0.490843 0.635010 0.495602 0.634424 0.498130 0.634258 0.501546 0.633430 0.505773 0.626633 0.508894 0.625057 0.506009 0.618784 0.501847
6 0.589760 0.504375 0.584156 0.503481 0.577966 0.503481 0.573867 0.503185 0.570604 0.501102 0.582734 0.495005 0.594945 0.488019 0.596786 0.487125 0.597872 0.486528 0.600214 0.485491 0.602055 0.484745 0.603643 0.495301 0.604313 0.498130 0.599964 0.500208
14 0.594945 0.488019 0.592844 0.484463 0.590344 0.482574 0.588656 0.480241 0.588057 0.476171 0.581245 0.469782 0.577232 0.465801 0.578164 0.463810 0.571721 0.457384 0.562292 0.447028 0.559979 0.446472 0.556042 0.445366 0.550169 0.442144 0.547232 0.440144 0.544484 0.440032 0.542484 0.436477 0.539797 0.434366 0.535799 0.436144 0.533174 0.436366 0.532237 0.435699 0.531487 0.437032 0.528365 0.444144 0.526365 0.454694 0.526177 0.461690 0.527177 0.472356 0.558479 0.493347 0.570604 0.501102 0.582734 0.495005
5 0.475451 0.435301 0.476138 0.423861 0.479685 0.400389 0.482786 0.380324 0.484716 0.365801 0.486164 0.360981 0.491589 0.366144 0.496331 0.369412 0.503492 0.367866 0.506297 0.369245 0.508427 0.373889 0.509977 0.375264 0.508333 0.386449 0.506977 0.402102 0.506641 0.408611 0.507557 0.416727 0.506432 0.431759 0.504552 0.447083 0.503372 0.450806 0.501122 0.454139 0.475674 0.436801
9 0.656385 0.543847 0.651951 0.539366 0.649151 0.536875 0.647659 0.535880 0.645849 0.537019 0.634016 0.534935 0.631086 0.533685 0.631789 0.531602 0.635185 0.530977 0.645029 0.532227 0.648193 0.532435 0.649432 0.530403 0.651904 0.531648 0.654518 0.534139 0.654891 0.537208 0.655266 0.538458 0.656758 0.538866 0.657646 0.541528
13 0.382526 0.287546 0.357169 0.310296 0.357982 0.313963 0.359607 0.314741 0.359857 0.316852 0.361732 0.318625 0.361794 0.322069 0.360919 0.322292 0.361294 0.327958 0.361419 0.334954 0.363417 0.338287 0.366229 0.345065 0.378724 0.339065 0.380099 0.341843 0.381911 0.345398 0.383661 0.349171 0.386224 0.353727 0.387023 0.354718 0.390625 0.351574 0.414583 0.325000 0.382174 0.299958
5 0.626633 0.508894 0.625057 0.506009 0.618784 0.501847 0.609245 0.497222 0.606656 0.496046 0.603643 0.495301 0.604313 0.498130 0.599964 0.500208 0.589760 0.504375 0.596451 0.506157 0.598708 0.506755 0.601469 0.506755 0.601469 0.508537 0.602305 0.511810 0.603549 0.517019 0.610346 0.515144 0.613276 0.513477 0.616674 0.512644 0.622766 0.510769
9 0.638854 0.546241 0.643768 0.542773 0.644203 0.540588 0.645576 0.540333 0.650708 0.543417 0.654539 0.543287 0.655047 0.548171 0.655914 0.552667 0.655768 0.557940
3 0.716042 0.577731 0.711315 0.583667 0.709302 0.591444 0.708341 0.599222 0.707552 0.608560 0.706414 0.618519 0.704401 0.629565 0.699237 0.639056 0.701424 0.641079 0.707815 0.627231 0.709917 0.620852 0.717268 0.604824 0.723919 0.589264 0.724008 0.586468 0.721643 0.585532 0.729870 0.567949 0.729172 0.565616 0.726896 0.563282
5 0.659055 0.559954 0.657490 0.551551 0.657917 0.548750 0.663432 0.548282 0.671570 0.550926 0.681198 0.553417 0.684526 0.554972 0.687422 0.554972 0.690922 0.555593 0.696701 0.558431 0.696583 0.562597 0.697990 0.573843 0.699865 0.574676 0.702292 0.581269 0.704917 0.584380 0.704839 0.586000 0.703789 0.586931 0.703789 0.586931 0.704490 0.588333 0.702914 0.588644 0.702214 0.590667 0.700987 0.592532 0.701776 0.593625 0.701688 0.595181 0.697924 0.601245 0.696786 0.603426 0.691721 0.610259 0.692208 0.611213 0.693089 0.611648 0.692497 0.612606 0.681266 0.613667 0.679362 0.609662 0.680492 0.601023 0.681159 0.588227 0.682187 0.575204 0.681284 0.572694 0.679927 0.572995 0.679307 0.578319 0.678570 0.590574 0.678063 0.605741 0.670792 0.585782 0.664745 0.568199 0.662294 0.561352
5 0.694073 0.614630 0.694266 0.618144 0.696297 0.622958 0.697169 0.626917 0.697555 0.630014 0.696201 0.636898 0.699237 0.639056 0.704401 0.629565 0.706414 0.618519 0.707552 0.608560 0.708341 0.599222 0.709302 0.591444 0.711315 0.583667 0.708492 0.581324 0.707039 0.583907 0.704911 0.585111 0.704839 0.586000 0.703789 0.586931 0.703789 0.586931 0.704490 0.588333 0.702914 0.588644 0.702214 0.590667 0.700987 0.592532 0.701776 0.593625 0.701688 0.595181 0.697924 0.601245 0.696786 0.603426 0.699849 0.606069
8 0.460182 0.409537 0.455891 0.412648 0.454919 0.408616 0.460130 0.405509 0.473328 0.395972 0.476924 0.395380 0.476674 0.397606 0.475503 0.399394 0.465885 0.405833
5 0.459695 0.416644 0.457451 0.415375 0.456888 0.416819 0.457388 0.419704 0.457326 0.422926 0.469570 0.432588 0.475674 0.436801 0.475451 0.435301 0.476138 0.423861 0.470987 0.422588 0.465047 0.420954
5 0.482786 0.380324 0.472492 0.379319 0.460615 0.378870 0.456516 0.378130 0.456516 0.381551 0.459109 0.388981 0.459612 0.394042 0.460130 0.405509 0.473328 0.395972 0.476924 0.395380 0.476674 0.397606 0.475503 0.399394 0.465885 0.405833 0.460182 0.409537 0.459695 0.416644 0.465047 0.420954 0.470987 0.422588 0.476138 0.423861 0.479685 0.400389
5 0.648333 0.529671 0.648779 0.522019 0.648896 0.513894 0.647021 0.506606 0.645849 0.500773 0.633430 0.505773 0.626633 0.508894 0.622766 0.510769 0.616674 0.512644 0.613276 0.513477 0.610346 0.515144 0.603549 0.517019 0.604018 0.519727 0.612286 0.517718 0.616599 0.518273 0.616724 0.520051 0.601852 0.522273 0.603977 0.523606 0.604289 0.522606 0.611286 0.526157 0.610974 0.528380 0.621721 0.535491 0.637060 0.545347 0.645849 0.537019 0.634016 0.534935 0.631086 0.533685 0.631789 0.531602 0.635185 0.530977 0.645029 0.532227 0.648193 0.532435
5 0.696701 0.558431 0.700216 0.547597 0.698693 0.545097 0.701154 0.543014 0.705721 0.545722 0.710526 0.553222 0.714159 0.558014 0.717557 0.563639 0.721073 0.570718 0.716042 0.577731 0.707948 0.576968 0.707245 0.579051 0.705135 0.578009 0.704083 0.578009 0.704435 0.575718 0.699865 0.574676 0.697990 0.573843 0.696583 0.562597
2 0.440896 0.331935 0.448643 0.323806 0.449315 0.290958 0.419641 0.267866 0.400768 0.272875 0.382961 0.278431 0.382526 0.287546 0.382174 0.299958 0.414583 0.325000 0.428099 0.337639 0.439779 0.329931 0.440651 0.331574
5 0.506432 0.431759 0.510240 0.433866 0.511799 0.433421 0.514112 0.432421 0.514737 0.435532 0.518174 0.436421 0.521484 0.439088 0.523234 0.443074 0.524172 0.449861 0.523359 0.454306 0.519984 0.457972 0.514487 0.461523 0.513049 0.462079 0.513924 0.443741 0.504552 0.447083
5 0.504552 0.447083 0.503372 0.450806 0.501122 0.454139 0.513049 0.462079 0.513924 0.443741
5 0.681266 0.613667 0.683190 0.620681 0.689333 0.622093 0.687383 0.632505 0.693237 0.635458 0.696201 0.636898 0.697555 0.630014 0.697169 0.626917 0.696297 0.622958 0.694266 0.618144 0.694073 0.614630 0.693089 0.611648 0.692497 0.612606
5 0.573867 0.503185 0.576125 0.505264 0.591096 0.515227 0.599802 0.520769 0.604018 0.519727 0.603549 0.517019 0.602305 0.511810 0.601469 0.508537 0.601469 0.506755 0.598708 0.506755 0.596451 0.506157 0.589760 0.504375 0.584156 0.503481 0.577966 0.503481
5 0.662122 0.534167 0.667576 0.539060 0.676594 0.547028 0.685341 0.553171 0.687422 0.554972 0.684526 0.554972 0.681198 0.553417 0.671570 0.550926 0.663432 0.548282 0.657917 0.548750 0.657490 0.551551 0.659055 0.559954 0.655768 0.557940 0.655914 0.552667 0.655047 0.548171 0.654826 0.546519 0.656385 0.543847 0.657646 0.541528 0.659513 0.537523
5 0.448177 0.371343 0.449255 0.371741 0.450919 0.376625 0.451424 0.380866 0.453521 0.379968 0.454245 0.381125 0.455039 0.382282 0.455255 0.383824 0.454893 0.386523 0.455833 0.390634 0.457497 0.392046 0.459612 0.394042 0.460130 0.405509 0.454919 0.408616 0.454172 0.401792 0.451995 0.390231 0.452435 0.389310 0.452216 0.386500 0.451062 0.385324 0.449326 0.376986
5 0.540971 0.426269 0.538495 0.427306 0.535786 0.430620 0.532940 0.433028 0.529953 0.434690 0.530000 0.436097 0.531727 0.436014 0.532237 0.435699 0.533174 0.436366 0.535799 0.436144 0.539797 0.434366 0.542484 0.436477 0.544484 0.440032 0.547232 0.440144 0.550169 0.442144 0.556042 0.445366 0.559979 0.446472 0.562292 0.447028 0.564117 0.447630 0.565750 0.449375 0.568924 0.446139 0.567943 0.442736 0.566635 0.438588 0.564117 0.436926 0.562576 0.434190 0.561596 0.431949 0.560010 0.431287 0.558982 0.430458 0.557768 0.428051 0.557023 0.425644 0.554596 0.425148 0.553849 0.423319 0.552729 0.420500 0.551469 0.418343 0.550768 0.416185 0.549508 0.416764 0.548995 0.418759 0.547828 0.421000 0.545214 0.422741 0.543846 0.424269
5 0.297013 0.203889 0.288721 0.187306 0.294810 0.183389 0.308674 0.177398 0.311911 0.175097 0.316057 0.171644 0.321370 0.171644 0.331484 0.192037 0.343005 0.212407 0.357388 0.241662 0.371185 0.271329 0.373984 0.280079 0.374555 0.283259 0.376224 0.285444 0.376458 0.288046 0.372870 0.284847 0.369734 0.282472 0.366146 0.278491 0.361979 0.280648 0.359266 0.284731 0.335143 0.254995 0.306938 0.217222
5 0.357547 0.158755 0.356435 0.154731 0.355596 0.153046 0.355523 0.149398 0.359219 0.149204 0.362883 0.148806 0.362883 0.147792 0.358784 0.143718 0.358755 0.142060 0.361227 0.140282 0.364388 0.132481 0.363685 0.130005 0.362427 0.128514 0.362516 0.125519 0.365508 0.125852 0.372786 0.132907 0.378664 0.138218 0.384917 0.144190 0.389536 0.148009 0.395753 0.153481 0.403409 0.161954 0.415229 0.173750 0.423760 0.180292 0.433701 0.189894 0.442901 0.199713 0.447419 0.204171 0.447044 0.206278 0.448794 0.213167 0.449609 0.219051 0.456609 0.225056 0.455227 0.227278 0.454115 0.228287 0.453177 0.229907 0.451172 0.228051 0.449734 0.227046 0.447943 0.231296 0.446706 0.239412 0.439331 0.231185 0.439766 0.240181 0.440266 0.249509 0.434219 0.242505 0.424984 0.232806 0.411701 0.218213 0.396148 0.201894 0.379083 0.182597 0.362451 0.164551
5 0.384917 0.144190 0.377315 0.135782 0.371388 0.129644 0.368401 0.126907 0.368401 0.125662 0.370081 0.123171 0.374234 0.120435 0.375401 0.119190 0.376521 0.112801 0.377409 0.110560 0.381047 0.102597 0.383055 0.102264 0.383570 0.102500 0.384411 0.103250 0.410234 0.129417 0.441930 0.159255 0.468906 0.185454 0.466456 0.189551 0.466456 0.189551 0.465057 0.192620 0.463003 0.198014 0.461883 0.200171 0.461229 0.200088 0.460622 0.199009 0.459596 0.200333 0.460016 0.202412 0.458661 0.206560 0.456328 0.208051 0.456281 0.209546 0.454010 0.212546 0.447419 0.204171 0.442901 0.199713 0.433701 0.189894 0.423760 0.180292 0.415229 0.173750 0.403409 0.161954 0.395753 0.153481 0.389536 0.148009
5 0.464870 0.234852 0.462633 0.232213 0.459487 0.232356 0.457607 0.233384 0.456609 0.233602 0.453638 0.235727 0.452146 0.237019 0.450979 0.238903 0.451461 0.240102 0.462190 0.251861 0.474815 0.265917 0.494823 0.288435 0.498818 0.293671 0.507609 0.302417 0.525440 0.323931 0.533424 0.333111 0.534596 0.334616 0.535724 0.338417 0.535951 0.339593 0.531870 0.341514 0.530984 0.342181 0.531474 0.344005 0.539958 0.353324 0.541630 0.352431 0.541044 0.350500 0.541044 0.345296 0.543135 0.343958 0.546984 0.349014 0.548823 0.347676 0.548992 0.343065 0.552003 0.347676 0.554094 0.347227 0.554010 0.342917 0.556518 0.331167 0.559279 0.325815 0.562307 0.327806 0.563315 0.327157 0.562786 0.326019 0.559375 0.322639 0.557318 0.320694 0.553078 0.316412 0.551865 0.314755 0.550130 0.314398 0.547383 0.311681 0.544583 0.314171 0.542344 0.311602 0.540198 0.310602 0.538469 0.311185 0.536695 0.311269 0.514576 0.287454 0.489557 0.260986
5 0.451461 0.240102 0.449839 0.242657 0.446706 0.239412 0.439331 0.231185 0.439766 0.240181 0.440266 0.249509 0.440211 0.252102 0.437727 0.253926 0.434974 0.255463 0.433948 0.257000 0.436797 0.259120 0.445964 0.269815 0.464237 0.290875 0.480622 0.308231 0.488049 0.313931 0.500633 0.331287 0.511859 0.346162 0.517961 0.354032 0.521133 0.351491 0.526328 0.345542 0.531870 0.341514 0.535951 0.339593 0.535724 0.338417 0.534596 0.334616 0.533424 0.333111 0.525440 0.323931 0.507609 0.302417 0.498818 0.293671 0.494823 0.288435 0.474815 0.265917 0.462190 0.251861
