2 0.537036 0.426565 0.541706 0.436356 0.544505 0.445565 0.551633 0.448144 0.552154 0.446727 0.538667 0.419759
2 0.461117 0.518894 0.462492 0.519116 0.484484 0.573102 0.481922 0.580319 0.466240 0.542889
2 0.492693 0.405606 0.521924 0.390713 0.524826 0.397676 0.520646 0.402653 0.514435 0.410181 0.507172 0.421944 0.504854 0.419333
2 0.527807 0.387083 0.544602 0.377005 0.545573 0.379306 0.545250 0.381611 0.598083 0.489977 0.595383 0.487106 0.594734 0.485167 0.591549 0.483236 0.589698 0.484667 0.588245 0.483593 0.588768 0.479579 0.588039 0.474912 0.585339 0.470611 0.583320 0.470611 0.582797 0.472477 0.579529 0.472694 0.568190 0.461898 0.569448 0.459352 0.570943 0.458986 0.572234 0.456694 0.571641 0.455079 0.569966 0.456069 0.568643 0.455514 0.566354 0.451222 0.564880 0.451060 0.564005 0.449347 0.562979 0.450042 0.563036 0.454755 0.561185 0.454968 0.561083 0.452301 0.537464 0.405963
2 0.480422 0.400537 0.468000 0.410995 0.464273 0.416111 0.451263 0.430292 0.438188 0.441565 0.441065 0.447722 0.456755 0.432264 0.472445 0.415065 0.483820 0.405532
2 0.539349 0.369208 0.539862 0.379745 0.527807 0.387083 0.525630 0.382972 0.524188 0.384037 0.523388 0.382028
2 0.467161 0.420787 0.487419 0.409681 0.492917 0.416597 0.503141 0.428005 0.483117 0.459505 0.482961 0.460792 0.482310 0.461727 0.481234 0.460435 0.458693 0.465824 0.450432 0.466245 0.449690 0.467824 0.441065 0.447722 0.456755 0.432264
2 0.524302 0.466144 0.527380 0.454773 0.506760 0.432065 0.506276 0.431574 0.488547 0.459347 0.486109 0.465347 0.483172 0.467569 0.478424 0.467347 0.451370 0.473954 0.461117 0.518894 0.462492 0.519116 0.484484 0.573102 0.487065 0.566870 0.485612 0.562056 0.485227 0.554315 0.486000 0.546569 0.493065 0.523861 0.493258 0.520421 0.515518 0.468977 0.519484 0.468287
2 0.507221 0.507505 0.509036 0.507940 0.508068 0.511736 0.496250 0.542931 0.495807 0.539491 0.496935 0.532389 0.503268 0.515106
2 0.526977 0.402509 0.519839 0.411398 0.514154 0.419431 0.511089 0.426315 0.529323 0.447282 0.532945 0.432282 0.534760 0.424782 0.535401 0.422190
2 0.483820 0.405532 0.487419 0.409681 0.467266 0.420787 0.472445 0.415065
2 0.433810 0.431301 0.468000 0.410995 0.480422 0.400537 0.480422 0.400537 0.476870 0.395301 0.471161 0.389676 0.460482 0.381440 0.459974 0.377421 0.462685 0.372495 0.482112 0.392551 0.489128 0.401116 0.494734 0.396028 0.497477 0.395310 0.502841 0.389718 0.515453 0.382431 0.521956 0.377875 0.523388 0.382028 0.545125 0.364171 0.544674 0.353245 0.542427 0.351111 0.483964 0.243449 0.483516 0.240519 0.482315 0.238389 0.468490 0.249333 0.460875 0.288597 0.455854 0.311926 0.452937 0.322005 0.449534 0.321815 0.452667 0.306741 0.455474 0.292435 0.461036 0.269301 0.465357 0.251542 0.382781 0.316204 0.411411 0.382028
2 0.337854 0.211556 0.381016 0.311690 0.412372 0.285713 0.419922 0.282440 0.465357 0.251542 0.468490 0.249333 0.473323 0.245556 0.472451 0.234440 0.429521 0.152148 0.427596 0.149329 0.375151 0.184116
2 0.429521 0.152148 0.433771 0.155903 0.440206 0.167343 0.448328 0.186227 0.450951 0.189556 0.453076 0.191111 0.459135 0.200000 0.465198 0.210995 0.478568 0.237542 0.472758 0.238097 0.472451 0.234440
5 0.381016 0.311690 0.382781 0.316204 0.465357 0.251542 0.419922 0.282440 0.412372 0.285713
2 0.570674 0.553940 0.506336 0.602394 0.517974 0.577204 0.522529 0.573731 0.523542 0.579130 0.527083 0.582472 0.532432 0.579259 0.535758 0.574245 0.539951 0.573218 0.542987 0.568593 0.546242 0.566921 0.549206 0.558694
2 0.465357 0.251542 0.461036 0.269301 0.455474 0.292435 0.452667 0.306741 0.449534 0.321815 0.452937 0.322005 0.455854 0.311926 0.460875 0.288597 0.468490 0.249333
2 0.503057 0.400329 0.521924 0.390713 0.520146 0.386560 0.512109 0.391532
2 0.466240 0.542889 0.476292 0.592662 0.481922 0.580319
2 0.462685 0.372495 0.459974 0.377421 0.460482 0.381440 0.471161 0.389676 0.476870 0.395301 0.480422 0.400537 0.483820 0.405532 0.492917 0.416597 0.506760 0.432065 0.530380 0.458185 0.531940 0.458639 0.534346 0.456106 0.535263 0.452028 0.531578 0.449889 0.504854 0.419333 0.492693 0.405606 0.482112 0.392551
2 0.525630 0.382972 0.523250 0.384796 0.522664 0.389310 0.525971 0.396338 0.520646 0.402653 0.514435 0.410181 0.507172 0.421944 0.511089 0.426315 0.514154 0.419431 0.519839 0.411398 0.528883 0.400306 0.536992 0.416352 0.534760 0.424782 0.532945 0.432282 0.529323 0.447282 0.531578 0.449889 0.533677 0.440213 0.538667 0.419759 0.552154 0.446727 0.553271 0.447032 0.553620 0.450130 0.557768 0.451986 0.559094 0.453662 0.559234 0.455398 0.561185 0.454968 0.561083 0.452301 0.537464 0.405963
2 0.506276 0.431574 0.488547 0.459347 0.486109 0.465347 0.483172 0.467569 0.478424 0.467347 0.451370 0.473954 0.450620 0.469398 0.449690 0.467824 0.450432 0.466245 0.458693 0.465824 0.481234 0.460435 0.482310 0.461727 0.482961 0.460792 0.483117 0.459505 0.503141 0.428005
2 0.433810 0.431301 0.436284 0.436861 0.457193 0.423917 0.464273 0.416111 0.468000 0.410995
2 0.502841 0.389718 0.497477 0.395310 0.494734 0.396028 0.489128 0.401116 0.491385 0.403917 0.520146 0.386560 0.524826 0.397676 0.525971 0.396338 0.522664 0.389310 0.523250 0.384796 0.524188 0.384037 0.521956 0.377875 0.515453 0.382431
5 0.297013 0.203889 0.288721 0.187306 0.294810 0.183389 0.308674 0.177398 0.311911 0.175097 0.316057 0.171644 0.321370 0.171644 0.331484 0.192037 0.343005 0.212407 0.357388 0.241662 0.371185 0.271329 0.373984 0.280079 0.374555 0.283259 0.376224 0.285444 0.376458 0.288046 0.372870 0.284847 0.369734 0.282472 0.366146 0.278491 0.361979 0.280648 0.359266 0.284731 0.335143 0.254995 0.306938 0.217222
5 0.357547 0.158755 0.356435 0.154731 0.355596 0.153046 0.355523 0.149398 0.359219 0.149204 0.362883 0.148806 0.362883 0.147792 0.358784 0.143718 0.358755 0.142060 0.361227 0.140282 0.364388 0.132481 0.363685 0.130005 0.362427 0.128514 0.362516 0.125519 0.365508 0.125852 0.372786 0.132907 0.378664 0.138218 0.384917 0.144190 0.389536 0.148009 0.395753 0.153481 0.403409 0.161954 0.415229 0.173750 0.423760 0.180292 0.433701 0.189894 0.442901 0.199713 0.447419 0.204171 0.447044 0.206278 0.448794 0.213167 0.449609 0.219051 0.456609 0.225056 0.455227 0.227278 0.454115 0.228287 0.453177 0.229907 0.451172 0.228051 0.449734 0.227046 0.447943 0.231296 0.446706 0.239412 0.439331 0.231185 0.439766 0.240181 0.440266 0.249509 0.434219 0.242505 0.424984 0.232806 0.411701 0.218213 0.396148 0.201894 0.379083 0.182597 0.362451 0.164551
5 0.384917 0.144190 0.377315 0.135782 0.371388 0.129644 0.368401 0.126907 0.368401 0.125662 0.370081 0.123171 0.374234 0.120435 0.375401 0.119190 0.376521 0.112801 0.377409 0.110560 0.381047 0.102597 0.383055 0.102264 0.383570 0.102500 0.384411 0.103250 0.410234 0.129417 0.441930 0.159255 0.468906 0.185454 0.466456 0.189551 0.466456 0.189551 0.465057 0.192620 0.463003 0.198014 0.461883 0.200171 0.461229 0.200088 0.460622 0.199009 0.459596 0.200333 0.460016 0.202412 0.458661 0.206560 0.456328 0.208051 0.456281 0.209546 0.454010 0.212546 0.447419 0.204171 0.442901 0.199713 0.433701 0.189894 0.423760 0.180292 0.415229 0.173750 0.403409 0.161954 0.395753 0.153481 0.389536 0.148009
5 0.464870 0.234852 0.462633 0.232213 0.459487 0.232356 0.457607 0.233384 0.456609 0.233602 0.453638 0.235727 0.452146 0.237019 0.450979 0.238903 0.451461 0.240102 0.462190 0.251861 0.474815 0.265917 0.494823 0.288435 0.498818 0.293671 0.507609 0.302417 0.525440 0.323931 0.533424 0.333111 0.534596 0.334616 0.535724 0.338417 0.535951 0.339593 0.531870 0.341514 0.530984 0.342181 0.531474 0.344005 0.539958 0.353324 0.541630 0.352431 0.541044 0.350500 0.541044 0.345296 0.543135 0.343958 0.546984 0.349014 0.548823 0.347676 0.548992 0.343065 0.552003 0.347676 0.554094 0.347227 0.554010 0.342917 0.556518 0.331167 0.559279 0.325815 0.562307 0.327806 0.563315 0.327157 0.562786 0.326019 0.559375 0.322639 0.557318 0.320694 0.553078 0.316412 0.551865 0.314755 0.550130 0.314398 0.547383 0.311681 0.544583 0.314171 0.542344 0.311602 0.540198 0.310602 0.538469 0.311185 0.536695 0.311269 0.514576 0.287454 0.489557 0.260986
5 0.451461 0.240102 0.449839 0.242657 0.446706 0.239412 0.439331 0.231185 0.439766 0.240181 0.440266 0.249509 0.440211 0.252102 0.437727 0.253926 0.434974 0.255463 0.433948 0.257000 0.436797 0.259120 0.445964 0.269815 0.464237 0.290875 0.480622 0.308231 0.488049 0.313931 0.500633 0.331287 0.511859 0.346162 0.517961 0.354032 0.521133 0.351491 0.526328 0.345542 0.531870 0.341514 0.535951 0.339593 0.535724 0.338417 0.534596 0.334616 0.533424 0.333111 0.525440 0.323931 0.507609 0.302417 0.498818 0.293671 0.494823 0.288435 0.474815 0.265917 0.462190 0.251861
