0 0.209385 0.913755 0.212495 0.911907 0.214260 0.910616 0.217891 0.896046 0.218927 0.892727 0.219758 0.889042 0.221312 0.888856 0.229406 0.892727 0.231687 0.894755 0.233659 0.897708 0.236667 0.901213 0.238430 0.905454 0.239365 0.912644 0.239674 0.917995 0.240609 0.921130 0.245380 0.925556 0.247870 0.928875 0.254094 0.940491 0.255234 0.949713 0.256065 0.960227 0.256169 0.967972 0.253266 0.974056 0.250982 0.977560 0.250154 0.985676 0.250049 0.990287 0.247247 0.992870 0.244862 0.994528 0.241750 0.995634 0.241232 0.997662 0.242003 1.000000 0.222771 1.000000 0.221107 0.997662 0.219654 0.993051 0.217995 0.987153 0.209695 0.991764 0.208346 0.991764 0.207206 0.994528 0.205021 1.000000 0.188469 1.000000 0.188326 0.999690 0.188326 0.997662 0.185940 0.996556 0.182932 0.994713 0.180443 0.992500 0.178367 0.990287 0.176396 0.986231 0.174839 0.980144 0.174320 0.977375 0.173698 0.975903 0.174010 0.965019 0.173698 0.961148 0.173698 0.956722 0.174633 0.954694 0.182310 0.949528 0.187911 0.946394 0.190401 0.945657
2 0.519635 0.408477 0.516419 0.407093 0.509307 0.404042 0.484016 0.394569 0.469573 0.388616 0.469411 0.387472 0.469573 0.385750 0.470180 0.384528 0.503740 0.397653 0.511000 0.400093 0.521771 0.404324 0.522375 0.404537 0.525682 0.410634
10 0.546734 0.513213 0.547172 0.517542 0.548797 0.527981 0.549984 0.534648 0.557250 0.540546 0.559875 0.540880 0.561247 0.538213 0.559013 0.514856 0.556826 0.517963 0.554263 0.516630 0.552138 0.513301 0.551888 0.510634
8 0.453362 0.347819 0.451870 0.346824 0.448974 0.350144 0.467005 0.419907 0.464417 0.401421 0.464487 0.399255 0.465951 0.400060
5 0.565740 0.599949 0.553344 0.566676 0.564870 0.557782 0.568383 0.569532 0.566302 0.569722 0.582435 0.616259
5 0.444414 0.257185 0.436135 0.261199 0.423445 0.269194 0.422651 0.270472 0.416010 0.277269 0.408781 0.279926 0.401591 0.281745 0.400302 0.278958 0.399135 0.278958 0.394010 0.280889 0.392437 0.283125 0.391549 0.285556 0.391469 0.287708 0.404177 0.298560 0.404672 0.295653 0.404570 0.294074 0.405615 0.292921 0.406365 0.291764 0.407701 0.290977 0.409339 0.288944 0.410536 0.288111 0.412117 0.287833 0.413581 0.286898 0.414591 0.285167 0.415255 0.285532 0.416091 0.285968 0.422185 0.292389 0.419260 0.297704 0.417234 0.299282 0.412049 0.304171 0.408643 0.305403 0.407956 0.304403 0.404039 0.312097 0.403227 0.306046 0.405576 0.305616 0.406180 0.303477 0.405997 0.301440 0.403661 0.301662 0.400513 0.304440 0.398133 0.301440 0.396823 0.305625 0.396266 0.307602 0.394844 0.307106 0.391716 0.306852 0.389336 0.308616 0.387982 0.312250 0.387737 0.309338 0.384669 0.306176 0.381182 0.306981 0.379474 0.307847 0.383372 0.298616 0.382674 0.297806 0.382617 0.296713 0.384844 0.295852 0.384940 0.294648 0.383779 0.291898 0.383586 0.291037 0.384070 0.289833 0.385328 0.285875 0.385135 0.283981 0.386005 0.283292 0.391813 0.279681 0.394716 0.277102 0.414943 0.268324 0.437201 0.259722
8 0.471776 0.422662 0.472198 0.422713 0.475260 0.435213 0.477318 0.442773 0.480456 0.453620 0.486276 0.474213 0.488513 0.483463 0.488513 0.485324 0.489591 0.486565 0.498339 0.517361 0.503099 0.535972 0.508458 0.555130 0.507448 0.558037 0.506367 0.559093 0.504870 0.559218 0.504414 0.558843 0.498846 0.534269 0.494979 0.521306 0.493964 0.517324 0.493677 0.516398 0.491216 0.507894 0.490411 0.504792 0.485016 0.486009 0.474271 0.446556 0.474573 0.440181 0.473396 0.432940
5 0.472547 0.513148 0.470490 0.513954 0.468643 0.515009 0.465685 0.517523 0.462875 0.522616 0.461094 0.527796 0.460826 0.532981 0.466776 0.547509 0.470177 0.548278 0.472878 0.548088 0.476065 0.545782 0.476117 0.536949 0.475359 0.530708
5 0.505292 0.469306 0.500492 0.470884 0.500089 0.470310 0.492667 0.475042 0.490409 0.477769 0.489359 0.479347 0.488875 0.480921 0.488513 0.483463 0.488513 0.485324 0.489591 0.486565 0.490945 0.488912 0.492755 0.496162 0.498339 0.517361 0.501982 0.513875 0.501352 0.517199 0.501945 0.519245 0.502469 0.521144 0.503961 0.522514 0.505453 0.523366 0.506906 0.522157 0.508211 0.520120 0.514302 0.520389 0.525747 0.516620 0.525841 0.514713 0.531391 0.501287 0.531714 0.498213 0.520810 0.484782
5 0.517534 0.470968 0.517349 0.466403 0.519169 0.464495 0.520896 0.465157 0.522341 0.462667 0.530534 0.466593 0.532385 0.466718 0.541404 0.473630 0.541510 0.478815 0.541161 0.481944 0.537846 0.481190 0.536125 0.482505 0.534977 0.482185 0.533180 0.482741 0.520732 0.473787
5 0.493242 0.315926 0.494831 0.311278 0.495484 0.305139 0.495016 0.297093 0.494167 0.291435 0.492581 0.286042 0.490250 0.282370 0.489411 0.282181 0.486242 0.283176 0.484534 0.285657 0.484185 0.290245 0.484115 0.294088 0.484185 0.296319 0.484185 0.298611 0.489135 0.305000
5 0.484185 0.298611 0.480872 0.294639 0.481023 0.292708 0.480753 0.290833 0.480091 0.291264 0.480060 0.292495 0.480240 0.294639 0.479156 0.292171 0.476594 0.291690 0.472227 0.295921 0.469182 0.298009 0.468187 0.300102 0.467164 0.304653 0.467495 0.306366 0.473130 0.316009 0.477648 0.324741 0.480964 0.325597 0.482448 0.328523 0.483229 0.328153 0.483737 0.326454 0.484279 0.325491 0.487141 0.323028 0.491388 0.320991 0.493648 0.320991 0.493242 0.315926 0.489135 0.305000
5 0.472227 0.295921 0.469182 0.298009 0.468187 0.300102 0.467164 0.304653 0.467495 0.306366 0.467661 0.307718 0.466852 0.310884 0.466203 0.312519 0.466961 0.315176 0.468201 0.319236 0.470685 0.323653 0.472630 0.324806 0.476464 0.323940 0.477648 0.324741 0.480964 0.325597 0.482448 0.328523 0.482057 0.329542 0.490719 0.348134 0.491854 0.351782 0.489964 0.351588 0.488344 0.349861 0.484617 0.349380 0.478839 0.348616 0.473948 0.344250 0.470469 0.340935 0.468526 0.337380 0.465018 0.329171 0.463951 0.326579 0.463070 0.324324 0.462208 0.321542 0.461883 0.319431 0.461938 0.316259 0.461122 0.313338 0.461260 0.311852 0.460695 0.309157 0.460479 0.306181 0.460479 0.303685 0.460586 0.302440 0.460966 0.301861 0.460857 0.299653 0.461560 0.297444 0.463125 0.295431 0.463341 0.291782 0.465284 0.287750 0.466690 0.288421 0.468794 0.290440 0.470414 0.292741
5 0.381893 0.283176 0.375117 0.287333 0.367211 0.293356 0.372430 0.307806 0.374125 0.305296 0.376102 0.301352 0.377471 0.298486 0.378682 0.294685 0.377151 0.290741 0.377794 0.290454 0.379932 0.290597
5 0.444414 0.257185 0.447852 0.258963 0.453224 0.259407 0.448349 0.272403 0.445352 0.284509 0.444102 0.292287 0.442714 0.298130 0.438667 0.301495 0.434560 0.302259 0.430245 0.299963 0.427362 0.296458 0.422232 0.292426 0.416091 0.285968 0.415255 0.285532 0.414591 0.285167 0.413581 0.286898 0.412117 0.287833 0.410536 0.288111 0.409339 0.288944 0.407701 0.290977 0.406365 0.291764 0.405615 0.292921 0.404570 0.294074 0.404672 0.295653 0.404177 0.298560 0.391469 0.287708 0.391549 0.285556 0.392437 0.283125 0.394010 0.280889 0.399135 0.278958 0.400302 0.278958 0.401591 0.281745 0.408781 0.279926 0.416010 0.277269 0.422651 0.270472 0.423445 0.269194 0.436135 0.261199
5 0.444414 0.257185 0.447852 0.258963 0.453224 0.259407 0.448349 0.272403 0.445352 0.284509 0.444102 0.292287 0.442714 0.298130 0.438667 0.301495 0.434560 0.302259 0.430245 0.299963 0.427362 0.296458 0.423919 0.306727 0.430982 0.308949 0.442497 0.305412 0.461560 0.297444 0.463125 0.295431 0.463341 0.291782 0.465284 0.287750 0.466690 0.288421 0.468794 0.290440 0.470414 0.292741 0.486346 0.278917 0.485372 0.266343 0.483484 0.259431 0.480945 0.255495 0.477057 0.249639 0.473492 0.247718 0.471495 0.252519 0.468146 0.250500 0.461667 0.250694 0.453836 0.253380
5 0.374826 0.313139 0.372430 0.307806 0.374125 0.305296 0.376102 0.301352 0.377471 0.298486 0.378682 0.294685 0.377151 0.290741 0.377794 0.290454 0.379932 0.290597 0.381893 0.283176 0.381378 0.281569 0.382385 0.280421 0.383031 0.278843 0.388677 0.273023 0.397107 0.270009 0.413792 0.262875 0.435607 0.254194 0.454966 0.246787 0.461193 0.244569 0.464862 0.243991 0.470430 0.243278 0.474224 0.244995 0.473492 0.247718 0.471495 0.252519 0.468146 0.250500 0.461667 0.250694 0.453836 0.253380 0.444414 0.257185 0.437201 0.259722 0.414943 0.268324 0.394716 0.277102 0.391813 0.279681 0.386005 0.283292 0.385135 0.283981 0.385328 0.285875 0.384070 0.289833 0.383586 0.291037 0.383779 0.291898 0.384940 0.294648 0.384844 0.295852 0.382617 0.296713 0.380891 0.301093 0.380089 0.303472 0.378865 0.304259 0.375685 0.308889
5 0.585034 0.769241 0.581479 0.776046 0.578891 0.782727 0.585432 0.792435 0.587253 0.789287 0.592711 0.773523
5 0.489359 0.479347 0.486276 0.474213 0.480456 0.453620 0.497326 0.465514 0.502958 0.470065 0.500492 0.470884 0.500089 0.470310 0.492667 0.475042 0.490409 0.477769
5 0.531714 0.498213 0.534919 0.498694 0.538430 0.504861 0.539841 0.510523 0.536372 0.517769 0.533065 0.511097 0.531654 0.517625 0.527901 0.518773 0.525747 0.516620 0.525841 0.514713 0.531391 0.501287
5 0.522219 0.429477 0.521948 0.434620 0.518724 0.436819 0.520865 0.439014 0.522039 0.440194 0.524419 0.445657 0.525240 0.449583 0.524120 0.451528 0.522115 0.451986 0.520474 0.450690 0.518802 0.446903 0.517404 0.443940 0.516206 0.440282 0.515659 0.435329 0.516260 0.432319 0.518161 0.430190 0.520815 0.429264
5 0.493742 0.327546 0.494685 0.329032 0.496427 0.326616 0.499146 0.328782 0.500924 0.330148 0.501586 0.334051 0.503505 0.334981 0.506083 0.343227 0.512659 0.354051 0.512378 0.355699 0.510602 0.355917 0.498177 0.333185 0.496766 0.331102 0.494143 0.330458
5 0.493242 0.315926 0.493648 0.320991 0.492505 0.320991 0.492112 0.325009 0.492294 0.329134 0.493742 0.327546 0.494685 0.329032 0.496427 0.326616 0.499146 0.328782 0.500924 0.330148 0.501273 0.327097 0.497055 0.311671 0.495484 0.305139 0.494831 0.311278
5 0.387982 0.312250 0.386029 0.321171 0.386268 0.322449 0.396687 0.326509 0.404039 0.312097 0.403227 0.306046 0.405576 0.305616 0.406180 0.303477 0.405997 0.301440 0.403648 0.301708 0.400513 0.304440 0.398133 0.301440 0.396266 0.307602 0.394880 0.307009 0.391716 0.306852 0.389336 0.308616
8 0.535380 0.535630 0.541500 0.510398 0.548164 0.482167 0.551568 0.483120 0.547669 0.501977 0.543964 0.516532 0.539242 0.536977
5 0.505810 0.451565 0.505331 0.453815 0.506443 0.454296 0.506958 0.455528 0.506375 0.458537 0.506297 0.461500 0.505776 0.463861 0.505503 0.467171 0.507924 0.467912 0.507404 0.471523 0.509458 0.473093 0.515846 0.472449 0.517490 0.470884 0.517349 0.466403 0.519169 0.464495 0.520896 0.465157 0.522341 0.462667 0.521042 0.460926 0.521911 0.458227 0.521852 0.455227 0.520255 0.454157 0.519049 0.458069 0.510461 0.451102 0.508052 0.448852
5 0.430982 0.308949 0.431794 0.313278 0.431607 0.318611 0.429544 0.323833 0.427841 0.325764 0.425880 0.326995 0.423422 0.328718 0.419297 0.328718 0.416484 0.327606 0.413849 0.324509 0.410862 0.321833 0.409115 0.317028 0.407854 0.311801 0.408643 0.305403 0.412049 0.304171 0.417234 0.299282 0.418047 0.313944 0.419172 0.316056 0.422047 0.316944 0.423422 0.315056 0.423919 0.306727
5 0.540599 0.687051 0.535414 0.690894 0.534336 0.703565 0.537898 0.712014 0.541896 0.709421 0.543747 0.721611 0.546167 0.725912 0.550422 0.730731 0.555169 0.730903 0.556615 0.719546 0.555070 0.708884 0.550135 0.693560
1 0.544789 0.540801 0.544125 0.542537 0.538669 0.539718 0.534318 0.538824 0.515685 0.530954 0.515523 0.528370 0.535380 0.535630 0.539242 0.536977
5 0.469833 0.451176 0.472721 0.455407 0.475568 0.469097 0.477719 0.481991 0.479411 0.516468 0.478536 0.544236 0.478526 0.548819 0.479714 0.553523 0.478904 0.558801 0.476477 0.557644 0.475664 0.552176 0.476065 0.545782 0.476117 0.536949 0.475359 0.530708 0.472547 0.513148 0.471182 0.495625 0.472055 0.477551 0.469898 0.473361 0.469424 0.470431 0.468112 0.465542 0.467612 0.462653 0.467487 0.459875 0.467987 0.459542 0.468549 0.459431 0.469987 0.466875 0.470875 0.466847 0.469424 0.456991 0.467549 0.447991
2 0.508211 0.520120 0.514302 0.520389 0.514635 0.522398 0.515523 0.528370 0.515685 0.530954 0.516195 0.539782 0.507518 0.538398 0.507846 0.529796 0.507135 0.530009 0.506167 0.528745 0.506201 0.524181 0.508174 0.522833
2 0.465885 0.467130 0.464773 0.466394 0.453214 0.457236 0.448094 0.453472 0.446589 0.457917 0.453862 0.464065 0.462482 0.471287 0.464635 0.473241
2 0.538339 0.523481 0.522995 0.522870 0.514635 0.522398 0.515523 0.528370 0.524320 0.531278 0.536505 0.531370
9 0.597844 0.602704 0.596906 0.597704 0.598594 0.589708 0.601216 0.587264 0.605341 0.588264 0.607401 0.592375 0.608214 0.599704 0.607604 0.603056 0.607172 0.606023 0.607435 0.608046 0.606557 0.608824 0.604984 0.608671 0.603654 0.608370 0.600716 0.608148 0.599383 0.608356 0.598419 0.609134 0.597630 0.609134
2 0.579008 0.521449 0.576992 0.534986 0.574406 0.549458 0.576424 0.552079 0.577596 0.554301 0.577596 0.555875 0.581461 0.555907 0.590206 0.551569 0.587148 0.532139 0.585143 0.519917 0.583586 0.519579
2 0.589562 0.515981 0.586958 0.515468 0.586078 0.516523 0.581768 0.515639 0.579448 0.515931 0.571352 0.528412 0.567680 0.537435 0.568055 0.546171 0.571461 0.546454 0.576992 0.534986 0.579008 0.521449 0.583586 0.519579 0.585143 0.519917 0.587148 0.532139 0.589279 0.529759
2 0.586958 0.515468 0.586120 0.510440 0.579370 0.511208 0.571432 0.516968 0.567060 0.521579 0.565547 0.527625 0.563982 0.533579 0.567680 0.537435 0.571352 0.528412 0.579448 0.515931 0.581768 0.515639 0.586078 0.516523
1 0.472721 0.455407 0.475568 0.469097 0.477719 0.481991 0.478971 0.495102 0.481081 0.514898 0.481276 0.519116 0.481651 0.521190 0.482023 0.524259 0.482023 0.528241 0.481604 0.533968 0.481229 0.540356 0.480729 0.544986 0.481758 0.544986 0.482318 0.540005 0.483065 0.532537 0.483411 0.529986 0.483234 0.527245 0.483065 0.521750 0.482924 0.515361 0.481711 0.506486 0.480885 0.491019 0.479273 0.479884 0.476333 0.464755 0.475159 0.458912
1 0.541906 0.758870 0.567867 0.796162 0.595055 0.837426 0.598253 0.840157 0.598464 0.847685 0.607971 0.903852 0.602987 0.900134 0.594523 0.848412 0.544622 0.769472
5 0.657940 0.673056 0.658388 0.671463 0.659284 0.670505 0.660898 0.670185 0.662065 0.670185 0.663948 0.669389 0.665560 0.669389 0.667086 0.670824 0.668070 0.672898 0.669596 0.675287 0.672914 0.682620 0.674346 0.689792 0.671208 0.692023 0.669685 0.692185 0.669326 0.691384 0.664932 0.679912 0.663857 0.676565 0.662602 0.674968 0.660898 0.673852
9 0.586677 0.754069 0.589878 0.756380 0.601185 0.760472 0.609188 0.763852 0.612240 0.766162 0.612391 0.767764 0.608839 0.795245 0.607719 0.797236 0.611190 0.769861 0.611016 0.766778 0.600365 0.761731 0.589018 0.758023 0.586706 0.755866
5 0.524203 0.463444 0.527234 0.461088 0.530966 0.461088 0.535253 0.463194 0.538516 0.461690 0.540773 0.461690 0.542872 0.462116 0.543104 0.465829 0.543534 0.468056 0.544495 0.468991 0.544846 0.470389 0.546245 0.478634 0.545292 0.479056 0.543453 0.479056 0.541510 0.478815 0.541404 0.473630 0.541404 0.473630 0.532385 0.466718 0.530534 0.466593
1 0.474229 0.454083 0.473461 0.451227 0.467956 0.430597 0.465685 0.422662 0.463737 0.417542 0.459057 0.407787 0.453177 0.397296 0.450745 0.392593 0.447711 0.389431 0.446003 0.388870 0.437625 0.384954 0.430198 0.382843 0.424234 0.376370 0.415159 0.361398 0.409531 0.354005 0.402654 0.345824 0.400633 0.344148 0.393607 0.332644 0.392672 0.334250 0.399964 0.345981 0.403219 0.349787 0.405318 0.351417 0.412638 0.361023 0.423484 0.377829 0.430219 0.384602 0.438005 0.387903 0.445870 0.390801 0.447859 0.392301 0.450510 0.395727 0.455781 0.405310 0.462385 0.418176 0.464667 0.423287 0.472299 0.451574
9 0.550109 0.792509 0.552341 0.791861 0.555247 0.792782 0.557729 0.795074 0.559305 0.796787 0.560180 0.798968 0.560792 0.802546 0.560966 0.807523 0.560880 0.811259 0.560268 0.813593 0.558604 0.816236 0.556065 0.819972 0.555104 0.814213
2 0.554594 0.759023 0.554359 0.766245 0.555414 0.769259 0.558133 0.771556 0.565948 0.776968 0.566326 0.764681 0.563357 0.762375 0.560008 0.761991 0.560927 0.758537 0.559792 0.758634
7 0.588299 0.771144 0.589508 0.760745 0.611380 0.769352 0.607552 0.797500 0.602865 0.803056 0.587786 0.787361 0.592711 0.773523
5 0.509458 0.473093 0.515846 0.472449 0.522440 0.480634 0.527440 0.480208 0.530247 0.481648 0.532898 0.486093 0.536539 0.488546 0.538203 0.488546 0.538719 0.488593 0.540362 0.488741 0.541964 0.489671 0.544154 0.492903 0.545818 0.492903 0.543984 0.500046 0.540104 0.504907 0.538430 0.504861 0.534878 0.498662 0.531714 0.498213 0.520810 0.484782
2 0.577339 0.743991 0.579693 0.746676 0.581393 0.747245 0.582307 0.747014 0.582831 0.744458 0.583026 0.742014 0.582961 0.739005 0.581917 0.737366 0.580021 0.736333 0.578320 0.735981 0.577536 0.735625 0.577469 0.734009 0.577208 0.733310 0.575901 0.733773 0.574464 0.735287 0.573482 0.737366 0.573089 0.739227 0.574398 0.740389 0.574201 0.741435 0.571391 0.740505 0.570474 0.742014 0.570474 0.744815 0.571326 0.746199 0.572305 0.747014 0.572568 0.748755 0.573547 0.750037 0.574659 0.750162
2 0.544237 0.457745 0.544641 0.456241 0.544641 0.456241 0.544682 0.453514 0.546771 0.455296 0.547734 0.457009 0.550708 0.465097 0.553510 0.470231 0.555349 0.475370 0.555872 0.477546 0.555174 0.480037 0.553510 0.480657 0.551234 0.479569 0.550185 0.479569 0.549310 0.477236 0.548609 0.476148
5 0.519297 0.392130 0.520922 0.392579 0.525844 0.404037 0.528422 0.404454 0.530763 0.404245 0.532521 0.402370 0.532872 0.400079 0.532505 0.395454 0.522008 0.380014 0.518635 0.370019 0.511784 0.368833 0.510846 0.368625 0.508268 0.366750 0.503815 0.364458 0.500651 0.361750 0.498990 0.359468 0.497427 0.355718 0.495964 0.355708 0.494208 0.356542 0.492451 0.356750 0.491865 0.359458 0.491279 0.361333 0.494677 0.366958 0.495495 0.369667 0.495846 0.374042 0.498776 0.377583 0.502526 0.382167 0.507214 0.387162 0.513070 0.390704 0.515180 0.390912 0.516703 0.390079
2 0.432659 0.327750 0.430924 0.330546 0.426729 0.333486 0.423018 0.341662 0.423138 0.343384 0.423984 0.345176 0.425026 0.345023 0.425130 0.343662 0.428096 0.342366 0.430987 0.340380 0.432297 0.337801 0.432802 0.341657 0.432802 0.343713 0.433307 0.345255 0.434393 0.346153 0.436633 0.347056 0.437500 0.345769 0.437646 0.343583 0.437141 0.341144 0.436128 0.338574 0.435187 0.330991 0.434464 0.328546 0.433380 0.327648
2 0.520872 0.540384 0.517966 0.542824 0.515547 0.546194 0.506906 0.560495 0.520057 0.557986 0.520062 0.557287 0.520904 0.549139
2 0.590076 0.542866 0.591581 0.540935 0.599693 0.558185 0.605549 0.572606 0.615242 0.597870 0.611763 0.600458 0.601885 0.570528 0.596198 0.555269
2 0.537099 0.411889 0.570964 0.485620 0.566922 0.490106 0.565747 0.488278 0.555581 0.466370 0.533096 0.417296
2 0.519268 0.392852 0.527891 0.407069 0.533096 0.417296 0.555581 0.466370 0.559193 0.474245 0.557268 0.477676 0.549940 0.460296 0.542555 0.445833 0.542417 0.440690 0.540456 0.441269 0.535052 0.429181 0.531878 0.422218 0.521836 0.403569 0.522117 0.401926 0.521393 0.400769 0.519336 0.400060 0.517437 0.396329
5 0.453359 0.514815 0.444286 0.492579 0.445081 0.491995 0.445081 0.491995 0.442203 0.483769 0.449685 0.488685 0.451984 0.488861 0.454609 0.489398 0.454453 0.492407 0.459479 0.496477 0.465286 0.501111 0.463773 0.509412 0.465104 0.510194 0.469453 0.514583 0.468643 0.515009 0.465685 0.517523 0.462875 0.522616 0.461094 0.527796 0.460826 0.532981
9 0.436365 0.414986 0.429789 0.418644 0.428458 0.423162 0.431081 0.434060 0.433138 0.433130 0.433703 0.430977 0.435362 0.430468 0.436456 0.428019 0.437497 0.425102 0.437979 0.423806
5 0.528591 0.440407 0.530365 0.441486 0.531112 0.443977 0.531906 0.447213 0.532047 0.449134 0.531768 0.461528 0.530966 0.461088 0.522341 0.462667 0.521021 0.461009
5 0.533362 0.429949 0.525974 0.427532 0.523023 0.427806 0.522341 0.432241 0.521948 0.434620 0.518724 0.436819 0.520865 0.439014 0.522039 0.440194 0.524419 0.445657 0.525240 0.449583 0.528591 0.440407 0.530365 0.441486 0.531112 0.443977 0.531906 0.447213 0.532047 0.449134 0.534172 0.450125 0.534279 0.462708 0.535253 0.463194 0.537021 0.462356 0.538516 0.461690 0.538628 0.461514 0.538818 0.460565 0.538995 0.459898 0.536776 0.451653 0.536250 0.450361 0.536250 0.450361 0.534719 0.443907 0.536573 0.442903 0.540456 0.441269 0.539138 0.439324
5 0.477318 0.442773 0.478026 0.442569 0.478516 0.440398 0.479143 0.439407 0.480607 0.438727 0.482141 0.439968 0.483479 0.442190 0.485505 0.441287 0.487836 0.440931 0.491279 0.441468 0.492594 0.443088 0.493404 0.445792 0.494823 0.450472 0.495935 0.457130 0.496341 0.463431 0.496240 0.464694 0.485102 0.457130 0.480456 0.453620 0.480456 0.453620
9 0.447453 0.412222 0.444268 0.414241 0.442161 0.417023 0.441135 0.419616 0.441677 0.424417 0.443781 0.430463 0.445727 0.433727 0.447669 0.435069 0.450424 0.434495 0.454529 0.427389 0.454690 0.422782 0.452927 0.415333 0.451120 0.413537 0.448880 0.412509
2 0.400698 0.382255 0.404135 0.381838 0.409307 0.382356 0.412484 0.382449 0.414464 0.382171 0.416651 0.384718 0.416576 0.396218 0.416154 0.398306 0.415701 0.399912 0.414406 0.401037 0.407836 0.402269 0.406510 0.398468 0.409643 0.398144 0.413682 0.397931 0.414617 0.397394 0.415128 0.396218 0.415490 0.394718 0.415128 0.392787 0.414586 0.387162 0.402383 0.385880
9 0.413849 0.324509 0.410125 0.323931 0.407099 0.324028 0.404185 0.325755 0.403159 0.330074 0.402240 0.331806 0.401917 0.337370 0.401484 0.341981 0.402654 0.345824 0.409531 0.354005 0.411880 0.356898 0.415875 0.355458 0.418354 0.351620 0.419812 0.346338 0.419326 0.339810 0.418245 0.332801 0.417112 0.329060
5 0.422232 0.292426 0.419260 0.297704 0.417234 0.299282 0.418047 0.313944 0.419172 0.316056 0.422047 0.316944 0.423422 0.315056 0.423919 0.306727 0.427362 0.296458
5 0.540456 0.441269 0.542417 0.440690 0.542555 0.445833 0.544076 0.448782 0.544682 0.453514 0.544641 0.456241 0.544229 0.457708 0.543411 0.460231 0.542872 0.462116 0.540773 0.461690 0.538516 0.461690 0.538628 0.461514 0.538818 0.460565 0.538995 0.459898 0.538995 0.459898 0.536776 0.451653 0.536250 0.450361 0.534719 0.443907 0.536573 0.442903
5 0.376430 0.318139 0.386799 0.345676 0.388031 0.348481 0.394063 0.336389 0.392672 0.334250 0.393607 0.332644 0.393518 0.331241 0.393286 0.329579 0.392773 0.327838 0.391792 0.327671 0.390906 0.327588 0.386268 0.322449 0.383794 0.320097 0.379643 0.316995
1 0.450180 0.319972 0.448299 0.322287 0.464755 0.342926 0.467508 0.343588 0.454445 0.326301
5 0.463154 0.427861 0.456901 0.431181 0.452513 0.448190 0.454005 0.449352 0.453214 0.457236 0.464773 0.466394 0.464773 0.466394 0.465867 0.467069 0.466380 0.464676 0.466227 0.464130 0.462776 0.444986 0.462883 0.442972 0.463747 0.442491 0.462612 0.437495 0.462940 0.436051 0.463583 0.435190 0.464880 0.434616
2 0.519635 0.408477 0.517508 0.411019 0.529271 0.425222 0.533362 0.429949 0.539138 0.439324 0.540456 0.441269 0.535052 0.429181 0.532648 0.424014
2 0.446003 0.388870 0.447711 0.389431 0.450745 0.392593 0.453177 0.397296 0.456430 0.396134 0.456430 0.385958 0.453352 0.377704 0.453784 0.372324 0.452703 0.367815 0.448599 0.364259 0.444982 0.367144 0.444982 0.373861
2 0.544237 0.457745 0.548609 0.476148 0.549310 0.477236 0.550185 0.479569 0.550359 0.482838 0.548164 0.482167 0.547820 0.484236 0.545870 0.485894 0.541964 0.489671 0.540362 0.488741 0.538719 0.488593 0.541958 0.482991 0.546245 0.478634 0.544846 0.470389 0.544495 0.468991 0.543534 0.468056 0.543112 0.465917 0.542872 0.462116 0.543411 0.460231
2 0.449867 0.405403 0.450701 0.406829 0.451279 0.407343 0.453159 0.406829 0.455255 0.408241 0.456484 0.410940 0.456773 0.413898 0.456052 0.418009 0.454026 0.419935 0.452927 0.415333 0.451120 0.413537 0.448880 0.412509 0.447453 0.412222 0.444268 0.414241 0.442893 0.413380 0.442099 0.412227 0.441953 0.409782 0.442388 0.407472 0.443544 0.404259 0.444484 0.403870 0.446076 0.404130 0.447719 0.404903
5 0.483229 0.328153 0.482448 0.328523 0.482057 0.329542 0.482370 0.330329 0.485495 0.337500 0.488203 0.342639 0.489026 0.345014 0.490630 0.347806 0.494674 0.353940 0.496138 0.350903 0.497846 0.348176 0.495794 0.342653 0.490831 0.335051 0.486549 0.329782
5 0.297013 0.203889 0.288721 0.187306 0.294810 0.183389 0.308674 0.177398 0.311911 0.175097 0.316057 0.171644 0.321370 0.171644 0.331484 0.192037 0.343005 0.212407 0.357388 0.241662 0.371185 0.271329 0.373984 0.280079 0.374555 0.283259 0.376224 0.285444 0.376458 0.288046 0.372870 0.284847 0.369734 0.282472 0.366146 0.278491 0.361979 0.280648 0.359266 0.284731 0.335143 0.254995 0.306938 0.217222
5 0.357547 0.158755 0.356435 0.154731 0.355596 0.153046 0.355523 0.149398 0.359219 0.149204 0.362883 0.148806 0.362883 0.147792 0.358784 0.143718 0.358755 0.142060 0.361227 0.140282 0.364388 0.132481 0.363685 0.130005 0.362427 0.128514 0.362516 0.125519 0.365508 0.125852 0.372786 0.132907 0.378664 0.138218 0.384917 0.144190 0.389536 0.148009 0.395753 0.153481 0.403409 0.161954 0.415229 0.173750 0.423760 0.180292 0.433701 0.189894 0.442901 0.199713 0.447419 0.204171 0.447044 0.206278 0.448794 0.213167 0.449609 0.219051 0.456609 0.225056 0.455227 0.227278 0.454115 0.228287 0.453177 0.229907 0.451172 0.228051 0.449734 0.227046 0.447943 0.231296 0.446706 0.239412 0.439331 0.231185 0.439766 0.240181 0.440266 0.249509 0.434219 0.242505 0.424984 0.232806 0.411701 0.218213 0.396148 0.201894 0.379083 0.182597 0.362451 0.164551
5 0.384917 0.144190 0.377315 0.135782 0.371388 0.129644 0.368401 0.126907 0.368401 0.125662 0.370081 0.123171 0.374234 0.120435 0.375401 0.119190 0.376521 0.112801 0.377409 0.110560 0.381047 0.102597 0.383055 0.102264 0.383570 0.102500 0.384411 0.103250 0.410234 0.129417 0.441930 0.159255 0.468906 0.185454 0.466456 0.189551 0.466456 0.189551 0.465057 0.192620 0.463003 0.198014 0.461883 0.200171 0.461229 0.200088 0.460622 0.199009 0.459596 0.200333 0.460016 0.202412 0.458661 0.206560 0.456328 0.208051 0.456281 0.209546 0.454010 0.212546 0.447419 0.204171 0.442901 0.199713 0.433701 0.189894 0.423760 0.180292 0.415229 0.173750 0.403409 0.161954 0.395753 0.153481 0.389536 0.148009
5 0.464870 0.234852 0.462633 0.232213 0.459487 0.232356 0.457607 0.233384 0.456609 0.233602 0.453638 0.235727 0.452146 0.237019 0.450979 0.238903 0.451461 0.240102 0.462190 0.251861 0.474815 0.265917 0.494823 0.288435 0.498818 0.293671 0.507609 0.302417 0.525440 0.323931 0.533424 0.333111 0.534596 0.334616 0.535724 0.338417 0.535951 0.339593 0.531870 0.341514 0.530984 0.342181 0.531474 0.344005 0.539958 0.353324 0.541630 0.352431 0.541044 0.350500 0.541044 0.345296 0.543135 0.343958 0.546984 0.349014 0.548823 0.347676 0.548992 0.343065 0.552003 0.347676 0.554094 0.347227 0.554010 0.342917 0.556518 0.331167 0.559279 0.325815 0.562307 0.327806 0.563315 0.327157 0.562786 0.326019 0.559375 0.322639 0.557318 0.320694 0.553078 0.316412 0.551865 0.314755 0.550130 0.314398 0.547383 0.311681 0.544583 0.314171 0.542344 0.311602 0.540198 0.310602 0.538469 0.311185 0.536695 0.311269 0.514576 0.287454 0.489557 0.260986
5 0.451461 0.240102 0.449839 0.242657 0.446706 0.239412 0.439331 0.231185 0.439766 0.240181 0.440266 0.249509 0.440211 0.252102 0.437727 0.253926 0.434974 0.255463 0.433948 0.257000 0.436797 0.259120 0.445964 0.269815 0.464237 0.290875 0.480622 0.308231 0.488049 0.313931 0.500633 0.331287 0.511859 0.346162 0.517961 0.354032 0.521133 0.351491 0.526328 0.345542 0.531870 0.341514 0.535951 0.339593 0.535724 0.338417 0.534596 0.334616 0.533424 0.333111 0.525440 0.323931 0.507609 0.302417 0.498818 0.293671 0.494823 0.288435 0.474815 0.265917 0.462190 0.251861
