0 0.326695 0.727940 0.328378 0.728579 0.333898 0.737542 0.336779 0.743519 0.337018 0.749278 0.337620 0.756745 0.337500 0.758454 0.342299 0.762296 0.344581 0.761014 0.346620 0.760588 0.348422 0.763574 0.363904 0.787685 0.369786 0.803690 0.372523 0.816833 0.373398 0.834782 0.373242 0.850356 0.371826 0.858037 0.368417 0.868880 0.364648 0.877329 0.359536 0.885458 0.353714 0.893269 0.345193 0.899648 0.343141 0.900926 0.341917 0.917403 0.340477 0.924421 0.338591 0.930162 0.335721 0.934620 0.333669 0.937801 0.331510 0.939231 0.328378 0.939398 0.325591 0.938907 0.323805 0.938120 0.320203 0.945843 0.317682 0.949259 0.315281 0.951181 0.311802 0.951819 0.307721 0.950537 0.305560 0.947338 0.303641 0.939444 0.302560 0.932829 0.299318 0.911491 0.282995 0.905944 0.279513 0.923014 0.276034 0.934324 0.273633 0.937949 0.268951 0.938162 0.265951 0.944565 0.263070 0.947977 0.255388 0.947551 0.252148 0.946912 0.249388 0.941366 0.246266 0.937310 0.243146 0.934537 0.240745 0.926000 0.239786 0.919171 0.239664 0.905727 0.237146 0.899329 0.234745 0.895912 0.232344 0.894208 0.224685 0.885204 0.219128 0.877306 0.213151 0.868921 0.210510 0.862009 0.211003 0.840412 0.212107 0.816449 0.213919 0.805356 0.218781 0.793000 0.225443 0.781157 0.228359 0.776463 0.231000 0.771532 0.232799 0.768801 0.234193 0.764366 0.238500 0.758690 0.240721 0.757194 0.242521 0.758199 0.245943 0.742130 0.250253 0.735708 0.255258 0.729306 0.257201 0.726083 0.260526 0.723630 0.269000 0.719426 0.273034 0.717208 0.275805 0.717208 0.276922 0.718444
7 0.494818 0.333907 0.511190 0.354477 0.502062 0.382028 0.496435 0.395935 0.474005 0.400931 0.472255 0.403042 0.477964 0.380657 0.482878 0.367310 0.485039 0.361889
6 0.456271 0.408620 0.462552 0.409134 0.463927 0.442935 0.457260 0.440583
6 0.464172 0.375551 0.459911 0.370792 0.457862 0.379602 0.456344 0.383713 0.459234 0.407079 0.459427 0.408870 0.462552 0.409134 0.463927 0.442935 0.465438 0.444366 0.472693 0.444250 0.468695 0.414481 0.467089 0.397532
6 0.472164 0.376315 0.475409 0.376009 0.477964 0.380657 0.472255 0.403042 0.468695 0.414481 0.467089 0.397532
6 0.432292 0.357032 0.435841 0.358403 0.436648 0.361056 0.437375 0.361556 0.437042 0.383199 0.436411 0.402694 0.431885 0.388231
6 0.413602 0.327662 0.409659 0.328338 0.404745 0.336593 0.418961 0.386699 0.426523 0.413833 0.436328 0.438708 0.444453 0.431477 0.439703 0.412333 0.436411 0.402694 0.431885 0.388231 0.421581 0.354181
5 0.479878 0.564282 0.474719 0.561667 0.472812 0.558926 0.470276 0.559394 0.479815 0.611486 0.483930 0.607597 0.485591 0.602463 0.487167 0.588315 0.487255 0.581301 0.487255 0.577565
5 0.439703 0.412333 0.456271 0.408620 0.457260 0.440583 0.456010 0.435144 0.453013 0.433032 0.450763 0.430255 0.444453 0.431477
5 0.479878 0.564282 0.487255 0.577565 0.487255 0.581301 0.487167 0.588315 0.485591 0.602463 0.483930 0.607597 0.479815 0.611486 0.485339 0.641296 0.495286 0.658282 0.499758 0.661204 0.503956 0.662829 0.504156 0.660384 0.506086 0.656671 0.508513 0.655491 0.507927 0.643000 0.505062 0.636694 0.502948 0.632329 0.498039 0.621667 0.491701 0.605912 0.491701 0.601060 0.491016 0.601060 0.489385 0.595491 0.489602 0.592194 0.490422 0.591153 0.494992 0.590319 0.496164 0.588861 0.496398 0.585116 0.496164 0.578241 0.495883 0.574495
5 0.494818 0.333907 0.492068 0.330579 0.489633 0.327912 0.486570 0.330023 0.484508 0.329579 0.479948 0.335685 0.478010 0.340463 0.477049 0.347495 0.476885 0.352671 0.478122 0.355370 0.477154 0.357667 0.477693 0.358333 0.475318 0.360935 0.485039 0.361889
5 0.512258 0.512167 0.491635 0.524208 0.490414 0.529185 0.489042 0.534704 0.495458 0.544120 0.511406 0.549167 0.522211 0.551130 0.537273 0.556241 0.548539 0.555356 0.544805 0.550449 0.531547 0.532852
5 0.504141 0.557269 0.507383 0.552810 0.511406 0.549167 0.522211 0.551130 0.521737 0.564028 0.523393 0.565852 0.525445 0.574968 0.527747 0.586958 0.527669 0.593546
5 0.535177 0.623144 0.530687 0.628204 0.535823 0.638144 0.543367 0.651319 0.546253 0.641157
5 0.484669 0.545370 0.477745 0.557866 0.474719 0.561667 0.479893 0.564481 0.495859 0.574366 0.496164 0.578241 0.496398 0.585116 0.496164 0.588861 0.494992 0.590319 0.490422 0.591153 0.489602 0.592194 0.489385 0.595491 0.491016 0.601060 0.491701 0.601060 0.491701 0.605912 0.498039 0.621667 0.502948 0.632329 0.505062 0.636694 0.507927 0.643000 0.508513 0.655491 0.506086 0.656671 0.504156 0.660384 0.503956 0.662829 0.503956 0.662829 0.499758 0.661204 0.495286 0.658282 0.485339 0.641296 0.496245 0.697264 0.497299 0.696014 0.498706 0.694139 0.500464 0.692889 0.502104 0.692264 0.503510 0.692472 0.504857 0.694782 0.510365 0.718741 0.544385 0.697815 0.544695 0.683537 0.542352 0.673954 0.545281 0.658708 0.545797 0.656625 0.545740 0.655227 0.544883 0.653602 0.543911 0.651852 0.543367 0.651319 0.542797 0.648708 0.540828 0.645815 0.539258 0.644065 0.535823 0.638144 0.530687 0.628204 0.531466 0.626815 0.530250 0.623713 0.530599 0.619981 0.530682 0.617940 0.529958 0.615713 0.510883 0.584560 0.505352 0.576319 0.500284 0.569301 0.500284 0.569301
5 0.557969 0.641843 0.556891 0.659435 0.555336 0.684065 0.558589 0.690093 0.571776 0.680019 0.573971 0.679181 0.575068 0.678343 0.576951 0.663009 0.577893 0.655477 0.579617 0.641537 0.581971 0.645718 0.584010 0.648227 0.586206 0.648227 0.587932 0.648787 0.589813 0.646278 0.591227 0.645440 0.592794 0.645162 0.594362 0.643208 0.595932 0.640139 0.595617 0.637912 0.595146 0.630102 0.594049 0.621181 0.593107 0.615324 0.590599 0.608907 0.572865 0.585926 0.564242 0.595023 0.559719 0.600301 0.555195 0.610606 0.550107 0.621662 0.548326 0.626616 0.557969 0.641843
5 0.553357 0.652148 0.548268 0.658431 0.544594 0.675519 0.544385 0.697815 0.558589 0.690093 0.555336 0.684065 0.556891 0.659435
5 0.548539 0.555356 0.537273 0.556241 0.536839 0.562218 0.536432 0.565639 0.535016 0.571218 0.534609 0.575181 0.535117 0.579319 0.536232 0.582019 0.534206 0.594264 0.534245 0.604440 0.537750 0.608843 0.548326 0.626616 0.550107 0.621662 0.555195 0.610606 0.559719 0.600301 0.564242 0.595023 0.572865 0.585926
2 0.513659 0.439838 0.520503 0.430917 0.529362 0.427106 0.535224 0.428801
5 0.477492 0.444819 0.472693 0.444250 0.468695 0.414481 0.472255 0.403042 0.474005 0.400931 0.496435 0.395935 0.502062 0.382028 0.511190 0.354477 0.514503 0.357329 0.516672 0.360463 0.518570 0.364560 0.520331 0.366250 0.521687 0.366250 0.523180 0.363597 0.524940 0.364079 0.525620 0.366005 0.527654 0.366005 0.530094 0.363597 0.531992 0.360944 0.533753 0.359019 0.534159 0.356606 0.535245 0.353958 0.536328 0.353231 0.537549 0.355644 0.537956 0.359741 0.536737 0.380468 0.534974 0.389384 0.531583 0.397097 0.530365 0.417343 0.521146 0.425056 0.520503 0.430917 0.513659 0.439838 0.502615 0.446167 0.497779 0.446167 0.497505 0.441458 0.495497 0.439028 0.489292 0.443569 0.483542 0.446167
6 0.459419 0.373074 0.437130 0.378694 0.437026 0.381856 0.458607 0.376898
5 0.582177 0.491458 0.570570 0.512407 0.584727 0.533782 0.586906 0.535116 0.588680 0.539356 0.591815 0.543597 0.595497 0.526880
5 0.566602 0.477829 0.574188 0.492130 0.565430 0.506796 0.564513 0.505167 0.560643 0.505713 0.557435 0.504264 0.555346 0.501185 0.551323 0.501454 0.552495 0.498560 0.559776 0.484074 0.563901 0.483259
5 0.437042 0.383199 0.437042 0.383199 0.437026 0.381856 0.458607 0.376898 0.457862 0.379602 0.456297 0.383634 0.459505 0.409074 0.456271 0.408620 0.439703 0.412333 0.436411 0.402694
2 0.442930 0.336606 0.453932 0.344176 0.454474 0.347537 0.456362 0.347630 0.456409 0.351736 0.460049 0.359120 0.453307 0.358898
2 0.399135 0.338565 0.401003 0.339889 0.403570 0.347028 0.407490 0.348106 0.418961 0.386699 0.416823 0.388278
2 0.421581 0.354181 0.423542 0.355171 0.423703 0.352588 0.427695 0.354523 0.428987 0.357968 0.431648 0.358255 0.431648 0.356102 0.432292 0.357032 0.431885 0.388231
2 0.437375 0.361556 0.439841 0.362394 0.439781 0.360306 0.443891 0.361856 0.445089 0.364824 0.447667 0.365560 0.447667 0.363477 0.451656 0.364426 0.453112 0.368269 0.456159 0.369194 0.456328 0.365718 0.462940 0.366241 0.463544 0.371759 0.461698 0.372620 0.459911 0.370792 0.459419 0.373074 0.437130 0.378694
2 0.453307 0.358898 0.460049 0.359120 0.475318 0.360935 0.485039 0.361889 0.482878 0.367310 0.462940 0.366241 0.456328 0.365718
5 0.464172 0.375551 0.464172 0.375551 0.470544 0.373917 0.470161 0.370542 0.463544 0.371759 0.462940 0.366241 0.482878 0.367310 0.477964 0.380657 0.475409 0.376009 0.472112 0.376269 0.467089 0.397532
5 0.477049 0.347495 0.474424 0.343106 0.474146 0.340037 0.472232 0.337630 0.467844 0.335310 0.467005 0.331407 0.461823 0.330079 0.459258 0.329333 0.457904 0.333069 0.457062 0.333315 0.456177 0.337134 0.456409 0.351736 0.460049 0.359120 0.475318 0.360935 0.477693 0.358333 0.477154 0.357667 0.478122 0.355370 0.476885 0.352671
2 0.387659 0.295343 0.385576 0.295343 0.385133 0.297056 0.388914 0.305801 0.387612 0.304968 0.388107 0.307421 0.390557 0.309060 0.398760 0.332338 0.396461 0.331190 0.399135 0.338565 0.401003 0.339889 0.403570 0.347028 0.407490 0.348106 0.404745 0.336593 0.409659 0.328338 0.413602 0.327662 0.413602 0.327662 0.421581 0.354181 0.423542 0.355171 0.423703 0.352588 0.427695 0.354523 0.428987 0.357968 0.431648 0.358255 0.431648 0.356102 0.432292 0.357032 0.435841 0.358403 0.436648 0.361056 0.437375 0.361556 0.439841 0.362394 0.439781 0.360306 0.443891 0.361856 0.445089 0.364824 0.447667 0.365560 0.447667 0.363477 0.451656 0.364426 0.453112 0.368269 0.456159 0.369194 0.456328 0.365718 0.453307 0.358898 0.442930 0.336606 0.440003 0.330843 0.438849 0.327736 0.435594 0.324690 0.424115 0.309255 0.422214 0.308505 0.421560 0.311824 0.421281 0.312403 0.419880 0.312069 0.417828 0.305847 0.414794 0.305681 0.414466 0.308588 0.415167 0.309829 0.412760 0.309278 0.410115 0.302458 0.407036 0.303227 0.411195 0.314750 0.408333 0.313597 0.403094 0.299389 0.399909 0.300255 0.399854 0.302074 0.397479 0.300731 0.395966 0.297468 0.392240 0.296699 0.395534 0.307546 0.392701 0.306889
6 0.440701 0.329347 0.442568 0.319222 0.435635 0.310417 0.425234 0.297306 0.421128 0.294486 0.418419 0.302949 0.424115 0.309255 0.435594 0.324690
4 0.469102 0.288144 0.472904 0.292264 0.477331 0.299023 0.479339 0.304796 0.479661 0.311394 0.478747 0.323412 0.477451 0.331093 0.475031 0.335421 0.472232 0.337630 0.467844 0.335310 0.467005 0.331407 0.461823 0.330079 0.459258 0.329333 0.457904 0.333069 0.457062 0.333315 0.456177 0.337134 0.451016 0.335319 0.440701 0.329347 0.442568 0.319222 0.435635 0.310417 0.433901 0.306903 0.433948 0.299856 0.434674 0.294546 0.436286 0.289384 0.439979 0.285356 0.444273 0.282620 0.449172 0.281333 0.450701 0.277190 0.451951 0.275148 0.454815 0.273116 0.457818 0.276657 0.459198 0.275778 0.460240 0.273880 0.461177 0.273231 0.461857 0.274421 0.462039 0.277755 0.464591 0.279745 0.465333 0.279227 0.466635 0.279134 0.467547 0.280014 0.468198 0.281681 0.468354 0.283347 0.468693 0.286218
6 0.489042 0.534704 0.487633 0.540995 0.484669 0.545370 0.500284 0.569301 0.505352 0.576319 0.510883 0.584560 0.529958 0.615713 0.535177 0.623144 0.546253 0.641157 0.553357 0.652148 0.556891 0.659435 0.557969 0.641843 0.548326 0.626616 0.537810 0.608917 0.534245 0.604440 0.527669 0.593546 0.504141 0.557269 0.495458 0.544120
5 0.297013 0.203889 0.288721 0.187306 0.294810 0.183389 0.308674 0.177398 0.311911 0.175097 0.316057 0.171644 0.321370 0.171644 0.331484 0.192037 0.343005 0.212407 0.357388 0.241662 0.371185 0.271329 0.373984 0.280079 0.374555 0.283259 0.376224 0.285444 0.376458 0.288046 0.372870 0.284847 0.369734 0.282472 0.366146 0.278491 0.361979 0.280648 0.359266 0.284731 0.335143 0.254995 0.306938 0.217222
5 0.357547 0.158755 0.356435 0.154731 0.355596 0.153046 0.355523 0.149398 0.359219 0.149204 0.362883 0.148806 0.362883 0.147792 0.358784 0.143718 0.358755 0.142060 0.361227 0.140282 0.364388 0.132481 0.363685 0.130005 0.362427 0.128514 0.362516 0.125519 0.365508 0.125852 0.372786 0.132907 0.378664 0.138218 0.384917 0.144190 0.389536 0.148009 0.395753 0.153481 0.403409 0.161954 0.415229 0.173750 0.423760 0.180292 0.433701 0.189894 0.442901 0.199713 0.447419 0.204171 0.447044 0.206278 0.448794 0.213167 0.449609 0.219051 0.456609 0.225056 0.455227 0.227278 0.454115 0.228287 0.453177 0.229907 0.451172 0.228051 0.449734 0.227046 0.447943 0.231296 0.446706 0.239412 0.439331 0.231185 0.439766 0.240181 0.440266 0.249509 0.434219 0.242505 0.424984 0.232806 0.411701 0.218213 0.396148 0.201894 0.379083 0.182597 0.362451 0.164551
5 0.384917 0.144190 0.377315 0.135782 0.371388 0.129644 0.368401 0.126907 0.368401 0.125662 0.370081 0.123171 0.374234 0.120435 0.375401 0.119190 0.376521 0.112801 0.377409 0.110560 0.381047 0.102597 0.383055 0.102264 0.383570 0.102500 0.384411 0.103250 0.410234 0.129417 0.441930 0.159255 0.468906 0.185454 0.466456 0.189551 0.466456 0.189551 0.465057 0.192620 0.463003 0.198014 0.461883 0.200171 0.461229 0.200088 0.460622 0.199009 0.459596 0.200333 0.460016 0.202412 0.458661 0.206560 0.456328 0.208051 0.456281 0.209546 0.454010 0.212546 0.447419 0.204171 0.442901 0.199713 0.433701 0.189894 0.423760 0.180292 0.415229 0.173750 0.403409 0.161954 0.395753 0.153481 0.389536 0.148009
5 0.464870 0.234852 0.462633 0.232213 0.459487 0.232356 0.457607 0.233384 0.456609 0.233602 0.453638 0.235727 0.452146 0.237019 0.450979 0.238903 0.451461 0.240102 0.462190 0.251861 0.474815 0.265917 0.494823 0.288435 0.498818 0.293671 0.507609 0.302417 0.525440 0.323931 0.533424 0.333111 0.534596 0.334616 0.535724 0.338417 0.535951 0.339593 0.531870 0.341514 0.530984 0.342181 0.531474 0.344005 0.539958 0.353324 0.541630 0.352431 0.541044 0.350500 0.541044 0.345296 0.543135 0.343958 0.546984 0.349014 0.548823 0.347676 0.548992 0.343065 0.552003 0.347676 0.554094 0.347227 0.554010 0.342917 0.556518 0.331167 0.559279 0.325815 0.562307 0.327806 0.563315 0.327157 0.562786 0.326019 0.559375 0.322639 0.557318 0.320694 0.553078 0.316412 0.551865 0.314755 0.550130 0.314398 0.547383 0.311681 0.544583 0.314171 0.542344 0.311602 0.540198 0.310602 0.538469 0.311185 0.536695 0.311269 0.514576 0.287454 0.489557 0.260986
5 0.451461 0.240102 0.449839 0.242657 0.446706 0.239412 0.439331 0.231185 0.439766 0.240181 0.440266 0.249509 0.440211 0.252102 0.437727 0.253926 0.434974 0.255463 0.433948 0.257000 0.436797 0.259120 0.445964 0.269815 0.464237 0.290875 0.480622 0.308231 0.488049 0.313931 0.500633 0.331287 0.511859 0.346162 0.517961 0.354032 0.521133 0.351491 0.526328 0.345542 0.531870 0.341514 0.535951 0.339593 0.535724 0.338417 0.534596 0.334616 0.533424 0.333111 0.525440 0.323931 0.507609 0.302417 0.498818 0.293671 0.494823 0.288435 0.474815 0.265917 0.462190 0.251861
