2 0.526828 0.408069 0.518992 0.399981 0.519523 0.395440 0.544138 0.414468 0.542206 0.417181 0.539279 0.422759 0.534799 0.423176 0.527490 0.425495 0.527599 0.423991 0.527417 0.419176 0.518198 0.407093 0.518542 0.404213 0.525802 0.411069 0.526435 0.410801 0.526857 0.410157 0.526979 0.409144
2 0.550273 0.454958 0.547333 0.450231 0.546167 0.446912 0.546773 0.444838 0.548922 0.443014 0.550927 0.440606 0.552094 0.438449 0.553122 0.436042 0.553961 0.433968 0.555503 0.437704 0.558302 0.442931 0.555927 0.446125 0.552359 0.451681
2 0.551849 0.453750 0.556266 0.447426 0.558917 0.443727 0.559659 0.445028 0.563331 0.449116 0.573146 0.461412 0.579185 0.469931 0.567646 0.459208 0.570258 0.464602 0.578242 0.473157 0.578036 0.473907 0.575677 0.479981 0.572500 0.486731 0.566714 0.478065 0.567635 0.478051 0.567922 0.477588 0.568130 0.476523 0.568130 0.475875
2 0.578422 0.478384 0.586938 0.491102 0.598659 0.510949 0.592823 0.524597 0.588128 0.520468 0.590344 0.515727 0.588969 0.514065 0.582221 0.507176 0.577224 0.500843 0.572237 0.492014 0.572948 0.490769 0.577568 0.481435
2 0.482344 0.381704 0.484117 0.386764 0.484052 0.387806 0.483948 0.389426 0.484182 0.390954 0.484703 0.392111 0.484833 0.393315 0.484807 0.394657 0.484182 0.396046 0.483271 0.396787 0.480953 0.395815 0.480198 0.395815 0.479547 0.396278 0.479547 0.397019 0.480458 0.397343 0.481995 0.398130 0.480617 0.399875 0.477818 0.401949 0.476792 0.404023 0.475859 0.405926 0.474948 0.409722 0.473755 0.409375 0.470578 0.408634 0.479667 0.388301
2 0.474628 0.375139 0.477109 0.377662 0.477911 0.378403 0.478922 0.377972 0.479865 0.377662 0.480318 0.377782 0.476167 0.387231 0.469445 0.401917 0.467820 0.405898 0.466930 0.402699 0.467174 0.400032 0.466060 0.401028 0.464281 0.402759 0.463479 0.402389 0.462607 0.401028 0.463201 0.396995 0.463339 0.395074 0.464872 0.390491
2 0.454302 0.343764 0.456563 0.345370 0.459094 0.345903 0.460448 0.347782 0.461443 0.350514 0.462438 0.351903 0.464727 0.350301 0.464758 0.352014 0.467289 0.360532 0.468013 0.361620 0.460703 0.374560 0.460878 0.371773 0.460354 0.367620 0.459693 0.364523 0.458437 0.360491 0.457427 0.358324 0.454010 0.359565 0.450419 0.362847 0.452552 0.354380 0.453878 0.350727 0.453615 0.347079 0.454057 0.344995
2 0.551708 0.407565 0.557182 0.407542 0.560773 0.408046 0.561378 0.409838 0.561180 0.413343 0.559326 0.418222 0.556255 0.424824 0.555328 0.425398 0.552529 0.424995 0.551096 0.424394 0.549883 0.423250
2 0.508052 0.465218 0.506099 0.468245 0.509091 0.470167 0.511005 0.469435 0.511940 0.469384 0.512747 0.470833 0.513417 0.472866 0.515865 0.476375 0.518193 0.478662 0.520021 0.478370 0.520477 0.477778 0.522638 0.476491 0.523654 0.476444 0.525112 0.477046 0.526206 0.475102 0.527716 0.473204 0.527536 0.470866 0.525195 0.473949 0.519307 0.473444 0.518661 0.472009 0.517734 0.469431 0.515104 0.465449 0.513565 0.467958 0.512997 0.468986
9 0.511237 0.524903 0.516940 0.533690 0.527854 0.521903 0.528245 0.519921 0.510898 0.519856 0.511240 0.522824
2 0.590542 0.540407 0.594607 0.544796 0.600857 0.538639 0.602732 0.530944 0.601867 0.528384 0.595857 0.527356
2 0.525620 0.546139 0.537555 0.562213 0.530250 0.564954 0.521122 0.550583
2 0.541388 0.546759 0.552648 0.553384 0.552901 0.552301 0.549992 0.536708 0.541888 0.529912 0.539727 0.536417
2 0.527536 0.470866 0.527716 0.473204 0.528732 0.472602 0.529461 0.474361 0.531935 0.474963 0.536492 0.475657 0.537326 0.475843 0.539758 0.475667 0.538635 0.468403 0.537135 0.455088 0.530763 0.465917 0.529674 0.467134 0.527656 0.469356
2 0.490750 0.470991 0.508625 0.463856 0.508625 0.460704 0.508299 0.458296 0.506385 0.457051 0.503258 0.452403 0.501578 0.449500 0.500646 0.448588 0.500878 0.446097 0.500458 0.444773 0.498992 0.440227 0.493951 0.435824 0.491151 0.423134 0.484078 0.430931 0.484711 0.434722 0.487633 0.438523 0.486154 0.430773 0.489281 0.430102 0.491716 0.446324 0.492901 0.448986 0.493029 0.451102 0.492529 0.454875 0.491591 0.457431 0.489154 0.459542 0.488034 0.460657
2 0.470578 0.408634 0.473755 0.409375 0.475448 0.409745 0.475839 0.410440 0.475526 0.412569 0.475365 0.413023 0.474758 0.411944 0.465602 0.433676 0.463266 0.433819 0.466487 0.420847 0.466164 0.419116
2 0.447479 0.418912 0.446828 0.424236 0.446990 0.426745 0.449701 0.434509 0.461552 0.434083 0.461188 0.433014 0.460195 0.430069 0.459833 0.427657 0.461099 0.424764 0.454904 0.420505 0.448753 0.416657
2 0.455372 0.405944 0.458992 0.407241 0.461206 0.407102 0.462378 0.406361 0.464070 0.405713 0.465216 0.404417 0.466232 0.404278 0.467820 0.405898 0.463190 0.417931 0.452044 0.411292
2 0.373896 0.367181 0.364781 0.360792 0.363505 0.359542 0.363167 0.355977 0.362620 0.353338 0.360536 0.349125 0.358323 0.345514 0.356786 0.343199 0.355589 0.342412 0.354104 0.342273 0.353193 0.343014 0.352099 0.345190 0.351448 0.343801 0.354104 0.336532 0.355172 0.333894 0.356083 0.333384 0.359182 0.334125 0.361552 0.333153 0.362854 0.333477 0.364807 0.335606 0.366529 0.339389 0.372802 0.352505 0.377909 0.360222
2 0.407214 0.291528 0.406201 0.289222 0.405154 0.290083 0.402888 0.290148 0.400552 0.291264 0.398076 0.292935 0.397135 0.294486 0.397414 0.297028 0.394346 0.297708 0.392883 0.297338 0.392185 0.294176 0.390510 0.293620 0.388070 0.295167 0.386258 0.298329 0.387164 0.302977 0.386083 0.302727 0.383852 0.301736 0.381760 0.301921 0.381518 0.305829 0.384992 0.309023 0.386310 0.305750 0.387714 0.304884 0.390630 0.305366 0.393005 0.307093 0.394247 0.310741 0.395544 0.316884 0.397867 0.321880 0.398141 0.304097 0.398562 0.302384 0.399737 0.302116 0.400406 0.304991 0.403307 0.302546 0.402409 0.299204 0.402409 0.295898 0.403656 0.293329 0.405271 0.291963
2 0.379771 0.305611 0.381518 0.305829 0.381760 0.301921 0.383852 0.301736 0.386083 0.302727 0.387164 0.302977 0.386258 0.298329 0.388070 0.295167 0.390510 0.293620 0.392185 0.294176 0.392883 0.297338 0.394346 0.297708 0.397414 0.297028 0.397135 0.294486 0.398076 0.292935 0.400552 0.291264 0.402888 0.290148 0.401318 0.288537 0.398979 0.283796 0.383396 0.284042 0.381513 0.294454
2 0.369682 0.310431 0.370359 0.304778 0.371349 0.303111 0.372911 0.302417 0.374786 0.299782 0.376870 0.297556 0.377547 0.298250 0.377729 0.300333 0.377078 0.302329 0.377208 0.303301 0.378237 0.303940 0.381339 0.284537 0.383466 0.281315 0.388836 0.280944 0.396680 0.280944 0.398945 0.281440 0.398909 0.277907 0.398281 0.277611 0.396042 0.276199 0.394734 0.275949 0.389880 0.277194 0.379143 0.281352 0.378641 0.290051 0.377995 0.292407 0.376167 0.290884 0.376763 0.282069 0.372568 0.284005 0.370229 0.292148 0.368031 0.307519
2 0.329833 0.216338 0.332935 0.215407 0.335828 0.216028 0.336422 0.215778 0.336943 0.213796 0.336979 0.212556 0.335375 0.208963 0.337344 0.204444 0.344656 0.212833 0.344115 0.214167 0.344844 0.214769 0.345182 0.213546 0.349495 0.215657 0.349583 0.216171 0.346271 0.220375 0.330594 0.219171 0.330255 0.219819 0.330359 0.220653 0.330310 0.222597 0.328547 0.224495 0.327792 0.227412 0.327375 0.230931 0.327505 0.233523 0.328391 0.235560 0.329432 0.237458 0.331307 0.238847 0.329268 0.241426 0.326883 0.239875 0.326797 0.237083 0.326294 0.235125 0.323646 0.217639 0.327917 0.218981 0.328646 0.218241
2 0.341094 0.231991 0.348789 0.233000 0.352232 0.231208 0.353661 0.225319 0.358854 0.210694 0.356042 0.209537 0.354052 0.209060 0.354078 0.213042 0.354589 0.215935 0.353076 0.217509 0.349583 0.216171 0.350315 0.217167 0.350872 0.219338 0.348750 0.222315 0.344167 0.227778 0.340518 0.231981
2 0.378115 0.191806 0.378958 0.189815 0.381484 0.188009 0.382266 0.186713 0.381172 0.184491 0.380365 0.182639 0.379104 0.181296 0.379417 0.179907 0.379599 0.177546 0.381771 0.177361 0.387005 0.180185 0.390078 0.183194 0.391589 0.184398 0.391797 0.185880 0.389245 0.189259 0.388073 0.190602 0.387682 0.191481 0.388682 0.195329 0.386089 0.195523 0.383552 0.194370 0.381016 0.194769 0.379729 0.193380
2 0.381016 0.194769 0.383552 0.194370 0.386089 0.195523 0.388682 0.195329 0.390570 0.195329 0.391164 0.195329 0.393055 0.195273 0.396781 0.198634 0.398995 0.202472 0.401102 0.207370 0.402612 0.210634 0.403807 0.211574 0.402573 0.214227 0.397763 0.214532 0.395484 0.214954 0.392792 0.212458 0.393060 0.211111 0.391234 0.207694 0.388859 0.204046 0.382021 0.201944 0.383271 0.198287 0.383297 0.197593
2 0.369148 0.207310 0.370500 0.205583 0.376872 0.202426 0.381292 0.201898 0.382021 0.201944 0.388859 0.204046 0.391234 0.207694 0.393060 0.211111 0.392792 0.212458 0.390409 0.209940 0.388237 0.207685 0.386612 0.207264 0.379771 0.208866 0.376461 0.210472 0.372935 0.212833 0.370586 0.213898 0.370013 0.213310 0.369013 0.210903 0.368354 0.208810 0.368474 0.208060
10 0.426971 0.255375 0.428023 0.251861 0.429073 0.248991 0.431615 0.247417 0.434638 0.247130 0.436456 0.248704 0.438047 0.251620 0.438255 0.259120 0.437760 0.259676 0.437188 0.260787 0.436927 0.262870 0.435979 0.263912 0.433841 0.261986 0.431672 0.262468 0.430672 0.263245 0.427833 0.255468
2 0.450188 0.244060 0.449029 0.245579 0.447945 0.245685 0.446951 0.245847 0.444690 0.249005 0.443786 0.250130 0.442318 0.251389 0.442188 0.258796 0.443073 0.258519 0.446120 0.259815 0.446250 0.262222 0.446380 0.264444 0.447630 0.265926 0.450156 0.266898 0.452109 0.268704 0.452839 0.270787 0.453398 0.273005 0.454091 0.270380 0.457768 0.270324 0.461352 0.271074 0.462227 0.270968 0.462589 0.270431 0.461635 0.267495 0.460552 0.264176 0.459586 0.263213 0.458953 0.262301 0.458352 0.259995 0.457539 0.257213 0.457146 0.255606 0.456875 0.255176 0.455641 0.257213 0.456122 0.249875 0.456995 0.244838 0.452271 0.244245
2 0.402573 0.214227 0.403807 0.211574 0.407370 0.206676 0.408938 0.206870 0.410232 0.208500 0.413526 0.204759 0.414281 0.203796 0.418656 0.200824 0.419393 0.204190 0.424555 0.201954 0.425245 0.202838 0.425245 0.211093 0.426542 0.216949 0.426919 0.220981 0.429727 0.226838 0.421573 0.225069 0.418471 0.223954 0.414497 0.222778 0.411219 0.220051 0.406654 0.215463
2 0.430495 0.231111 0.429612 0.233759 0.426992 0.235125 0.424005 0.236199 0.421143 0.238995 0.419992 0.240208 0.410174 0.228356 0.415404 0.228481 0.426107 0.229903
2 0.406602 0.226296 0.400622 0.224824 0.394380 0.221662 0.391138 0.220236 0.391313 0.218130 0.393997 0.215838 0.397763 0.214532 0.402573 0.214227 0.406654 0.215463 0.411219 0.220051 0.414497 0.222778 0.418471 0.223954 0.421573 0.225069 0.433706 0.227736 0.437089 0.231394 0.440573 0.236352 0.438448 0.237343 0.434404 0.232324 0.426107 0.229903 0.415404 0.228481 0.410174 0.228356 0.408094 0.226296 0.406844 0.225588
10 0.410336 0.256972 0.412112 0.254606 0.412878 0.252454 0.414250 0.252167 0.415539 0.252167 0.416927 0.252181 0.417477 0.250880 0.418138 0.248597 0.418945 0.247523 0.419669 0.247523 0.420518 0.248241 0.422922 0.248653 0.424776 0.250449 0.426471 0.252884 0.426971 0.255375 0.425229 0.256394 0.424552 0.258292 0.424812 0.260745 0.427313 0.266625 0.426458 0.267824 0.424740 0.271037 0.424211 0.268949 0.423768 0.268019 0.422396 0.268449 0.421630 0.271458 0.420823 0.272963 0.420549 0.273704 0.419164 0.272421 0.418138 0.271991 0.417115 0.272634 0.411263 0.269593 0.411872 0.265259 0.411208 0.261829 0.409703 0.259366
2 0.414523 0.294167 0.413198 0.287148 0.412776 0.285060 0.412716 0.283454 0.413016 0.281903 0.413740 0.280935 0.415247 0.279866 0.416661 0.278903 0.415698 0.277560 0.415036 0.276384 0.416299 0.274616 0.417115 0.272634 0.418138 0.271991 0.419164 0.272421 0.420549 0.273704 0.420609 0.276384 0.420578 0.278366 0.421513 0.282972 0.422417 0.286023 0.422839 0.287792 0.423021 0.290579 0.417521 0.295602 0.415466 0.294167
2 0.477109 0.283704 0.471531 0.281903 0.469302 0.278681 0.468917 0.276204 0.468708 0.272981 0.468883 0.271060 0.470138 0.269074 0.473031 0.267898 0.473938 0.267528 0.476240 0.266102 0.478680 0.265231 0.481083 0.265231 0.482479 0.264551 0.485094 0.264551 0.486453 0.264551 0.487185 0.265542 0.487849 0.266718 0.487953 0.267588 0.487708 0.268083 0.487326 0.268639 0.486977 0.267218 0.486174 0.266347 0.484570 0.266347 0.483245 0.266347 0.482724 0.267028 0.482687 0.267588 0.484711 0.271431 0.483107 0.271676 0.480964 0.269676 0.479130 0.268718 0.477292 0.268718 0.475484 0.269361 0.474219 0.270912 0.474099 0.272787 0.475453 0.275949 0.476568 0.277343 0.478401 0.278866
2 0.477010 0.298653 0.476586 0.287856 0.477109 0.283704 0.478401 0.278866 0.479969 0.274468 0.480979 0.273167 0.483107 0.271676 0.485721 0.271245 0.487708 0.268083 0.488763 0.264769 0.491284 0.264685 0.495810 0.270329 0.500477 0.277380 0.503745 0.281944 0.505672 0.282264 0.502729 0.294671 0.501599 0.300981 0.500711 0.303995 0.497052 0.310722 0.494122 0.309981 0.485164 0.304528 0.485000 0.302454 0.496880 0.286324 0.490133 0.283662 0.487195 0.286657 0.487945 0.288880 0.488133 0.291213 0.486945 0.293102 0.485695 0.293991 0.482885 0.293880
2 0.529010 0.380361 0.530419 0.386102 0.532336 0.386597 0.534115 0.389449 0.535997 0.390315 0.539797 0.390069 0.541401 0.391060 0.542271 0.391000 0.543247 0.390565 0.544120 0.389014 0.544747 0.387898 0.544852 0.386597 0.544852 0.386412 0.543667 0.386657 0.543003 0.386597 0.543422 0.382505 0.543630 0.376620 0.544328 0.375130 0.546630 0.372282 0.546664 0.371042 0.546211 0.368995 0.543227 0.369671 0.542154 0.370833 0.541268 0.370833 0.539867 0.370833 0.537581 0.369421 0.536367 0.368509 0.534826 0.365523 0.533146 0.364773 0.531747 0.369009 0.531094 0.372491 0.531000 0.373319 0.530435 0.370380 0.531008 0.375565 0.530089 0.378444
2 0.377885 0.257116 0.384607 0.272963 0.385680 0.274542 0.389880 0.277194 0.394734 0.275949 0.396042 0.276199 0.398281 0.277611 0.398422 0.273463 0.398234 0.270227 0.397000 0.265644 0.390445 0.237380 0.388362 0.228440 0.383807 0.227431 0.381596 0.226593 0.373073 0.249963 0.378474 0.249481 0.378917 0.250269 0.379445 0.251565 0.379000 0.254213
2 0.468013 0.361620 0.467289 0.360532 0.464758 0.352014 0.464727 0.349176 0.470633 0.344083 0.474820 0.340977 0.476117 0.340444 0.477622 0.341995 0.478497 0.344407 0.479943 0.349227 0.480438 0.351681 0.480891 0.353130 0.480891 0.355167 0.480859 0.356556 0.480557 0.358162 0.477924 0.360690 0.471503 0.365417 0.469419 0.362130
2 0.364167 0.195880 0.367258 0.188319 0.360146 0.188440 0.358612 0.188134 0.358857 0.187514 0.360810 0.186519 0.362518 0.185403 0.363143 0.185032 0.364992 0.184787 0.368026 0.185403 0.369245 0.186458 0.369141 0.188690 0.365563 0.195782 0.364117 0.199745 0.355232 0.226495 0.355615 0.229903 0.355161 0.230833 0.352826 0.231704 0.352232 0.231208 0.353661 0.225319 0.362792 0.199745
2 0.348789 0.233000 0.352232 0.231208 0.352826 0.231704 0.355161 0.230833 0.355615 0.229903 0.355232 0.226495 0.364117 0.199745 0.365628 0.202884 0.365234 0.204278 0.364633 0.212954 0.363758 0.219653 0.363617 0.224977 0.360904 0.227171 0.358495 0.230815 0.357109 0.234241 0.356234 0.236491 0.356445 0.238847 0.356083 0.248866 0.353549 0.247986 0.354682 0.241102 0.353953 0.235727
2 0.367977 0.204597 0.369302 0.205190 0.369966 0.206208 0.369148 0.207310 0.368474 0.208060 0.368354 0.208810 0.369013 0.210903 0.370013 0.213310 0.370586 0.213898 0.372935 0.212833 0.374456 0.216921 0.376685 0.219222 0.378583 0.222329 0.376534 0.228273 0.369237 0.249472 0.369341 0.246616 0.370427 0.244259 0.369794 0.226477 0.368859 0.224333 0.367133 0.223935 0.366891 0.222759 0.366531 0.221634 0.365927 0.221417 0.366560 0.217616
2 0.406724 0.165264 0.403542 0.169815 0.405365 0.177130 0.409948 0.180231 0.413125 0.176157 0.416302 0.172917 0.418448 0.171398 0.411849 0.170370 0.408906 0.169769 0.410638 0.166750 0.412102 0.163773 0.411820 0.162056 0.410755 0.163125 0.409062 0.162296
2 0.424141 0.168032 0.426901 0.167824 0.428385 0.165787 0.429245 0.164491 0.429974 0.164259 0.430703 0.164259 0.431380 0.165463 0.431849 0.166852 0.431536 0.168704 0.431120 0.170185 0.429271 0.170833 0.428125 0.171574 0.426172 0.174444 0.424844 0.176528 0.421849 0.179398 0.419505 0.181713 0.417266 0.183750 0.416276 0.184259 0.417891 0.187639 0.416979 0.188102 0.414896 0.188333 0.413958 0.188333 0.412917 0.187639 0.412396 0.187130 0.416380 0.181713 0.420859 0.173981 0.420182 0.173519 0.415573 0.181574 0.411771 0.186435 0.411042 0.185556 0.410573 0.183472 0.409948 0.180231 0.413125 0.176157 0.416302 0.172917 0.418448 0.171398 0.419562 0.170653 0.421302 0.169468 0.422214 0.169375
2 0.453359 0.200185 0.453880 0.206315 0.454151 0.209366 0.458039 0.220241 0.453357 0.217366 0.446013 0.212134 0.443958 0.209481 0.439237 0.205894 0.436396 0.204736 0.439589 0.202111 0.446510 0.192981 0.446484 0.189769
2 0.398372 0.260435 0.400753 0.257009 0.404880 0.257384 0.409703 0.259366 0.411208 0.261829 0.411872 0.265259 0.411268 0.269648 0.410214 0.271741 0.409099 0.272380 0.406448 0.272005 0.400573 0.269060 0.399922 0.267403
2 0.356578 0.177315 0.357656 0.178009 0.365651 0.183333 0.368026 0.185403 0.369245 0.186458 0.371552 0.188750 0.373297 0.189722 0.375875 0.191343 0.377516 0.193056 0.377255 0.195278 0.377177 0.197037 0.378167 0.198704 0.381292 0.201898 0.382021 0.201944 0.383271 0.198287 0.383297 0.197593 0.379729 0.193380 0.378115 0.191806 0.372854 0.186574 0.370406 0.184352 0.367099 0.182176 0.360406 0.177593
2 0.316013 0.229625 0.322831 0.229491 0.323034 0.231653 0.324706 0.232815 0.326294 0.235125 0.326797 0.237083 0.326883 0.239875 0.324755 0.246097 0.323844 0.248231 0.321031 0.248319 0.318141 0.247440 0.316971 0.246370 0.319029 0.238042 0.317466 0.237069 0.317240 0.236523 0.317578 0.236056 0.317708 0.235370
2 0.331307 0.238847 0.329432 0.237458 0.328391 0.235560 0.327505 0.233523 0.327375 0.230931 0.327792 0.227412 0.328547 0.224495 0.330310 0.222597 0.335578 0.223014 0.337818 0.224171 0.339198 0.225375 0.340057 0.227227 0.340135 0.228106
2 0.442188 0.232639 0.438875 0.233935 0.437089 0.231394 0.433706 0.227736 0.429727 0.226838 0.426919 0.220981 0.426542 0.216949 0.425245 0.211093 0.425245 0.202838 0.428440 0.207949 0.430581 0.209287 0.433065 0.213352 0.436253 0.215505 0.437060 0.216653 0.440938 0.222454 0.439661 0.225787 0.439323 0.228426 0.440625 0.230463
2 0.391474 0.231037 0.394904 0.223435 0.395508 0.222431 0.400622 0.224824 0.404664 0.234190 0.406721 0.235625 0.406237 0.238056 0.406237 0.240208 0.410341 0.244745 0.413466 0.252333 0.412878 0.252454 0.412112 0.254606 0.410336 0.256972 0.409703 0.259366 0.404880 0.257384 0.400753 0.257009 0.400732 0.254005 0.399872 0.253769 0.399091 0.252986 0.399906 0.245162 0.400914 0.243583 0.400833 0.241435 0.399583 0.239639 0.392161 0.234333
2 0.494435 0.389560 0.491544 0.395764 0.488820 0.400481 0.487945 0.400157 0.487203 0.401926 0.487203 0.401926 0.487151 0.400907 0.486786 0.399750 0.484677 0.398176 0.484755 0.397435 0.485641 0.394796 0.485849 0.391231 0.485589 0.389565 0.484859 0.388176 0.484052 0.387806 0.486982 0.382875 0.488049 0.382134 0.489065 0.381903 0.490185 0.382736 0.493258 0.386347 0.493773 0.389301
10 0.450156 0.326620 0.450688 0.325551 0.449753 0.319657 0.449753 0.315426 0.449904 0.313069 0.450896 0.311676 0.452102 0.311088 0.453307 0.313231 0.454302 0.317032 0.456018 0.316551 0.457737 0.314569 0.459242 0.311412 0.460750 0.309750 0.461625 0.309750 0.461286 0.311204 0.462341 0.313449 0.463727 0.313176 0.466378 0.312481 0.466867 0.313231 0.467198 0.314356 0.467409 0.315102 0.468112 0.318199 0.468398 0.320194 0.468318 0.322741 0.468346 0.323894 0.467565 0.328847 0.467279 0.330005 0.466523 0.331120 0.465323 0.331486 0.463628 0.331940 0.468440 0.336083 0.475133 0.340546 0.475482 0.340671 0.474820 0.340977 0.470633 0.344083 0.464727 0.349176 0.464727 0.350301 0.462438 0.351903 0.461443 0.350514 0.460448 0.347782 0.459094 0.345903 0.456563 0.345370 0.454302 0.343764 0.454839 0.342264 0.455490 0.339856 0.455203 0.338884 0.458073 0.330741 0.455911 0.324815 0.455260 0.324815 0.454479 0.325417 0.453099 0.327130 0.451719 0.330185 0.450857 0.331968 0.449607 0.330579 0.449583 0.329630
2 0.480289 0.351083 0.482151 0.350565 0.489654 0.347833 0.493128 0.345384 0.487008 0.334273 0.485758 0.334361 0.482242 0.328620 0.480755 0.329319 0.482211 0.335968 0.480320 0.338704 0.479716 0.342616 0.479115 0.345940 0.479055 0.346417 0.479943 0.349227
2 0.499206 0.413731 0.496839 0.414819 0.496422 0.413708 0.494883 0.415259 0.491836 0.415444 0.494674 0.405944 0.500323 0.402412 0.505240 0.398014 0.509477 0.393741 0.514685 0.398231 0.513276 0.414713 0.511062 0.411310 0.509427 0.405088 0.508682 0.404505 0.507375 0.405005 0.505974 0.407079 0.503969 0.408486 0.502055 0.408486
2 0.500711 0.303995 0.501477 0.305069 0.508133 0.305426 0.509383 0.300481 0.510474 0.294403 0.511846 0.294190 0.514469 0.296986 0.516445 0.302366 0.516526 0.306593 0.516526 0.306593 0.515260 0.310329 0.510784 0.312769 0.509107 0.313528 0.509008 0.311245 0.500188 0.305273
2 0.334794 0.172657 0.340464 0.168046 0.344161 0.170472 0.356070 0.177935 0.353672 0.177963 0.353073 0.178611 0.352943 0.179815 0.353021 0.181898 0.353906 0.183611 0.354948 0.184259 0.365651 0.183333 0.368026 0.185403 0.364992 0.184787 0.363143 0.185032 0.362518 0.185403 0.360810 0.186519 0.358857 0.187514 0.358612 0.188134 0.360146 0.188440 0.363576 0.188593 0.364008 0.193968 0.364167 0.195880 0.354315 0.195676 0.349315 0.188685 0.345591 0.183824 0.346302 0.181435 0.342102 0.180444
7 0.493773 0.389301 0.495805 0.390782 0.499690 0.384079 0.500133 0.383801 0.500888 0.383801 0.501565 0.384310 0.501852 0.384819 0.506148 0.379032 0.500706 0.379171 0.493664 0.378181 0.490737 0.378491 0.487529 0.378056 0.486518 0.375699 0.485443 0.373995 0.483336 0.379125 0.486982 0.382875 0.488049 0.382134 0.489065 0.381903 0.490185 0.382736 0.493258 0.386347
7 0.507516 0.364245 0.512490 0.368042 0.512281 0.370819 0.508714 0.375819 0.505008 0.375644 0.497846 0.375366 0.492534 0.373282 0.487339 0.370162 0.489156 0.365588 0.491969 0.363088 0.493036 0.363181 0.495927 0.358921 0.506708 0.366583
7 0.484542 0.576685 0.485740 0.586546 0.484646 0.587426 0.484021 0.587935 0.485193 0.597194 0.484958 0.599000 0.484021 0.599972 0.483005 0.600111 0.475448 0.586310 0.482385 0.570245
7 0.464826 0.555704 0.465518 0.554278 0.478383 0.564755 0.479255 0.564630 0.475659 0.569458 0.472977 0.570153 0.470349 0.570056 0.468628 0.568389 0.466987 0.565194 0.465922 0.561819
7 0.420633 0.458907 0.418680 0.451468 0.415891 0.430333 0.421680 0.428722 0.430047 0.429778 0.433667 0.437898 0.434182 0.441528 0.425576 0.444935 0.423076 0.446139 0.420471 0.446324 0.420862 0.448593 0.424586 0.447667 0.430263 0.445630 0.434505 0.443514 0.435716 0.450255 0.432661 0.455125 0.423281 0.454505 0.421641 0.458657
10 0.539466 0.725157 0.544591 0.711819 0.548464 0.702130 0.549576 0.695218 0.551190 0.690269 0.554133 0.683958 0.557201 0.679440 0.562523 0.673417 0.563789 0.668324 0.565284 0.665315 0.566734 0.663880 0.567742 0.663375 0.569318 0.662301 0.570891 0.662444 0.572948 0.663449 0.575609 0.665458 0.576779 0.667750 0.577948 0.669546 0.578635 0.670977 0.579359 0.669546 0.579562 0.667394 0.580451 0.665889 0.581820 0.665602 0.582951 0.666532 0.583677 0.668468 0.584966 0.669259 0.585773 0.669472 0.590086 0.644236 0.594010 0.620588 0.595875 0.603972 0.598435 0.573537 0.599375 0.562769 0.600622 0.556542 0.603057 0.550657 0.605310 0.546546 0.608706 0.538343 0.612581 0.532120 0.620701 0.521569 0.622266 0.524903 0.613708 0.537009 0.613018 0.539454 0.613018 0.541120 0.613208 0.541787 0.616703 0.539560 0.620576 0.538449 0.625513 0.539009 0.626388 0.539782 0.626766 0.541120 0.626701 0.542898 0.625826 0.543449 0.623953 0.543343 0.620141 0.542676 0.614768 0.546116 0.613760 0.547000 0.614607 0.551157 0.618440 0.563278 0.621021 0.565426 0.621888 0.567764 0.621888 0.570671 0.621839 0.573079 0.619875 0.577875 0.618987 0.579958 0.618786 0.581819 0.619271 0.583542 0.622617 0.580958 0.627216 0.578162 0.627943 0.571708 0.628870 0.567333 0.631370 0.565255 0.632661 0.565042 0.634557 0.565972 0.635323 0.567190 0.637958 0.570074 0.639849 0.579870 0.640664 0.588690 0.640664 0.593574 0.640229 0.595796 0.639724 0.598523 0.649938 0.603106 0.650531 0.601310 0.651091 0.600690 0.651859 0.601370 0.652206 0.604102 0.652172 0.606389 0.652310 0.608065 0.652870 0.608806 0.655102 0.606889 0.656911 0.606333 0.659005 0.606333 0.662560 0.608125 0.664721 0.610231 0.666044 0.613144 0.666990 0.615505 0.667161 0.619032 0.666990 0.623125 0.665943 0.626102 0.664234 0.627958 0.662318 0.628704 0.659667 0.628519 0.662878 0.632648 0.667823 0.631157 0.668477 0.629657 0.669784 0.629657 0.671979 0.629829 0.675617 0.629657 0.675010 0.632565 0.674826 0.633481 0.672211 0.634227 0.670622 0.634884 0.669924 0.636134 0.669271 0.635639 0.668477 0.634884 0.667219 0.636134 0.667219 0.638458 0.668990 0.638370 0.672677 0.638370 0.673846 0.638208 0.674591 0.640616 0.674451 0.643519 0.672909 0.644264 0.670857 0.643435 0.669458 0.643106 0.666659 0.642940 0.663576 0.642273 0.661289 0.642106 0.666198 0.659912 0.662297 0.670324 0.658836 0.684431 0.657247 0.688894 0.657581 0.694694 0.655573 0.698708 0.652229 0.705995 0.648047 0.713574 0.646813 0.718213 0.648263 0.724574 0.648263 0.729565 0.646378 0.746181 0.644440 0.749106 0.641729 0.749968 0.642698 0.754097 0.641633 0.757014 0.627695 0.781102 0.621372 0.791981 0.624482 0.797380 0.591227 0.830556 0.588219 0.825356 0.590138 0.820148 0.592318 0.817921 0.589974 0.810778 0.585539 0.806620 0.565669 0.787477 0.561547 0.787810 0.558422 0.787255
7 0.367076 0.379708 0.378646 0.358870 0.389711 0.375407 0.389536 0.376958 0.382112 0.379500 0.375974 0.380986 0.367536 0.381546
2 0.300044 0.215880 0.303534 0.223102 0.305096 0.225324 0.306294 0.225787 0.307180 0.225648 0.308169 0.226620 0.311016 0.229667 0.314682 0.229435 0.316013 0.229625 0.322831 0.229491 0.322385 0.224616 0.321693 0.224861 0.320964 0.224306 0.320391 0.223704 0.319453 0.222222 0.319063 0.221574 0.317786 0.221852 0.316380 0.221759 0.314297 0.220741 0.312500 0.219444 0.311589 0.217685 0.309576 0.217417 0.302258 0.217370 0.300591 0.215287
2 0.322385 0.224616 0.321693 0.224861 0.320964 0.224306 0.320391 0.223704 0.319453 0.222222 0.319063 0.221574 0.317786 0.221852 0.316380 0.221759 0.314297 0.220741 0.312500 0.219444 0.311589 0.217685 0.310677 0.213935 0.310859 0.211481 0.311458 0.209167 0.313151 0.205694 0.317812 0.201389 0.319141 0.200093 0.320286 0.199676 0.321562 0.199861 0.324219 0.201296 0.325729 0.202639 0.326875 0.205417 0.328229 0.208194 0.326276 0.213796 0.325729 0.215602 0.325104 0.216343 0.323646 0.217639 0.322701 0.211144 0.322414 0.210634 0.321578 0.210500 0.321005 0.210634 0.320432 0.211519 0.321893 0.222023 0.322620 0.222676 0.322883 0.223694 0.322776 0.224481
7 0.477247 0.539426 0.473187 0.517273 0.473518 0.515759 0.474195 0.514792 0.475289 0.513861 0.474172 0.507241 0.473339 0.507199 0.472815 0.507009 0.472763 0.506227 0.473417 0.504884 0.478076 0.499741 0.483508 0.496014 0.483143 0.493792 0.483586 0.492569 0.499198 0.487194 0.500247 0.488556 0.503516 0.499597 0.507305 0.508204 0.509284 0.513727 0.510862 0.519079 0.511240 0.522824 0.511182 0.541389 0.511638 0.554106 0.510951 0.554662 0.508951 0.554440 0.504891 0.554106 0.503578 0.554329 0.500641 0.555440 0.500906 0.557819 0.488487 0.572032 0.483893 0.559074 0.484977 0.557435 0.486760 0.553403 0.487352 0.547546 0.485029 0.549083 0.483086 0.550616 0.483893 0.552926 0.482276 0.553787
7 0.569729 0.436806 0.574435 0.439347 0.579596 0.442755 0.579734 0.443745 0.578341 0.448519 0.577435 0.454222 0.576602 0.456407 0.571826 0.448912 0.571615 0.449218 0.570953 0.450708 0.575648 0.457505 0.573146 0.461412 0.563331 0.449116 0.563208 0.439505 0.563661 0.439185 0.568896 0.436731
7 0.452096 0.534819 0.462607 0.532111 0.469685 0.531116 0.478383 0.557935
7 0.500458 0.444773 0.504060 0.448991 0.513497 0.462977 0.517734 0.469431 0.518661 0.472009 0.519307 0.473444 0.525195 0.473949 0.527536 0.470866 0.527656 0.469356 0.529674 0.467134 0.530763 0.465917 0.537135 0.455088 0.536938 0.453931 0.536893 0.453120 0.531690 0.452264 0.517531 0.448102 0.498992 0.440227
2 0.344656 0.212833 0.344115 0.214167 0.344844 0.214769 0.345182 0.213546 0.345813 0.212134 0.348859 0.213667 0.354589 0.215935 0.354078 0.213042 0.347021 0.209708 0.346604 0.208458 0.346969 0.207069 0.347880 0.206560 0.354052 0.209060 0.356042 0.209537 0.358854 0.210694 0.362792 0.199745 0.339047 0.199208 0.337865 0.202685 0.345281 0.211352
2 0.520461 0.615519 0.539831 0.597676 0.586469 0.552764 0.611021 0.528894 0.612581 0.532120 0.608706 0.538343 0.605091 0.542227 0.570773 0.574954 0.550477 0.594417 0.538607 0.605185 0.525609 0.615301
8 0.578161 0.560968 0.587359 0.537454 0.600383 0.506778 0.601393 0.507778 0.602521 0.509644 0.602924 0.510722 0.590542 0.540407 0.586469 0.552764
8 0.579638 0.474685 0.597234 0.493968 0.610805 0.509306 0.611138 0.509250 0.611620 0.508125 0.611919 0.506949 0.611919 0.506144 0.598302 0.491412 0.585948 0.477861 0.580497 0.471958
13 0.398979 0.283796 0.401318 0.288537 0.402888 0.290148 0.405154 0.290083 0.407523 0.288227 0.409232 0.285065 0.409826 0.282028 0.409930 0.279426 0.409510 0.277630 0.407664 0.275148 0.405469 0.273662 0.403341 0.273042 0.401820 0.272495 0.399510 0.274380 0.398810 0.277380 0.398945 0.281440
13 0.427292 0.336065 0.428901 0.340764 0.430076 0.342213 0.430409 0.344083 0.429323 0.345639 0.427635 0.347727 0.426943 0.348958 0.426310 0.351907 0.425466 0.353676 0.424531 0.354690 0.423448 0.358065 0.422302 0.362727 0.419833 0.365352 0.420026 0.359389 0.419815 0.355963 0.419573 0.352963 0.420565 0.347500 0.421167 0.345093 0.421167 0.342519 0.420294 0.338551 0.419992 0.337750 0.419154 0.338338 0.418633 0.341181 0.417898 0.340810 0.416818 0.337162 0.417169 0.334866 0.420526 0.330963 0.420599 0.331991 0.422865 0.333380 0.423099 0.332222 0.424167 0.331111 0.425443 0.331806
5 0.459089 0.448519 0.462990 0.446986 0.466911 0.450389 0.471159 0.453208 0.474891 0.453208 0.480305 0.450389 0.479406 0.447060 0.480216 0.446870 0.481404 0.447157 0.482323 0.448597 0.484180 0.445907 0.482839 0.437231 0.482078 0.431306 0.480026 0.429481 0.477255 0.433093 0.474391 0.435889 0.467378 0.443171 0.464763 0.436449 0.448023 0.437806 0.445419 0.439241 0.442977 0.440356 0.443260 0.450398 0.450237 0.450398 0.451206 0.449681 0.452940 0.447671 0.455078 0.445667 0.456893 0.445880 0.458266 0.447315 0.458393 0.448458
6 0.514539 0.269468 0.522117 0.257569 0.524305 0.256736 0.528576 0.271458 0.536216 0.297889 0.542339 0.319014 0.548367 0.341653 0.550057 0.348597 0.549784 0.348940 0.549068 0.354384 0.543469 0.333000 0.537172 0.309162 0.534737 0.300694 0.533716 0.295194 0.531268 0.289546 0.523154 0.262157 0.516242 0.271370
11 0.543177 0.410324 0.545539 0.388204 0.548240 0.361519 0.549784 0.348940 0.550542 0.347597 0.552161 0.346829 0.553781 0.348079 0.555672 0.350477 0.556695 0.352875 0.557021 0.356523 0.556039 0.362579 0.553799 0.383241 0.551896 0.402949 0.545622 0.412162
10 0.525914 0.335292 0.527867 0.332144 0.530966 0.329690 0.533049 0.329690 0.535758 0.330292 0.539898 0.334134 0.541852 0.338810 0.543091 0.345634 0.543378 0.351005 0.545156 0.355097 0.545747 0.359384 0.545563 0.360958 0.544161 0.363032 0.543414 0.363944 0.543227 0.369671 0.542154 0.370833 0.541268 0.370833 0.539867 0.370833 0.537581 0.369421 0.536367 0.368509 0.534826 0.365523 0.533146 0.364773 0.531747 0.369009 0.531094 0.372491 0.531000 0.373319 0.530435 0.370380 0.529268 0.368306 0.526982 0.367806 0.522453 0.366231 0.523714 0.365319 0.527820 0.362662 0.529781 0.359843 0.530107 0.355028 0.529315 0.350634 0.528568 0.347977 0.526047 0.346565 0.523435 0.344407 0.524698 0.338144 0.531474 0.341569 0.531927 0.340949 0.532276 0.339278 0.532276 0.338407
2 0.507201 0.618861 0.500641 0.555440 0.503578 0.554329 0.504891 0.554106 0.508951 0.554440 0.510951 0.554662 0.511638 0.554106 0.511182 0.541389 0.513143 0.552250 0.515292 0.569843 0.524909 0.566444 0.537555 0.562213 0.533451 0.532755 0.530977 0.543130 0.530182 0.544454 0.527990 0.544954 0.525620 0.546139 0.521122 0.550583 0.519448 0.546296 0.518297 0.546028 0.516612 0.535912 0.522846 0.539444 0.528758 0.518259 0.532594 0.515106 0.535781 0.512028 0.538359 0.507509 0.542154 0.500588 0.543438 0.498148 0.544844 0.505787 0.539779 0.511931 0.537117 0.521083 0.543409 0.558282 0.552648 0.553384 0.554049 0.542519 0.555841 0.538088 0.548401 0.503032 0.546693 0.504630 0.545391 0.497176 0.551961 0.495269 0.555456 0.494394 0.558628 0.510032 0.565258 0.536588 0.572286 0.566458 0.556354 0.581662 0.548375 0.584486 0.549495 0.588472 0.543753 0.594190 0.541797 0.589306 0.535792 0.593727 0.527477 0.602269 0.522154 0.608352 0.523302 0.612940 0.520461 0.615519 0.514724 0.616042 0.513487 0.617130 0.512732 0.619852 0.512755 0.622583 0.513281 0.623560 0.513724 0.623750 0.513906 0.624347 0.510750 0.626782
8 0.557346 0.503755 0.563552 0.499972 0.567805 0.496005 0.570526 0.490417 0.571099 0.489444 0.575677 0.479981 0.578036 0.473907 0.579469 0.468949 0.579922 0.464856 0.579885 0.463431 0.575648 0.457505 0.570953 0.450708 0.571615 0.449218 0.571826 0.448912 0.576602 0.456407 0.579146 0.459324 0.580992 0.460935 0.581380 0.463662 0.581237 0.467440 0.580497 0.471958 0.579638 0.474685 0.577568 0.481435 0.572948 0.490769 0.568792 0.498565 0.565714 0.502218 0.557966 0.507032
8 0.544844 0.505787 0.550661 0.540620 0.552771 0.551764 0.553826 0.544370 0.548732 0.517588 0.546693 0.504630 0.545391 0.497176 0.543438 0.498148
13 0.385318 0.332255 0.381591 0.324574 0.380727 0.317662 0.381591 0.312866 0.383102 0.310944 0.384992 0.309023 0.387260 0.309023 0.390393 0.311042 0.391635 0.313056 0.393471 0.318528 0.393794 0.321981 0.392445 0.325056 0.390177 0.329856 0.388070 0.332065 0.385992 0.330884
13 0.450984 0.356301 0.449555 0.357356 0.446383 0.359218 0.445125 0.359454 0.443698 0.362500 0.443339 0.363259 0.441542 0.361731 0.441786 0.360657 0.443044 0.357847 0.441711 0.355620 0.441466 0.353574 0.442094 0.349486 0.443125 0.346852 0.446591 0.344278 0.449995 0.343838 0.451062 0.344532 0.451896 0.341477 0.451766 0.340088 0.452104 0.338699 0.453068 0.336245 0.454422 0.335921 0.454760 0.337171 0.455203 0.338884 0.455490 0.339856 0.454839 0.342264 0.454057 0.344995 0.453615 0.347079 0.453878 0.350727 0.452552 0.354380
6 0.511135 0.534245 0.514362 0.529995 0.516612 0.535912 0.518297 0.546028 0.519987 0.557495 0.521568 0.567755 0.515292 0.569843 0.513143 0.552250 0.511182 0.541389
8 0.543117 0.496778 0.538635 0.468403 0.536938 0.453931 0.536591 0.441787 0.537185 0.432676 0.538161 0.426296 0.539279 0.422759 0.542206 0.417181 0.545622 0.412162 0.556966 0.395806 0.570560 0.379880 0.578609 0.371588 0.586747 0.361949 0.596227 0.351051 0.599573 0.347894 0.603406 0.345384 0.605018 0.343880 0.606026 0.343231 0.607076 0.344741 0.607440 0.346602 0.606107 0.347537 0.603729 0.348685 0.599492 0.351769 0.595258 0.355782 0.587109 0.365824 0.580187 0.373977 0.571445 0.382926 0.558451 0.398352 0.547135 0.413657 0.543044 0.420245 0.540633 0.425111 0.539440 0.429292 0.538833 0.432935 0.538302 0.441958 0.538708 0.453745 0.540352 0.466898 0.544862 0.494667 0.545161 0.496060
5 0.481750 0.246769 0.479997 0.250444 0.478036 0.253769 0.474297 0.259157 0.478680 0.265231 0.481083 0.265231 0.482479 0.264551 0.485094 0.264551 0.486453 0.264551 0.487185 0.265542 0.487849 0.266718 0.487953 0.267588 0.488763 0.264769 0.482091 0.254116 0.483443 0.250056
5 0.578479 0.436731 0.580078 0.445491 0.582620 0.454958 0.587984 0.469875 0.593445 0.486088 0.598302 0.491412 0.605599 0.499412 0.598156 0.470921 0.591557 0.442755 0.580182 0.418185 0.573875 0.404833 0.567961 0.387190 0.560510 0.395935 0.569745 0.418588 0.574326 0.431417 0.576484 0.434870 0.578661 0.434972
5 0.559727 0.392866 0.558839 0.389380 0.553799 0.383241 0.556039 0.362579 0.562107 0.368139 0.566867 0.384069
5 0.595695 0.492296 0.598380 0.505620 0.598659 0.510949 0.600383 0.506778 0.601393 0.507778 0.602521 0.509644 0.602924 0.510722 0.600227 0.517222 0.608977 0.530833 0.611021 0.528894 0.612581 0.532120 0.613969 0.530417 0.609305 0.513741 0.606411 0.504282
8 0.519523 0.395440 0.544138 0.414468 0.545622 0.412162 0.543177 0.410324 0.519802 0.391972
5 0.559479 0.506157 0.575786 0.530611 0.577971 0.536611 0.578909 0.537500 0.581034 0.535167 0.590344 0.515727 0.588969 0.514065 0.582221 0.507176 0.577224 0.500843 0.572237 0.492014 0.568792 0.498565 0.565714 0.502218
8 0.484359 0.472046 0.507367 0.493306 0.518732 0.502602 0.520266 0.502292 0.510104 0.492407 0.489589 0.473407 0.484742 0.468759
8 0.481823 0.469954 0.458008 0.451495 0.458393 0.448458 0.459089 0.448519 0.470177 0.457259 0.482203 0.466685
8 0.480716 0.482287 0.462927 0.470167 0.463250 0.464792 0.464219 0.464718 0.476240 0.472819 0.481362 0.476190
8 0.513188 0.505306 0.528474 0.518787 0.528758 0.518259 0.532594 0.515106 0.533719 0.514125 0.520086 0.503514 0.517917 0.503889
6 0.480656 0.498171 0.480096 0.492282 0.480716 0.482287 0.481362 0.476190 0.481823 0.469954 0.482203 0.466685 0.483096 0.461190 0.483797 0.458944 0.487297 0.455208 0.490424 0.452639 0.489594 0.449102 0.486154 0.430773 0.489281 0.430102 0.491716 0.446324 0.492901 0.448986 0.493029 0.451102 0.492529 0.454875 0.491591 0.457431 0.489154 0.459542 0.487404 0.461208 0.485531 0.462981 0.485029 0.464875 0.484742 0.468759 0.484359 0.472046 0.483419 0.477125 0.482612 0.484009 0.482065 0.491718 0.482443 0.496903
2 0.531737 0.699245 0.536674 0.690917 0.529924 0.665259 0.521430 0.671477 0.519305 0.664824 0.516586 0.658218 0.511456 0.649764 0.510331 0.642796 0.514062 0.640301 0.515000 0.635824 0.510750 0.626782 0.525609 0.615301 0.538607 0.605185 0.550477 0.594417 0.570773 0.574954 0.596172 0.550653 0.600083 0.559616 0.599375 0.562769 0.598435 0.573537 0.598122 0.578199 0.593268 0.565000 0.576747 0.585083 0.583378 0.610556 0.596255 0.600347 0.595875 0.603972 0.595023 0.612588 0.585625 0.620685 0.590276 0.642787 0.590089 0.644866 0.588219 0.654741 0.585773 0.669472 0.584966 0.669259 0.583677 0.668468 0.582951 0.666532 0.581820 0.665602 0.581104 0.665810 0.581615 0.658102 0.583401 0.656407 0.582029 0.650519 0.581802 0.655065 0.582432 0.641801 0.581727 0.627903 0.581323 0.615352 0.580438 0.613056 0.578581 0.611120 0.575112 0.609255 0.572867 0.608319 0.568750 0.592213 0.560372 0.600657 0.566682 0.622426 0.577310 0.615208 0.576685 0.611875 0.578013 0.612769 0.579388 0.613847 0.580536 0.616194 0.580849 0.627412 0.581451 0.641620 0.581047 0.647065 0.576547 0.627847 0.569674 0.633181 0.577422 0.656727 0.576831 0.656699 0.573914 0.656606 0.570685 0.657394 0.564490 0.637954 0.549044 0.650606 0.557654 0.678741 0.557201 0.679440 0.554133 0.683958 0.551190 0.690269 0.549576 0.695218 0.548464 0.702130 0.544591 0.711819 0.538266 0.721551 0.535018 0.710889 0.540453 0.703778 0.538391 0.696560 0.533643 0.704111
5 0.536893 0.453120 0.531690 0.452264 0.517531 0.448102 0.498992 0.440227 0.493951 0.435824 0.491151 0.423134 0.492273 0.421310 0.494326 0.421894 0.502773 0.427120 0.504214 0.430134 0.506500 0.432542 0.509115 0.433870 0.511870 0.433287 0.515039 0.430801 0.516766 0.429134 0.521544 0.428741 0.523365 0.426745 0.534799 0.423176 0.539279 0.422759 0.538161 0.426296 0.537185 0.432676 0.536591 0.441787
5 0.538760 0.453273 0.546466 0.452843 0.546789 0.451694 0.546167 0.446912 0.545458 0.434630 0.544570 0.429106 0.544247 0.421074 0.543044 0.420245 0.540633 0.425111 0.539440 0.429292 0.538833 0.432935 0.538302 0.441958
2 0.488487 0.572032 0.498466 0.596741 0.507201 0.618861 0.510750 0.626782 0.515000 0.635824 0.514062 0.640301 0.510331 0.642796 0.504539 0.628745 0.503599 0.631056 0.501141 0.630412 0.499190 0.614861 0.487406 0.585819 0.480901 0.565255 0.482852 0.562301 0.484081 0.559602
2 0.479932 0.562787 0.464966 0.516394 0.466326 0.515519 0.466224 0.514403 0.465698 0.513847 0.464513 0.513977 0.464237 0.514528 0.462307 0.508593 0.462792 0.505792 0.461302 0.501139 0.460773 0.498917 0.459849 0.496333 0.462870 0.493171 0.464771 0.495690 0.465979 0.499481 0.465979 0.502861 0.467310 0.510676 0.477247 0.539426 0.482276 0.553787 0.483560 0.558032 0.482237 0.560384 0.481435 0.561630 0.480596 0.562620
2 0.452096 0.534819 0.472839 0.552852 0.478383 0.557935 0.479932 0.562787 0.479255 0.564630 0.478383 0.564755 0.465518 0.554278 0.461161 0.562333 0.458615 0.557500 0.461964 0.551181 0.458128 0.547708
8 0.515039 0.430801 0.516609 0.406356 0.518352 0.387389 0.518945 0.386958 0.519992 0.387204 0.520130 0.387949 0.519802 0.391972 0.519523 0.395440 0.518003 0.408958 0.516766 0.429134
2 0.436990 0.372551 0.422039 0.407139 0.423034 0.412227 0.423659 0.413005 0.424781 0.412685 0.427930 0.405329 0.430013 0.406343 0.432385 0.405046 0.434156 0.404676 0.434755 0.404861 0.435380 0.406986 0.435875 0.408981 0.454904 0.420505 0.461099 0.424764 0.459833 0.427657 0.460195 0.430069 0.461188 0.433014 0.461552 0.434083 0.463266 0.433819 0.466487 0.420847 0.466164 0.419116 0.479667 0.388301 0.485443 0.373995 0.483352 0.370884 0.476167 0.387231 0.469445 0.401917 0.463190 0.417931 0.442917 0.405861 0.430174 0.398528 0.431617 0.392741 0.433396 0.387491 0.435445 0.383741 0.436471 0.383847 0.439039 0.376685 0.438164 0.374171
11 0.454940 0.384630 0.468013 0.361620 0.469419 0.362130 0.471503 0.365417 0.473820 0.370370 0.474523 0.373241 0.474628 0.375139 0.452044 0.411292 0.445013 0.406986 0.445273 0.400875 0.446914 0.397866 0.450013 0.394162 0.452305 0.394718 0.455273 0.395644 0.457357 0.395227 0.457852 0.394764 0.457773 0.392310 0.456315 0.387449
6 0.392195 0.344028 0.415203 0.362032 0.416185 0.360870 0.417677 0.356972 0.417677 0.354648 0.417070 0.353319 0.415250 0.352074 0.405169 0.343282 0.395367 0.336227
8 0.383625 0.339829 0.361065 0.299259 0.360862 0.298542 0.360943 0.297111 0.361508 0.296606 0.362354 0.296681 0.367922 0.307148 0.382281 0.332894 0.387688 0.342718 0.384594 0.338968
10 0.413865 0.427750 0.411391 0.420667 0.410193 0.416963 0.408659 0.410560 0.407617 0.402968 0.407617 0.398755 0.407773 0.395329 0.408294 0.390977 0.409198 0.386199 0.412193 0.384903 0.415240 0.383375 0.417323 0.381523 0.418573 0.380181 0.419250 0.380782 0.417115 0.384255 0.416073 0.392218 0.416073 0.397912 0.416802 0.403514 0.418716 0.411204 0.419159 0.414074 0.417805 0.415093 0.415802 0.417148 0.415125 0.418306 0.414604 0.420991 0.414240 0.423398
8 0.377909 0.360222 0.372805 0.352259 0.366529 0.339389 0.361917 0.329106 0.358276 0.319824 0.357523 0.315968 0.357674 0.314898 0.358578 0.314468 0.360055 0.315005 0.364091 0.321644 0.370417 0.333815 0.371854 0.336755 0.376229 0.343977 0.382734 0.354630 0.382120 0.357407 0.375557 0.347236 0.370352 0.338111 0.361844 0.322625 0.366365 0.333338 0.371698 0.345472 0.376682 0.354778 0.381112 0.360296 0.380750 0.361954 0.378646 0.358870
8 0.329268 0.241426 0.344599 0.222435 0.349583 0.216171 0.350315 0.217167 0.350872 0.219338 0.348750 0.222315 0.344167 0.227778 0.340518 0.231981 0.332362 0.242394
8 0.340674 0.195245 0.364167 0.195880 0.362792 0.199745 0.339047 0.199208
5 0.311094 0.247130 0.330154 0.253963 0.344188 0.259523 0.355885 0.263324 0.367745 0.264042 0.375206 0.263106 0.376500 0.261528 0.377307 0.258810 0.379000 0.254213 0.379445 0.251565 0.378917 0.250269 0.378474 0.249481 0.366333 0.250412 0.358750 0.249407 0.353104 0.247981 0.343180 0.246472 0.332362 0.242394 0.329268 0.241426 0.326883 0.239875 0.324755 0.246097 0.323844 0.248231 0.321031 0.248319 0.318141 0.247440 0.316971 0.246370 0.319029 0.238042 0.317466 0.237069 0.317240 0.236523 0.317578 0.236056 0.317708 0.235370 0.316013 0.229625 0.314682 0.229435 0.311016 0.229667 0.305937 0.229708 0.306745 0.235736
11 0.303516 0.203565 0.309948 0.180602 0.311536 0.180324 0.313565 0.181139 0.316742 0.184102 0.317862 0.186741 0.318201 0.187852 0.310734 0.204745 0.305732 0.206995
5 0.318201 0.187852 0.318542 0.186667 0.318672 0.184630 0.318906 0.181759 0.319687 0.178611 0.321250 0.175741 0.322031 0.174676 0.322943 0.176065 0.326146 0.176991 0.336172 0.178889 0.346302 0.181435 0.345286 0.185093 0.341953 0.193102 0.340674 0.195245 0.339047 0.199208 0.337865 0.202685 0.332135 0.196296 0.331641 0.197593 0.337344 0.204444 0.333359 0.213611 0.330781 0.213611 0.328646 0.218241 0.327917 0.218981 0.323646 0.217639 0.325104 0.216343 0.325729 0.215602 0.326276 0.213796 0.328229 0.208194 0.326875 0.205417 0.325729 0.202639 0.324219 0.201296 0.321562 0.199861 0.320286 0.199676 0.319141 0.200093 0.317812 0.201389 0.313151 0.205694 0.311458 0.209167 0.310859 0.211481 0.310677 0.213935 0.310911 0.215046 0.310201 0.214593 0.307023 0.213435 0.309245 0.208056 0.310734 0.204745
6 0.302753 0.207417 0.296977 0.201023 0.290247 0.195199 0.288646 0.190926 0.287076 0.187019 0.293768 0.192782 0.301263 0.200778 0.303516 0.203565 0.305732 0.206995 0.310734 0.204745 0.309245 0.208056 0.305461 0.209824
5 0.287076 0.187019 0.286378 0.183481 0.287911 0.178648 0.285750 0.172759 0.286727 0.171028 0.288852 0.175241 0.290596 0.173380 0.299484 0.196005 0.301263 0.200778 0.293768 0.192782
5 0.374143 0.178153 0.355318 0.177352 0.344161 0.170472 0.338167 0.166384 0.337427 0.165134 0.337922 0.163417 0.338964 0.161560 0.341096 0.162120 0.353578 0.168412 0.355297 0.169569 0.360318 0.169713 0.370471 0.172537 0.375859 0.173935 0.390391 0.173250 0.392865 0.177880 0.393904 0.178389 0.394193 0.179218 0.392969 0.180889 0.391560 0.181861 0.390807 0.180514 0.388747 0.176722 0.378930 0.177644
5 0.350768 0.167319 0.348607 0.157653 0.342193 0.151269 0.339367 0.148477 0.338182 0.148356 0.336964 0.147176 0.336695 0.146148 0.338281 0.142213 0.341641 0.136796 0.346302 0.132394 0.351643 0.128241 0.352815 0.127134 0.353570 0.127870 0.355810 0.132407 0.358932 0.139866 0.363255 0.147315 0.366096 0.151671 0.353578 0.168412 0.353578 0.168412
5 0.382966 0.159213 0.380362 0.153657 0.378747 0.149167 0.374849 0.133338 0.373854 0.130556 0.375482 0.129213 0.377771 0.127875 0.379096 0.126963 0.380844 0.127713 0.381898 0.129269 0.383195 0.132699 0.387052 0.145606 0.389073 0.153370 0.392797 0.155546 0.393240 0.156750 0.394177 0.160361 0.394307 0.161287 0.392589 0.161565 0.387354 0.159944 0.385635 0.159204
5 0.397750 0.174681 0.389591 0.168486 0.377354 0.163713 0.374669 0.162412 0.372333 0.161296 0.370732 0.160676 0.369893 0.157824 0.370487 0.154727 0.371115 0.153546 0.373693 0.153426 0.376448 0.154046 0.381747 0.156398 0.382966 0.159213 0.385635 0.159204 0.387354 0.159944 0.392589 0.161565 0.394307 0.161287 0.398552 0.163773 0.401096 0.172917
5 0.407779 0.199000 0.401096 0.172917 0.398552 0.163773 0.397406 0.159468 0.401555 0.162199 0.409958 0.194977 0.410203 0.198208
8 0.387630 0.147894 0.409062 0.162296 0.410755 0.163125 0.411820 0.162056 0.409219 0.158171 0.394219 0.148685 0.386328 0.143356
8 0.393240 0.156750 0.397406 0.159468 0.406724 0.165264 0.409062 0.162296 0.388036 0.149704 0.389073 0.153370 0.392797 0.155546
6 0.417414 0.189838 0.439680 0.180116 0.441451 0.186551 0.441763 0.194468 0.419393 0.204190 0.417570 0.195810
5 0.418333 0.189509 0.417891 0.187639 0.416276 0.184259 0.417266 0.183750 0.419505 0.181713 0.421849 0.179398 0.424844 0.176528 0.426172 0.174444 0.428125 0.171574 0.429271 0.170833 0.431120 0.170185 0.438125 0.180852
5 0.440495 0.183306 0.446380 0.188630 0.446510 0.192981 0.439589 0.202111 0.436396 0.204736 0.434286 0.204843 0.432841 0.206236 0.432057 0.208273 0.430581 0.209287 0.428440 0.207949 0.424555 0.201954 0.441763 0.194468 0.441451 0.186551
5 0.446380 0.188630 0.446042 0.187176 0.446146 0.186250 0.446823 0.185185 0.447344 0.184444 0.447552 0.183472 0.447656 0.182500 0.448073 0.182083 0.448958 0.183981 0.453255 0.190926 0.460104 0.201296 0.465938 0.211898 0.477057 0.245231 0.472318 0.243935 0.467708 0.232083 0.466302 0.227407 0.463802 0.217361 0.453359 0.200185 0.446484 0.189769
5 0.430581 0.209287 0.433065 0.213352 0.436253 0.215505 0.437060 0.216653 0.438753 0.216940 0.440286 0.218227 0.442062 0.218588 0.443555 0.218657 0.445612 0.219806 0.450331 0.223963 0.455695 0.227620 0.459245 0.228051 0.463883 0.230991 0.466747 0.232713 0.467708 0.232083 0.466302 0.227407 0.465659 0.225111 0.453357 0.217366 0.446013 0.212134 0.443958 0.209481 0.439237 0.205894 0.436396 0.204736 0.434286 0.204843 0.432841 0.206236 0.432057 0.208273
5 0.369297 0.250116 0.369237 0.249472 0.376648 0.228046 0.381544 0.214634 0.384331 0.216625 0.384617 0.218523 0.373073 0.249963
5 0.356083 0.248866 0.356445 0.238847 0.356234 0.236491 0.357109 0.234241 0.358495 0.230815 0.360904 0.227171 0.363617 0.224977 0.366690 0.223903 0.368859 0.224333 0.369794 0.226477 0.370427 0.244259 0.369341 0.246616 0.369237 0.249472 0.369297 0.250116 0.366333 0.250412 0.358750 0.249407
8 0.399510 0.274380 0.397000 0.265644 0.390445 0.237380 0.387253 0.223838 0.387854 0.222491 0.389180 0.222282 0.389484 0.223139 0.396682 0.253458 0.399922 0.267403 0.401820 0.272495
8 0.379599 0.177546 0.379417 0.179907 0.379104 0.181296 0.378714 0.181620 0.367099 0.182176 0.360406 0.177593 0.374143 0.178153
5 0.326523 0.277403 0.334552 0.282208 0.343909 0.285079 0.350888 0.282926 0.356253 0.281060 0.363875 0.275255 0.370977 0.269565 0.375206 0.263106 0.367745 0.264042 0.355911 0.263380 0.354516 0.262935 0.352107 0.273657 0.351448 0.277065 0.347680 0.276444 0.342526 0.273824 0.341615 0.273731 0.341198 0.275352 0.340362 0.275815 0.339451 0.275722 0.338594 0.276556 0.338656 0.265995 0.338089 0.265491 0.336036 0.266352 0.333898 0.264847 0.330630 0.262051 0.329057 0.260690 0.328570 0.260546 0.327411 0.271069
6 0.367159 0.272792 0.353888 0.290218 0.354815 0.293731 0.356068 0.293662 0.370789 0.273653 0.377083 0.264046 0.377083 0.259884 0.376500 0.261528 0.375206 0.263106 0.370977 0.269565 0.370977 0.269565
6 0.366393 0.304546 0.368310 0.291157 0.375039 0.267296 0.377083 0.264046 0.377167 0.268597 0.370229 0.292148 0.368031 0.307519
6 0.346195 0.317611 0.351638 0.321731 0.356065 0.323630 0.356560 0.329093 0.352393 0.331361 0.343799 0.325574 0.341898 0.315065 0.343799 0.316130 0.343411 0.316764 0.343385 0.317458 0.344115 0.319218 0.345234 0.318889
5 0.320669 0.250505 0.315018 0.249718 0.313898 0.251106 0.314029 0.253097 0.314602 0.253838 0.316971 0.252819 0.325432 0.255977 0.326760 0.255560 0.327672 0.255514 0.328479 0.255514 0.328974 0.256023 0.331919 0.257588 0.334133 0.259532 0.335591 0.261662 0.337336 0.263560 0.338089 0.265491 0.338656 0.265995 0.338750 0.257343 0.330154 0.253963 0.330154 0.253963
5 0.416927 0.252181 0.406237 0.240208 0.406237 0.238056 0.407409 0.233611 0.407810 0.230384 0.407286 0.228088 0.406602 0.226296 0.406844 0.225588 0.408094 0.226296 0.412409 0.230741 0.419992 0.240208 0.421807 0.242222 0.420518 0.248241 0.419669 0.247523 0.418945 0.247523 0.418138 0.248597
5 0.502773 0.427120 0.498555 0.414875 0.502055 0.408486 0.503969 0.408486 0.505974 0.407079 0.507375 0.405005 0.508682 0.404505 0.509427 0.405088 0.511062 0.411310 0.513128 0.416889 0.513664 0.418458 0.515448 0.424417 0.515039 0.430801 0.511870 0.433287 0.509115 0.433870 0.506500 0.432542 0.504214 0.430134
13 0.507516 0.364245 0.508727 0.360852 0.509201 0.361759 0.515823 0.360139 0.518104 0.355491 0.517339 0.360134 0.516091 0.374491 0.515393 0.381995 0.515104 0.390282 0.514820 0.395731 0.510922 0.392120 0.513151 0.390023 0.513031 0.387611 0.512789 0.381236 0.511385 0.377565 0.509727 0.375690 0.508714 0.375819 0.512281 0.370819 0.512490 0.368042
2 0.569435 0.658412 0.568128 0.659509 0.566940 0.661718 0.567049 0.663639 0.566734 0.663880 0.565284 0.665315 0.563789 0.668324 0.562836 0.672472 0.561055 0.664310 0.561013 0.660523 0.558302 0.642847 0.562352 0.639829 0.563268 0.645880 0.567318 0.646454 0.570685 0.657394 0.568706 0.656606 0.566362 0.655819 0.564930 0.655866 0.563888 0.656375 0.563810 0.657486 0.564148 0.657856 0.564565 0.657625 0.565216 0.657208 0.566388 0.657301 0.567404 0.657486
5 0.482091 0.254116 0.485529 0.243556 0.486648 0.244394 0.488211 0.240593 0.490034 0.241750 0.494956 0.247028 0.501961 0.254667 0.509773 0.264019 0.521747 0.277694 0.531268 0.289546 0.533716 0.295194 0.534737 0.300694 0.534372 0.304444 0.534242 0.306574 0.532680 0.310694 0.529398 0.318009 0.527237 0.323704 0.524581 0.330597 0.521312 0.333005 0.510625 0.328023 0.510065 0.326449 0.523646 0.326449 0.523279 0.324181 0.512492 0.324181 0.514656 0.318574 0.513768 0.315708 0.513003 0.314560 0.511591 0.314060 0.510784 0.312769 0.515260 0.310329 0.516526 0.306593 0.516526 0.306593 0.516445 0.302366 0.514469 0.296986 0.511846 0.294190 0.510474 0.294403 0.512042 0.286769 0.506638 0.282556 0.503745 0.281944 0.500477 0.277380 0.495810 0.270329 0.491284 0.264685 0.488763 0.264769
8 0.511846 0.331468 0.531474 0.341569 0.531927 0.340949 0.532276 0.339278 0.532276 0.338407 0.521312 0.333005 0.510625 0.328023
5 0.506552 0.359014 0.501372 0.349958 0.496029 0.340741 0.493547 0.335463 0.493490 0.334023 0.495109 0.328745 0.496029 0.324903 0.497378 0.321153 0.501448 0.314995 0.505159 0.315153 0.507958 0.320778 0.509302 0.324403 0.511846 0.331468 0.516937 0.342259 0.520161 0.350028 0.520526 0.351222 0.519099 0.353704 0.515823 0.360139 0.509201 0.361759 0.508607 0.360639
5 0.500711 0.303995 0.501477 0.305069 0.508133 0.305426 0.509383 0.300481 0.510474 0.294403 0.512042 0.286769 0.506638 0.282556 0.505672 0.282264 0.502729 0.294671 0.501599 0.300981
13 0.416904 0.438639 0.415404 0.435481 0.414633 0.433560 0.413797 0.430333 0.413865 0.427750 0.414240 0.423398 0.414604 0.420991 0.415125 0.418306 0.415802 0.417148 0.417805 0.415093 0.419159 0.414074 0.423073 0.413231 0.424349 0.413981 0.426943 0.416949 0.428578 0.421782 0.429031 0.426431 0.429383 0.429718 0.421680 0.428722 0.415891 0.430333
6 0.397995 0.443796 0.394224 0.428218 0.395932 0.420963 0.402453 0.419106 0.409807 0.447181 0.412911 0.460074 0.407333 0.464227 0.401266 0.450403
8 0.402453 0.419106 0.399755 0.402134 0.400242 0.400884 0.401917 0.400500 0.402565 0.400981 0.405643 0.411060 0.408990 0.430648 0.412771 0.447352 0.414930 0.457046 0.412911 0.460074 0.409807 0.447181
5 0.483237 0.371199 0.480737 0.368468 0.479617 0.366616 0.479174 0.363005 0.479513 0.361755 0.481701 0.361477 0.482742 0.363005 0.485424 0.366523 0.485258 0.367162 0.487339 0.370162 0.492534 0.373282 0.497846 0.375366 0.505008 0.375644 0.509727 0.375690 0.511385 0.377565 0.512789 0.381236 0.513031 0.387611 0.513151 0.390023 0.510573 0.392620 0.505240 0.398014 0.500323 0.402412 0.494674 0.405944 0.500010 0.392060 0.503112 0.392370 0.506180 0.392495 0.508167 0.391755 0.509143 0.389894 0.509143 0.387167 0.509177 0.380968 0.508445 0.379111 0.500706 0.379171 0.493664 0.378181 0.490737 0.378491 0.487529 0.378056 0.486518 0.375699 0.485443 0.373995 0.483352 0.370884
5 0.518534 0.346069 0.521008 0.345074 0.523435 0.344407 0.526047 0.346565 0.528568 0.347977 0.529315 0.350634 0.530107 0.355028 0.529781 0.359843 0.527820 0.362662 0.523714 0.365319 0.522453 0.366231 0.526982 0.367806 0.529268 0.368306 0.530435 0.370380 0.531008 0.375565 0.530089 0.378444 0.529010 0.380361 0.528849 0.384583 0.528469 0.388236 0.527607 0.391306 0.525987 0.394472 0.525068 0.394954 0.523883 0.395245 0.519802 0.391972 0.520130 0.387949 0.519992 0.387204 0.518945 0.386958 0.518352 0.387389 0.518318 0.385065 0.518969 0.382185 0.518156 0.380361 0.516320 0.378634 0.517445 0.366903 0.519099 0.353704 0.520526 0.351222 0.520161 0.350028
8 0.494531 0.619593 0.488698 0.598435 0.489724 0.596773 0.490378 0.596028 0.491591 0.595611 0.492990 0.599843 0.501141 0.630412
6 0.454086 0.550657 0.419260 0.484375 0.408576 0.462806 0.412539 0.460398 0.416458 0.469940 0.422620 0.482389 0.438956 0.515491 0.451557 0.541468 0.458990 0.557250 0.458615 0.557500
6 0.421615 0.470231 0.420982 0.469699 0.420109 0.469699 0.419273 0.470690 0.419133 0.472426 0.424503 0.484074 0.438956 0.515491 0.451557 0.541468 0.458990 0.557250 0.460828 0.553491 0.458128 0.547708 0.452096 0.534819 0.450513 0.530417 0.446596 0.523306 0.444135 0.517472 0.432242 0.492134 0.423505 0.473852 0.423505 0.473852
6 0.413797 0.430333 0.412526 0.431366 0.421615 0.470231 0.425211 0.465023 0.422711 0.455917 0.421641 0.458657 0.420633 0.458907 0.418680 0.451468 0.416904 0.438639 0.415404 0.435481 0.414633 0.433560
5 0.381898 0.399463 0.383148 0.399787 0.384893 0.399231 0.387497 0.395806 0.389034 0.396500 0.392836 0.401778 0.393044 0.403444 0.393539 0.406037 0.394711 0.406963 0.396482 0.406870 0.396372 0.405042 0.396294 0.390671 0.396320 0.380250 0.395307 0.378954 0.394344 0.378028 0.393201 0.375713 0.392367 0.375065 0.391065 0.375898 0.389536 0.376958 0.382112 0.379500 0.375974 0.380986 0.367536 0.381546 0.377810 0.404880 0.378643 0.403722 0.379372 0.401639 0.379659 0.400667 0.378685 0.395310 0.380305 0.393963 0.381224 0.395500
5 0.386083 0.420750 0.397995 0.443796 0.394224 0.428218 0.395932 0.420963 0.402453 0.419106 0.402284 0.418144 0.396529 0.407968 0.396482 0.406870 0.394711 0.406963 0.393539 0.406037 0.393044 0.403444 0.392836 0.401778 0.389034 0.396500 0.387497 0.395806 0.384893 0.399231 0.383148 0.399787 0.381898 0.399463
5 0.482151 0.350565 0.491612 0.355764 0.506708 0.366583 0.508727 0.360852 0.506406 0.358815 0.496674 0.351852 0.489654 0.347833
8 0.484995 0.409343 0.495805 0.390782 0.499690 0.384079 0.500133 0.383801 0.500888 0.383801 0.501565 0.384310 0.501852 0.384819 0.501938 0.385611 0.500010 0.392060 0.494674 0.405944 0.491250 0.417889 0.490224 0.416977 0.489057 0.416227 0.490224 0.412079 0.495263 0.398306 0.496664 0.393579 0.486349 0.411333 0.485089 0.410838
11 0.491841 0.580329 0.501487 0.563454 0.503773 0.586005 0.497867 0.595435
2 0.384992 0.309023 0.386310 0.305750 0.387714 0.304884 0.390630 0.305366 0.393005 0.307093 0.394247 0.310741 0.395544 0.316884 0.397867 0.321880 0.397974 0.324278 0.397703 0.330255 0.397234 0.329259 0.396161 0.329259 0.393656 0.335546 0.390229 0.333394 0.388070 0.332065 0.390177 0.329856 0.392445 0.325056 0.393794 0.321981 0.393471 0.318528 0.391635 0.313056 0.390393 0.311042 0.387260 0.309023
2 0.436471 0.383847 0.437891 0.384106 0.442039 0.382495 0.448628 0.382060 0.452984 0.383486 0.454940 0.384630 0.456315 0.387449 0.457773 0.392310 0.457852 0.394764 0.457357 0.395227 0.455273 0.395644 0.452305 0.394718 0.450013 0.394162 0.446914 0.397866 0.445273 0.400875 0.445013 0.406986 0.442917 0.405861 0.430174 0.398528 0.431617 0.392741 0.433396 0.387491 0.435445 0.383741
2 0.428477 0.346829 0.429852 0.350829 0.432102 0.351384 0.434539 0.350718 0.436286 0.349940 0.442094 0.349486 0.441466 0.353574 0.441711 0.355620 0.443070 0.357852 0.441786 0.360657 0.441542 0.361731 0.439849 0.361639 0.437349 0.362519 0.436125 0.363815 0.435005 0.367426 0.434823 0.370157 0.435474 0.372148 0.436854 0.372935 0.422039 0.407139 0.422510 0.410750 0.420661 0.409009 0.419198 0.405731 0.418849 0.403810 0.419023 0.402319 0.420523 0.400333 0.423380 0.394569 0.423555 0.392333 0.421953 0.388148 0.428125 0.389491 0.429484 0.388926 0.430008 0.387750 0.429484 0.385829 0.423635 0.376153 0.419695 0.368231 0.426990 0.358014 0.424060 0.356037 0.424531 0.354690 0.425466 0.353676 0.426310 0.351907 0.426943 0.348958 0.427635 0.347727
2 0.418193 0.382773 0.418401 0.386616 0.420250 0.387546 0.428094 0.389593 0.429484 0.388926 0.430008 0.387750 0.429484 0.385829 0.423635 0.376153 0.419695 0.368231 0.417977 0.369782 0.417018 0.375986 0.420609 0.381310 0.419250 0.380782
2 0.408784 0.357051 0.407250 0.359060 0.406201 0.361213 0.403904 0.364009 0.404250 0.366745 0.405378 0.371264 0.405823 0.377574 0.405781 0.380801 0.404773 0.381449 0.402958 0.379657 0.401789 0.386111 0.401685 0.387528 0.409198 0.386199 0.410437 0.385523 0.414120 0.373694 0.417977 0.369782 0.419695 0.368231 0.419937 0.366412 0.420026 0.359389 0.419815 0.355963 0.419573 0.352963 0.420565 0.347500 0.421167 0.345093 0.421167 0.342519 0.420294 0.338551 0.419992 0.337750 0.419154 0.338338 0.418633 0.341181 0.417898 0.340810 0.416818 0.337162 0.417169 0.334866 0.417065 0.333130 0.416563 0.332176 0.414375 0.332222 0.413245 0.330588 0.411469 0.331023 0.410560 0.331704 0.409229 0.332917 0.407784 0.333935 0.406698 0.335486 0.405169 0.343282 0.415250 0.352074 0.417070 0.353319 0.417677 0.354648 0.417677 0.356972 0.416185 0.360870 0.415203 0.362032
8 0.510898 0.519856 0.528245 0.519921 0.528570 0.519153 0.524654 0.515324 0.509641 0.515194 0.510862 0.519079
2 0.482885 0.293880 0.477010 0.298653 0.485000 0.302454 0.496880 0.286324 0.490133 0.283662 0.487195 0.286657 0.487945 0.288880 0.488133 0.291213 0.486945 0.293102 0.485695 0.293991
2 0.400406 0.304991 0.406367 0.299907 0.406961 0.300028 0.408042 0.302759 0.409083 0.306102 0.412570 0.308588 0.412607 0.310440 0.410826 0.314162 0.412057 0.314259 0.410518 0.317704 0.409578 0.320676 0.409508 0.324333 0.409753 0.326130 0.413245 0.330588 0.411469 0.331023 0.410560 0.331704 0.409229 0.332917 0.409198 0.331204 0.407872 0.329917 0.406878 0.326116 0.403865 0.327991 0.405042 0.322417 0.404258 0.320597 0.402721 0.319741 0.401695 0.320329 0.400461 0.319153 0.400914 0.317384 0.402932 0.315778
2 0.558302 0.642847 0.561013 0.660523 0.561104 0.668292 0.560833 0.671181 0.559357 0.672468 0.558151 0.672898 0.555289 0.671236 0.549044 0.650606 0.549044 0.650606
2 0.615786 0.545588 0.625448 0.558042 0.625266 0.559523 0.621021 0.565426 0.618440 0.563278 0.614607 0.551157 0.613760 0.547000 0.614768 0.546116
2 0.639849 0.579870 0.647995 0.584167 0.647917 0.586435 0.649948 0.591111 0.651198 0.592130 0.654557 0.591343 0.655313 0.599861 0.655573 0.605000 0.656911 0.606333 0.655102 0.606889 0.652870 0.608806 0.652310 0.608065 0.652172 0.606389 0.652206 0.604102 0.651859 0.601370 0.651091 0.600690 0.650531 0.601310 0.649938 0.603106 0.639724 0.598523 0.640229 0.595796 0.640664 0.593574 0.640664 0.588690
2 0.421615 0.470231 0.436206 0.449583 0.437393 0.449394 0.441885 0.459380 0.454505 0.487204 0.461302 0.501139 0.446596 0.523306 0.444135 0.517472 0.448177 0.511463 0.428146 0.468120 0.423505 0.473852 0.421930 0.471134
10 0.578445 0.582694 0.585445 0.582611 0.586846 0.585102 0.586893 0.589167 0.586193 0.594227 0.585539 0.596718 0.579846 0.596880 0.576747 0.585083
13 0.408435 0.304120 0.409346 0.300000 0.409997 0.297130 0.411453 0.295880 0.413849 0.294352 0.415466 0.294167 0.417521 0.295602 0.419266 0.298889 0.420359 0.301389 0.420758 0.304523 0.419742 0.308134 0.418154 0.310264 0.416797 0.310681 0.414638 0.310218 0.412570 0.308588 0.409083 0.306102
13 0.431299 0.324773 0.431380 0.326667 0.431354 0.329306 0.430469 0.332315 0.429297 0.334630 0.428307 0.336019 0.427292 0.336065 0.425443 0.331806 0.424167 0.331111 0.423099 0.332222 0.422865 0.333380 0.420599 0.331991 0.420521 0.330556 0.420964 0.328981 0.421898 0.326440 0.423357 0.323338 0.424945 0.321995 0.427159 0.320514 0.428747 0.320838 0.430388 0.322644
13 0.412057 0.314259 0.412969 0.312361 0.415807 0.311806 0.417161 0.311852 0.419089 0.313704 0.421172 0.316157 0.422734 0.318796 0.421846 0.321671 0.421664 0.323801 0.421898 0.326440 0.420964 0.328981 0.418411 0.332130 0.416563 0.332176 0.414375 0.332222 0.413245 0.330588 0.409753 0.326130 0.409508 0.324333 0.409578 0.320676 0.410518 0.317704
8 0.378237 0.303940 0.381339 0.284537 0.383466 0.281315 0.388836 0.280944 0.396680 0.280944 0.398945 0.281440 0.399049 0.283111 0.398979 0.283796 0.383396 0.284042 0.381513 0.294454 0.379771 0.305611
13 0.434622 0.285514 0.433060 0.283431 0.431029 0.281069 0.430482 0.280884 0.429805 0.281718 0.428789 0.280884 0.424857 0.272597 0.424740 0.271037 0.426458 0.267824 0.428930 0.264662 0.431672 0.262468 0.433841 0.261986 0.435979 0.263912 0.437005 0.265250 0.438690 0.270287 0.439323 0.274894 0.440258 0.278537 0.440107 0.280194 0.439505 0.282875 0.437909 0.284431 0.437005 0.285500 0.436039 0.285231
13 0.435979 0.263912 0.436927 0.262870 0.437188 0.260787 0.437760 0.259676 0.438255 0.259120 0.438047 0.251620 0.439036 0.250556 0.440312 0.250556 0.441510 0.250880 0.442318 0.251389 0.442188 0.258796 0.443073 0.258519 0.446120 0.259815 0.446250 0.262222 0.446380 0.264444 0.447630 0.265926 0.450156 0.266898 0.452109 0.268704 0.452839 0.270787 0.453594 0.275093 0.451406 0.279352 0.449635 0.281204 0.446250 0.281204 0.443828 0.280926 0.441094 0.280185 0.440234 0.279537 0.440258 0.278537 0.439323 0.274894 0.438690 0.270287 0.437005 0.265250
13 0.455641 0.257213 0.456122 0.249875 0.456995 0.244838 0.458081 0.242588 0.459648 0.241894 0.461333 0.241838 0.467404 0.244231 0.469719 0.251194 0.470586 0.252500 0.470586 0.255500 0.470224 0.261606 0.469198 0.265139 0.467693 0.268194 0.466578 0.269477 0.463924 0.268463 0.461635 0.267495 0.460552 0.264176 0.459586 0.263213 0.458953 0.262301 0.458352 0.259995 0.457539 0.257213 0.457146 0.255606 0.456875 0.255176
5 0.475062 0.299574 0.480979 0.305579 0.485896 0.310412 0.492833 0.313949 0.494297 0.312708 0.495344 0.313079 0.495552 0.314505 0.496354 0.315125 0.501305 0.314194 0.501583 0.313639 0.497052 0.310722 0.494122 0.309981 0.485164 0.304528 0.485000 0.302454 0.477010 0.298653 0.475846 0.298287 0.475182 0.299037
5 0.478792 0.329343 0.477255 0.325778 0.476917 0.323093 0.477620 0.318509 0.478557 0.315639 0.481060 0.307440 0.481555 0.307208 0.482362 0.306884 0.482698 0.307347 0.482622 0.313134 0.483219 0.319060 0.485747 0.319523 0.487310 0.318921 0.488378 0.320449 0.488469 0.321176 0.488492 0.322611 0.486799 0.324648 0.487271 0.325759 0.486984 0.326639 0.487922 0.327796 0.493490 0.334023 0.493547 0.335463 0.496029 0.340741 0.497164 0.342606 0.493023 0.349829 0.491617 0.348991 0.493128 0.345384 0.487008 0.334273 0.485758 0.334361 0.482242 0.328620 0.480755 0.329319
5 0.463628 0.331940 0.468440 0.336083 0.475133 0.340546 0.475482 0.340671 0.476117 0.340444 0.477622 0.341995 0.482211 0.335968 0.480755 0.329319 0.478792 0.329343 0.473948 0.331315 0.471786 0.327903 0.471786 0.325866 0.470253 0.322389 0.471589 0.319157 0.470333 0.314389 0.469216 0.310856 0.467198 0.314356 0.467409 0.315102 0.468112 0.318199 0.468398 0.320194 0.468318 0.322741 0.468346 0.323894 0.467565 0.328847 0.467279 0.330005 0.466523 0.331120 0.465323 0.331486
5 0.445922 0.371958 0.449409 0.373940 0.451117 0.376667 0.453940 0.380944 0.454987 0.382060 0.456102 0.381565 0.457497 0.379519 0.458367 0.377102 0.459833 0.375491 0.460703 0.374560 0.460878 0.371773 0.460354 0.367620 0.459693 0.364523 0.458437 0.360491 0.457427 0.358324 0.454010 0.359565 0.450419 0.362847 0.447979 0.366194 0.446276 0.368102 0.446276 0.368102 0.446146 0.370880
6 0.434995 0.326380 0.436286 0.313676 0.436443 0.310435 0.438693 0.309213 0.443573 0.311505 0.441586 0.336356 0.440958 0.341935 0.434089 0.339704
2 0.397687 0.337954 0.398141 0.304097 0.398562 0.302384 0.399737 0.302116 0.402932 0.315778 0.400914 0.317384 0.400461 0.319153 0.401695 0.320329 0.402721 0.319741 0.404258 0.320597 0.405042 0.322417 0.403865 0.327991 0.406878 0.326116 0.407872 0.329917 0.409198 0.331204 0.409229 0.332917 0.407784 0.333935 0.406698 0.335486 0.405169 0.343282
2 0.397497 0.348412 0.397214 0.358162 0.395711 0.375676 0.394344 0.378028 0.395307 0.378954 0.396320 0.380250 0.396294 0.390671 0.396372 0.405042 0.396529 0.407968 0.402284 0.418144 0.399755 0.402134 0.400242 0.400884 0.401789 0.386111 0.402958 0.379657 0.404773 0.381449 0.405781 0.380801 0.405823 0.377574 0.405378 0.371264 0.404250 0.366745 0.403604 0.362088 0.403966 0.353120
2 0.496182 0.479611 0.495820 0.472866 0.499828 0.470991 0.504497 0.470991 0.508234 0.470616 0.511005 0.469435 0.511940 0.469384 0.512784 0.471417 0.513417 0.472866 0.511940 0.475866 0.510826 0.479347 0.509891 0.481486 0.509529 0.482986 0.509500 0.485236 0.509648 0.487755 0.509167 0.489736 0.508383 0.490810
2 0.541346 0.498685 0.541648 0.500611 0.541648 0.501681 0.538359 0.507509 0.535781 0.512028 0.533719 0.514125 0.520086 0.503514 0.532768 0.500977
2 0.518036 0.500102 0.518036 0.497741 0.517568 0.495796 0.517854 0.492000 0.518167 0.488296 0.518323 0.486954 0.518185 0.485519 0.517065 0.485148 0.515789 0.484083 0.515867 0.481537 0.516883 0.479269 0.517820 0.479083 0.518758 0.479778 0.520685 0.477509 0.522638 0.476491 0.523654 0.476444 0.525112 0.477046 0.526206 0.475102 0.527716 0.473204 0.528732 0.472602 0.529461 0.474361 0.531935 0.474963 0.536492 0.475657 0.537326 0.475843 0.538133 0.480194 0.537742 0.483065 0.537664 0.487370 0.538680 0.491815 0.539956 0.495796 0.540581 0.497417 0.532740 0.499556 0.520266 0.502292
2 0.457539 0.461083 0.461901 0.461250 0.462526 0.462407 0.463250 0.464792 0.462927 0.470167 0.462448 0.475509 0.462474 0.487546 0.462031 0.489722 0.457422 0.493241 0.454505 0.487204 0.451302 0.480370 0.457187 0.485139 0.458516 0.485417 0.458724 0.482824 0.448229 0.473657 0.444591 0.465315 0.454917 0.465097 0.457055 0.463449
2 0.434505 0.443514 0.435716 0.450255 0.436206 0.449583 0.437393 0.449394 0.444591 0.465315 0.454917 0.465097 0.457055 0.463449 0.457539 0.461083 0.458008 0.451495 0.458393 0.448458 0.458266 0.447315 0.456893 0.445880 0.455078 0.445667 0.452940 0.447671 0.451206 0.449681 0.450237 0.450398 0.443260 0.450398 0.442977 0.440356 0.440992 0.441000 0.436565 0.442713
2 0.434182 0.441528 0.432917 0.433171 0.432948 0.426634 0.432526 0.420903 0.431924 0.415440 0.429000 0.411958 0.428068 0.410407 0.428068 0.408264 0.430013 0.406343 0.432385 0.405046 0.434156 0.404676 0.434755 0.404861 0.435380 0.406986 0.435875 0.408981 0.441234 0.414958 0.443826 0.418870 0.446990 0.426745 0.449701 0.434509 0.439701 0.435171 0.440023 0.438259
2 0.381591 0.312866 0.379279 0.312051 0.376549 0.312861 0.375982 0.314477 0.376435 0.319731 0.375414 0.320542 0.369682 0.310431 0.370359 0.304778 0.371349 0.303111 0.372911 0.302417 0.374786 0.299782 0.376870 0.297556 0.377547 0.298250 0.377729 0.300333 0.377078 0.302329 0.377208 0.303301 0.378237 0.303940 0.379771 0.305611 0.381518 0.305829 0.384992 0.309023 0.383102 0.310944
2 0.633958 0.557903 0.634375 0.560125 0.635323 0.567190 0.634557 0.565972 0.632661 0.565042 0.631370 0.565255 0.628870 0.567333 0.627943 0.571708 0.627216 0.578162 0.622617 0.580958 0.619271 0.583542 0.618786 0.581819 0.618987 0.579958 0.619875 0.577875 0.621839 0.573079 0.621888 0.570671 0.621888 0.567764 0.621021 0.565426 0.625266 0.559523 0.625448 0.558042 0.615786 0.545588 0.619456 0.543134 0.628516 0.551838
2 0.560372 0.600657 0.568750 0.592213 0.572867 0.608319 0.570914 0.608032 0.568495 0.608394 0.562232 0.606894
2 0.582982 0.577528 0.583714 0.578315 0.594857 0.569287 0.598122 0.578199 0.596641 0.593704 0.582526 0.607037 0.579846 0.596880 0.585539 0.596718 0.586193 0.594227 0.586893 0.589167 0.586846 0.585102 0.585445 0.582611 0.578445 0.582694
2 0.412771 0.447352 0.414844 0.447407 0.416406 0.448102 0.421615 0.470231 0.420982 0.469699 0.420109 0.469699 0.419273 0.470690 0.419133 0.472426 0.419661 0.473611 0.418854 0.474722 0.416458 0.469940 0.412539 0.460398 0.412911 0.460074 0.414930 0.457046
2 0.445620 0.505824 0.445409 0.510597 0.444086 0.510907 0.440943 0.510657 0.423505 0.473852 0.428146 0.468120
2 0.466380 0.491435 0.467836 0.488722 0.469128 0.486991 0.469755 0.486741 0.473115 0.486926 0.479648 0.486926 0.480255 0.487255 0.480096 0.492282 0.480656 0.498171 0.478076 0.499741 0.473417 0.504884 0.472763 0.506227 0.472815 0.507009 0.473339 0.507199 0.474172 0.507241 0.475289 0.513861 0.474195 0.514792 0.473518 0.515759 0.473187 0.517273 0.473451 0.519713 0.470417 0.519713 0.467310 0.510676 0.465979 0.502861 0.465979 0.499481 0.464771 0.495690
2 0.468849 0.456287 0.471479 0.454898 0.474891 0.453208 0.480305 0.450389 0.483096 0.461190 0.482203 0.466685
2 0.463448 0.486380 0.473115 0.486926 0.479648 0.486926 0.480255 0.487255 0.480716 0.482287 0.462927 0.470167 0.462448 0.475509 0.462443 0.483458 0.465128 0.479676 0.465930 0.480356 0.466487 0.481782 0.466453 0.482898
