8 0.410542 0.359921 0.413234 0.354954 0.415771 0.349523 0.417633 0.347222 0.419964 0.345565 0.422448 0.345657 0.424727 0.346856 0.426589 0.348787 0.428661 0.352009 0.430471 0.356611 0.431870 0.363787 0.432958 0.370046 0.433526 0.377227 0.433706 0.380815 0.433812 0.384569 0.433391 0.388514 0.432333 0.391519 0.430961 0.394519 0.432198 0.394435 0.433482 0.391014 0.434523 0.388306 0.434685 0.384884 0.434406 0.378148 0.433836 0.369861 0.432906 0.363787 0.431664 0.357620 0.428867 0.350903 0.427055 0.348051 0.424167 0.345417 0.421260 0.343273 0.416883 0.346250 0.414477 0.349671 0.409586 0.359509 0.407742 0.362500 0.405737 0.364639 0.402208 0.366352 0.398760 0.366065 0.395393 0.363787 0.391625 0.360648 0.388417 0.356944 0.386253 0.353523 0.385049 0.350528 0.384888 0.345968 0.385771 0.343542 0.387375 0.341972 0.386974 0.340546 0.385370 0.342259 0.384167 0.345255 0.383846 0.349815 0.384648 0.352667 0.386253 0.356370 0.389458 0.360505 0.393549 0.364495 0.398521 0.367917 0.402852 0.368060 0.406859 0.366065
6 0.426836 0.726949 0.426776 0.760162 0.428443 0.760162 0.428563 0.748843 0.427846 0.747574 0.428680 0.745778 0.428622 0.723032
6 0.478091 0.685755 0.475951 0.699338 0.472573 0.715458 0.471190 0.730509 0.469888 0.742875 0.469065 0.751222 0.459552 0.763046 0.449536 0.769032 0.441466 0.775042 0.433857 0.784162 0.407568 0.829134 0.393461 0.847884 0.387935 0.853611 0.385391 0.863037 0.376479 0.871523 0.373404 0.870204 0.374997 0.857569 0.377648 0.843995 0.378708 0.836644 0.377010 0.821935 0.374680 0.804213 0.379240 0.780264 0.376586 0.779329 0.371815 0.803458 0.374466 0.825139 0.375633 0.834005 0.373727 0.848708 0.373404 0.856819 0.371922 0.862097 0.370651 0.869069 0.371177 0.874537 0.373195 0.878880 0.377010 0.879250 0.382630 0.873972 0.390057 0.860023 0.402784 0.842111 0.417737 0.819301 0.430995 0.797991 0.434919 0.789509 0.441104 0.781657 0.443549 0.778574 0.445326 0.776861 0.447526 0.774616 0.447526 0.774616 0.449349 0.772995 0.452516 0.771806 0.453531 0.771944 0.453922 0.771296 0.454130 0.770602 0.454391 0.768565 0.454990 0.767454 0.455484 0.767130 0.456370 0.767870 0.458370 0.768440 0.460508 0.767315 0.464310 0.763088 0.467219 0.760255 0.470247 0.753528 0.472232 0.746046 0.474922 0.718514 0.476198 0.709083 0.477258 0.702111 0.480333 0.685889
6 0.476198 0.709083 0.474922 0.718514 0.472232 0.746046 0.473073 0.744199 0.476232 0.736944 0.477216 0.734843 0.477286 0.721954 0.475187 0.722106 0.475456 0.718843 0.477078 0.718852 0.477323 0.709741
8 0.439289 0.614519 0.439115 0.612051 0.449646 0.604185 0.452005 0.604014 0.455112 0.604014 0.456242 0.605306 0.457826 0.609657 0.456852 0.609282 0.455346 0.611005 0.451120 0.611968 0.447542 0.613157 0.442172 0.617611 0.440427 0.616343
6 0.451120 0.611968 0.455346 0.611005 0.457854 0.616532 0.461568 0.624486 0.460164 0.633134 0.457807 0.633014 0.451016 0.613917
8 0.399336 0.567454 0.397547 0.566606 0.394195 0.577750 0.389372 0.591819 0.381427 0.612977 0.368690 0.634806 0.368112 0.637014 0.369036 0.638245 0.370279 0.637167 0.375570 0.628301 0.377930 0.624935 0.380391 0.620287 0.383422 0.614463 0.386385 0.606222 0.390154 0.597093 0.390362 0.595713 0.392122 0.591569 0.393826 0.587472 0.395143 0.582255 0.396318 0.579231 0.398617 0.570435
6 0.315195 0.412259 0.319693 0.419704 0.326440 0.437477 0.332674 0.456403 0.333872 0.460199 0.332779 0.463440 0.331034 0.462606 0.329190 0.458292 0.326023 0.453593 0.326023 0.452315 0.325953 0.450250 0.324943 0.446394 0.323930 0.446139 0.323060 0.442796 0.322049 0.442796 0.321612 0.437921 0.320456 0.436889 0.319737 0.435088 0.320169 0.433676 0.319299 0.431231 0.318143 0.430468 0.316987 0.429176 0.315758 0.426602 0.316625 0.424037 0.315977 0.422491 0.313951 0.420181 0.313521 0.413630
6 0.452583 0.371426 0.453885 0.369574 0.455083 0.369157 0.456698 0.369250 0.457896 0.369713 0.458906 0.367870 0.460904 0.362551 0.465669 0.350208 0.468922 0.342065 0.466018 0.337546 0.464763 0.337880 0.463146 0.342306 0.458336 0.355301
2 0.410542 0.359921 0.413234 0.354954 0.415771 0.349523 0.417633 0.347222 0.419964 0.345565 0.422448 0.345657 0.424727 0.346856 0.426589 0.348787 0.428661 0.352009 0.430471 0.356611 0.431870 0.363787 0.432958 0.370046 0.433526 0.377227
2 0.364229 0.336398 0.368531 0.326722 0.374505 0.328750 0.379401 0.329398 0.387318 0.332037 0.393104 0.333676 0.398021 0.330870 0.402057 0.332060 0.412169 0.337338 0.416807 0.340306 0.421260 0.343273 0.416883 0.346250 0.414477 0.349671 0.409586 0.359509 0.398359 0.351384 0.392828 0.347532 0.388417 0.347532 0.384888 0.345968 0.385771 0.343542 0.387375 0.341972 0.386974 0.340546 0.385370 0.342259 0.384167 0.345255 0.379917 0.342259 0.379836 0.344111 0.378555 0.344255 0.377510 0.343259 0.373742 0.340977 0.372781 0.338551 0.370294 0.332565
2 0.463206 0.403069 0.464656 0.405921 0.467398 0.401963 0.467792 0.399361 0.466138 0.397213 0.465440 0.395227 0.464594 0.392931 0.459745 0.386231 0.458599 0.385306 0.457094 0.383088 0.456302 0.381097 0.455253 0.380639 0.454172 0.379153 0.452919 0.379523 0.451464 0.379574 0.450448 0.378185 0.449206 0.377398 0.446555 0.374074 0.444326 0.367542 0.442940 0.364491 0.442367 0.362500 0.441896 0.362648 0.441292 0.362718 0.440398 0.369556 0.439104 0.382898 0.442831 0.387509 0.447474 0.388468 0.456870 0.395282
2 0.450742 0.253926 0.448646 0.256079 0.442878 0.262532 0.442555 0.268556 0.443039 0.273574 0.442755 0.275583 0.442513 0.277880 0.454979 0.269991 0.454979 0.265759 0.452719 0.254500 0.451187 0.255074
2 0.402823 0.307060 0.408969 0.283412 0.410776 0.276986 0.413232 0.275829 0.415474 0.279171 0.415401 0.281486 0.409836 0.301662
2 0.336177 0.359241 0.337307 0.355796 0.337669 0.354940 0.338596 0.354940 0.339807 0.356875 0.341299 0.354079 0.341826 0.350921 0.343276 0.348343 0.345133 0.348125 0.346544 0.348699 0.348763 0.350995 0.349932 0.353287 0.350294 0.350852 0.351143 0.349773 0.353201 0.349486 0.353604 0.350278 0.353523 0.352069 0.357516 0.357231 0.361065 0.363398 0.361625 0.367801 0.363937 0.372356 0.365503 0.376579 0.366063 0.381019 0.365878 0.385241 0.365492 0.388157 0.358940 0.402347 0.340510 0.380245 0.342214 0.377204 0.336073 0.363028 0.359880 0.367023 0.360375 0.363917 0.359565 0.361917
2 0.339484 0.381361 0.336503 0.385787 0.343948 0.406352 0.344237 0.411366 0.343878 0.416634 0.345177 0.423444 0.347591 0.417389 0.348924 0.419324 0.349513 0.412181 0.350685 0.412477 0.350516 0.418278 0.351771 0.415454 0.351687 0.412625 0.350516 0.409060 0.347505 0.402514 0.348341 0.401324 0.351521 0.408463 0.352354 0.411440 0.352440 0.414111 0.353948 0.411440 0.354615 0.405491 0.355534 0.400579
7 0.501622 0.529019 0.499984 0.527778 0.500581 0.524417 0.500688 0.520384 0.500201 0.514241 0.499013 0.508481 0.495604 0.494579 0.495065 0.491657 0.509018 0.445185 0.513268 0.448606 0.512305 0.453736 0.526177 0.466852 0.534518 0.468991 0.537885 0.471412 0.549112 0.484241 0.548630 0.485384 0.547107 0.485384 0.542216 0.503204 0.541492 0.508620 0.539969 0.508620 0.536120 0.521593 0.536362 0.526440 0.534677 0.528579 0.543096 0.540269 0.542857 0.541694 0.533875 0.529574 0.532031 0.537986 0.542857 0.546968 0.542776 0.547824 0.536862 0.543588 0.534229 0.541861 0.531391 0.539838 0.530625 0.543343 0.529240 0.548023 0.528464 0.546495 0.530188 0.538273 0.518880 0.531713 0.517026 0.537500 0.515995 0.536847 0.517036 0.532144 0.503966 0.519597 0.503964 0.513958 0.505815 0.494394 0.507146 0.479519 0.506422 0.478602 0.505180 0.479153 0.504870 0.481361 0.501964 0.512903 0.501727 0.526843
7 0.494109 0.496130 0.490990 0.509310 0.491198 0.512884 0.490159 0.518431 0.488357 0.518185 0.488063 0.519403 0.493312 0.523181 0.492063 0.518292 0.492688 0.517181 0.493875 0.520514 0.494594 0.524222 0.498060 0.526806 0.499013 0.523556 0.499339 0.518176 0.498958 0.514241 0.498042 0.510208 0.495997 0.503819
2 0.336214 0.444394 0.335133 0.440449 0.336206 0.439495 0.335273 0.435009 0.338526 0.428583 0.340333 0.428843 0.339685 0.434884 0.340352 0.439537 0.348016 0.462014 0.345654 0.465449 0.338349 0.455829 0.336771 0.451944 0.336005 0.448866 0.334987 0.446412
6 0.658047 0.907556 0.658607 0.923144 0.658328 0.951602 0.657354 0.951921 0.651273 0.928944 0.651664 0.922907
6 0.658542 0.932907 0.666648 0.962176 0.659625 0.960935 0.657354 0.951921 0.658328 0.951602
6 0.651120 0.881852 0.651591 0.906556 0.658786 0.889685 0.659138 0.885847 0.658036 0.880287
6 0.664365 0.891935 0.670656 0.906259 0.670518 0.922144 0.668070 0.921417 0.665880 0.917519 0.663227 0.916889 0.658641 0.906009
2 0.385685 0.385630 0.383362 0.382991 0.379836 0.386454 0.378536 0.391403 0.376372 0.393676 0.377372 0.395981 0.377609 0.399981 0.377794 0.404102 0.377609 0.408556 0.373805 0.417301 0.373484 0.419653 0.372865 0.422005 0.374388 0.424435 0.378227 0.421329 0.379112 0.419444 0.380760 0.418815 0.381643 0.420176 0.381409 0.421329 0.380997 0.422588 0.378987 0.424097 0.378872 0.427009 0.377578 0.429241 0.378310 0.430657 0.379279 0.429796 0.380180 0.429546 0.381289 0.430657 0.383685 0.430787 0.382958 0.425903 0.382198 0.419000 0.382057 0.413213 0.382750 0.408407 0.377904 0.419130 0.377018 0.419444 0.376195 0.417139 0.384443 0.399333 0.383289 0.390208 0.383589 0.387759 0.384188 0.386588
2 0.385315 0.403477 0.383029 0.409639 0.382750 0.414319 0.382750 0.419250 0.383445 0.424421 0.384622 0.430954 0.387055 0.431069 0.389620 0.429931 0.391701 0.426292 0.391802 0.424116 0.391651 0.421037 0.392922 0.416333 0.389701 0.417153 0.387781 0.416833 0.386883 0.413426
2 0.365320 0.444199 0.363518 0.444319 0.360263 0.446782 0.361648 0.450972 0.360984 0.452958 0.360797 0.455597 0.361727 0.459227 0.363104 0.465389 0.369333 0.468296 0.369203 0.452944 0.365182 0.451343
2 0.348042 0.350120 0.348763 0.350995 0.349932 0.353287 0.350294 0.350852 0.351143 0.349773 0.353201 0.349486 0.353604 0.350278 0.353523 0.352069 0.357516 0.357231 0.361065 0.363398 0.361625 0.367801 0.365141 0.362264 0.367818 0.358495 0.368542 0.352514 0.372115 0.348741 0.373742 0.340977 0.368961 0.346310 0.364229 0.336398 0.360729 0.338176 0.357419 0.340616 0.356607 0.339843 0.355995 0.337190
2 0.470250 0.362991 0.474193 0.363088 0.477594 0.362509 0.480565 0.362222 0.482995 0.362606 0.480953 0.369963 0.477055 0.383245 0.473112 0.371343 0.474193 0.367792 0.475596 0.365870 0.478242 0.365292 0.479810 0.366255 0.480188 0.365102 0.478729 0.363949 0.476516 0.364144 0.474896 0.365102 0.473328 0.367023 0.472195 0.369324
2 0.490081 0.368787 0.488299 0.365824 0.484146 0.363120 0.477898 0.385449 0.480773 0.394000 0.483003 0.395329 0.488271 0.387671 0.487146 0.386116 0.485458 0.387005 0.486474 0.384500 0.486615 0.381843 0.490958 0.379213 0.491286 0.377306 0.492641 0.375315 0.491706 0.372120 0.487654 0.371579 0.487966 0.368954
2 0.400935 0.307819 0.392622 0.295606 0.390453 0.294194 0.384888 0.300236 0.383948 0.310389 0.385755 0.320282
2 0.427055 0.348051 0.428867 0.350903 0.431664 0.357620 0.432906 0.363787 0.433836 0.369861 0.434406 0.378148 0.436620 0.381023 0.438346 0.366421 0.439094 0.358454 0.430833 0.351111
5 0.414451 0.311162 0.412492 0.309255 0.411651 0.306019 0.409411 0.308259 0.411510 0.313236 0.424167 0.345417 0.431094 0.350787 0.432784 0.341722 0.439352 0.331917 0.442909 0.329347 0.432544 0.322866 0.431849 0.323454 0.430734 0.322329 0.428867 0.322759 0.427271 0.324579 0.425734 0.324685 0.423534 0.319384 0.420612 0.316546 0.416927 0.313463 0.415719 0.312384
2 0.522500 0.768153 0.522865 0.770088 0.522661 0.771810 0.521211 0.779481 0.520000 0.787444 0.521065 0.793111 0.525768 0.787907 0.526737 0.785329 0.526938 0.781958 0.527180 0.778657 0.528268 0.774500
2 0.644359 0.884102 0.638570 0.885463 0.640914 0.893037 0.647911 0.915255 0.651591 0.906556
2 0.775198 0.919644 0.773737 0.923861 0.772552 0.926944 0.772826 0.935056 0.769813 0.939111 0.768172 0.944630 0.787016 1.000000 0.800562 1.000000 0.800669 0.996708 0.798451 0.987690 0.797604 0.980745 0.795284 0.979056 0.793378 0.975116 0.791159 0.965171 0.791690 0.962542 0.790849 0.956343 0.787893 0.952773 0.786094 0.943769 0.788523 0.941514 0.787044 0.936435 0.784297 0.938139 0.779333 0.918977 0.776594 0.917486
2 0.760318 0.944171 0.768172 0.944630 0.787016 1.000000 0.787016 1.000000 0.787016 1.000000 0.781648 0.999736
2 0.765372 0.889269 0.761271 0.891088 0.758352 0.894875 0.755198 0.903708 0.754643 0.908199 0.754172 0.912685 0.754172 0.916611 0.752435 0.914926 0.751883 0.913106 0.751096 0.912403 0.748966 0.914366 0.748177 0.916190 0.746440 0.918014 0.747310 0.924602 0.748492 0.930074 0.751331 0.936662 0.756065 0.941852 0.760318 0.944171 0.768172 0.944630 0.769813 0.939111 0.772826 0.935056 0.772552 0.926944 0.773737 0.923861 0.775198 0.919644 0.776594 0.917486 0.779333 0.918977 0.776729 0.915347 0.773732 0.912685 0.772708 0.904833 0.771523 0.897819 0.769000 0.893472
5 0.730435 0.897884 0.728151 0.901130 0.726328 0.901616 0.724685 0.903403 0.723224 0.900319 0.719573 0.899023 0.717201 0.913949 0.716107 0.932444 0.716107 0.943477 0.716562 0.954185 0.719664 0.957917 0.724503 0.960514 0.758607 0.967037 0.762440 0.950810 0.760318 0.944171 0.756065 0.941852 0.751331 0.936662 0.749682 0.933412 0.740690 0.929481 0.736794 0.926796 0.733784 0.919171 0.733234 0.907977 0.732688 0.901648
2 0.743318 0.963931 0.739365 0.976171 0.735615 0.999926 0.739583 1.000000 0.748799 1.000000 0.751227 0.985384 0.754771 0.974477 0.758607 0.967037
2 0.626349 0.924616 0.619599 0.913588 0.619737 0.910921 0.618987 0.909106 0.616805 0.909468 0.610807 0.924495 0.610602 0.928130 0.611146 0.930315 0.611828 0.930796 0.613464 0.930069 0.616602 0.934190 0.620622 0.937583
2 0.641401 0.946162 0.635901 0.959269 0.641216 1.000000 0.652836 1.000000 0.645635 0.968722 0.641742 0.967667 0.643367 0.957491
2 0.628990 0.974667 0.629714 0.977407 0.630000 0.981620 0.629219 0.987731 0.627188 0.991528 0.625417 0.995509 0.624635 0.998333 0.621979 0.999907 0.621211 1.000000 0.617943 1.000000
2 0.602078 0.969023 0.584474 0.978241 0.585661 0.983713 0.603482 0.974111
2 0.562010 0.955144 0.563745 0.958870 0.566164 0.965324 0.568505 0.973787 0.571005 0.965611 0.573346 0.965685 0.573224 0.970917 0.571974 0.975148 0.572297 0.983829 0.577583 0.980139 0.578263 0.981116 0.578391 0.982269 0.578263 0.982778 0.577818 0.983019 0.577742 0.985005 0.578263 0.985514 0.579174 0.985699 0.580250 0.986079 0.580911 0.986833 0.580974 0.987792 0.580674 0.989778 0.580372 0.991542 0.580432 0.992833 0.581276 0.993796 0.582482 0.994273 0.585685 0.996769 0.587089 1.000000 0.587089 1.000000 0.587089 1.000000 0.568742 1.000000
2 0.556945 0.951093 0.555362 0.954694 0.553990 0.957648 0.551458 0.957134 0.548922 0.956491 0.544945 0.960088 0.543643 0.963046 0.544367 0.964588 0.546029 0.964333 0.548341 0.966773 0.549586 0.968931 0.549586 0.970181 0.550193 0.971426 0.551451 0.971926 0.552948 0.975407 0.553924 0.977736 0.554112 0.981875 0.551169 0.978389 0.549536 0.975745 0.548508 0.974329 0.547250 0.974329 0.546174 0.975407 0.546036 0.977815 0.547359 0.981940 0.547404 0.984843 0.548052 0.985162 0.549456 0.984676 0.550807 0.985667 0.552536 0.986991 0.554219 0.988981 0.555102 0.990806 0.554115 1.000000 0.567305 1.000000 0.560560 0.953884
1 0.532260 0.955051 0.531214 0.951644 0.530690 0.951208 0.529307 0.951023 0.525958 0.950764 0.523096 0.949227 0.520831 0.948269 0.518508 0.947981 0.516672 0.946157 0.514674 0.944523 0.513206 0.944963 0.512214 0.945977 0.510734 0.946463 0.509445 0.945593 0.508352 0.944394 0.507255 0.943417 0.505956 0.943097 0.503177 0.944491 0.498451 0.950708 0.496055 0.955366 0.495542 0.959106 0.496052 0.968991 0.494758 0.975417 0.495190 0.978208 0.493893 0.983102 0.493453 0.988056 0.494516 0.990278 0.492492 1.000000 0.493411 1.000000 0.493516 0.999829 0.495576 0.990278 0.495141 0.987278 0.494766 0.985278 0.495891 0.980944 0.496516 0.979167 0.496263 0.976060 0.496263 0.973838 0.496891 0.971620 0.497328 0.967398 0.497201 0.963398 0.496703 0.957727 0.500828 0.949620 0.503638 0.946181 0.506135 0.944514 0.508013 0.946181 0.510823 0.948065 0.513195 0.946958 0.514945 0.945847 0.515849 0.947236 0.518057 0.949333 0.519505 0.949583 0.522164 0.950074 0.527318 0.953139 0.529977 0.953005 0.531779 0.956352
2 0.508049 0.950019 0.510823 0.948065 0.512547 0.948282 0.519521 0.960681 0.523880 0.968500 0.533344 0.994171 0.532974 0.994444 0.530005 0.989356 0.528708 0.988685 0.527682 0.991662 0.520609 0.981194 0.519419 0.978602 0.515479 0.975347 0.510880 0.963097
2 0.502719 0.930079 0.504961 0.925532 0.507563 0.921069 0.505195 0.919588 0.493849 0.895454 0.480458 0.863116 0.480534 0.859880 0.482320 0.863398 0.483096 0.863667 0.483755 0.863255 0.484180 0.862153 0.484297 0.860153 0.481211 0.853639 0.481073 0.844375 0.492503 0.835750 0.507716 0.865014 0.508133 0.864032 0.493266 0.834889 0.497294 0.831801 0.501924 0.825306 0.504159 0.821699 0.505661 0.822440 0.511284 0.862065 0.515977 0.885944 0.517182 0.902148 0.517648 0.907611 0.518307 0.909111 0.519029 0.909324 0.521312 0.905588 0.522753 0.905588 0.523531 0.907722 0.523995 0.914931 0.526805 0.926218 0.524878 0.927935 0.522706 0.928787 0.520451 0.927148 0.516943 0.926667 0.511214 0.923079 0.507638 0.928778 0.506646 0.931241 0.505018 0.934884 0.504354 0.935954
2 0.472227 0.851495 0.466000 0.856940 0.477659 0.884972 0.478490 0.874088 0.477141 0.875375 0.475323 0.875375 0.473612 0.873162 0.472833 0.869843 0.472745 0.865745 0.473576 0.862796 0.474406 0.862704 0.475234 0.865102 0.478919 0.866301
2 0.479885 0.869079 0.479781 0.875532 0.480195 0.876181 0.480352 0.879407 0.481026 0.882269 0.481339 0.883282 0.482583 0.884852 0.484503 0.888356 0.485177 0.891032 0.485411 0.894407 0.485099 0.897449 0.485307 0.901880 0.499156 0.935935 0.500224 0.933435 0.494945 0.913593 0.494854 0.912148 0.495547 0.910917 0.496362 0.910597 0.497927 0.910597 0.492115 0.899130
2 0.556945 0.951093 0.555362 0.954694 0.553990 0.957648 0.551458 0.957134 0.548922 0.956491 0.545836 0.959181 0.538536 0.935819
2 0.566164 0.965324 0.568505 0.973787 0.571005 0.965611 0.573346 0.965685 0.573224 0.970917 0.571974 0.975148 0.572297 0.983829 0.577583 0.980139 0.578263 0.981116 0.578391 0.982269 0.578263 0.982778 0.577818 0.983019 0.577742 0.985005 0.578263 0.985514 0.579174 0.985699 0.580250 0.986079 0.580911 0.986833 0.580974 0.987792 0.580674 0.989778 0.580372 0.991542 0.587289 0.987218 0.585685 0.996769 0.588151 0.994079 0.588766 0.986583 0.598901 0.980519 0.605479 0.977037 0.606721 0.975023 0.612013 0.968685 0.613005 0.966398 0.612599 0.963593 0.611122 0.961870 0.607812 0.963500 0.606539 0.963046 0.605674 0.960694 0.604961 0.957708 0.604859 0.955625 0.604349 0.954449 0.602974 0.953815 0.602414 0.951370 0.603432 0.950824 0.602924 0.946120 0.602057 0.946120 0.601141 0.946569 0.599003 0.948565 0.600734 0.954264 0.597526 0.956259 0.596763 0.956894 0.596151 0.957523 0.592943 0.959245 0.588818 0.975903 0.602078 0.969023 0.603482 0.974111 0.585661 0.983713 0.584474 0.978241 0.587646 0.976537 0.573591 0.965222 0.568805 0.961236
2 0.617531 0.951616 0.618742 0.952620 0.620477 0.953194 0.621888 0.953194 0.622977 0.953625 0.623745 0.954843 0.624591 0.956926 0.626326 0.957639 0.626648 0.961083 0.627698 0.961514 0.617779 0.983972 0.615039 0.981505 0.612565 0.980222 0.611573 0.979097 0.612229 0.976560 0.613958 0.976944 0.614443 0.972625 0.612013 0.968685 0.613005 0.966398 0.612599 0.963593
2 0.599435 0.930903 0.598320 0.937227 0.598042 0.946278 0.599003 0.948565 0.601141 0.946569 0.602057 0.946120 0.602924 0.946120 0.603432 0.950824 0.602414 0.951370 0.602974 0.953815 0.604349 0.954449 0.604859 0.955625 0.604961 0.957708 0.605674 0.960694 0.606539 0.963046 0.607812 0.963500 0.611122 0.961870 0.610823 0.960940 0.614656 0.950773
2 0.622164 0.940662 0.630427 0.955060 0.627698 0.961514 0.626648 0.961083 0.626326 0.957639 0.624591 0.956926 0.623745 0.954843 0.622977 0.953625 0.621888 0.953194 0.620477 0.953194 0.618742 0.952620 0.617531 0.951616
2 0.604589 0.917486 0.610807 0.924495 0.610602 0.928130 0.611146 0.930315 0.611828 0.930796 0.613464 0.930069 0.616602 0.934190 0.620622 0.937583 0.614656 0.950773 0.599435 0.930903 0.600646 0.925926
2 0.615167 0.892782 0.617414 0.898782 0.619289 0.901111 0.617164 0.901889 0.620664 0.909556 0.622477 0.909111 0.627411 0.919773 0.628112 0.921708 0.627518 0.922046 0.628867 0.923838 0.628021 0.926023 0.629747 0.927597 0.632828 0.941454 0.632354 0.944264 0.632930 0.949773 0.639148 0.935681 0.636286 0.923778 0.638013 0.921662 0.640518 0.932569 0.647911 0.915255 0.640914 0.893037 0.638570 0.885463 0.626607 0.889472 0.623763 0.897505 0.622427 0.897801 0.618495 0.892148
2 0.698354 0.934384 0.698354 0.935630 0.697466 0.937120 0.697971 0.940731 0.696383 0.942060 0.694003 0.943801 0.691484 0.946042 0.689943 0.948694 0.689990 0.954088 0.690549 0.961889 0.688589 0.961972 0.686070 0.960727 0.685276 0.958403 0.683747 0.952458 0.684424 0.951856 0.683982 0.949449 0.684945 0.947181 0.684893 0.946023 0.684904 0.943718 0.686349 0.941394 0.687516 0.938074 0.687331 0.931935 0.693305 0.929861 0.693443 0.926046 0.696198 0.927620 0.700828 0.930815 0.698625 0.930606
2 0.696383 0.942060 0.694003 0.943801 0.691484 0.946042 0.689943 0.948694 0.689990 0.954088 0.690549 0.961889 0.690823 0.966102 0.699581 0.968653 0.697151 0.954051 0.698526 0.953333 0.699091 0.951542 0.699391 0.949569 0.698891 0.947023 0.698680 0.944755 0.697883 0.941648
2 0.731766 0.889083 0.733151 0.889940 0.733544 0.891333 0.734687 0.893046 0.735893 0.895671 0.737339 0.898671 0.738878 0.901509 0.739870 0.904324 0.740313 0.905481 0.742786 0.910384 0.741875 0.910972 0.740784 0.921384 0.738794 0.917579 0.736716 0.910079 0.734714 0.905088 0.734036 0.901481
2 0.508721 0.844106 0.509685 0.842157 0.510958 0.842157 0.515987 0.848736 0.523802 0.859722 0.525906 0.863588 0.529547 0.876676 0.535661 0.903315 0.536677 0.911653 0.543268 0.912616 0.553185 0.916843 0.553456 0.919745 0.548839 0.917810 0.545646 0.916602 0.542727 0.917204 0.537766 0.916361 0.535661 0.914551 0.534708 0.906574 0.526135 0.874472 0.525188 0.866426 0.517911 0.859065 0.510068 0.853560
2 0.613948 0.894120 0.609698 0.905931 0.604589 0.917486 0.601815 0.914954 0.602346 0.912801 0.597872 0.908620 0.599646 0.900171
2 0.561227 0.836245 0.562581 0.835745 0.565148 0.838898 0.568229 0.847861 0.574703 0.868042 0.573333 0.872657
2 0.571141 0.829611 0.573518 0.864065 0.574703 0.868042 0.577997 0.856185 0.576555 0.836389
2 0.580792 0.852565 0.578411 0.860944 0.578654 0.865176 0.576797 0.865963 0.575513 0.870338 0.586216 0.891519 0.583555 0.895917 0.575375 0.877963 0.576620 0.888435 0.577786 0.893995 0.578440 0.896231 0.579094 0.898389 0.581708 0.900546 0.583104 0.900301 0.586857 0.895722 0.587586 0.890796 0.587526 0.886708 0.584924 0.879324 0.583943 0.872972 0.582706 0.864352
2 0.565198 0.848167 0.558466 0.862731 0.559375 0.874667 0.558867 0.874921 0.559445 0.880315 0.562310 0.882306 0.565305 0.882537 0.568221 0.881796 0.568039 0.885222 0.564523 0.885361 0.561867 0.884759 0.567427 0.889079 0.568932 0.881787 0.570789 0.882653 0.569047 0.890407 0.579094 0.898389 0.578440 0.896231 0.577786 0.893995 0.576620 0.888435 0.575375 0.877963 0.574221 0.875421 0.573557 0.877843 0.572146 0.876912 0.573333 0.872657
2 0.531419 0.853134 0.545568 0.831440 0.547242 0.831245 0.547568 0.832593 0.547187 0.834319 0.548378 0.837389 0.534878 0.858704 0.531961 0.857356
2 0.567255 0.824171 0.563362 0.822880 0.558172 0.820847 0.552065 0.819894 0.550005 0.820644 0.546875 0.824847 0.541799 0.819829 0.541112 0.821727 0.540284 0.824935 0.541482 0.825648 0.542279 0.826153 0.543620 0.825847 0.544958 0.826759 0.547437 0.829245 0.549128 0.832653 0.549984 0.834028 0.552057 0.835727 0.553232 0.836236 0.554471 0.836556 0.554471 0.836556 0.556904 0.836315 0.561227 0.836245 0.562581 0.835745 0.565690 0.835431 0.569773 0.827769
2 0.550005 0.820644 0.552065 0.819894 0.558172 0.820847 0.562375 0.822213 0.559820 0.819579 0.560026 0.818306 0.560740 0.816852 0.561659 0.816764 0.545440 0.796380 0.544023 0.798273 0.544909 0.812773
10 0.550005 0.820644 0.547083 0.821921 0.544078 0.821921 0.541799 0.819829 0.541112 0.821727 0.540221 0.821597 0.537823 0.821222 0.536839 0.821648 0.532602 0.818824 0.529516 0.814185 0.527380 0.808838 0.526508 0.803634 0.526352 0.796458 0.526826 0.792519 0.528013 0.788296 0.529596 0.786468 0.533948 0.781403 0.545440 0.796380 0.544023 0.798273 0.544909 0.812773
2 0.678268 0.908829 0.674445 0.910282 0.673354 0.911134 0.674651 0.932023 0.674849 0.939051 0.674747 0.944088 0.680479 0.943356 0.681299 0.942264
2 0.675729 0.902120 0.675935 0.872639 0.678193 0.871778 0.679057 0.869954 0.676677 0.863440 0.678117 0.859532 0.680917 0.863417 0.680917 0.884407 0.680487 0.928667 0.680076 0.928352 0.678268 0.908829 0.676958 0.901630 0.676958 0.901630
2 0.712232 0.878273 0.720646 0.899329 0.719573 0.899023 0.717896 0.909375 0.711703 0.893662
2 0.702255 0.868005 0.700268 0.868370 0.698943 0.873625 0.698789 0.878699 0.700880 0.884861 0.702714 0.889032 0.704651 0.890843 0.706385 0.890208 0.708526 0.884593 0.708221 0.878338
2 0.685865 0.839417 0.690169 0.845394 0.694594 0.853468 0.697367 0.859657 0.699076 0.864481 0.700268 0.868370 0.698943 0.873625 0.698664 0.875491 0.695169 0.875981 0.691948 0.876079 0.689438 0.873995 0.680917 0.863417 0.678117 0.859532
2 0.712518 0.863412 0.712232 0.878273 0.716948 0.889120 0.720185 0.889884 0.723977 0.889185 0.726016 0.886829 0.725047 0.883838 0.722490 0.876764 0.721831 0.874366 0.719909 0.871023 0.719755 0.867181
2 0.642375 0.838315 0.640352 0.836644 0.634930 0.848981 0.645224 0.871125 0.650617 0.868519 0.649747 0.849495 0.648737 0.849880 0.646568 0.847954 0.643820 0.843324
2 0.616120 0.817389 0.624318 0.844162 0.629974 0.859074 0.632635 0.866046 0.636229 0.875514 0.629208 0.878736 0.629190 0.876903 0.626242 0.873449 0.610307 0.850778
2 0.493417 0.793792 0.493417 0.792056 0.499094 0.791106 0.504086 0.789329 0.505052 0.790185 0.506313 0.795005 0.506508 0.802824 0.498073 0.804157 0.496948 0.799491 0.495198 0.797935 0.493646 0.798148
2 0.497958 0.765713 0.493620 0.789356 0.492232 0.793792 0.493417 0.793792 0.493417 0.792056 0.499094 0.791106 0.500112 0.789565 0.501414 0.786106 0.501031 0.782944 0.500930 0.777856 0.500221 0.774014
2 0.492779 0.812500 0.497154 0.802134 0.498073 0.804157 0.506508 0.802824 0.506313 0.795005 0.507529 0.794417 0.509589 0.807750 0.510651 0.813750 0.508339 0.820690 0.506677 0.814009 0.501760 0.819532 0.500531 0.818764 0.498362 0.816708
2 0.492779 0.812500 0.498362 0.816708 0.500531 0.818764 0.501760 0.819532 0.506677 0.814009 0.508339 0.820690 0.507328 0.825995 0.507122 0.827759 0.506477 0.827616 0.505661 0.822440 0.504159 0.821699 0.501924 0.825306 0.500547 0.827042 0.491833 0.827472
2 0.493461 0.768713 0.492214 0.778819 0.490701 0.794894 0.488732 0.825736 0.489508 0.827403 0.491607 0.828769 0.491833 0.827472 0.492779 0.812500 0.493646 0.798148 0.493417 0.793792 0.493417 0.793792 0.492232 0.793792 0.493620 0.789356 0.495604 0.773588
2 0.493919 0.751403 0.486268 0.765384 0.472091 0.792370 0.473427 0.795333 0.481581 0.779866 0.494542 0.753505
2 0.465826 0.795801 0.466490 0.802769 0.468708 0.823106 0.469734 0.823167 0.470229 0.822704 0.471443 0.822259 0.470419 0.812907 0.469643 0.808171 0.470622 0.810000 0.471229 0.809745 0.471276 0.808671 0.469831 0.804685 0.468523 0.798463 0.467805 0.795134 0.467169 0.787181 0.465638 0.785875 0.464180 0.785602 0.463331 0.785407 0.463573 0.786958 0.463935 0.788032 0.463331 0.789264 0.463151 0.790602 0.463633 0.793227 0.463964 0.794778 0.464417 0.795264 0.465242 0.795519
2 0.515870 0.541194 0.511732 0.538718 0.505893 0.550333 0.509523 0.557005 0.512867 0.561852 0.513695 0.566824 0.515299 0.571699 0.516456 0.572380 0.525393 0.573167 0.525393 0.571468 0.522937 0.568588 0.521620 0.564120 0.521021 0.559218 0.521260 0.553574 0.522458 0.549532 0.520242 0.545907
10 0.522458 0.549532 0.521260 0.553574 0.521021 0.559218 0.521620 0.564120 0.522937 0.568588 0.525393 0.571468 0.527435 0.572949 0.531448 0.573694 0.535341 0.573801 0.536839 0.571884 0.537378 0.569542 0.537258 0.565282 0.535042 0.559532 0.524799 0.550375
2 0.542878 0.563870 0.529016 0.549944 0.528464 0.546495 0.527146 0.545139 0.522224 0.542431 0.521393 0.542431 0.517026 0.537500 0.514464 0.536296 0.514255 0.537157 0.512938 0.536046 0.510997 0.533093 0.503651 0.526685 0.503497 0.530727 0.513591 0.538736 0.513695 0.539838 0.515870 0.541194 0.520242 0.545907 0.522458 0.549532 0.524799 0.550375 0.535042 0.559532 0.543086 0.567713
6 0.630424 0.694324 0.633919 0.715653 0.636992 0.728991 0.645867 0.780769 0.645992 0.791324 0.647177 0.800657 0.648979 0.827157 0.650617 0.868519 0.656508 0.865741 0.656607 0.862514 0.656276 0.858056 0.656375 0.856532 0.656078 0.852722 0.656112 0.852019 0.655188 0.844102 0.654708 0.840972 0.652617 0.811565 0.652289 0.807870 0.652289 0.807870 0.651263 0.795343 0.649745 0.778819 0.649161 0.776292 0.649914 0.774954 0.648490 0.768407 0.647990 0.767671 0.639857 0.717347 0.635497 0.694806
8 0.634922 0.678713 0.642383 0.691542 0.651115 0.707306 0.672227 0.742815 0.670732 0.744815 0.658794 0.725597 0.633068 0.680097
2 0.659247 0.935227 0.660922 0.935463 0.669602 0.930213 0.671188 0.932718 0.673346 0.939065 0.663794 0.946130 0.662146 0.945894
2 0.657352 0.970750 0.663885 0.999935 0.665784 1.000000 0.669466 1.000000 0.666740 0.990412 0.662036 0.971750
2 0.651263 0.795343 0.653549 0.798991 0.655781 0.801144 0.658078 0.803259 0.661125 0.801375 0.662052 0.801375 0.662935 0.802486 0.662451 0.808130 0.661544 0.812829 0.659956 0.815343 0.657635 0.816245 0.656768 0.811769 0.652289 0.807870
2 0.454406 0.693889 0.455583 0.696023 0.458339 0.705394 0.460927 0.712204 0.460544 0.732972 0.453008 0.740292 0.449893 0.734218 0.446109 0.715644
2 0.630432 0.752657 0.639880 0.771995 0.643247 0.784773 0.638786 0.792704 0.633779 0.780259 0.633641 0.776602 0.626984 0.769528 0.629523 0.768185 0.630896 0.765255 0.631445 0.761231
2 0.532044 0.635079 0.515948 0.640097 0.505138 0.643028 0.502578 0.646028 0.500706 0.656690 0.499706 0.666463 0.500831 0.670796 0.507599 0.682319 0.511091 0.688630 0.512633 0.689278 0.512565 0.678389 0.509919 0.673491 0.508409 0.668403 0.506518 0.661681 0.505763 0.655921 0.512294 0.648241 0.523958 0.644722 0.532010 0.643444
2 0.714609 0.983991 0.709133 0.984153 0.704935 0.985773 0.703747 0.986745 0.702836 0.990806 0.704023 0.995185 0.706305 0.998593 0.714497 1.000000 0.714497 1.000000 0.714497 1.000000
2 0.693638 0.989028 0.697904 1.000000 0.703659 1.000000 0.704076 0.999894 0.700003 0.985407 0.700971 0.984139 0.698781 0.979250 0.691753 0.977894 0.692365 0.980699 0.693484 0.981333
2 0.662036 0.971750 0.666740 0.990412 0.681740 0.988111 0.691555 0.988352 0.692365 0.980699 0.691753 0.977894 0.691753 0.977894
2 0.650458 0.925926 0.649609 0.927681 0.657279 0.960560 0.659625 0.960935
10 0.589010 0.987120 0.598945 0.985009 0.597487 0.982319 0.598297 0.981745 0.600891 0.984241 0.603482 0.982704 0.606182 0.978671 0.605479 0.977037 0.606721 0.975023 0.607315 0.975792 0.612013 0.968685 0.614443 0.972625 0.613958 0.976944 0.612229 0.976560 0.610719 0.979245 0.611258 0.982509 0.615253 0.989421 0.614768 0.990477 0.610555 0.984431 0.608503 0.989329 0.610286 0.991245 0.610341 0.993454 0.612607 0.995472 0.610677 1.000000 0.610677 1.000000 0.610677 1.000000 0.606888 1.000000 0.608289 0.998065 0.607370 0.995472 0.606182 0.994606 0.603646 1.000000 0.587089 1.000000 0.588151 0.994079 0.598049 0.992333 0.598885 0.987023 0.589086 0.988347
10 0.707969 0.933139 0.704422 0.931644 0.700828 0.930815 0.699099 0.932806 0.698354 0.934384 0.698354 0.935630 0.697466 0.937120 0.698680 0.944755 0.701826 0.951963 0.704714 0.959417 0.706307 0.961731 0.713536 0.953764 0.713826 0.946181 0.713031 0.942579
2 0.700419 0.949139 0.701826 0.951963 0.704714 0.959417 0.706307 0.961731 0.707607 0.970231 0.699581 0.968653 0.697151 0.954051 0.700044 0.953056 0.699391 0.949569
2 0.587846 0.852338 0.586677 0.859148 0.585599 0.870523 0.585065 0.876907 0.584924 0.879324 0.587526 0.886708 0.587586 0.890796 0.590771 0.893579 0.591076 0.891356 0.590073 0.885208 0.590255 0.880389 0.590229 0.878528 0.589948 0.874366 0.591169 0.872769 0.592461 0.857917
2 0.680602 0.913574 0.696763 0.922259 0.697440 0.922491 0.699458 0.924199 0.701969 0.926310 0.704594 0.927463 0.709193 0.929542 0.711005 0.930620 0.712411 0.932111 0.712323 0.933204 0.709901 0.933907 0.707969 0.933139 0.704422 0.931644 0.696198 0.927620 0.693201 0.925380 0.680513 0.918560
2 0.699294 0.844194 0.707354 0.873519 0.709352 0.878407 0.709414 0.875519 0.709469 0.869847 0.704167 0.851528
2 0.694505 0.834384 0.692573 0.827194 0.690104 0.829120 0.694594 0.853468 0.697367 0.859657 0.699076 0.864481 0.699805 0.862815 0.694714 0.836833 0.694396 0.836014
2 0.677570 0.771014 0.682471 0.788685 0.685990 0.800176 0.687016 0.799856 0.688039 0.801139 0.688763 0.804889 0.687745 0.807519 0.690000 0.813819 0.691833 0.809264 0.684841 0.786829
2 0.665482 0.714259 0.672984 0.730537 0.697385 0.785449 0.689422 0.794833 0.687297 0.792000 0.687297 0.793782 0.684841 0.786829 0.676711 0.767255 0.672185 0.759106 0.668060 0.750352 0.668810 0.747611 0.669388 0.745736 0.669013 0.745069 0.667940 0.748222 0.658794 0.725597 0.670732 0.744815 0.672227 0.742815 0.651115 0.707306 0.637344 0.677366 0.646214 0.671477 0.665224 0.713667 0.664732 0.714037 0.664471 0.714870 0.664471 0.716167 0.665276 0.719588 0.666484 0.721301 0.667758 0.723338 0.668125 0.724588 0.668286 0.726796 0.666359 0.729958 0.666964 0.730819 0.668469 0.728139 0.668891 0.727009 0.668617 0.724769 0.668164 0.722731 0.667234 0.720958 0.666148 0.719727 0.665516 0.718606 0.664974 0.716356 0.665063 0.714796
2 0.657990 0.755444 0.651193 0.775815 0.649745 0.778819 0.651263 0.795343 0.652385 0.796440 0.653318 0.792144 0.664961 0.773755 0.668508 0.765301 0.665227 0.763227 0.663951 0.763227 0.666497 0.768060 0.666094 0.769134 0.665286 0.769065 0.661911 0.762745 0.659320 0.763014 0.658719 0.760440 0.658867 0.759583 0.660344 0.760014
2 0.644042 0.787343 0.633914 0.814144 0.642375 0.822764 0.642096 0.823625 0.637495 0.828032 0.635380 0.830394 0.630539 0.838856 0.634409 0.838287 0.634049 0.840509 0.629448 0.841440 0.626979 0.846384 0.624318 0.844162 0.629974 0.859074 0.633477 0.851944 0.634930 0.848981 0.640352 0.836644 0.643385 0.826102 0.644544 0.823792 0.647854 0.811630 0.647177 0.800657 0.645992 0.791324
2 0.629880 0.810338 0.633914 0.814144 0.642375 0.822764 0.642096 0.823625 0.637495 0.828032 0.635380 0.830394 0.630539 0.838856 0.629448 0.841440 0.626979 0.846384 0.624318 0.844162 0.619805 0.829194
2 0.630167 0.733565 0.644042 0.787343 0.645992 0.791324 0.645867 0.780769 0.643076 0.764292 0.634474 0.731639
2 0.623049 0.736991 0.619583 0.738574 0.618812 0.743532 0.619880 0.744903 0.620888 0.745639 0.622844 0.745111 0.623083 0.742690 0.623674 0.742898 0.623674 0.745431 0.622727 0.746801 0.620948 0.747116 0.618693 0.745852 0.616143 0.758079 0.621672 0.762292 0.622221 0.760343 0.625583 0.759486 0.627232 0.750949 0.628055 0.751435 0.626750 0.761681 0.629771 0.764120 0.630182 0.759366 0.628742 0.749972 0.628599 0.749014
2 0.613534 0.764417 0.611992 0.771375 0.608255 0.777704 0.604698 0.782972 0.599815 0.799074 0.602276 0.803704 0.598979 0.815366 0.593216 0.826833 0.595208 0.829514 0.599940 0.823292 0.606115 0.811949 0.608859 0.810241 0.610646 0.810241 0.612911 0.806824 0.611784 0.798579 0.618177 0.790185 0.625388 0.776468
2 0.599815 0.799074 0.602276 0.803704 0.598979 0.815366 0.593216 0.826833 0.589753 0.822185
2 0.599815 0.799074 0.599122 0.796458 0.594378 0.795509 0.594555 0.797301 0.593193 0.796880 0.592005 0.797620 0.591174 0.802153 0.590227 0.821023
2 0.599940 0.823292 0.595208 0.829514 0.602971 0.840764 0.608250 0.847477 0.610172 0.835523 0.607359 0.826616
2 0.617638 0.806593 0.623688 0.821704 0.629880 0.810338 0.624250 0.801963 0.626029 0.799537 0.622680 0.800204 0.619849 0.791241
2 0.633641 0.776602 0.631857 0.782944 0.634875 0.806491 0.634927 0.810926 0.640365 0.797097 0.638786 0.792704 0.633779 0.780259
2 0.600557 0.755079 0.606096 0.760130 0.607008 0.758833 0.609385 0.760296 0.609294 0.763218 0.612216 0.764356 0.612583 0.763218 0.613534 0.764417 0.611992 0.771375 0.608255 0.777704 0.607102 0.779134 0.607466 0.776537 0.606917 0.775074 0.603565 0.773745
2 0.604357 0.745940 0.616143 0.758079 0.621672 0.762292 0.626203 0.768148 0.626984 0.769528 0.633641 0.776602 0.631857 0.782944 0.629867 0.782213 0.625388 0.776468 0.613534 0.764417 0.612583 0.763218 0.609385 0.760296 0.606589 0.757620 0.600013 0.751458 0.598591 0.748750
2 0.558870 0.767977 0.552573 0.771051 0.562201 0.783843 0.562013 0.782157 0.577693 0.794782 0.579177 0.794750 0.579854 0.794102 0.579594 0.792435 0.580714 0.791880 0.584044 0.791958 0.584357 0.794505 0.585086 0.795060 0.586492 0.794829 0.586753 0.794273 0.586391 0.792005 0.592341 0.791449 0.592586 0.793644 0.593398 0.794611 0.596922 0.794657 0.596974 0.792542 0.594299 0.792361 0.594664 0.777380 0.596169 0.777380 0.596357 0.782282 0.604641 0.780639 0.604375 0.777819 0.581789 0.766806 0.582266 0.764255 0.583633 0.763407 0.583086 0.761468 0.582677 0.759769 0.582677 0.757343 0.584177 0.755884
2 0.579966 0.721435 0.584141 0.724968 0.585997 0.728269 0.587932 0.731153 0.589867 0.733625 0.594820 0.736083 0.599792 0.740981 0.594302 0.743861 0.583388 0.732412 0.574977 0.723819
2 0.576695 0.726417 0.574156 0.726477 0.572552 0.727250 0.572151 0.730398 0.574680 0.739963 0.577578 0.749903 0.578979 0.751380 0.580792 0.750736 0.586826 0.747634 0.585755 0.746625 0.583740 0.742079 0.583273 0.743921 0.582497 0.743833 0.580685 0.739870 0.581102 0.738306 0.581875 0.737111 0.580273 0.730759
2 0.571242 0.725120 0.561612 0.729352 0.562492 0.732301 0.570740 0.755296 0.578979 0.751380 0.577578 0.749903 0.574680 0.739963 0.572151 0.730398 0.570740 0.728565 0.571076 0.727255
2 0.564326 0.737819 0.564211 0.739917 0.563148 0.741338 0.554018 0.741338 0.552820 0.741861 0.563336 0.759278 0.570740 0.755296
2 0.550185 0.742722 0.542042 0.745287 0.536216 0.747588 0.539531 0.752565 0.541164 0.754644 0.542284 0.754394 0.543544 0.755306 0.544943 0.758375 0.545643 0.760282 0.549253 0.766236 0.560891 0.760273
2 0.456930 0.802051 0.455031 0.811394 0.454414 0.814144 0.454034 0.818472 0.453927 0.821736 0.452956 0.822981 0.453794 0.824190 0.452911 0.826699 0.451945 0.830398 0.451813 0.834412 0.453589 0.840644 0.452630 0.843796 0.452560 0.852676 0.454339 0.858148 0.455576 0.865981 0.457477 0.866546 0.456211 0.857514 0.457057 0.852236 0.457372 0.847718 0.456529 0.836796 0.454779 0.828898 0.458083 0.821065 0.455602 0.821736 0.455979 0.818088 0.456104 0.813713 0.456586 0.808403 0.457786 0.810042 0.458896 0.806250
2 0.643612 0.666440 0.642031 0.668102 0.641432 0.669861 0.641432 0.672083 0.641745 0.673704 0.637344 0.677366 0.634922 0.678713 0.633068 0.680097 0.627492 0.684616 0.621315 0.687329 0.612997 0.688296 0.610346 0.682190 0.612786 0.681815 0.615529 0.681546 0.619141 0.678657 0.619557 0.684537 0.620729 0.684028 0.620833 0.682731 0.622135 0.681157 0.623620 0.680000 0.625208 0.675139 0.628464 0.673796 0.628789 0.673389 0.631003 0.672329 0.634854 0.670995
2 0.571247 0.614375 0.570633 0.614676 0.569560 0.615421 0.568393 0.617083 0.567146 0.621250 0.568568 0.622315 0.569297 0.627315 0.567422 0.633194 0.568932 0.637083 0.569505 0.639444 0.568307 0.642870 0.565990 0.643426 0.565865 0.664009 0.567523 0.657880 0.569781 0.653574 0.571919 0.650565 0.574177 0.649199 0.576328 0.643009 0.575182 0.633704
2 0.534104 0.712806 0.533062 0.711894 0.531984 0.708245 0.531065 0.707958 0.529122 0.710546 0.527068 0.709653 0.525737 0.710370 0.524401 0.712019 0.525341 0.713333 0.522263 0.718708 0.522911 0.722644 0.523992 0.726292 0.525828 0.729940 0.526422 0.735222 0.527339 0.736278 0.529865 0.740472 0.537005 0.736898 0.538768 0.731685 0.538326 0.731130 0.538091 0.728259 0.536898 0.722259 0.536802 0.720852 0.535328 0.717389 0.534703 0.715537 0.534495 0.713685
2 0.538453 0.706102 0.538034 0.703685 0.537792 0.700713 0.537651 0.697241 0.537669 0.694000 0.539727 0.688546 0.540677 0.685370 0.541615 0.683056 0.542445 0.680514 0.544266 0.678773 0.545245 0.679435 0.545245 0.680181 0.544310 0.681176 0.543852 0.684060 0.542911 0.687981 0.543125 0.697991 0.543747 0.702727 0.544841 0.705491 0.545414 0.707097 0.546214 0.711537 0.545737 0.711194
8 0.470747 0.607264 0.469513 0.619769 0.466057 0.634903 0.457419 0.662324 0.450052 0.682685 0.445318 0.693074 0.439312 0.704630 0.429198 0.722185 0.428622 0.723032 0.426836 0.726949 0.425596 0.730403 0.421482 0.737259 0.414346 0.750394 0.404216 0.768926 0.390151 0.796019 0.377010 0.821935 0.376185 0.815366 0.392927 0.784282 0.414878 0.742694 0.428883 0.718060 0.436039 0.703583 0.447883 0.680111 0.455372 0.659361 0.463628 0.633565 0.466760 0.621986 0.468576 0.607769
8 0.458599 0.675694 0.461438 0.684481 0.461753 0.686866 0.463828 0.696537 0.470570 0.722898 0.468706 0.724856 0.467896 0.723634 0.467227 0.721852 0.461391 0.696463 0.460146 0.691880 0.455930 0.676773
8 0.487443 0.460273 0.486948 0.462171 0.487339 0.466986 0.488354 0.472542 0.489578 0.478144 0.492651 0.489995 0.495997 0.503819 0.498042 0.510208 0.498958 0.514241 0.499339 0.518176 0.499013 0.523556 0.497609 0.529315 0.493560 0.538722 0.493622 0.541935 0.494841 0.541139 0.497568 0.533685 0.498185 0.532171 0.499984 0.527778 0.500581 0.524417 0.500688 0.520384 0.500201 0.514241 0.499013 0.508481 0.495604 0.494579 0.490742 0.475333
2 0.401927 0.640833 0.402018 0.650199 0.404052 0.673361 0.403133 0.676014 0.403854 0.681157 0.403979 0.694667 0.407932 0.692870 0.407891 0.671630 0.408482 0.651856 0.405669 0.643620 0.404641 0.643431 0.404427 0.648806 0.402698 0.648806 0.402698 0.641792
2 0.424862 0.618819 0.422630 0.619954 0.426641 0.635370 0.430026 0.648611 0.432031 0.652917 0.433464 0.649815 0.432812 0.648083 0.431951 0.645398 0.430760 0.641352 0.430344 0.640241
2 0.426146 0.634157 0.425365 0.634157 0.424583 0.635593 0.422786 0.631981 0.421815 0.632366 0.422229 0.643148 0.422367 0.648000 0.426146 0.664676 0.431706 0.654194 0.432031 0.652917 0.430026 0.648611 0.426641 0.635370
1 0.403198 0.621972 0.402125 0.622634 0.402406 0.624625 0.404411 0.631431 0.409125 0.647528 0.418906 0.678102 0.420328 0.675264 0.419862 0.673819 0.417839 0.667093 0.417281 0.665481 0.415771 0.660519 0.410948 0.645898 0.408682 0.639972 0.407589 0.635806 0.406083 0.629838 0.405727 0.627338 0.404461 0.623319
1 0.400685 0.622231 0.399359 0.622977 0.402266 0.632097 0.405073 0.641120 0.405669 0.643620 0.408482 0.651856 0.412792 0.665380 0.418443 0.678662 0.418906 0.678102 0.409125 0.647528 0.404411 0.631431 0.402747 0.626454
2 0.386385 0.606222 0.383422 0.614463 0.380391 0.620287 0.386102 0.633403 0.388245 0.640060 0.389370 0.641287 0.391495 0.637505 0.397372 0.632833 0.395562 0.630944 0.394435 0.627505 0.396010 0.625106 0.393669 0.623769 0.393062 0.619949
2 0.391070 0.643171 0.401336 0.664079 0.402924 0.661921 0.402018 0.650199 0.401927 0.640833 0.401779 0.638241 0.399656 0.638106 0.398255 0.637444 0.397044 0.638356 0.396391 0.642093 0.396529 0.644412 0.397651 0.643750 0.398117 0.644912 0.396669 0.646736 0.395130 0.645491 0.395271 0.643255 0.394755 0.641759 0.393076 0.639935 0.391583 0.639935
10 0.388245 0.640060 0.383398 0.642819 0.388521 0.662852 0.392167 0.662639 0.392437 0.658139 0.391414 0.652565 0.391143 0.646458 0.391070 0.643171 0.388456 0.644954 0.387755 0.644292 0.389370 0.641287
2 0.403406 0.670111 0.403120 0.665481 0.402625 0.665898 0.400646 0.668630 0.399656 0.670296 0.396849 0.673611 0.396125 0.679273 0.397943 0.687375 0.399555 0.687593 0.402984 0.685222 0.403854 0.681157 0.403133 0.676014 0.404052 0.673361
2 0.397792 0.559398 0.402510 0.582361 0.406112 0.605769 0.411081 0.604884 0.404516 0.575361 0.403773 0.573875 0.401393 0.559398 0.399034 0.556528
2 0.408383 0.540296 0.413951 0.541120 0.414693 0.543921 0.418404 0.572954 0.417570 0.581366 0.412096 0.557282
2 0.380484 0.587676 0.379656 0.590806 0.380122 0.592741 0.384833 0.602495 0.389068 0.592403 0.382815 0.576264 0.381469 0.577185 0.380852 0.581833
2 0.378870 0.591130 0.380122 0.592741 0.384833 0.602495 0.384615 0.604014 0.381427 0.612977 0.378247 0.618005 0.375607 0.611560
2 0.376625 0.563727 0.377557 0.565852 0.376669 0.565921 0.374927 0.568810 0.373344 0.573139 0.372143 0.577333 0.371542 0.579329 0.370331 0.583486 0.369922 0.589796 0.369547 0.595130 0.369922 0.599792 0.370596 0.606935 0.371120 0.611023 0.372130 0.613463 0.371685 0.616759 0.370477 0.614611 0.369266 0.610880 0.368539 0.608083 0.367693 0.602921 0.367289 0.596824 0.367612 0.588579 0.368810 0.580444 0.370503 0.574023 0.372120 0.569093 0.373565 0.566009 0.375674 0.563750
2 0.372143 0.577333 0.371542 0.579329 0.370331 0.583486 0.369922 0.589796 0.369547 0.595130 0.369922 0.599792 0.373474 0.607366 0.377021 0.586958
2 0.363841 0.514523 0.361367 0.512616 0.362487 0.519255 0.363469 0.527880 0.364167 0.538500 0.364482 0.548917 0.365984 0.559736 0.370362 0.559616 0.366719 0.544352 0.366161 0.532903 0.365156 0.523069
2 0.407810 0.397343 0.409479 0.384144 0.409703 0.383208 0.410328 0.375097 0.408766 0.374528 0.403062 0.380722 0.398799 0.384556 0.399958 0.384676
2 0.389930 0.470111 0.389651 0.472421 0.388354 0.472588 0.385849 0.475389 0.384456 0.478690 0.384086 0.483639 0.381208 0.482153 0.378240 0.482648 0.377242 0.477560 0.375237 0.478671 0.375549 0.481681 0.376331 0.486171 0.372859 0.478523 0.378333 0.475389 0.379633 0.473907 0.385013 0.464833 0.384940 0.462986 0.388094 0.463153
2 0.400508 0.455269 0.400135 0.453287 0.398094 0.452630 0.394570 0.450648 0.391711 0.451208 0.390143 0.451454 0.388445 0.451968 0.389930 0.462361 0.391786 0.462856 0.393362 0.464338 0.392714 0.465329 0.390117 0.463681 0.391044 0.470606 0.392529 0.473245 0.395753 0.467384 0.398560 0.463185 0.400414 0.458565
2 0.386034 0.456917 0.378362 0.456435 0.376521 0.456190 0.374344 0.455597 0.372023 0.455597 0.370076 0.462032 0.369333 0.468296 0.370076 0.468463 0.377927 0.463588 0.385198 0.458565
2 0.353096 0.447681 0.356716 0.445370 0.357086 0.446560 0.358802 0.446403 0.360984 0.452958 0.360797 0.455597 0.361727 0.459227 0.361911 0.466153 0.361448 0.472917 0.359781 0.475014 0.352188 0.454412 0.353115 0.451606
2 0.352974 0.433713 0.352669 0.429546 0.353247 0.419861 0.351581 0.420231 0.350654 0.420014 0.350182 0.424213 0.348958 0.424444 0.345974 0.429870 0.344094 0.433727 0.352188 0.454412 0.353115 0.451606
2 0.356581 0.484685 0.352807 0.483833 0.347417 0.486921 0.348620 0.497500 0.349393 0.499167 0.353385 0.504074 0.355862 0.504704 0.356221 0.503639 0.358023 0.495486 0.357917 0.493750 0.358964 0.492694
1 0.382107 0.343699 0.381135 0.345301 0.378294 0.345301 0.372958 0.351088 0.365141 0.362264 0.366250 0.365074 0.378773 0.347750 0.380263 0.350560 0.384167 0.345255
2 0.402057 0.332060 0.401711 0.320787 0.403250 0.318130 0.404370 0.312903 0.406565 0.316389 0.411510 0.313236 0.420984 0.337500 0.415417 0.333870 0.413654 0.332222 0.411891 0.333380 0.412169 0.337338
2 0.476523 0.603069 0.476128 0.606694 0.473312 0.624718 0.476617 0.635736 0.478151 0.637843 0.479656 0.637032 0.481086 0.637139 0.481497 0.631523 0.481148 0.622222 0.479893 0.612556
2 0.468214 0.525088 0.462794 0.529731 0.450117 0.532139 0.448667 0.535236 0.449052 0.539708 0.462214 0.537991 0.469164 0.532056
1 0.585961 0.617171 0.585388 0.618005 0.584490 0.618069 0.582977 0.619032 0.580898 0.617319 0.579487 0.616528 0.578852 0.616273 0.576872 0.614282 0.575130 0.613574 0.573474 0.613093 0.572057 0.612931 0.570763 0.613250 0.569255 0.614000 0.567599 0.616949 0.566453 0.620912 0.564221 0.630431 0.563076 0.637676 0.562833 0.642412 0.563159 0.652130 0.563320 0.655856 0.562997 0.656644 0.561870 0.654708 0.560539 0.651843 0.558401 0.649833 0.554448 0.647037 0.552174 0.646148 0.549940 0.645838 0.548260 0.646671 0.543799 0.651028 0.540773 0.654755 0.537240 0.661250 0.534661 0.665509 0.531740 0.668546 0.526685 0.671884 0.523547 0.674065 0.521349 0.676847 0.521708 0.677491 0.524714 0.674398 0.529695 0.671597 0.532557 0.669241 0.534870 0.666667 0.538102 0.661315 0.541477 0.655634 0.544315 0.651847 0.547758 0.648380 0.549143 0.647630 0.550380 0.647144 0.553063 0.647523 0.556737 0.649931 0.559214 0.652116 0.560609 0.654407 0.562214 0.657509 0.562701 0.658560 0.563328 0.658870 0.563922 0.657569 0.563677 0.650440 0.563456 0.641875 0.563831 0.638764 0.564456 0.635097 0.565206 0.629769 0.567146 0.621250 0.568393 0.617083 0.569560 0.615421 0.570633 0.614676 0.572034 0.614264 0.574271 0.614861 0.575807 0.615231 0.579641 0.617912 0.582115 0.619736 0.583703 0.620731 0.586221 0.619653 0.586503 0.617579
2 0.438724 0.358102 0.439453 0.350787 0.441745 0.350185 0.441953 0.361991 0.447604 0.361528 0.453521 0.346065 0.453521 0.346065 0.445721 0.324708 0.444734 0.327736 0.443659 0.329009 0.442492 0.330287 0.441328 0.331403 0.439349 0.331898 0.433438 0.340972 0.431354 0.350417
2 0.388573 0.394370 0.394534 0.388491 0.398799 0.384556 0.399958 0.384676 0.407810 0.397343 0.412448 0.404269 0.415417 0.407403 0.414953 0.409218 0.412354 0.407731 0.407438 0.399486 0.399482 0.386130 0.388029 0.399583 0.386937 0.398370
2 0.439852 0.705681 0.439312 0.704630 0.429198 0.722185 0.430091 0.723773 0.431042 0.728111 0.431995 0.731602 0.432591 0.735833 0.433065 0.739431 0.441724 0.720417
2 0.429750 0.404431 0.427773 0.407824 0.425591 0.408912 0.424721 0.414097 0.424167 0.418412 0.423266 0.423056 0.422245 0.428829 0.420750 0.436667 0.423328 0.435083 0.425865 0.433273 0.426740 0.426370 0.427255 0.421736 0.428646 0.412500 0.430771 0.406977
2 0.366289 0.566597 0.359687 0.571481 0.358802 0.576528 0.367289 0.596824 0.367612 0.588579 0.368810 0.580444 0.370503 0.574023
2 0.424974 0.438843 0.424539 0.444366 0.428589 0.447065 0.423951 0.465708 0.419190 0.483181 0.418539 0.479708 0.415719 0.479579 0.415648 0.483565 0.410659 0.484338 0.407260 0.482537 0.411078 0.451218 0.412828 0.453750 0.415938 0.454264 0.415792 0.456704 0.417310 0.458245 0.420057 0.459148 0.422732 0.456060 0.424323 0.447065 0.417563 0.443648
10 0.513268 0.448606 0.515188 0.437898 0.525148 0.441551 0.524799 0.451199 0.518521 0.454301
2 0.461693 0.331463 0.462664 0.328986 0.482427 0.353583 0.484891 0.356162 0.483323 0.361426 0.468641 0.346296 0.468922 0.342065 0.466018 0.337546
2 0.495258 0.640153 0.482714 0.643167 0.482453 0.647074 0.482633 0.651944 0.489987 0.660037 0.492169 0.660495 0.495057 0.644361 0.494146 0.643394
2 0.382141 0.298435 0.383948 0.310389 0.385755 0.320282 0.383513 0.321824 0.379828 0.322981 0.379320 0.324912 0.377443 0.326454 0.374984 0.311931 0.380766 0.298819
2 0.477883 0.567319 0.478909 0.572792 0.478341 0.576690 0.480016 0.579218 0.485255 0.611731 0.487625 0.625940 0.487956 0.631745 0.487161 0.635796 0.488664 0.637907 0.485201 0.639301 0.485086 0.637463 0.485107 0.630171 0.484505 0.625565 0.483289 0.621630 0.481419 0.611000 0.480424 0.603213 0.480391 0.600787 0.480224 0.598907 0.479497 0.597546 0.478594 0.589287 0.476531 0.575093
2 0.376990 0.372523 0.369854 0.396472 0.367047 0.394764 0.365466 0.391894 0.374372 0.370074
2 0.363117 0.407278 0.367063 0.407292 0.368594 0.410227 0.377372 0.395981 0.377609 0.399981 0.377794 0.404102 0.377609 0.408556 0.373805 0.417301 0.373484 0.419653
2 0.320951 0.479278 0.323495 0.486157 0.326354 0.490125 0.329036 0.492667 0.330188 0.492602 0.331583 0.493593 0.332943 0.493843 0.339357 0.500657 0.340487 0.500468 0.341065 0.499236 0.335836 0.493097 0.333812 0.490806 0.332664 0.489505 0.331409 0.490370 0.329281 0.488759 0.326214 0.486653 0.323495 0.482810
2 0.438484 0.425278 0.429174 0.431653 0.423328 0.435083 0.417081 0.439472 0.414419 0.442130 0.408214 0.449519 0.402227 0.458060 0.395753 0.467384 0.390299 0.477634 0.386760 0.487991 0.384661 0.495667 0.383815 0.497458 0.381875 0.499907 0.382898 0.505569 0.383419 0.505111 0.385500 0.500208 0.386151 0.496319 0.387372 0.492532 0.388049 0.490681 0.388346 0.489560 0.390013 0.485764 0.390240 0.484009 0.391427 0.480264 0.392669 0.477574 0.394453 0.475157 0.400487 0.464625 0.405112 0.457944 0.411078 0.451218 0.417563 0.443648 0.440174 0.428042
2 0.377242 0.477560 0.375237 0.478671 0.375549 0.481681 0.376331 0.486171 0.377547 0.493171 0.379062 0.499259 0.380635 0.506259 0.382589 0.513736 0.383596 0.519338 0.384563 0.524259 0.385557 0.519338 0.385000 0.516759 0.384479 0.514120 0.381875 0.499907 0.378896 0.486602
2 0.410224 0.515449 0.408698 0.517787 0.406643 0.520690 0.404469 0.523069 0.397276 0.526935 0.392674 0.530208 0.389479 0.530556 0.385315 0.530356 0.385648 0.526639 0.395102 0.492736 0.393596 0.492440 0.386234 0.515935 0.384563 0.524259 0.383641 0.529315 0.383641 0.530806 0.384815 0.532787 0.387065 0.533676 0.393195 0.532458 0.396630 0.530778 0.399771 0.528644 0.404969 0.526181 0.406112 0.525333 0.407687 0.524343 0.409271 0.520065 0.411174 0.518532
1 0.532148 0.632569 0.531740 0.668546 0.533862 0.666389 0.533620 0.658657 0.533984 0.649861 0.533721 0.636435
2 0.546036 0.977815 0.547359 0.981940 0.547404 0.984843 0.548052 0.985162 0.549456 0.984676 0.550807 0.985667 0.552536 0.986991 0.554219 0.988981 0.555102 0.990806 0.554115 1.000000 0.554115 1.000000 0.554115 1.000000 0.547437 1.000000 0.547474 0.998343 0.546232 0.995556 0.549310 0.990565 0.548716 0.988259 0.547096 0.988454 0.545745 0.988356 0.543802 0.986343 0.543154 0.983366 0.543638 0.979236
2 0.515479 0.975347 0.526419 1.000000 0.535453 1.000000 0.535453 1.000000 0.535453 1.000000 0.532974 0.994444 0.530005 0.989356 0.528708 0.988685 0.527682 0.991662 0.520609 0.981194 0.519419 0.978602
1 0.568932 0.881787 0.567427 0.889079 0.564438 0.901718 0.563078 0.902801 0.560057 0.907606 0.555701 0.914139 0.555859 0.915403 0.559104 0.912148 0.564112 0.905856 0.566279 0.903579 0.570789 0.882653
2 0.581456 0.844028 0.579318 0.851486 0.574703 0.868042 0.572146 0.876912 0.573557 0.877843 0.576797 0.865963 0.578654 0.865176 0.578411 0.860944 0.582758 0.845532
1 0.562013 0.782157 0.579333 0.796139 0.581625 0.797898 0.590948 0.805222 0.590841 0.808681 0.582458 0.801935 0.579586 0.800176 0.565276 0.787875 0.562201 0.783843
1 0.586458 0.574759 0.587539 0.571477 0.589167 0.567565 0.593164 0.565014 0.595414 0.565120 0.598042 0.567458 0.600289 0.570458 0.601789 0.574343 0.602414 0.578454 0.603474 0.579894 0.604661 0.584009 0.605477 0.588343 0.605786 0.592111 0.605477 0.594894 0.605060 0.594111 0.605190 0.591981 0.605060 0.589019 0.604565 0.585778 0.603706 0.582954 0.602560 0.580407 0.602039 0.588926 0.601466 0.588037 0.601919 0.579088 0.601104 0.577644 0.599810 0.575931 0.598484 0.574856 0.596466 0.573894 0.594687 0.573519 0.593302 0.574106 0.592276 0.574912 0.589607 0.578231 0.589372 0.577153 0.591760 0.573625 0.594794 0.572139 0.596922 0.572389 0.599154 0.573565 0.600547 0.574806 0.601557 0.576352 0.601208 0.574310 0.600128 0.571519 0.597758 0.568421 0.595456 0.566995 0.592807 0.566810 0.591273 0.567306 0.590297 0.567926 0.589706 0.568731 0.586898 0.575324
2 0.576276 0.647685 0.574177 0.649199 0.573206 0.651144 0.565760 0.674574 0.569260 0.674574 0.573786 0.663787 0.577987 0.650181 0.577161 0.648704
1 0.568281 0.538514 0.567057 0.536245 0.565312 0.533884 0.564063 0.532681 0.563021 0.532542 0.562318 0.532958 0.562266 0.535231 0.563435 0.543815 0.565208 0.553782 0.566807 0.563574 0.572706 0.586060 0.573956 0.587278 0.573391 0.588569 0.576641 0.602458 0.579487 0.616528 0.580898 0.617319 0.580052 0.612370 0.577615 0.599213 0.572555 0.578884 0.568096 0.563722 0.565831 0.553333 0.564180 0.538144 0.563466 0.535880 0.563419 0.534634 0.563839 0.534468 0.564492 0.535213 0.569346 0.542019
2 0.588159 0.675019 0.589531 0.674657 0.591799 0.675046 0.596370 0.674190 0.594932 0.678606 0.590102 0.680241 0.589648 0.680551 0.589125 0.681231 0.588081 0.679870 0.588604 0.678565 0.587977 0.678505 0.584419 0.678630 0.579331 0.679250 0.577237 0.679185 0.576052 0.675963 0.578841 0.673546 0.580096 0.673398 0.581177 0.675315 0.585174 0.674931
2 0.456846 0.695917 0.458083 0.698653 0.460456 0.704773 0.461828 0.707625 0.462495 0.709523 0.462831 0.712616 0.462245 0.731046 0.461706 0.731963 0.460544 0.732972 0.460927 0.712204 0.458339 0.705394 0.455583 0.696023
2 0.475096 0.684144 0.475070 0.686324 0.473706 0.693097 0.472576 0.698704 0.471385 0.705264 0.471089 0.712986 0.471458 0.720833 0.470492 0.727370 0.469477 0.726264 0.468706 0.724856 0.470570 0.722898 0.468172 0.713407 0.468945 0.698176 0.470086 0.694528 0.471615 0.692759 0.472112 0.689097 0.472794 0.686444 0.472794 0.684204 0.479656 0.637032 0.481086 0.637139
2 0.530224 0.581060 0.523503 0.588829 0.520422 0.592338 0.510768 0.600444 0.505005 0.605579 0.498398 0.612560 0.490852 0.627356 0.487161 0.635796 0.488664 0.637907 0.499659 0.615579 0.510706 0.605417 0.512854 0.603218 0.515070 0.601731 0.517599 0.599421 0.519529 0.597602 0.524477 0.592833 0.525773 0.591440 0.525773 0.591440 0.528560 0.588245 0.532193 0.583884
2 0.503497 0.530727 0.513591 0.538736 0.513695 0.539838 0.511732 0.538718 0.505893 0.550333 0.505206 0.554194 0.503083 0.552264 0.503224 0.543972
2 0.484878 0.531398 0.488063 0.519403 0.493312 0.523181 0.493120 0.528194 0.492193 0.527986 0.491573 0.528736 0.491573 0.534171 0.491341 0.542074 0.488867 0.546199
2 0.563266 0.483759 0.556544 0.486222 0.550654 0.488440 0.546010 0.489796 0.542823 0.501255 0.552456 0.498375 0.554029 0.498014 0.554151 0.499019 0.555159 0.497944 0.557174 0.498088 0.561128 0.496722 0.565138 0.495218
2 0.511154 0.446569 0.509703 0.443435 0.507677 0.440389 0.504203 0.436148 0.495174 0.437532 0.492008 0.444912 0.492372 0.446940 0.496263 0.452843 0.497560 0.457917 0.498260 0.458819 0.498677 0.461866 0.499352 0.463801 0.500078 0.464356 0.500596 0.463986 0.500854 0.462694 0.502620 0.466014 0.509018 0.445185
2 0.484898 0.438972 0.479951 0.439968 0.478878 0.446773 0.476596 0.457972 0.473911 0.467458 0.479120 0.470287 0.481286 0.463986 0.483602 0.455375 0.485297 0.442384
2 0.495714 0.403657 0.503680 0.408662 0.511706 0.413347 0.511646 0.415264 0.510448 0.417819 0.505956 0.414838 0.509969 0.414412 0.509849 0.412921 0.502302 0.413028 0.492958 0.406958 0.492839 0.404083
2 0.503818 0.414912 0.506503 0.416523 0.504690 0.420676 0.490849 0.417519 0.487641 0.418014 0.486943 0.415782
1 0.485898 0.416523 0.483648 0.417102 0.482302 0.417287 0.478057 0.418023 0.476971 0.418208 0.476971 0.418208 0.475940 0.418347 0.474750 0.418532 0.467339 0.419412 0.466948 0.420486 0.473396 0.434306 0.474932 0.433981 0.468633 0.420593 0.484031 0.419412 0.486773 0.418236 0.486802 0.417273
10 0.484031 0.419412 0.475901 0.420250 0.469664 0.422606 0.474932 0.433981 0.480307 0.433171 0.486328 0.431875 0.485664 0.429032 0.484503 0.429102 0.483568 0.428440 0.483521 0.426532 0.484221 0.425704 0.482349 0.423301 0.483167 0.421972
2 0.461417 0.493713 0.460023 0.490259 0.455930 0.486958 0.453992 0.485292 0.451964 0.483704 0.450964 0.484926 0.448526 0.484815 0.447089 0.484815 0.449276 0.490481 0.456086 0.498477 0.460086 0.502477
2 0.432531 0.461199 0.432370 0.463500 0.440846 0.476560 0.447596 0.486926 0.449276 0.490481 0.459953 0.505907 0.463953 0.510963 0.465180 0.513023 0.466799 0.514880 0.468214 0.525088 0.467378 0.525671 0.446846 0.499838 0.427833 0.467440
2 0.437357 0.487176 0.446846 0.499838 0.450573 0.506208 0.451076 0.510523 0.449068 0.517509 0.444216 0.515579 0.436688 0.507694
2 0.443763 0.516440 0.444216 0.515579 0.436688 0.507694 0.436070 0.541569 0.444602 0.530861
2 0.456273 0.542051 0.458898 0.548829 0.460773 0.557014 0.457023 0.558681 0.454398 0.553458 0.452651 0.550352 0.446651 0.540463 0.455586 0.539685
2 0.466089 0.564847 0.465029 0.558625 0.463904 0.557292 0.461154 0.557514 0.457023 0.558681 0.451401 0.559014 0.447464 0.558491 0.446214 0.557824 0.435935 0.550523 0.431836 0.548144 0.417255 0.538343 0.418599 0.543120 0.438979 0.555861 0.445247 0.561236 0.449951 0.564421 0.452081 0.565023 0.457341 0.563222
2 0.445557 0.657208 0.439151 0.661421 0.433000 0.666134 0.431703 0.669106 0.430625 0.679477 0.430224 0.690227 0.430115 0.700403 0.431250 0.702708 0.432331 0.695889 0.432708 0.679856 0.434057 0.669588 0.439404 0.665745 0.448044 0.660755
1 0.447156 0.679069 0.446661 0.679069 0.445464 0.679764 0.443224 0.681894 0.439917 0.685644 0.436896 0.691847 0.431250 0.702708 0.418359 0.727454 0.408724 0.746991 0.403036 0.758750 0.398201 0.771861 0.398794 0.772056 0.403547 0.760056 0.413104 0.740759 0.422232 0.722708 0.430826 0.706269 0.436966 0.693889 0.440995 0.686366 0.442396 0.684292 0.443513 0.683736 0.447505 0.680116
2 0.438833 0.669704 0.437857 0.666917 0.434057 0.669588 0.432708 0.679856 0.432664 0.684394 0.434544 0.685259 0.435521 0.686190 0.437021 0.686250 0.439917 0.685644 0.443224 0.681894 0.442807 0.677171 0.442458 0.674106 0.442076 0.673111 0.441378 0.671130
2 0.420203 0.681579 0.425753 0.709009 0.426008 0.712523 0.423570 0.716991 0.417268 0.687292
8 0.541253 0.596106 0.538805 0.597310 0.534013 0.600690 0.528070 0.607861 0.521159 0.618898 0.515622 0.628194 0.516370 0.629333 0.517680 0.629773 0.521393 0.624042 0.524935 0.617468 0.528789 0.613208 0.532979 0.606833 0.534823 0.604028 0.540924 0.599449
15 0.454979 0.269991 0.442513 0.277880 0.441784 0.278236 0.424667 0.290347 0.421763 0.292667 0.418510 0.295491 0.417859 0.296005 0.411065 0.301148 0.409836 0.301662 0.402823 0.307060 0.400935 0.307819 0.385755 0.320282 0.383513 0.321824 0.393122 0.320870 0.394010 0.326014 0.401711 0.320787 0.403250 0.318130 0.404370 0.312903 0.406565 0.316389 0.411510 0.313236 0.409411 0.308259 0.411651 0.306019 0.412492 0.309255 0.414451 0.311162 0.417299 0.308921 0.422805 0.295727 0.424440 0.294815 0.420753 0.306264 0.437133 0.294153 0.457250 0.279880
15 0.379320 0.324912 0.377443 0.326454 0.374505 0.328750 0.379401 0.329398 0.387318 0.332037 0.394010 0.326014 0.393698 0.324398
1 0.439779 0.350519 0.441716 0.350519 0.441674 0.353389 0.441292 0.362718 0.440398 0.369556 0.439104 0.382898 0.435688 0.397037 0.432839 0.404833 0.431112 0.400523 0.432747 0.397120 0.434008 0.392139 0.436620 0.381023 0.438346 0.366421
1 0.461346 0.413648 0.459177 0.414801 0.463081 0.438579 0.465901 0.455287 0.468409 0.470181 0.470997 0.485412 0.478237 0.514005 0.483680 0.535602 0.500297 0.599278 0.501070 0.593250 0.485203 0.533204 0.476557 0.498519 0.472516 0.483069 0.466565 0.444694
1 0.461328 0.449671 0.459490 0.449972 0.461581 0.466921 0.465695 0.506148 0.470997 0.544528 0.472161 0.542000 0.467760 0.503769
8 0.516456 0.572380 0.515958 0.573486 0.516581 0.576356 0.535492 0.578449 0.540523 0.578824 0.543159 0.579227 0.543159 0.575250
1 0.476531 0.575093 0.475776 0.579583 0.477000 0.590926 0.478029 0.598713 0.477424 0.600366 0.477503 0.603088 0.478836 0.604093 0.479893 0.612556 0.481148 0.622222 0.481497 0.631523 0.481086 0.637139 0.481042 0.640250 0.482995 0.639569 0.482948 0.637532 0.483232 0.631579 0.482786 0.624125 0.482216 0.619139 0.480424 0.603213 0.480505 0.601273 0.480224 0.598907 0.479497 0.597546 0.478594 0.589287
8 0.438932 0.784292 0.439021 0.800630 0.438846 0.807634 0.439370 0.809657 0.439633 0.811056 0.439107 0.813236 0.438583 0.814324 0.436833 0.828014 0.431380 0.854778 0.419721 0.897194 0.413078 0.919366 0.410224 0.916954 0.424326 0.867551 0.430698 0.842005 0.434224 0.822245 0.435310 0.811398 0.436255 0.787546
6 0.630167 0.733565 0.623049 0.736991 0.630432 0.752657 0.639880 0.771995
8 0.514349 0.647519 0.515867 0.654306 0.517526 0.660838 0.521995 0.681778 0.520276 0.683278 0.512956 0.648014
5 0.746440 0.918014 0.747310 0.924602 0.748492 0.930074 0.749682 0.933412 0.740690 0.929481 0.740375 0.925556 0.741875 0.910972 0.743609 0.910134 0.745029 0.912657
5 0.732117 0.961644 0.728164 0.976792 0.730003 0.977278 0.737214 0.990185 0.739365 0.976171 0.743318 0.963931
5 0.758607 0.967037 0.754771 0.974477 0.751227 0.985384 0.748799 1.000000 0.748799 1.000000 0.748799 1.000000 0.778091 1.000000 0.777188 0.992116 0.772625 0.982708 0.767695 0.972486 0.763771 0.962750 0.761216 0.955935
5 0.724742 0.983949 0.719099 1.000000 0.734997 1.000000 0.735615 0.999926 0.728984 0.985787
5 0.510068 0.853560 0.511284 0.862065 0.515977 0.885944 0.517182 0.902148 0.517648 0.907611 0.518307 0.909111 0.519029 0.909324 0.521312 0.905588 0.522753 0.905588 0.523531 0.907722 0.523995 0.914931 0.526805 0.926218 0.538536 0.935819 0.556945 0.951093 0.560560 0.953884 0.553669 0.909264 0.554758 0.908329 0.555701 0.914139 0.560057 0.907606 0.563078 0.902801 0.564438 0.901718 0.567427 0.889079 0.515987 0.848736 0.523802 0.859722 0.525906 0.863588 0.529547 0.876676 0.535661 0.903315 0.536677 0.911653 0.543268 0.912616 0.553185 0.916843 0.553456 0.919745 0.548839 0.917810 0.545646 0.916602 0.542727 0.917204 0.537766 0.916361 0.535661 0.914551 0.534708 0.906574 0.526135 0.874472 0.525188 0.866426 0.517911 0.859065
5 0.569047 0.890407 0.602214 0.917097 0.599435 0.930903 0.596388 0.944185 0.594070 0.952056 0.592943 0.959245 0.588818 0.975903 0.587646 0.976537 0.573591 0.965222 0.568805 0.961236 0.562010 0.955144 0.555859 0.915403 0.559104 0.912148 0.564112 0.905856 0.566279 0.903579
5 0.511505 0.714792 0.508185 0.718181 0.506396 0.720810 0.502466 0.727616 0.498464 0.735356 0.514130 0.755171 0.528268 0.774500 0.533948 0.781403 0.545440 0.796380 0.561659 0.816764 0.565339 0.822032 0.567255 0.824171 0.569773 0.827769 0.571141 0.829611 0.576555 0.836389 0.579549 0.840472 0.581456 0.844028 0.582758 0.845532 0.587846 0.852338 0.592461 0.857917 0.600073 0.868199 0.601888 0.870421 0.603273 0.872463 0.604839 0.874417 0.613172 0.885208 0.629208 0.878736 0.629190 0.876903 0.626242 0.873449 0.602971 0.840764 0.552573 0.771051 0.538924 0.777917 0.521411 0.745199 0.529865 0.740472
5 0.671995 0.762787 0.669435 0.763806 0.669964 0.764829 0.669612 0.765611 0.668508 0.765301 0.664961 0.773755 0.653318 0.792144 0.655781 0.801144 0.658078 0.803259 0.661125 0.801375 0.662052 0.801375 0.662935 0.802486 0.662451 0.808130 0.661544 0.812829 0.659956 0.815343 0.661354 0.819861 0.664354 0.819745 0.665477 0.819083 0.665604 0.816861 0.666477 0.814972 0.667914 0.813417 0.670102 0.812306 0.671227 0.810421 0.670852 0.806866 0.671099 0.804194 0.671979 0.801528 0.672135 0.795648 0.671477 0.793981 0.671539 0.791759 0.671974 0.791259 0.671797 0.786204 0.671042 0.785694 0.670602 0.783097 0.670977 0.780431 0.672083 0.778935 0.671823 0.772963 0.670102 0.772875 0.668229 0.771097 0.668760 0.769884 0.669576 0.770954 0.670268 0.771597 0.671536 0.771690
5 0.661604 0.821523 0.665227 0.820861 0.666852 0.819745 0.666354 0.817528 0.667542 0.815417 0.670102 0.813639 0.672026 0.811199 0.670878 0.853130
8 0.659956 0.815343 0.661354 0.819861 0.661604 0.821523 0.669164 0.848398 0.666799 0.850500 0.657635 0.816245
6 0.619362 0.731569 0.612604 0.707292 0.614477 0.699532 0.616383 0.702301 0.617880 0.705699 0.629055 0.727931
8 0.470255 0.789194 0.480461 0.764259 0.491021 0.738056 0.493294 0.732810 0.495904 0.727500 0.497026 0.724769 0.500862 0.715153 0.505924 0.705829 0.509219 0.700042 0.512404 0.695333 0.512305 0.691926 0.510891 0.692556 0.507812 0.696204 0.505151 0.701093 0.501208 0.708866 0.496620 0.717894 0.488427 0.737199 0.477698 0.763139 0.469271 0.784944 0.468906 0.786287 0.468477 0.787324
8 0.593523 0.575222 0.603237 0.590963 0.616198 0.613343 0.626859 0.632171 0.645487 0.663662 0.644003 0.665375 0.643612 0.666440 0.631914 0.645329 0.615263 0.617028 0.600466 0.592083 0.591953 0.577537
8 0.607755 0.537153 0.609172 0.536347 0.610859 0.536884 0.616135 0.604528 0.616198 0.613343 0.614677 0.610769 0.613112 0.595023
8 0.612521 0.630361 0.620992 0.644921 0.630453 0.661514 0.630766 0.663315 0.630310 0.664366 0.629612 0.664676 0.628500 0.663995 0.616995 0.641620
15 0.714281 0.972060 0.682901 0.965023 0.646216 0.958741 0.648904 0.969046 0.714495 0.982616
15 0.716740 0.972815 0.728164 0.976792 0.730003 0.977278 0.737219 0.990199 0.735615 0.999926 0.728984 0.985787 0.724680 0.983949 0.716781 0.983269
5 0.475805 0.816935 0.485094 0.823657 0.486630 0.826324 0.487258 0.825269 0.492503 0.835750 0.489839 0.838282 0.481073 0.844375 0.480208 0.837236 0.479219 0.829690 0.479031 0.828838 0.477802 0.823042
8 0.710427 0.851491 0.709401 0.874907 0.708659 0.902167 0.712013 0.926958 0.714385 0.947222 0.714497 1.000000 0.717044 1.000000 0.717060 0.999958 0.716562 0.954185 0.716107 0.943477 0.713385 0.911745 0.711547 0.899940 0.712620 0.856190
6 0.664349 0.876796 0.640518 0.932569 0.610677 1.000000 0.617943 1.000000 0.617943 1.000000 0.617943 1.000000 0.628990 0.974667 0.632023 0.967861 0.635901 0.959269 0.641401 0.946162 0.642951 0.942644 0.644914 0.938500 0.647510 0.932324 0.649609 0.927681 0.650458 0.925926 0.671690 0.874398
6 0.695878 0.799130 0.672552 0.857764 0.676677 0.863440 0.699370 0.804241
8 0.699370 0.804241 0.712346 0.816204 0.712909 0.818093 0.713096 0.820093 0.712971 0.821870 0.712471 0.823315 0.711659 0.824315 0.710471 0.824648 0.697039 0.810319
6 0.515849 0.947236 0.523880 0.968500 0.535453 1.000000 0.547437 1.000000 0.547437 1.000000 0.547437 1.000000 0.547474 0.998343 0.546232 0.995556 0.529977 0.953005 0.527318 0.953139 0.522164 0.950074 0.519505 0.949583 0.518057 0.949333
6 0.529307 0.951023 0.520451 0.927148 0.516943 0.926667 0.511380 0.933292 0.514674 0.944523 0.516672 0.946157 0.518508 0.947981 0.520831 0.948269 0.523096 0.949227 0.525958 0.950764
8 0.554758 0.908329 0.553669 0.909264 0.560560 0.953884 0.567305 1.000000 0.567305 1.000000 0.568742 1.000000 0.568742 1.000000 0.562010 0.955144
8 0.503177 0.944491 0.494945 0.913593 0.494854 0.912148 0.495547 0.910917 0.496362 0.910597 0.497927 0.910597 0.505956 0.943097
7 0.526805 0.926218 0.530690 0.951208 0.531214 0.951644 0.532260 0.955051 0.531779 0.956352 0.536073 0.969241 0.544367 0.964588 0.543643 0.963046 0.544945 0.960088 0.545836 0.959181 0.538536 0.935819
8 0.627518 0.922046 0.614656 0.950773 0.610823 0.960940 0.611122 0.961870 0.612599 0.963593 0.617531 0.951616 0.628867 0.923838
8 0.642951 0.942644 0.641401 0.946162 0.643367 0.957491 0.645635 0.968722 0.652836 1.000000 0.652836 1.000000 0.655297 1.000000 0.655297 1.000000 0.651466 0.981889 0.648904 0.969046 0.646216 0.958741
8 0.479885 0.869079 0.492115 0.899130 0.497927 0.910597 0.502990 0.920986 0.504286 0.921630 0.505195 0.919588 0.493849 0.895454 0.480458 0.863116
6 0.587586 0.890796 0.590771 0.893579 0.592932 0.894250 0.594659 0.891278 0.597792 0.889931 0.608484 0.886380 0.613172 0.885208 0.629208 0.878736 0.640398 0.873755 0.672552 0.857764 0.676677 0.863440 0.679057 0.869954 0.678193 0.871778 0.671690 0.874398 0.664349 0.876796 0.658036 0.880287 0.651120 0.881852 0.644359 0.884102 0.638570 0.885463 0.626607 0.889472 0.618495 0.892148 0.615167 0.892782 0.613948 0.894120 0.599646 0.900171 0.598307 0.900972 0.590357 0.903264 0.586063 0.903602 0.586063 0.903602 0.584432 0.899282 0.586857 0.895722
6 0.554471 0.836556 0.555474 0.858176 0.556107 0.866231 0.556581 0.872310 0.556698 0.874963 0.557089 0.875056 0.558867 0.874921 0.559375 0.874667 0.558466 0.862731 0.557753 0.851722 0.556904 0.836315
7 0.529951 0.833389 0.528115 0.834542 0.531419 0.853134 0.541885 0.837130 0.539672 0.825514 0.538484 0.825708 0.538430 0.826954 0.530924 0.832718 0.530977 0.843375 0.530039 0.843412
8 0.502466 0.727616 0.501000 0.723773 0.499049 0.725014 0.497026 0.724769 0.495904 0.727500 0.503992 0.771727 0.508977 0.793120 0.507529 0.794417 0.509589 0.807750 0.516599 0.849176 0.532438 0.861657 0.532297 0.859796 0.531664 0.859199 0.531961 0.857356 0.531419 0.853134 0.528115 0.834542 0.526878 0.827889 0.525771 0.821241 0.523854 0.809259 0.521456 0.795843 0.521065 0.793111 0.520000 0.787444 0.519154 0.782995 0.517216 0.770412 0.517216 0.770412 0.514130 0.755171 0.498464 0.735356
8 0.488680 0.685250 0.493594 0.717028 0.496620 0.717894 0.501208 0.708866 0.505151 0.701093 0.504125 0.694565 0.501857 0.694370 0.497807 0.693222 0.495214 0.690435 0.492622 0.686403
8 0.490362 0.668139 0.488576 0.669764 0.490437 0.676255 0.491617 0.680176 0.493177 0.683560 0.502687 0.685991 0.499036 0.665704 0.491656 0.667463 0.492568 0.668954 0.494396 0.671116 0.496143 0.672130 0.495992 0.672875 0.493331 0.671523 0.491732 0.669898
6 0.531911 0.743565 0.525336 0.747000 0.539250 0.772306 0.549253 0.766236 0.535417 0.747810 0.533023 0.748741 0.532435 0.747056 0.534156 0.746005
2 0.611552 0.703819 0.592372 0.711931 0.557529 0.727097 0.558341 0.728755 0.560073 0.730116 0.612604 0.707292
2 0.555599 0.727819 0.529865 0.740472 0.521411 0.745199 0.538924 0.777917 0.552573 0.771051 0.589531 0.753102 0.614310 0.741046 0.611424 0.735917 0.580792 0.750736 0.549253 0.766236 0.539250 0.772306 0.525336 0.747000 0.531911 0.743565 0.557479 0.731060
2 0.612107 0.735398 0.634612 0.725745 0.621094 0.704731 0.617880 0.705699 0.616383 0.702301 0.623341 0.698903 0.624570 0.703153 0.626073 0.702421 0.633919 0.715653 0.636992 0.728991 0.636034 0.730815 0.615016 0.740639
5 0.680917 0.863417 0.680917 0.884407 0.688052 0.910194 0.690781 0.913292 0.693654 0.915333 0.695294 0.916227 0.698060 0.913981 0.699510 0.912546 0.700279 0.910537 0.701901 0.909241 0.705667 0.906713 0.707172 0.902250 0.703240 0.894815 0.702154 0.896153 0.700313 0.892880 0.699477 0.889167 0.691948 0.876079 0.689438 0.873995
8 0.696276 0.812333 0.710628 0.846875 0.717784 0.861644 0.715263 0.863884 0.712620 0.856190 0.710427 0.851491 0.695102 0.815380
1 0.726714 0.833995 0.717760 0.842171 0.713727 0.846472 0.712719 0.848051 0.712596 0.849486 0.716065 0.849773 0.718930 0.849343 0.721148 0.854718 0.725073 0.867736 0.725766 0.868648 0.725758 0.865944 0.723016 0.856046 0.720516 0.848731 0.718901 0.846796 0.714828 0.847440 0.723016 0.839694 0.727109 0.835421
6 0.675935 0.872639 0.671690 0.874398 0.670891 0.876398 0.670656 0.906259 0.670518 0.922144 0.670938 0.925139 0.673099 0.928565 0.674372 0.928690 0.673354 0.911134 0.673242 0.903097 0.675729 0.902120
6 0.672185 0.759106 0.671536 0.771690 0.672482 0.772213 0.673307 0.773681 0.673542 0.778190 0.671891 0.780917 0.671773 0.784690 0.673424 0.785319 0.674250 0.787417 0.674310 0.790144 0.672716 0.792556 0.672203 0.793699 0.672953 0.794412 0.675242 0.795977 0.675508 0.797852 0.674622 0.800356 0.672464 0.802792 0.671672 0.804593 0.671849 0.806796 0.672497 0.808579 0.672026 0.811199 0.670893 0.858472 0.672552 0.857764 0.676008 0.849065 0.676711 0.767255
8 0.655060 0.690079 0.656049 0.689292 0.664625 0.686602 0.683073 0.680829 0.684008 0.681255 0.684430 0.682704 0.684008 0.684792 0.656253 0.692889
8 0.639203 0.690884 0.632016 0.690977 0.628552 0.691532 0.614508 0.695458 0.614115 0.696694 0.613904 0.697120 0.614477 0.699532 0.630424 0.694324 0.635497 0.694806 0.641076 0.694333
7 0.637711 0.694657 0.639523 0.705750 0.640117 0.712074 0.639857 0.717347 0.645435 0.751676 0.647404 0.750560 0.650846 0.747333 0.652781 0.745616 0.654112 0.744644 0.662906 0.736144 0.658794 0.725597 0.641076 0.694333
7 0.614477 0.699532 0.630424 0.694324 0.633919 0.715653 0.626073 0.702421 0.624570 0.703153 0.623341 0.698903 0.616383 0.702301
7 0.617880 0.705699 0.621094 0.704731 0.634612 0.725745 0.629055 0.727931
8 0.618177 0.790185 0.610172 0.835523 0.608250 0.847477 0.610307 0.850778 0.616120 0.817389 0.619849 0.791241
8 0.583633 0.763407 0.600479 0.772338 0.602563 0.773745 0.603565 0.773745 0.606917 0.775074 0.607466 0.776537 0.607102 0.779134 0.581789 0.766806 0.582266 0.764255
6 0.493294 0.732810 0.503992 0.771727 0.508977 0.793120 0.507529 0.794417 0.506313 0.795005 0.505052 0.790185 0.504086 0.789329 0.491021 0.738056
8 0.491042 0.703852 0.490646 0.706954 0.488935 0.711634 0.485479 0.718245 0.480971 0.726903 0.476232 0.736944 0.473073 0.744199 0.470247 0.753528 0.467219 0.760255 0.464167 0.766259 0.457057 0.781773 0.452917 0.792269 0.449260 0.799690 0.447323 0.805583 0.444307 0.819630 0.442016 0.832824 0.439490 0.842787 0.436263 0.854130 0.433018 0.860102 0.428654 0.864509 0.428654 0.866398 0.432370 0.863037 0.435615 0.858111 0.437560 0.853495 0.441102 0.841648 0.445583 0.818056 0.447818 0.807875 0.450826 0.799898 0.457930 0.783278 0.465807 0.766111 0.467917 0.760926 0.471818 0.752111 0.473698 0.745551 0.481846 0.728583 0.487315 0.717222 0.489734 0.713236 0.490703 0.710245 0.491417 0.708259 0.491826 0.705806
6 0.582745 0.550528 0.588352 0.543356 0.613458 0.598579 0.614677 0.610769 0.605477 0.594894 0.605786 0.592111 0.605477 0.588343 0.604661 0.584009 0.603474 0.579894 0.602414 0.578454 0.601789 0.574343 0.600289 0.570458 0.598042 0.567458 0.595414 0.565120 0.593164 0.565014 0.589167 0.567565
6 0.604760 0.599394 0.603927 0.601755 0.606451 0.608708 0.611216 0.619523 0.618898 0.636009 0.617185 0.627120 0.615263 0.617028
6 0.616135 0.604528 0.616198 0.613343 0.626859 0.632171 0.634263 0.644468
6 0.622008 0.643407 0.618029 0.621764 0.631914 0.645329 0.643612 0.666440 0.634854 0.670995 0.632802 0.667634 0.630453 0.661514
6 0.552456 0.498375 0.554029 0.498014 0.554151 0.499019 0.555159 0.497944 0.557174 0.498088 0.561128 0.496722 0.568672 0.513431 0.582745 0.550528 0.589167 0.567565 0.587539 0.571477 0.586458 0.574759 0.586898 0.575324 0.589706 0.568731 0.591760 0.573625 0.589372 0.577153 0.589607 0.578231 0.592276 0.574912 0.592818 0.576144 0.591953 0.577537 0.594883 0.582681 0.600135 0.596981 0.599734 0.598287 0.598122 0.595491 0.596469 0.593769 0.595096 0.593125 0.593523 0.593194 0.593523 0.594273 0.595096 0.593986 0.596589 0.595273 0.597961 0.597139 0.599372 0.600009 0.595620 0.609185 0.586211 0.585995 0.575198 0.556028 0.563589 0.526306
6 0.602560 0.604810 0.601630 0.605384 0.600987 0.604810 0.600341 0.604884 0.600180 0.605958 0.600745 0.607468 0.598484 0.611338 0.597187 0.613009 0.603880 0.631852 0.604464 0.631130 0.605826 0.628296 0.609341 0.623944 0.610078 0.623611
6 0.610182 0.624769 0.608221 0.626454 0.606448 0.629394 0.608302 0.629250 0.609794 0.629681 0.612336 0.630759 0.612336 0.631620 0.609029 0.630185 0.606690 0.630542 0.605076 0.632620 0.604661 0.633657 0.608255 0.643981 0.614245 0.664491 0.619141 0.678657 0.619557 0.684537 0.620729 0.684028 0.620833 0.682731 0.622135 0.681157 0.623620 0.680000 0.625208 0.675139 0.628464 0.673796 0.626953 0.669491
7 0.602591 0.641056 0.602091 0.643093 0.605279 0.644741 0.605398 0.645671 0.601568 0.643810 0.600680 0.644815 0.599669 0.645745 0.603549 0.658551 0.608214 0.675435 0.610346 0.682190 0.612786 0.681815 0.615529 0.681546 0.619141 0.678657 0.614245 0.664491 0.609070 0.646699
7 0.587435 0.631218 0.590594 0.633611 0.593958 0.643736 0.595201 0.644750 0.599057 0.658958 0.597505 0.656014 0.596469 0.657301 0.597607 0.672486 0.599177 0.683741 0.594932 0.678606 0.596370 0.674190 0.591799 0.675046 0.587549 0.666782 0.586430 0.659648 0.585789 0.644685 0.586430 0.642546 0.588992 0.662500 0.591240 0.661644
6 0.591427 0.619440 0.592693 0.623903 0.594797 0.629736 0.597042 0.637009 0.597284 0.638157 0.598016 0.641370 0.599430 0.645028 0.599669 0.645745 0.603549 0.658551 0.608214 0.675435 0.610346 0.682190 0.612997 0.688296 0.614508 0.695458 0.614115 0.696694 0.613904 0.697120 0.613023 0.697116 0.610849 0.699139 0.603344 0.674014 0.599057 0.658958 0.595201 0.644750 0.595201 0.644750 0.587674 0.620519
6 0.564180 0.538144 0.566836 0.543514 0.570117 0.551199 0.574555 0.562097 0.578612 0.574644 0.584797 0.596421 0.584148 0.607079 0.576484 0.580903 0.572352 0.567444 0.570914 0.563731 0.565831 0.553333
8 0.572083 0.586093 0.572706 0.586060 0.573956 0.587278 0.573391 0.588569 0.571844 0.591435 0.570823 0.593704 0.567500 0.601741 0.549940 0.645838 0.548260 0.646671 0.561609 0.612069 0.570063 0.591292 0.571208 0.588426
8 0.586448 0.624370 0.584487 0.624477 0.586430 0.642546 0.588992 0.662500 0.591240 0.661644 0.587435 0.631218
8 0.475096 0.684144 0.481846 0.682690 0.486141 0.682083 0.488117 0.682231 0.490599 0.682824 0.493177 0.683560 0.502687 0.685991 0.511091 0.688630 0.519544 0.693597 0.532130 0.702144 0.545737 0.711194 0.549677 0.715023 0.555724 0.724176 0.558341 0.728755 0.560073 0.730116 0.563646 0.735931 0.564326 0.737819 0.564211 0.739917 0.563148 0.741338 0.554018 0.741338 0.542042 0.745287 0.533023 0.748741 0.532435 0.747056 0.540091 0.743505 0.551055 0.739944 0.557477 0.739106 0.560599 0.738162 0.562193 0.737421 0.558654 0.732926 0.553883 0.725060 0.547516 0.715218 0.539391 0.709245 0.522630 0.699120 0.512305 0.691926 0.503333 0.689181 0.495969 0.687718 0.492622 0.686403 0.488680 0.685250 0.481615 0.685236 0.475070 0.686324
8 0.547758 0.648380 0.549143 0.647630 0.545482 0.658023 0.541893 0.666769 0.538182 0.673079 0.535680 0.678532 0.530758 0.689000 0.527977 0.694667 0.525596 0.697606 0.523943 0.696602 0.526604 0.692588 0.531000 0.684269 0.540682 0.664690 0.544878 0.655440
8 0.522630 0.699120 0.520133 0.703917 0.518042 0.706273 0.514833 0.709185 0.511974 0.711231 0.507279 0.713435 0.505229 0.714616 0.503331 0.715519 0.500862 0.715153 0.499112 0.719722 0.503792 0.718727 0.507750 0.716829 0.511505 0.714792 0.515880 0.712532 0.518112 0.710486 0.522120 0.704722 0.524734 0.700259
7 0.563919 0.546866 0.554820 0.527653 0.547320 0.513653 0.543268 0.515477 0.543216 0.558486 0.542297 0.645556 0.544997 0.649685 0.548260 0.646671 0.561609 0.612069 0.566380 0.600532 0.565896 0.582773 0.557823 0.580944 0.557771 0.579093 0.558734 0.577519 0.565943 0.578972 0.566003 0.558676 0.565208 0.553782
7 0.565974 0.605815 0.565852 0.623097 0.564221 0.630431 0.563076 0.637676 0.562833 0.642412 0.563159 0.652130 0.563320 0.655856 0.562997 0.656644 0.561870 0.654708 0.560539 0.651843 0.558401 0.649833 0.554448 0.647037 0.552174 0.646148 0.549940 0.645838
7 0.565841 0.626931 0.565206 0.629769 0.564456 0.635097 0.563831 0.638764 0.563456 0.641875 0.563677 0.650440 0.563922 0.657569 0.563328 0.658870 0.562701 0.658560 0.562214 0.657509 0.560609 0.654407 0.559214 0.652116 0.556737 0.649931 0.553063 0.647523 0.550380 0.647144 0.549143 0.647630 0.547159 0.653361 0.562122 0.680736 0.565956 0.670583 0.565865 0.664009 0.565990 0.643426
8 0.577672 0.703014 0.577500 0.705000 0.577578 0.707130 0.577745 0.707792 0.570182 0.709167 0.562786 0.710463 0.552857 0.713366 0.552133 0.708759 0.554880 0.707574 0.563357 0.705750 0.567128 0.705370
6 0.482742 0.685269 0.481615 0.685236 0.480362 0.685375 0.480333 0.685889 0.479698 0.689500 0.481766 0.701870 0.485177 0.718843 0.485479 0.718245 0.488128 0.713204 0.486500 0.704995 0.484391 0.694042 0.484089 0.689384
8 0.446109 0.715644 0.450365 0.738148 0.450898 0.742097 0.446513 0.746870 0.442753 0.725389
8 0.454276 0.685954 0.445201 0.711139 0.441724 0.720417 0.431180 0.743634 0.432940 0.747917 0.442753 0.725389 0.446109 0.715644 0.456690 0.687718
8 0.386409 0.537032 0.395680 0.547032 0.402846 0.556671 0.405906 0.561620 0.405628 0.562991 0.405211 0.564690 0.403799 0.562509 0.401393 0.559398 0.399034 0.556528 0.385682 0.541157
6 0.385672 0.542486 0.383971 0.555213 0.382987 0.564519 0.380852 0.581833 0.378630 0.592894 0.374070 0.620875 0.371156 0.622097 0.371297 0.619889 0.377604 0.583782 0.381073 0.560949 0.383299 0.542634
8 0.507146 0.479519 0.506422 0.478602 0.505180 0.479153 0.504870 0.481361 0.501964 0.512903 0.501727 0.526843 0.500427 0.560593 0.500552 0.591074 0.501070 0.593250 0.500578 0.601292 0.501625 0.609042 0.502930 0.607718 0.503130 0.600472 0.503102 0.594801 0.502799 0.572347 0.503224 0.543972 0.503964 0.513958 0.505815 0.494394
6 0.473104 0.591736 0.476490 0.591273 0.477167 0.595810 0.477245 0.599514 0.476523 0.603069 0.476128 0.606694 0.474547 0.606662 0.470747 0.607264 0.468576 0.607769 0.460729 0.609514 0.457826 0.609657 0.456242 0.605306 0.455112 0.604014 0.452005 0.604014 0.454466 0.596056 0.461768 0.594190 0.460799 0.599639 0.461768 0.606810 0.471044 0.603727
6 0.493591 0.393722 0.496227 0.393190 0.498326 0.397449 0.497484 0.404796 0.495714 0.403657 0.492839 0.404083 0.472214 0.410616 0.461346 0.413648 0.459177 0.414801 0.456870 0.415144 0.455169 0.415352 0.443586 0.418991 0.442083 0.415861 0.443948 0.408593 0.463206 0.403069 0.464656 0.405921 0.467398 0.401963
6 0.436188 0.481824 0.432589 0.481523 0.431836 0.548144 0.435935 0.550523 0.436688 0.507694 0.437357 0.487176 0.437190 0.483310
6 0.478237 0.514005 0.474440 0.530880 0.478242 0.540306 0.477339 0.541324 0.473844 0.533606 0.461768 0.594190 0.460799 0.599639 0.461768 0.606810 0.471044 0.603727 0.473104 0.591736 0.475776 0.579583 0.476531 0.575093 0.483680 0.535602
6 0.479034 0.508417 0.483273 0.488551 0.489089 0.485880 0.491576 0.485968 0.492615 0.492333 0.489763 0.506727 0.489089 0.507218 0.487674 0.517130 0.484878 0.531398
6 0.451326 0.596917 0.421214 0.602713 0.395234 0.608352 0.392633 0.616069 0.393669 0.623769 0.439289 0.614519 0.439115 0.612051 0.449646 0.604185
8 0.447542 0.613157 0.443641 0.622898 0.436188 0.643347 0.431706 0.654194 0.418906 0.678102 0.411294 0.692213 0.412320 0.696532 0.422849 0.676755 0.432029 0.660148 0.435865 0.652278 0.441984 0.636972 0.443792 0.632634 0.445615 0.626296 0.446513 0.623954 0.449138 0.615694 0.450065 0.612245
8 0.411174 0.518532 0.414526 0.530755 0.415979 0.535741 0.417016 0.538653 0.420630 0.549694 0.422448 0.555296 0.423286 0.557505 0.425596 0.563718 0.430484 0.575954 0.435906 0.589838 0.434320 0.592037 0.432917 0.588894 0.432451 0.587144 0.427862 0.578222 0.426133 0.575088 0.423768 0.567454 0.416518 0.544125 0.412206 0.530926 0.409271 0.520065
6 0.404969 0.526181 0.399771 0.528644 0.405177 0.552546 0.417604 0.603171 0.421214 0.602713 0.422318 0.602185 0.420630 0.595384 0.419055 0.588787 0.417570 0.581366 0.412096 0.557282 0.408383 0.540296
6 0.339336 0.506194 0.332651 0.511306 0.338031 0.526634 0.341943 0.538125 0.346057 0.533912 0.345701 0.529931 0.344643 0.523435 0.341930 0.520486 0.339281 0.510685 0.339281 0.509292 0.340284 0.508213
6 0.339336 0.506194 0.340284 0.508213 0.341388 0.507042 0.344042 0.509667 0.346328 0.520542 0.345885 0.521444 0.354880 0.542685 0.357008 0.544644 0.360529 0.542537 0.362690 0.540185 0.360563 0.533856 0.346622 0.508454 0.340333 0.504519
8 0.384505 0.535509 0.363841 0.514523 0.364529 0.519509 0.383125 0.538704
6 0.314266 0.459792 0.315234 0.463449 0.322693 0.470486 0.333708 0.482023 0.332740 0.472773
6 0.303073 0.393148 0.304232 0.389153 0.305820 0.388708 0.307578 0.391829 0.307492 0.397185 0.306156 0.405361 0.304984 0.406255 0.308161 0.410269 0.309177 0.411880 0.310549 0.369083 0.311852 0.325259 0.308599 0.314977 0.304549 0.316519 0.303612 0.370880
5 0.309922 0.390468 0.317005 0.409875 0.329729 0.396250 0.342214 0.377204 0.327589 0.343519 0.320940 0.356755 0.310549 0.369083
14 0.309922 0.390468 0.317005 0.409875 0.329729 0.396250 0.336503 0.385787 0.343948 0.406352 0.344237 0.411366 0.343878 0.416634 0.345177 0.423444 0.345974 0.429870 0.344094 0.433727 0.343081 0.432699 0.339685 0.434884 0.340333 0.428843 0.338526 0.428583 0.335273 0.435009 0.333828 0.436296 0.336214 0.444394 0.332167 0.445037 0.329492 0.439639 0.327901 0.440796 0.326440 0.437477 0.319693 0.419704 0.309755 0.394787
8 0.395378 0.386546 0.382026 0.374769 0.374297 0.367620 0.372948 0.369056 0.365492 0.388157 0.358367 0.403801 0.354268 0.412958 0.352188 0.418153 0.351581 0.420231 0.353247 0.419861 0.360023 0.404514 0.365466 0.391894 0.374372 0.370074 0.394534 0.388491
8 0.334352 0.359125 0.336177 0.359241 0.359565 0.361917 0.360375 0.363917 0.359880 0.367023 0.336073 0.363028
8 0.355948 0.330139 0.332753 0.354861 0.334352 0.359125 0.336177 0.359241 0.337307 0.355796 0.337669 0.354940 0.338596 0.354940 0.339240 0.355773 0.341388 0.352870 0.341826 0.350921 0.343276 0.348343 0.345133 0.348125 0.346544 0.348699 0.355995 0.337190 0.357536 0.333537
6 0.397568 0.260144 0.391820 0.260366 0.389633 0.260588 0.387133 0.264032 0.374638 0.296134 0.367602 0.313958 0.357536 0.333537 0.355995 0.337190 0.356607 0.339843 0.357419 0.340616 0.360729 0.338176 0.364229 0.336398 0.382161 0.295301 0.393294 0.269662 0.400573 0.267130 0.400237 0.263421
6 0.464078 0.325222 0.474500 0.336648 0.486057 0.352940 0.484891 0.356162 0.482427 0.353583 0.462664 0.328986
5 0.440536 0.270796 0.427227 0.275463 0.425727 0.276463 0.424917 0.278903 0.424042 0.281903 0.423880 0.282889 0.422734 0.285889 0.421792 0.291125 0.424667 0.290347 0.441784 0.278236 0.441846 0.273907
8 0.428573 0.300343 0.430753 0.302347 0.434906 0.307009 0.445961 0.318870 0.443854 0.322324 0.432083 0.310509 0.428794 0.306384 0.425604 0.302741
8 0.460380 0.328394 0.471125 0.300935 0.475495 0.287745 0.477839 0.289532 0.461693 0.331463
6 0.463018 0.370208 0.464693 0.367829 0.466698 0.366787 0.468539 0.367977 0.469878 0.369764 0.471216 0.373481 0.472135 0.373481 0.473112 0.371343 0.477055 0.383245 0.474479 0.391472 0.469794 0.388204 0.467870 0.382551 0.468036 0.379278 0.466698 0.375116 0.465945 0.377051
6 0.454297 0.318102 0.453445 0.318829 0.451859 0.320569 0.446964 0.327088 0.454023 0.345861 0.458336 0.355301 0.463146 0.342306
6 0.411078 0.451218 0.405557 0.495264 0.404747 0.494236 0.402729 0.495528 0.402367 0.496102 0.400867 0.492694 0.399508 0.492449 0.399091 0.493935 0.398464 0.494185 0.397521 0.491579 0.397104 0.489597 0.397279 0.485009 0.398253 0.476829 0.399284 0.466713 0.400487 0.464625 0.405112 0.457944
6 0.428646 0.412500 0.434674 0.412468 0.437159 0.412852 0.437969 0.416213 0.438237 0.419167 0.436904 0.426190 0.431615 0.429981 0.427255 0.421736
6 0.407438 0.399486 0.405544 0.415787 0.404505 0.425889 0.401500 0.445505 0.400294 0.460676 0.402227 0.458060 0.408214 0.449519 0.411333 0.445338 0.413339 0.428005 0.414917 0.414315 0.414953 0.409218 0.412354 0.407731
6 0.409479 0.384144 0.407810 0.397343 0.412448 0.404269 0.415417 0.407403 0.416995 0.394866 0.415044 0.391569
6 0.373359 0.505139 0.363424 0.485394 0.365081 0.480903 0.369815 0.474736 0.376362 0.487773 0.377547 0.493171 0.379062 0.499259 0.377604 0.500694
6 0.360971 0.478394 0.363424 0.485394 0.366966 0.494380 0.367125 0.500407 0.364365 0.501810 0.362234 0.500269 0.358964 0.492694 0.355846 0.482181
6 0.359781 0.475014 0.344094 0.433727 0.343081 0.432699 0.339685 0.434884 0.340352 0.439537 0.353867 0.478583
6 0.367159 0.418486 0.370773 0.418556 0.371268 0.419907 0.371229 0.420852 0.371799 0.421801 0.372865 0.422005 0.374388 0.424435 0.363128 0.433296 0.359971 0.433366 0.359211 0.431741 0.359286 0.429241 0.360617 0.425116 0.361987 0.422611
8 0.339354 0.488236 0.340052 0.486810 0.353867 0.478583 0.359781 0.475014 0.377927 0.463588 0.387477 0.456699 0.388490 0.459986 0.375727 0.469375 0.360971 0.478394 0.355846 0.482181 0.341396 0.490269
8 0.396674 0.425398 0.397992 0.423301 0.399240 0.423181 0.400000 0.424657 0.400070 0.426134 0.378362 0.456435 0.376521 0.456190 0.376247 0.454616
8 0.374388 0.424435 0.363128 0.433296 0.359961 0.436412 0.361846 0.437671 0.371721 0.430185 0.378987 0.424097 0.380997 0.422588 0.381409 0.421329 0.381643 0.420176 0.380760 0.418815 0.379112 0.419444 0.378227 0.421329
8 0.419414 0.367671 0.431112 0.400523 0.432839 0.404833 0.433648 0.406898 0.434945 0.410259 0.434674 0.412468 0.432776 0.412514 0.424458 0.388639 0.425414 0.389245 0.425823 0.388032 0.423505 0.385852 0.416755 0.365852
5 0.388518 0.359241 0.386253 0.356370 0.384648 0.352667 0.383846 0.349815 0.384167 0.345255 0.380263 0.350560 0.378773 0.347750 0.368742 0.361727 0.369055 0.364398 0.369984 0.367065 0.371435 0.367986 0.374297 0.367620 0.376716 0.367523 0.381065 0.364764 0.385154 0.362370
6 0.573206 0.651144 0.559469 0.687894 0.554232 0.702773 0.554232 0.705269 0.554880 0.707574 0.563357 0.705750 0.564599 0.702005 0.565409 0.701523 0.569081 0.692310 0.571294 0.686741 0.577776 0.670134 0.581122 0.658324 0.580745 0.655634 0.582365 0.651125 0.581484 0.646620 0.580469 0.647222 0.577161 0.648704 0.577987 0.650181 0.573786 0.663787 0.569260 0.674574 0.565760 0.674574
2 0.537214 0.470847 0.531792 0.423532 0.505953 0.428009 0.480307 0.433171 0.471161 0.434685 0.470708 0.441653 0.528599 0.430708 0.532518 0.468130 0.534518 0.468991
6 0.493711 0.391593 0.505573 0.394574 0.507010 0.399259 0.504938 0.406958 0.503680 0.408662 0.497484 0.404796 0.498326 0.397449 0.496227 0.393190 0.493591 0.393722
8 0.444219 0.441708 0.423951 0.465708 0.423638 0.467602 0.424010 0.469602 0.425135 0.470491 0.445628 0.444829
6 0.381125 0.558481 0.378440 0.559356 0.365984 0.559736 0.359711 0.558167 0.348977 0.557667 0.328260 0.556255 0.327747 0.557593 0.328078 0.560912 0.347453 0.561986 0.352255 0.562556 0.358831 0.562912 0.361216 0.563134 0.364773 0.563241 0.375674 0.563750 0.376625 0.563727 0.378669 0.563005 0.381073 0.560949
6 0.331479 0.521088 0.343286 0.542907 0.347818 0.550898 0.349536 0.554681 0.348977 0.557667 0.346190 0.557500 0.346997 0.555005 0.346891 0.554426 0.330260 0.523519
6 0.347320 0.502583 0.340487 0.500468 0.332982 0.504611 0.322188 0.514954 0.319729 0.516444 0.313802 0.517514 0.314039 0.521875 0.317875 0.521551 0.320805 0.520597 0.323445 0.518259 0.332966 0.509625 0.337698 0.506644 0.340333 0.504519 0.346622 0.508454 0.348242 0.505583
8 0.361367 0.512616 0.357161 0.507778 0.353385 0.504074 0.336875 0.485481 0.322693 0.470486 0.311070 0.459824 0.286641 0.434722 0.285953 0.438718 0.311258 0.464269 0.327878 0.480370 0.336375 0.490259 0.347320 0.502583 0.361555 0.517472 0.361930 0.516250
5 0.439104 0.382898 0.442831 0.387509 0.447474 0.388468 0.446156 0.394995 0.445445 0.399667 0.444320 0.407282 0.443948 0.408593 0.442083 0.415861 0.442128 0.418037 0.437969 0.416213 0.437159 0.412852 0.434674 0.412468 0.434945 0.410259 0.433648 0.406898
6 0.348021 0.562130 0.346883 0.565866 0.345747 0.568819 0.345221 0.570375 0.344521 0.571778 0.343294 0.572556 0.342070 0.573333 0.341021 0.574889 0.339883 0.576134 0.338219 0.577690 0.336818 0.578625 0.335419 0.579403 0.334544 0.580181 0.333930 0.582204 0.334018 0.589046 0.335331 0.594806 0.335768 0.598384 0.335242 0.603361 0.334456 0.613319 0.332969 0.613167 0.332268 0.612389 0.333143 0.600407 0.333143 0.597296 0.332531 0.589514 0.331917 0.583759 0.331917 0.580648 0.332617 0.577690 0.333229 0.575977 0.339357 0.571468 0.340758 0.569755 0.342245 0.566644 0.343734 0.563685 0.344695 0.561662
