8 0.364060 0.247014 0.360466 0.241208 0.356219 0.234903 0.351328 0.226944 0.347818 0.221130 0.344878 0.216231 0.341797 0.210593 0.339698 0.206940 0.342826 0.209097 0.348331 0.214824 0.350805 0.217644 0.354633 0.223287 0.360094 0.232162 0.364526 0.239546 0.366068 0.241713 0.366534 0.243199 0.366299 0.243778 0.365414 0.243199 0.364667 0.243532 0.364107 0.244194 0.364107 0.245106
6 0.599419 0.604500 0.607073 0.649653 0.604484 0.650306 0.597878 0.605023
6 0.600961 0.599542 0.610138 0.633731 0.609404 0.634120 0.609331 0.637644 0.607714 0.634644 0.603826 0.618722 0.600227 0.599278
15 0.573711 0.670231 0.574984 0.687778 0.573208 0.686708 0.571086 0.691088 0.568281 0.687162 0.565734 0.691694 0.564036 0.696977 0.563016 0.701356 0.557922 0.700449 0.555883 0.701509 0.554794 0.703833 0.550857 0.693394 0.545185 0.678125 0.543234 0.673116 0.541953 0.668894 0.542633 0.660440 0.543099 0.656389 0.544609 0.655648 0.546227 0.654833 0.547599 0.655296 0.548513 0.656343 0.549232 0.657620 0.550607 0.658435 0.551849 0.658551 0.552958 0.658088 0.554201 0.657736 0.555052 0.657157 0.555901 0.657157 0.556646 0.657389 0.557914 0.658519 0.559224 0.659273 0.560615 0.659421 0.562255 0.659713 0.562557 0.660991 0.562596 0.662912 0.563185 0.664769 0.564362 0.665120 0.565734 0.665583 0.567305 0.665468 0.568807 0.665699 0.569984 0.666167 0.570443 0.668491 0.570898 0.669653 0.572339 0.670347
15 0.572974 0.638106 0.572057 0.623685 0.571716 0.622505 0.567206 0.621157 0.560070 0.616259 0.558133 0.617981 0.558430 0.623829 0.558430 0.630204 0.555234 0.632773 0.554224 0.635079 0.551687 0.637671 0.548339 0.640361 0.546409 0.641699 0.546604 0.642662 0.547578 0.642662 0.548167 0.642139 0.548802 0.642662 0.549633 0.643523 0.550122 0.644477 0.550659 0.645694 0.550318 0.648394 0.550221 0.649426 0.550659 0.650125 0.551490 0.650648 0.552266 0.650648 0.553346 0.650301 0.554273 0.650301 0.554953 0.650731 0.556031 0.651773 0.556372 0.652556 0.556615 0.653949 0.556581 0.656167 0.558151 0.657213 0.559458 0.658144 0.561747 0.658727 0.563185 0.659190 0.563380 0.660005 0.563510 0.661630 0.564297 0.663491 0.565799 0.663722 0.567958 0.663958 0.570180 0.664421 0.570573 0.665000 0.571096 0.666745 0.572273 0.668491 0.574036 0.668139
8 0.418904 0.551722 0.426799 0.564750 0.434161 0.577273 0.442445 0.587847 0.452003 0.599366 0.454437 0.601657 0.454977 0.598926 0.444464 0.586588 0.443091 0.584106 0.441336 0.583509 0.441206 0.581931 0.433419 0.571421 0.424781 0.557894 0.420505 0.550514
8 0.436547 0.549495 0.436432 0.547380 0.447516 0.548556 0.458234 0.549338 0.466307 0.549861 0.465966 0.552250 0.456451 0.552218 0.447828 0.551551 0.443760 0.551394 0.441922 0.551245 0.440901 0.551389
8 0.461547 0.751315 0.468151 0.759917 0.475734 0.766898 0.477302 0.767704 0.478937 0.767829 0.479656 0.767005 0.471484 0.759917 0.462659 0.749931 0.461625 0.747273 0.459979 0.747255
8 0.462659 0.749931 0.471484 0.759917 0.479656 0.767005 0.482448 0.768935 0.483648 0.766958 0.474687 0.759681 0.465992 0.750162 0.464359 0.747477 0.461625 0.747273
8 0.513620 0.644120 0.514307 0.639968 0.515492 0.634079 0.516055 0.629750 0.517117 0.623972 0.518117 0.619306 0.518492 0.616528 0.519242 0.612866 0.520242 0.611421 0.521242 0.611421 0.521992 0.612088 0.521867 0.613755 0.521055 0.616528 0.520180 0.618639 0.519430 0.623528 0.518055 0.632301 0.516930 0.638634 0.515680 0.644412 0.515156 0.648241
8 0.444464 0.661681 0.446195 0.650046 0.446935 0.646449 0.447607 0.640079 0.449174 0.629727 0.450406 0.623157 0.451638 0.620171 0.453206 0.615593 0.455109 0.608227 0.455971 0.603046 0.456745 0.600602 0.458021 0.596681 0.459141 0.590509 0.460596 0.585333 0.462612 0.577569 0.463844 0.572792 0.463060 0.570005 0.461940 0.570403 0.460484 0.577769 0.457461 0.588319 0.455833 0.594398 0.454437 0.601657 0.450630 0.615593 0.449846 0.618977 0.448727 0.623954 0.447047 0.634704 0.445815 0.641074 0.445255 0.644458 0.444471 0.650431 0.443352 0.655806
8 0.445255 0.644458 0.444695 0.641074 0.443911 0.634903 0.443576 0.628731 0.442904 0.622759 0.443016 0.612606 0.442120 0.605440 0.441672 0.601657 0.441672 0.595685 0.441672 0.588319 0.443240 0.590310 0.443352 0.594093 0.443911 0.597875 0.444583 0.607032 0.444807 0.616986 0.444919 0.625546 0.445255 0.633310 0.445815 0.641074
8 0.505135 0.686352 0.507203 0.675968 0.509154 0.667046 0.509643 0.665310 0.509885 0.664009 0.510654 0.659671 0.512013 0.653907 0.513034 0.648583 0.514622 0.652301 0.512294 0.661546 0.510919 0.666560 0.510919 0.669644 0.509956 0.673551 0.508109 0.681856 0.507526 0.684583 0.506536 0.688426
8 0.522776 0.665792 0.525703 0.669815 0.527891 0.672269 0.528932 0.674287 0.530620 0.676509 0.531807 0.678065 0.533557 0.680620 0.534492 0.682843 0.535430 0.684176 0.536805 0.685954 0.538112 0.687815 0.539180 0.689727 0.540487 0.692009 0.541276 0.693148 0.542427 0.695069 0.543427 0.696394 0.544302 0.697949 0.545490 0.700505 0.546990 0.702833 0.550612 0.708500 0.551711 0.709329 0.552487 0.707954 0.552003 0.705889 0.547260 0.699005 0.540156 0.686991 0.536130 0.680255 0.530326 0.671995 0.522583 0.660468 0.520102 0.656667 0.519594 0.658333
5 0.463648 0.675431 0.466823 0.676972 0.469208 0.678125 0.471372 0.678412 0.472878 0.680940 0.475385 0.680940 0.478388 0.682755 0.480573 0.683796 0.482786 0.684306 0.485911 0.686296 0.487063 0.689824 0.486484 0.692134 0.485401 0.692778 0.480240 0.689981 0.478232 0.689153 0.475852 0.687907 0.472099 0.685838 0.469714 0.684940 0.465594 0.682755 0.463229 0.680634
8 0.476125 0.693870 0.478878 0.694255 0.482714 0.694352 0.485737 0.693389 0.487628 0.692718 0.489948 0.691565 0.491083 0.690319 0.492432 0.689264 0.493891 0.688208 0.495833 0.686384 0.497076 0.684847 0.498958 0.683287 0.498125 0.681597 0.495911 0.682810 0.493620 0.684273 0.491622 0.686287 0.490109 0.687630 0.488328 0.688593 0.487063 0.689824 0.486484 0.692134 0.485401 0.692778 0.480240 0.689981 0.477495 0.690819
8 0.462109 0.695370 0.462143 0.693356 0.462430 0.690204 0.462708 0.687176 0.462865 0.685185 0.463229 0.680634 0.463648 0.675431 0.464846 0.654171 0.464596 0.649116 0.464430 0.644657 0.464596 0.639301 0.464422 0.634986 0.464586 0.630954 0.464854 0.626343 0.465232 0.622310 0.466151 0.616074 0.466961 0.611944 0.467255 0.608032 0.465529 0.608421 0.463570 0.623741 0.463279 0.632477 0.462701 0.643787 0.462052 0.652528 0.461833 0.660495 0.461471 0.668204 0.461141 0.674042 0.460706 0.679824 0.459609 0.689028
8 0.479911 0.606204 0.483258 0.608282 0.484427 0.609921 0.487690 0.612148 0.490367 0.614676 0.493797 0.617801 0.496719 0.620324 0.500070 0.624343 0.501909 0.627167 0.504586 0.630736 0.506677 0.634009 0.509687 0.639954 0.512115 0.646648 0.513034 0.648583 0.514622 0.652301 0.517299 0.660625 0.519474 0.668356 0.521232 0.675347 0.522708 0.680648 0.523510 0.684088 0.524062 0.685787 0.525648 0.692620 0.526833 0.696347 0.526833 0.696347 0.527958 0.700347 0.530521 0.709898 0.531018 0.713264 0.530013 0.715792 0.530516 0.718171 0.532021 0.716093 0.533542 0.713657 0.532969 0.710648 0.531984 0.708870 0.531044 0.704500 0.530466 0.701412 0.529349 0.697870 0.528516 0.694213 0.527031 0.688889 0.526302 0.686019 0.525078 0.683079 0.523070 0.675940 0.521062 0.667319 0.518888 0.659884 0.517266 0.653889 0.515961 0.650662 0.515156 0.648241 0.513620 0.644120 0.512531 0.641593 0.510440 0.636241 0.509018 0.633565 0.507180 0.629995 0.505005 0.627468 0.503247 0.624639 0.501940 0.623389 0.500953 0.620829 0.487792 0.608611 0.485599 0.606500 0.483508 0.605162
6 0.478891 0.641935 0.484172 0.650625 0.488727 0.657694 0.494510 0.667204 0.496615 0.671065 0.499354 0.676199 0.501042 0.678796 0.502534 0.681597 0.505135 0.686352 0.506536 0.688426 0.511065 0.695991 0.512510 0.698560 0.513802 0.701019 0.515185 0.703704 0.515836 0.705245 0.516846 0.707171 0.517786 0.708713 0.518872 0.710644 0.520391 0.712954 0.521620 0.714370 0.520823 0.717324 0.520029 0.718097 0.519451 0.717968 0.516919 0.713856 0.515909 0.711671 0.514391 0.709227 0.513232 0.707301 0.512583 0.705889 0.511497 0.704218 0.509979 0.701773 0.509112 0.699847 0.507667 0.697148 0.505792 0.693935 0.505062 0.692917 0.503464 0.691019 0.501156 0.686574 0.498958 0.683287 0.498125 0.681597 0.495378 0.676713 0.492341 0.671574 0.489016 0.665148 0.484607 0.657565 0.481497 0.652551 0.479141 0.647884
8 0.482385 0.732792 0.479380 0.729833 0.477654 0.727625 0.474753 0.724097 0.468122 0.709741 0.468880 0.706375 0.470094 0.707657 0.473117 0.712843 0.475060 0.716009 0.476789 0.718792 0.479112 0.721769 0.481594 0.723880 0.483323 0.725606 0.485547 0.729333 0.484521 0.730773
8 0.461625 0.747273 0.465974 0.747773 0.469875 0.746972 0.472586 0.746069 0.476768 0.743153 0.480552 0.739741 0.481740 0.738634 0.480440 0.736324 0.473659 0.743255 0.467896 0.744662 0.466031 0.744963 0.465466 0.744981 0.462120 0.744389 0.460615 0.742306 0.460281 0.740523 0.460495 0.727963 0.460448 0.723569 0.460445 0.721509 0.460445 0.720597 0.460505 0.719046 0.460687 0.716366 0.460807 0.712722 0.460859 0.710139 0.460943 0.707083 0.461143 0.703931 0.461352 0.699597 0.460547 0.697454 0.459323 0.710759 0.459003 0.723426 0.459003 0.741324 0.459263 0.745273 0.459979 0.747255
8 0.483253 0.736329 0.489789 0.727514 0.491146 0.725926 0.494323 0.720324 0.495688 0.718565 0.496937 0.715454 0.498188 0.713343 0.499310 0.710454 0.500286 0.707917 0.501302 0.705880 0.502109 0.702778 0.502870 0.701157 0.503896 0.697319 0.504776 0.694167 0.505062 0.692917 0.503464 0.691019 0.502656 0.695093 0.501315 0.698602 0.500708 0.700676 0.499448 0.703167 0.498888 0.704574 0.498003 0.706069 0.496789 0.709056 0.496367 0.710051 0.495716 0.711463 0.494875 0.713537 0.494456 0.714532 0.493427 0.716856 0.490885 0.720139 0.488750 0.724028 0.487760 0.725787 0.486745 0.727037 0.485547 0.729333 0.484521 0.730773 0.482385 0.732792 0.480958 0.733852
8 0.470052 0.698333 0.471510 0.698981 0.473406 0.699412 0.475911 0.699861 0.477969 0.699861 0.480104 0.700000 0.481875 0.700046 0.483208 0.699769 0.485266 0.698907 0.486719 0.698333 0.488211 0.697259 0.489422 0.696185 0.490995 0.694819 0.493047 0.692731 0.494141 0.691593 0.497286 0.688870 0.498698 0.687796 0.501156 0.686574 0.498958 0.683287 0.497076 0.684847 0.495833 0.686384 0.493891 0.688208 0.492648 0.690880 0.491398 0.691593 0.490268 0.692815 0.488292 0.694032 0.486477 0.695250 0.485831 0.695394 0.483854 0.696255 0.482039 0.696616 0.479055 0.696616 0.475021 0.696380 0.473060 0.695963 0.471042 0.694167
8 0.501380 0.754630 0.503326 0.753523 0.506833 0.749111 0.508563 0.745556 0.510599 0.741435 0.512883 0.734903 0.514232 0.730102 0.515234 0.725833 0.515685 0.723495 0.516333 0.719463 0.516987 0.715796 0.516919 0.713856 0.515909 0.711671 0.513958 0.723194 0.513516 0.725231 0.513094 0.727625 0.512174 0.730505 0.510664 0.735306 0.506833 0.743926 0.503000 0.750167 0.500570 0.751412 0.498357 0.751699 0.498031 0.751991
8 0.487695 0.730347 0.490375 0.728796 0.492966 0.727069 0.497385 0.724014 0.499328 0.721713 0.500570 0.720273 0.501974 0.718352 0.503161 0.716625 0.504513 0.714417 0.505971 0.712301 0.507427 0.710190 0.509534 0.705968 0.510875 0.703356 0.511497 0.704218 0.512583 0.705889 0.506414 0.716412 0.505016 0.718523 0.502687 0.721213 0.501505 0.722940 0.499987 0.724954 0.498307 0.726759 0.495781 0.728315 0.492779 0.730880 0.490078 0.732606 0.488297 0.733472 0.485990 0.734537 0.484260 0.734792
8 0.447753 0.657407 0.446474 0.652810 0.446195 0.650046 0.446935 0.646449 0.448279 0.651028 0.449328 0.654583 0.450268 0.659083 0.454750 0.674245 0.455617 0.677741 0.459609 0.689028 0.462109 0.695370 0.462992 0.697481 0.464203 0.700495 0.464766 0.702213 0.466026 0.705375 0.468122 0.709741 0.474753 0.724097 0.480958 0.733852 0.483253 0.736329 0.485703 0.739421 0.487865 0.741917 0.490990 0.745185 0.493958 0.748148 0.496198 0.750556 0.498099 0.751991 0.501380 0.754630 0.503336 0.756204 0.506169 0.758528 0.508172 0.760139 0.506732 0.762134 0.493964 0.751690 0.481714 0.738556 0.480440 0.736324 0.477792 0.733324 0.474833 0.728032 0.470609 0.720787 0.467503 0.713995 0.465406 0.710139 0.464740 0.708194 0.463932 0.705370 0.462911 0.703218 0.461984 0.701139 0.461352 0.699597 0.460547 0.697315 0.459219 0.693472 0.458643 0.692685 0.458240 0.691755 0.457635 0.690245 0.457112 0.688454 0.454750 0.681176 0.451378 0.669958
8 0.496198 0.750556 0.500536 0.743773 0.501516 0.741861 0.502542 0.739870 0.505286 0.733750 0.506378 0.731259 0.508003 0.726926 0.509190 0.722931 0.510000 0.720375 0.512773 0.711958 0.513044 0.711958 0.513477 0.713685 0.511589 0.721389 0.510885 0.724074 0.508396 0.732134 0.506992 0.735111 0.505911 0.737704 0.504021 0.742407 0.502578 0.745556 0.498099 0.751991
5 0.402167 0.486875 0.403940 0.486546 0.406089 0.486130 0.407953 0.485551 0.409448 0.485551 0.409922 0.486759 0.411487 0.489958 0.413052 0.492167 0.414773 0.494093 0.410797 0.502185 0.408701 0.508486 0.406966 0.505009 0.405779 0.500236 0.404529 0.495903 0.403029 0.490792
5 0.403068 0.456194 0.394948 0.456509 0.393693 0.457417 0.395875 0.462736 0.397547 0.465264 0.399221 0.467792 0.402315 0.472551 0.403464 0.473843 0.406331 0.470171 0.404992 0.465565 0.404156 0.461398 0.403404 0.458870
8 0.498935 0.269037 0.499391 0.271463 0.492604 0.275602 0.491589 0.275926 0.490990 0.276065 0.490104 0.276389 0.489089 0.277130 0.483112 0.280366 0.481786 0.280986 0.479036 0.282546 0.477721 0.283315 0.476302 0.283981 0.476042 0.283981 0.475078 0.284398 0.474323 0.284769 0.473570 0.285296 0.472555 0.285759 0.470633 0.286718 0.469909 0.284500 0.471641 0.283287 0.473604 0.282352 0.475833 0.281296 0.477497 0.280069 0.479870 0.278935 0.480870 0.278306 0.482448 0.277454 0.489401 0.273704 0.491406 0.272995
5 0.501901 0.417037 0.501013 0.409208 0.500346 0.400880 0.499591 0.393444 0.498846 0.388579 0.500292 0.384722 0.503646 0.377287 0.503646 0.380171 0.503646 0.381727 0.503646 0.383838 0.503776 0.386713 0.504010 0.392037 0.504146 0.396056 0.504396 0.400944 0.504714 0.406065 0.503203 0.410972
6 0.412284 0.533324 0.419253 0.533495 0.423802 0.534528 0.431641 0.535000 0.431250 0.539167 0.430576 0.542097 0.429414 0.544852 0.428253 0.544852 0.424383 0.544333 0.417802 0.543648 0.416445 0.543648 0.414995 0.542958
5 0.494844 0.353889 0.495323 0.363083 0.493091 0.361727 0.491799 0.360579 0.490630 0.359074 0.489664 0.358000 0.488734 0.357926 0.488573 0.359361 0.490430 0.361801 0.492810 0.363806 0.495510 0.365157 0.493979 0.368037 0.491599 0.373773 0.488937 0.374421 0.485469 0.375569 0.485023 0.376287 0.485669 0.377431 0.486484 0.377731 0.489341 0.378148 0.488815 0.379657 0.489984 0.379657 0.491927 0.375509 0.496036 0.372912 0.496641 0.378796 0.497167 0.381949 0.497409 0.384102 0.498133 0.384819 0.497836 0.387037 0.500089 0.417361 0.495875 0.420593 0.493924 0.415194 0.492911 0.413009 0.491250 0.408750 0.489297 0.403630 0.488503 0.405810 0.491104 0.412111 0.492768 0.416352 0.492000 0.425926 0.491437 0.429704 0.490753 0.430259 0.488133 0.429727 0.487716 0.416343 0.487214 0.414412 0.486544 0.413519 0.485708 0.413667 0.485708 0.415898 0.486042 0.424227 0.486224 0.429028 0.483003 0.427884 0.481836 0.420583 0.481276 0.418343 0.480948 0.415273 0.480854 0.409051 0.480388 0.404153 0.480294 0.402329 0.479828 0.395690 0.479734 0.391213 0.479734 0.388806 0.480247 0.387065 0.478896 0.386898 0.477682 0.387065 0.476422 0.387477 0.473568 0.388843 0.474466 0.385278 0.474844 0.382782 0.475385 0.379421 0.475708 0.377130 0.478138 0.375208 0.479974 0.375403 0.482026 0.374634 0.482674 0.373000 0.482081 0.369736 0.481216 0.367912 0.481271 0.365514 0.481758 0.363403 0.483052 0.358602 0.484354 0.355616 0.486359 0.355116 0.487664 0.354861 0.489346 0.354616 0.491445 0.354370 0.492240 0.354204 0.494245 0.354037
6 0.407031 0.513690 0.408549 0.512278 0.411656 0.507134 0.416862 0.500324 0.418958 0.504694 0.420766 0.508676 0.421271 0.509704 0.418812 0.512403 0.416646 0.515745 0.415055 0.518444 0.413760 0.522750 0.411159 0.519023 0.408555 0.515810 0.407617 0.515551
8 0.375844 0.347981 0.377414 0.347727 0.377914 0.350394 0.379911 0.356171 0.381911 0.364167 0.383599 0.370167 0.385469 0.376389 0.386784 0.380940 0.387534 0.383495 0.387909 0.385718 0.385714 0.384389 0.385471 0.382810 0.384141 0.377287 0.382648 0.372056 0.381156 0.367032 0.380471 0.364380 0.377531 0.355259 0.376849 0.352176 0.376406 0.351019 0.375659 0.350389 0.375471 0.349144
5 0.368464 0.344074 0.369870 0.341509 0.369591 0.339852 0.369964 0.338690 0.372625 0.341593 0.374492 0.344167 0.375844 0.347981 0.375471 0.349144 0.375659 0.350389 0.376406 0.351019 0.376458 0.357454 0.376484 0.358843 0.372995 0.363796 0.371172 0.357731 0.370104 0.354769 0.369453 0.352685 0.369063 0.351019 0.368594 0.346852
8 0.524974 0.400231 0.525339 0.389815 0.525443 0.384722 0.525443 0.381620 0.525495 0.379167 0.525703 0.376435 0.526307 0.375111 0.526901 0.375880 0.527214 0.378843 0.527161 0.392778 0.527667 0.413532 0.526826 0.409051 0.525753 0.405069
5 0.445935 0.304463 0.446620 0.304991 0.449406 0.305407 0.451047 0.305269 0.453313 0.305269 0.455708 0.305870 0.456776 0.306194 0.457505 0.306750 0.457792 0.307167 0.457732 0.308264 0.452745 0.308519 0.444211 0.309940 0.440237 0.310319 0.438094 0.310519 0.439729 0.310106 0.441643 0.308606 0.443742 0.306208
6 0.546617 0.492569 0.554797 0.491037 0.554880 0.495898 0.554630 0.497829 0.540076 0.501398 0.539156 0.500208 0.538151 0.499764 0.537148 0.500509 0.535893 0.503037 0.535224 0.497829 0.537284 0.495880 0.539552 0.495227
7 0.486094 0.319306 0.488477 0.313218 0.490534 0.308194 0.494083 0.307838 0.495414 0.308843 0.495737 0.310704 0.497427 0.322787 0.498880 0.331824 0.499974 0.341009 0.500458 0.343662 0.500659 0.345602 0.500977 0.348032 0.500937 0.350037 0.500776 0.351185 0.496781 0.342579 0.493273 0.334907 0.488646 0.324491 0.487021 0.321282
8 0.381836 0.335463 0.382057 0.338426 0.382479 0.342602 0.382930 0.348282 0.383112 0.350907 0.383443 0.354120 0.383896 0.358727 0.384258 0.362153 0.384557 0.364352 0.384828 0.367616 0.385391 0.373843 0.385469 0.376389 0.386784 0.380940 0.387534 0.383495 0.387909 0.385718 0.388505 0.386259 0.387943 0.373565 0.386927 0.366435 0.386547 0.362153 0.386250 0.359907 0.385914 0.356315 0.385703 0.354546 0.385523 0.352514 0.385281 0.349458 0.385130 0.346620 0.384979 0.343940 0.384799 0.341852 0.384451 0.339060
5 0.426500 0.446361 0.425393 0.439870 0.431414 0.436731 0.434677 0.435394 0.436935 0.435690 0.440039 0.441176 0.443216 0.446829 0.444010 0.449074 0.441302 0.448727 0.439406 0.448440 0.435333 0.447866 0.432872 0.447509
5 0.442164 0.239042 0.443378 0.237218 0.443844 0.237713 0.444031 0.239125 0.443518 0.240537 0.443612 0.242611 0.443706 0.245019 0.440997 0.254060 0.437685 0.267833 0.437031 0.271667 0.436354 0.270463 0.436891 0.266755 0.437497 0.261611 0.438339 0.256796 0.439318 0.250741 0.440484 0.245019
5 0.406667 0.231343 0.413031 0.228282 0.413901 0.229315 0.430964 0.217500 0.430958 0.224218 0.426846 0.227801 0.420628 0.231528 0.415964 0.234431 0.410776 0.234097 0.407029 0.233431
5 0.430964 0.217500 0.432427 0.199986 0.433096 0.196569 0.433589 0.195171 0.434927 0.193532 0.436016 0.194574 0.437102 0.200227 0.438440 0.212866 0.438440 0.221343 0.437271 0.225801 0.434357 0.225759 0.431753 0.224991 0.430958 0.224218
5 0.511401 0.429551 0.511867 0.429718 0.512568 0.435194 0.513174 0.438514 0.513409 0.442079 0.513781 0.445981 0.514247 0.449384 0.514760 0.451704 0.514807 0.453861 0.514901 0.457847 0.514576 0.459171 0.513128 0.460333 0.510000 0.462574 0.503654 0.458093 0.503654 0.457347 0.506500 0.447889 0.510047 0.434694
5 0.425148 0.503454 0.426711 0.496458 0.426771 0.494569 0.428646 0.497125 0.430708 0.500347 0.433583 0.504120 0.439081 0.511231 0.436451 0.513255 0.434893 0.516565 0.432521 0.513787 0.428583 0.507787 0.426771 0.504676
5 0.413760 0.522750 0.415055 0.518444 0.416646 0.515745 0.418812 0.512403 0.421271 0.509704 0.425318 0.517458 0.427576 0.521324 0.430169 0.525639 0.432677 0.528019 0.428245 0.528167 0.426490 0.527421 0.422474 0.526681 0.415857 0.525704
8 0.446352 0.385167 0.447146 0.388083 0.447831 0.390343 0.448708 0.391991 0.449784 0.394597 0.451250 0.398764 0.452422 0.402495 0.453154 0.407097 0.453544 0.411875 0.453495 0.417083 0.453055 0.423245 0.455010 0.422639 0.455302 0.417602 0.455253 0.412481 0.455057 0.409356 0.454766 0.406838 0.454180 0.403884 0.453445 0.400935 0.452568 0.397546 0.451346 0.394421 0.450615 0.392250 0.449880 0.389301 0.448758 0.387218 0.448010 0.385514
8 0.463625 0.762329 0.470010 0.767653 0.475094 0.768458 0.477302 0.767704 0.478937 0.767829 0.479656 0.767005 0.482474 0.768981 0.480349 0.772477 0.474982 0.773079 0.471146 0.771389 0.467805 0.769463 0.463737 0.765546
8 0.492927 0.754356 0.483648 0.766958 0.475422 0.780653 0.474021 0.783764 0.476471 0.784699 0.484260 0.770537 0.489602 0.762292 0.493888 0.756847 0.494326 0.755755
5 0.357292 0.281296 0.355461 0.285500 0.356148 0.294681 0.357479 0.309380 0.359414 0.318843 0.360544 0.322931 0.362078 0.321500 0.363529 0.319417 0.364531 0.316204 0.362839 0.309352 0.362135 0.306204 0.361042 0.300463 0.359167 0.291759
5 0.506797 0.475255 0.505971 0.477352 0.504841 0.480509 0.504036 0.482361 0.502630 0.486296 0.502018 0.488181 0.501458 0.489398 0.500646 0.491264 0.497865 0.496852 0.496734 0.498861 0.491490 0.492472 0.489490 0.489917 0.489237 0.486338 0.492487 0.484472 0.504484 0.475921
6 0.504115 0.467222 0.507289 0.470296 0.509010 0.472037 0.508674 0.472944 0.508068 0.473694 0.507555 0.474440 0.506797 0.475255 0.504484 0.475921 0.492487 0.484472 0.489237 0.486338 0.490591 0.483681 0.492083 0.480366 0.495164 0.474472 0.499195 0.470366
5 0.469633 0.432921 0.472945 0.434144 0.476693 0.436477 0.482005 0.440699 0.484440 0.442144 0.484878 0.445255 0.484979 0.451926 0.485000 0.454259 0.477112 0.450954 0.469174 0.446056
10 0.534052 0.511213 0.532299 0.513931 0.528034 0.519880 0.525911 0.522884 0.529646 0.523963 0.539586 0.527366 0.544813 0.529356 0.549695 0.530292 0.548612 0.527597 0.546990 0.523046 0.544883 0.519306 0.543523 0.517611 0.538987 0.513148 0.536143 0.511958
2 0.551148 0.531282 0.552586 0.528722 0.554549 0.524542 0.556771 0.520472 0.558471 0.517449 0.560367 0.513731 0.563724 0.509352 0.565206 0.506523 0.566823 0.506204 0.571089 0.506991 0.571807 0.508384 0.572266 0.508731 0.573313 0.507801 0.574490 0.506292 0.575339 0.504898 0.575143 0.503153 0.573508 0.500829 0.572789 0.500130 0.571807 0.500245 0.569781 0.500713 0.568016 0.500481 0.564943 0.500245 0.563635 0.499319 0.562393 0.498968 0.561346 0.499204 0.560625 0.500370 0.560573 0.501759 0.561021 0.502806 0.562523 0.504898 0.560542 0.508676 0.558167 0.512787 0.556432 0.516620 0.554482 0.520560 0.553482 0.522671 0.552357 0.525227 0.550997 0.527208 0.549695 0.530292
2 0.527690 0.484444 0.526122 0.482431 0.525367 0.479648 0.525206 0.476093 0.524503 0.473310 0.523802 0.472157 0.522612 0.465440 0.521586 0.461310 0.520104 0.454019 0.519779 0.451116 0.519638 0.448958 0.520013 0.445556 0.520945 0.443648 0.523260 0.440861 0.524714 0.440231 0.527474 0.439519 0.529255 0.440477 0.530875 0.443361 0.531846 0.455551 0.532333 0.461597 0.533359 0.464477 0.533792 0.466495 0.534492 0.470528 0.535573 0.472157 0.538102 0.474847 0.541411 0.475519 0.543596 0.477181 0.545742 0.479792 0.546302 0.482903 0.546674 0.486231 0.546674 0.490560 0.546617 0.492569 0.539552 0.495227 0.537284 0.495880 0.537393 0.492903 0.536854 0.485704 0.534141 0.485000
2 0.384940 0.400903 0.384885 0.402486 0.384805 0.404986 0.384805 0.407532 0.384859 0.409986 0.385146 0.413319 0.385169 0.415681 0.385786 0.417505 0.383833 0.417380 0.383242 0.416204 0.382021 0.413972 0.381974 0.414708 0.382786 0.418704 0.383474 0.422370 0.385099 0.424037 0.387846 0.427704 0.389534 0.429037 0.391846 0.431366 0.392284 0.431921 0.393596 0.430370 0.394919 0.429778 0.396807 0.429852 0.396000 0.427630 0.393661 0.421532 0.391719 0.417565 0.391719 0.417565 0.390971 0.415569 0.389383 0.411009 0.389057 0.410343 0.387539 0.406005
10 0.530620 0.434347 0.532057 0.433236 0.532607 0.432699 0.533786 0.432491 0.534719 0.432278 0.535232 0.432222 0.536438 0.432014 0.537310 0.431847 0.538904 0.431745 0.540417 0.431847 0.541922 0.432491 0.543065 0.433292 0.543878 0.434102 0.544664 0.435602 0.545565 0.437199 0.546172 0.439509 0.546471 0.441333 0.546589 0.443796 0.546557 0.447009 0.546409 0.449685 0.546258 0.452852 0.546901 0.454583 0.547388 0.459005 0.547049 0.472815 0.547049 0.477051 0.547049 0.481440 0.546674 0.486231 0.546302 0.482903 0.545742 0.479792 0.543596 0.477181 0.541411 0.475519 0.538102 0.474847 0.535573 0.472157 0.534492 0.470528 0.533792 0.466495 0.533359 0.464477 0.532333 0.461597 0.533081 0.461981 0.533943 0.460912 0.531674 0.441722
2 0.444753 0.399894 0.445156 0.398750 0.446354 0.400648 0.446901 0.401759 0.448380 0.401157 0.447758 0.400153 0.446401 0.397741 0.447281 0.394875 0.447831 0.390343 0.448708 0.391991 0.449784 0.394597 0.451250 0.398764 0.452422 0.402495 0.453154 0.407097 0.453544 0.411875 0.453495 0.417083 0.453055 0.423245 0.451810 0.423296 0.449945 0.423699 0.448815 0.424199 0.447151 0.419866 0.445125 0.414634 0.442945 0.409097 0.443581 0.406579 0.444362 0.404495 0.444753 0.401977
2 0.469328 0.379940 0.467518 0.389847 0.465708 0.397181 0.463448 0.409435 0.462940 0.403810 0.462375 0.400292 0.461698 0.398787 0.460172 0.399588 0.459607 0.403306 0.457865 0.408426 0.456500 0.410940 0.455820 0.413051 0.455935 0.414157 0.456328 0.414759 0.457854 0.415662 0.460510 0.417069 0.461745 0.417222 0.460971 0.420852 0.455010 0.422639 0.455302 0.417602 0.455253 0.412481 0.455057 0.409356 0.454766 0.406838 0.454180 0.403884 0.453445 0.400935 0.452568 0.397546 0.451346 0.394421 0.450615 0.392250 0.449880 0.389301 0.448758 0.387218 0.448010 0.385514 0.450893 0.385690 0.455206 0.385606 0.460143 0.383940 0.467578 0.380606
2 0.457917 0.212500 0.454951 0.206329 0.453513 0.202000 0.454826 0.192667 0.456826 0.182227 0.457013 0.177449 0.458076 0.176338 0.460135 0.174120 0.462885 0.170898 0.464635 0.168343 0.465510 0.169009 0.465385 0.170898 0.464760 0.175227 0.465010 0.176671 0.466010 0.176227 0.466698 0.177116 0.467695 0.179671 0.470008 0.185116 0.470633 0.187005 0.471508 0.190000 0.472195 0.192667 0.473133 0.193759 0.471568 0.197204 0.467570 0.204310 0.466914 0.200736 0.465742 0.197153 0.465339 0.195074 0.465096 0.193852 0.464654 0.192421 0.463523 0.191130 0.462477 0.191273 0.461508 0.192421 0.460258 0.193995 0.459128 0.196222 0.458320 0.198444 0.458201 0.199949 0.457836 0.204898 0.457836 0.208912
2 0.459193 0.223009 0.458523 0.218306 0.457917 0.212500 0.457836 0.208912 0.457836 0.204898 0.458201 0.199949 0.458320 0.198444 0.459128 0.196222 0.460258 0.193995 0.461508 0.192421 0.462477 0.191273 0.463523 0.191130 0.464654 0.192421 0.465096 0.193852 0.465339 0.195074 0.465742 0.197153 0.466914 0.200736 0.467570 0.204310 0.466820 0.206759 0.464154 0.212352 0.460049 0.221380
2 0.473318 0.197532 0.473971 0.198014 0.475182 0.197079 0.476633 0.196935 0.477563 0.197153 0.477966 0.197870 0.478448 0.199736 0.479135 0.203250 0.479539 0.205111 0.479578 0.212213 0.479578 0.218306 0.478771 0.224690 0.477359 0.229208 0.477036 0.231069 0.476552 0.234440 0.476232 0.238384 0.476432 0.241468 0.477240 0.243551 0.477885 0.245199 0.478732 0.247852 0.478409 0.248713 0.477724 0.247565 0.476794 0.246347 0.475667 0.245773 0.474617 0.246060 0.473388 0.246926 0.473107 0.246343 0.472174 0.247505 0.471193 0.249000 0.470495 0.245847 0.469935 0.243356 0.469419 0.240454 0.468581 0.236884 0.468299 0.234810 0.467599 0.230995 0.467367 0.228088 0.466948 0.226597 0.466479 0.224440 0.466388 0.222366 0.465781 0.220704 0.464940 0.218468 0.464346 0.218083 0.466604 0.212370 0.468333 0.207898 0.468570 0.206083
2 0.576104 0.560046 0.574625 0.555398 0.573034 0.557824 0.572466 0.560250 0.572807 0.562880 0.570419 0.564699 0.571333 0.572356 0.572635 0.573259 0.575534 0.566111 0.582177 0.580583 0.585792 0.584824 0.586370 0.585852 0.587815 0.589324 0.589190 0.595620 0.591214 0.594815 0.598503 0.589764 0.601117 0.585921 0.601458 0.581472 0.601458 0.573792 0.600208 0.563889 0.601003 0.562880 0.600208 0.560454 0.598148 0.553579 0.595659 0.545093 0.594057 0.542463 0.592021 0.541653 0.586221 0.543273 0.587018 0.552773 0.581664 0.556005
2 0.581664 0.556005 0.581198 0.546852 0.584036 0.544630 0.583841 0.542616 0.582099 0.541236 0.585313 0.537815 0.587018 0.537407 0.592930 0.536194 0.596672 0.533972 0.598729 0.535995 0.586221 0.543273 0.587018 0.552773
2 0.415424 0.194903 0.417456 0.192551 0.420549 0.192403 0.425904 0.193296 0.434927 0.193532 0.433589 0.195171 0.433096 0.196569 0.429164 0.198204 0.421721 0.202218 0.415112 0.206681 0.410763 0.210102
2 0.430964 0.217500 0.413901 0.229315 0.413031 0.228282 0.411674 0.223463 0.410417 0.216236 0.411276 0.213472 0.415781 0.209861 0.420216 0.206977 0.426990 0.202963 0.432427 0.199986
10 0.487792 0.608611 0.500953 0.620829 0.501940 0.623389 0.501862 0.620551 0.500768 0.616542 0.500013 0.614306 0.500690 0.610454 0.502695 0.617440 0.503953 0.619657 0.505956 0.622046 0.508297 0.623236 0.508714 0.625611 0.508714 0.627690 0.510156 0.628708 0.509992 0.623356 0.512255 0.621431 0.514172 0.619347 0.515518 0.615630 0.516099 0.611606 0.516099 0.607597 0.516099 0.605806 0.515768 0.602093 0.514841 0.600319 0.513089 0.596894 0.509237 0.593764 0.507060 0.594968 0.506615 0.585815 0.506391 0.575477 0.505492 0.569296 0.505375 0.566116 0.505375 0.561537 0.505047 0.556551 0.504823 0.551782 0.504591 0.548000 0.504260 0.544931 0.504448 0.541819 0.506570 0.539931 0.508383 0.538046 0.510445 0.536491 0.512258 0.535046 0.515193 0.532046 0.518818 0.528380 0.520818 0.526157 0.522003 0.524384 0.515565 0.522708 0.514336 0.524514 0.512768 0.528093 0.511878 0.531671 0.509633 0.530278 0.508065 0.530088 0.506953 0.530880 0.505714 0.533273 0.502917 0.533463 0.500208 0.529028 0.498776 0.527491 0.497430 0.523120 0.496646 0.521315 0.494516 0.522519 0.492281 0.524102 0.492060 0.520917 0.490490 0.520917 0.489930 0.525306 0.488807 0.536454 0.489484 0.539241 0.490596 0.540032 0.491042 0.537042 0.491826 0.530671 0.494411 0.530880 0.495641 0.532875 0.496424 0.536852 0.493151 0.549583 0.488099 0.571065 0.483659 0.587417 0.480745 0.584421 0.482536 0.579056 0.481753 0.577662 0.480299 0.579056 0.481646 0.572875 0.483435 0.568093 0.482312 0.566907 0.480862 0.565718 0.479063 0.565718 0.477948 0.567116 0.478956 0.586213 0.479622 0.588602 0.483320 0.592782 0.482651 0.598167 0.481867 0.602745 0.483659 0.602745 0.485109 0.592991 0.489706 0.596171 0.491719 0.598356 0.495299 0.600542 0.497992 0.603741 0.499115 0.605134 0.497768 0.611296 0.494516 0.609315 0.492281 0.608319 0.488469 0.607319
9 0.463659 0.515542 0.469346 0.513162 0.473029 0.511972 0.474484 0.511699 0.474484 0.516838 0.474630 0.524421 0.474703 0.532519 0.473539 0.532301 0.471102 0.532412 0.464417 0.533537 0.460461 0.533417 0.457346 0.533792 0.456852 0.531287 0.456432 0.529356 0.457513 0.526116 0.457513 0.524560 0.458292 0.522236 0.458641 0.517324 0.461068 0.516731 0.462474 0.516204
2 0.460448 0.723569 0.462586 0.724676 0.465622 0.725574 0.467073 0.725972 0.467922 0.726190 0.470018 0.726546 0.472156 0.727120 0.473487 0.727477 0.474833 0.728032 0.474917 0.731602 0.474417 0.733384 0.474164 0.735616 0.465133 0.733088 0.465299 0.737250 0.465466 0.744981 0.462120 0.744389 0.460615 0.742306 0.460281 0.740523 0.460495 0.727963
2 0.419052 0.381319 0.420768 0.381546 0.423047 0.382972 0.425159 0.385227 0.426297 0.386352 0.427773 0.387477 0.429799 0.388750 0.430466 0.389231 0.431146 0.393250 0.431654 0.395361 0.432841 0.400884 0.434026 0.405606 0.435383 0.410931 0.436401 0.415454 0.434258 0.416819 0.426878 0.399676 0.422198 0.387199 0.421714 0.386912 0.421148 0.386343
2 0.438643 0.567546 0.437706 0.564324 0.431958 0.549884 0.429414 0.544852 0.430576 0.542097 0.431320 0.545194 0.433159 0.546569 0.436547 0.549495 0.440901 0.551389 0.441922 0.551245 0.441753 0.554218 0.441419 0.563736 0.439643 0.565324
10 0.509195 0.540931 0.508542 0.547199 0.508542 0.551065 0.508458 0.555972 0.509797 0.561620 0.510799 0.567273 0.512307 0.572773 0.513896 0.576792 0.515151 0.579912 0.517073 0.583185 0.518997 0.585861 0.521841 0.588537 0.523346 0.589727 0.526693 0.591958 0.528951 0.592699 0.532214 0.592847 0.535141 0.591958 0.537315 0.590917 0.538570 0.589875 0.541414 0.586157 0.544591 0.582292 0.546099 0.579468 0.548190 0.575454 0.549779 0.570546 0.550849 0.567847 0.551135 0.564926 0.548258 0.562898 0.543703 0.559556 0.539221 0.556088 0.534234 0.552102 0.534378 0.551074 0.538932 0.554417 0.545799 0.560069 0.551354 0.564213 0.551544 0.563083 0.551719 0.561111 0.551875 0.558426 0.551875 0.557616 0.552120 0.555824 0.552456 0.552699 0.552622 0.548833 0.552120 0.542440 0.549443 0.539764 0.546935 0.537384 0.545513 0.536194 0.544591 0.534412 0.542898 0.531264 0.537625 0.529690 0.534359 0.528694 0.530065 0.527032 0.525443 0.525463 0.524687 0.525046 0.518818 0.531157 0.515005 0.535491 0.512320 0.538380
2 0.448591 0.497060 0.457135 0.510157 0.457714 0.512213 0.454893 0.510542 0.450990 0.508486 0.448099 0.507713 0.444638 0.507944 0.443802 0.504819 0.441294 0.495602 0.439792 0.490046 0.445844 0.495130
10 0.480898 0.673310 0.483099 0.671806 0.484531 0.668611 0.486042 0.666454 0.486628 0.667051 0.487130 0.667940 0.485859 0.670231 0.485130 0.673611 0.488133 0.675227 0.489638 0.672847 0.491479 0.675676 0.492651 0.679093 0.494742 0.682514 0.495911 0.682810 0.498125 0.681597 0.495378 0.676713 0.492341 0.671574 0.489016 0.665148 0.484607 0.657565 0.481497 0.652551 0.479141 0.647884 0.479727 0.651602 0.480146 0.656356 0.480648 0.662157 0.481148 0.670037
10 0.476320 0.569593 0.477477 0.586944 0.477549 0.590801 0.476682 0.593755 0.474081 0.596199 0.471333 0.597995 0.468297 0.597741 0.467068 0.596713 0.465622 0.592597 0.464971 0.587718 0.465044 0.584245 0.467646 0.580134 0.470755 0.577690 0.472417 0.575250 0.474370 0.571778
9 0.491771 0.495694 0.491617 0.499616 0.492195 0.506171 0.492195 0.512083 0.492318 0.517269 0.496909 0.517537 0.500224 0.515046 0.502276 0.514218 0.503771 0.513551 0.505143 0.512745 0.503055 0.511102 0.500070 0.507444 0.499383 0.506727 0.497044 0.503139 0.495875 0.501491
9 0.452031 0.545884 0.452708 0.543819 0.451451 0.539519 0.444773 0.537968 0.445352 0.537403 0.449401 0.536375 0.456630 0.535218 0.460534 0.534444 0.464292 0.534704 0.471883 0.533676 0.474411 0.533676 0.474557 0.538944 0.474992 0.540356 0.475281 0.533417 0.475208 0.529176 0.475281 0.524292 0.475135 0.522236 0.475062 0.518380 0.475052 0.511944 0.476943 0.511954 0.476943 0.509125 0.476292 0.507069 0.474844 0.507731 0.474557 0.505273 0.474557 0.501671 0.474703 0.497690 0.479867 0.500681 0.483000 0.501931 0.487266 0.504231 0.488385 0.504074 0.488635 0.511065 0.488469 0.513444 0.488383 0.516120 0.483333 0.515000 0.482781 0.514338 0.481107 0.513741 0.480521 0.520583 0.478346 0.531287 0.477260 0.540060 0.476591 0.545116 0.475331 0.547722 0.474359 0.544935 0.473440 0.546375 0.472326 0.544968 0.472492 0.542292 0.469313 0.541102 0.468143 0.544074 0.466646 0.547431 0.465096 0.546917 0.458255 0.546204
9 0.483435 0.568093 0.482312 0.566907 0.480862 0.565718 0.479063 0.565718 0.477948 0.567116 0.477544 0.565097 0.477112 0.562407 0.476573 0.555690 0.476034 0.551370 0.477260 0.546602 0.477846 0.544523 0.479099 0.538278 0.479685 0.533519 0.480604 0.529056 0.482734 0.517037 0.483966 0.518338 0.487154 0.519560 0.490490 0.520917 0.489930 0.525306 0.488807 0.536454 0.489484 0.539241 0.490596 0.540032 0.491042 0.537042 0.491826 0.530671 0.494411 0.530880 0.495641 0.532875 0.496424 0.536852 0.493151 0.549583 0.488099 0.571065 0.485039 0.566083
9 0.456745 0.600602 0.458833 0.603625 0.460497 0.606069 0.464906 0.605940 0.464893 0.603699 0.465406 0.601458 0.466341 0.599384 0.467068 0.596713 0.465622 0.592597 0.464971 0.587718 0.465044 0.584245 0.467646 0.580134 0.470755 0.577690 0.472417 0.575250 0.474370 0.571778 0.476320 0.569593 0.477544 0.565097 0.477948 0.567116 0.478956 0.586213 0.478896 0.590343 0.479596 0.596106 0.479922 0.600042 0.479870 0.603458 0.478424 0.603588 0.478516 0.601958 0.478409 0.598218 0.477891 0.594491 0.477549 0.590801 0.477477 0.586944 0.476320 0.569593 0.475708 0.563944 0.475115 0.558088 0.474198 0.551176 0.473440 0.546375 0.472326 0.544968 0.470234 0.544671 0.468979 0.548981 0.467807 0.552847 0.466555 0.559542 0.464964 0.566231 0.464547 0.567718 0.463125 0.565935 0.462708 0.568102 0.461940 0.570403 0.463060 0.570005 0.463844 0.572792 0.462612 0.577569 0.460596 0.585333 0.459141 0.590509 0.458021 0.596681
2 0.403896 0.451764 0.406466 0.455806 0.408591 0.459139 0.411286 0.467176 0.412690 0.469384 0.416310 0.473991 0.417875 0.478120 0.419172 0.481866 0.421708 0.481384 0.422734 0.481579 0.423328 0.482440 0.422789 0.482921 0.421008 0.482250 0.419656 0.482727 0.420620 0.485157 0.421633 0.486060 0.422961 0.488569 0.424148 0.491236 0.426771 0.494569 0.428646 0.497125 0.430708 0.500347 0.433583 0.504120 0.439081 0.511231 0.442581 0.507898 0.439010 0.495694 0.437385 0.488579 0.434133 0.484977 0.429505 0.479065 0.425023 0.471870 0.421266 0.467500 0.417401 0.462579 0.414214 0.457917 0.412901 0.456472 0.407813 0.449907 0.406875 0.450278 0.409341 0.455361 0.412651 0.460356 0.417026 0.468245 0.420711 0.474352 0.423711 0.477907 0.426648 0.482019 0.428646 0.483352 0.428021 0.485241 0.425211 0.484463 0.421648 0.479796 0.419023 0.476241 0.416214 0.471690 0.409529 0.459912 0.407529 0.456028 0.405935 0.451153
9 0.455971 0.603046 0.455109 0.608227 0.453206 0.615593 0.451638 0.620171 0.453193 0.627949 0.454245 0.636593 0.455833 0.632866 0.456326 0.630083 0.457451 0.625417 0.460010 0.618194 0.462505 0.608806 0.460938 0.608806 0.459536 0.608509 0.458674 0.607560 0.457482 0.605926
2 0.538604 0.592782 0.542354 0.589227 0.543914 0.587449 0.547362 0.583704 0.550349 0.579722 0.552076 0.578227 0.552914 0.577815 0.553615 0.579056 0.552867 0.580551 0.550487 0.584949 0.548201 0.589347 0.547547 0.590343 0.547828 0.591171 0.550721 0.588435 0.552914 0.586606 0.554362 0.585944 0.555247 0.586773 0.555576 0.588102 0.555341 0.589014 0.552674 0.590769 0.549328 0.593264 0.547492 0.594704 0.545224 0.596333 0.542253 0.598736 0.541229 0.596116
2 0.558471 0.517449 0.560367 0.513731 0.563724 0.509352 0.564891 0.512389 0.565901 0.515116 0.566786 0.517625 0.567755 0.521569 0.568682 0.524583 0.569370 0.527306 0.570135 0.529745 0.570820 0.530176 0.571052 0.530236 0.571750 0.531287 0.573109 0.532588 0.574190 0.533704 0.574260 0.534449 0.572099 0.536125 0.570216 0.537361 0.569555 0.538602 0.568542 0.540463 0.566286 0.544616 0.564599 0.547727 0.558536 0.543505 0.553789 0.540282 0.551979 0.539949 0.551352 0.534727 0.564034 0.538727 0.566161 0.538287 0.566661 0.536731 0.566286 0.535176 0.565411 0.534727 0.558789 0.533620 0.551148 0.531282 0.552586 0.528722 0.554549 0.524542 0.556771 0.520472 0.559914 0.520847
10 0.479911 0.606204 0.483258 0.608282 0.484427 0.609921 0.487690 0.612148 0.490367 0.614676 0.493797 0.617801 0.496719 0.620324 0.500070 0.624343 0.501909 0.627167 0.504586 0.630736 0.506677 0.634009 0.507680 0.638787 0.508260 0.643778 0.508161 0.649630 0.506615 0.656509 0.505161 0.664079 0.502839 0.669931 0.500807 0.674921 0.499354 0.676199 0.496615 0.671065 0.494510 0.667204 0.488727 0.657694 0.484172 0.650625 0.478891 0.641935 0.478724 0.639407 0.478388 0.636282 0.479227 0.632120 0.480313 0.622903 0.480479 0.616657 0.480229 0.610708
10 0.472878 0.680940 0.471372 0.678412 0.470201 0.674991 0.468779 0.670829 0.467273 0.666218 0.466185 0.663394 0.465432 0.658486 0.464846 0.654171 0.464596 0.649116 0.464430 0.644657 0.464596 0.639301 0.465432 0.632167 0.466854 0.628000 0.468193 0.623838 0.469281 0.621310 0.471706 0.617741 0.475385 0.612685 0.477393 0.610602 0.479227 0.609370 0.479227 0.612792 0.479057 0.615616 0.478891 0.619926 0.478138 0.625282 0.477385 0.631972 0.476883 0.635690 0.476966 0.637324 0.477219 0.640301 0.476219 0.637130 0.473906 0.632759 0.472026 0.630574 0.470727 0.631602 0.470148 0.634560 0.471448 0.637000 0.473112 0.640343 0.474773 0.643042 0.477635 0.647583 0.478221 0.654574 0.478724 0.660819 0.479057 0.666171 0.479643 0.671079 0.479979 0.673310 0.479651 0.676329 0.477643 0.679005 0.475385 0.680940
8 0.438156 0.287583 0.440047 0.287444 0.442417 0.287819 0.445737 0.288440 0.448398 0.288727 0.449930 0.289014 0.450940 0.290162 0.451060 0.291380 0.450333 0.292097 0.449487 0.292241 0.447552 0.292097 0.444849 0.291597 0.441945 0.291380 0.439362 0.291380 0.432385 0.290019 0.432284 0.288981 0.435958 0.288894 0.438156 0.288454
8 0.377047 0.465000 0.386750 0.457847 0.391927 0.454907 0.393099 0.454213 0.394135 0.453222 0.400109 0.450236 0.401891 0.449130 0.403542 0.448565 0.406951 0.446431 0.410234 0.444954 0.412961 0.443653 0.415833 0.441898 0.421044 0.438829 0.422633 0.438366 0.424221 0.437625 0.428237 0.435986 0.429323 0.435245 0.433880 0.433102 0.436680 0.432931 0.440365 0.434648 0.444714 0.437324 0.446888 0.439259 0.450987 0.443870 0.455169 0.448477 0.458349 0.451602 0.460357 0.453981 0.465542 0.459778 0.472318 0.467676 0.479008 0.476134 0.485701 0.483870 0.487799 0.488019 0.487799 0.490097 0.481349 0.482528 0.477083 0.476435 0.470810 0.469593 0.465708 0.463199 0.458682 0.454736 0.458266 0.454130 0.456005 0.451602 0.454083 0.449222 0.448227 0.444019 0.443292 0.439259 0.439779 0.437324 0.436935 0.435690 0.434677 0.435394 0.431414 0.436731 0.425393 0.439870 0.423469 0.441190 0.416359 0.444611 0.414583 0.445880 0.408747 0.449375 0.407813 0.449907 0.406875 0.450278 0.405935 0.451153 0.403896 0.451764 0.402474 0.452194 0.397958 0.454870 0.394948 0.456509 0.393693 0.457417 0.392018 0.458588 0.385997 0.462903 0.379474 0.467676 0.377299 0.468699 0.376630 0.467676
5 0.498617 0.463602 0.497732 0.467588 0.497125 0.470986 0.495164 0.474472 0.492083 0.480366 0.490591 0.483681 0.489237 0.486338 0.488818 0.465593 0.488490 0.459620 0.489750 0.459537 0.493065 0.460949
5 0.435268 0.422625 0.435427 0.419972 0.435146 0.418611 0.434258 0.416819 0.436401 0.415454 0.437643 0.414144 0.440734 0.411343 0.441807 0.410236 0.442945 0.409097 0.445125 0.414634 0.447151 0.419866 0.448815 0.424199 0.445576 0.423208 0.439151 0.422921
5 0.356953 0.268056 0.355599 0.259009 0.358922 0.259245 0.359359 0.254491 0.361094 0.252435 0.362177 0.253079 0.363695 0.255403 0.363828 0.258824 0.363888 0.272162 0.363919 0.275861 0.364008 0.280519 0.362682 0.278000 0.361417 0.275699 0.359159 0.271787
5 0.365911 0.270556 0.369109 0.263037 0.369945 0.261102 0.373292 0.252926 0.376052 0.248167 0.378477 0.244005 0.382536 0.247981 0.383911 0.249093 0.383661 0.250648 0.381724 0.250093 0.379911 0.250648 0.377039 0.254648 0.372664 0.260093 0.371039 0.261866 0.370727 0.263866 0.371289 0.266199 0.373664 0.266977 0.374852 0.267199 0.375477 0.268644 0.376602 0.269310 0.378164 0.270199 0.380849 0.271532 0.380435 0.277537 0.378628 0.274713 0.377036 0.275356 0.375445 0.276384 0.373638 0.277667 0.370458 0.279208 0.369445 0.278310 0.368867 0.277412 0.368125 0.276944 0.366927 0.275972 0.365755 0.275111
5 0.352049 0.237639 0.352492 0.246102 0.353703 0.247606 0.354591 0.251912 0.355599 0.259009 0.358922 0.259245 0.359359 0.254491 0.361094 0.252435 0.362177 0.253079 0.363695 0.255403 0.364060 0.247014 0.360466 0.241208 0.356219 0.234903
5 0.364349 0.230694 0.362766 0.230537 0.361268 0.230907 0.360094 0.232162 0.364526 0.239546 0.366068 0.241713 0.366534 0.243199 0.366299 0.243778 0.365729 0.256750 0.366008 0.257370 0.367542 0.251606 0.369182 0.245532 0.370367 0.242000 0.371482 0.239954 0.372320 0.239523 0.373294 0.239769 0.374411 0.240824 0.376607 0.243056 0.379221 0.238653 0.382883 0.234315 0.379221 0.233509 0.365182 0.230694
5 0.447753 0.657407 0.446315 0.660292 0.445565 0.661736 0.445128 0.663069 0.445878 0.667069 0.447065 0.675065 0.448315 0.683176 0.449378 0.688838 0.449690 0.690060 0.451065 0.686620 0.452437 0.684620 0.453813 0.681954 0.454750 0.681176 0.451378 0.669958
5 0.518055 0.632301 0.519594 0.641500 0.519813 0.643685 0.520607 0.649852 0.520534 0.653579 0.520102 0.656667 0.519594 0.658333 0.522776 0.665792 0.521062 0.667319 0.518888 0.659884 0.517266 0.653889 0.515961 0.650662 0.515156 0.648241 0.515680 0.644412 0.516930 0.638634
8 0.339698 0.206940 0.336479 0.203824 0.333797 0.202333 0.332089 0.195889 0.331878 0.194153 0.332680 0.194713 0.333690 0.196569 0.335120 0.198741 0.336760 0.200102 0.337492 0.200787 0.342094 0.204875 0.345195 0.208037 0.347776 0.211014 0.350357 0.213551 0.354120 0.218324 0.357711 0.222727 0.361477 0.227190 0.364349 0.230694 0.362766 0.230537 0.361268 0.230907 0.360094 0.232162 0.354633 0.223287 0.350805 0.217644 0.348331 0.214824 0.342826 0.209097
5 0.378607 0.317440 0.381232 0.321991 0.381544 0.325102 0.381232 0.328769 0.381294 0.330546 0.383792 0.333435 0.386979 0.336986 0.388979 0.339319 0.389667 0.335097 0.390581 0.331190 0.385896 0.323403 0.381315 0.315051 0.378685 0.310745
5 0.379049 0.307880 0.380427 0.293662 0.382154 0.295569 0.383568 0.297269 0.385521 0.298935 0.390078 0.303426 0.389909 0.307296 0.389159 0.312074 0.388721 0.313296 0.384224 0.312519 0.381771 0.312315 0.380391 0.309907
8 0.350026 0.238333 0.349734 0.233079 0.350096 0.232292 0.351185 0.232435 0.351911 0.232722 0.351979 0.233935 0.352049 0.237639 0.352492 0.246102 0.351831 0.246634 0.351792 0.247778 0.352357 0.252009 0.352799 0.254375 0.353081 0.256528 0.353099 0.261111 0.353229 0.263889 0.353849 0.269366 0.355099 0.282417 0.355461 0.285500 0.356148 0.294681 0.357479 0.309380 0.357115 0.309810 0.354857 0.300560 0.354010 0.296042 0.353688 0.293315 0.353042 0.285426 0.351948 0.268843 0.351505 0.261671 0.351589 0.257778 0.351294 0.252037 0.350487 0.243296
8 0.365906 0.266218 0.367354 0.262440 0.368273 0.260361 0.370112 0.255157 0.372872 0.249505 0.376607 0.243056 0.379221 0.238653 0.382883 0.234315 0.385839 0.231366 0.387240 0.229815 0.391443 0.227051 0.396964 0.221847 0.401898 0.217981 0.407417 0.213222 0.410763 0.210102 0.415112 0.206681 0.421721 0.202218 0.429164 0.198204 0.433096 0.196569 0.432427 0.199986 0.426990 0.202963 0.420216 0.206977 0.415781 0.209861 0.411276 0.213472 0.407128 0.217056 0.406172 0.217685 0.405500 0.218167 0.404294 0.218944 0.403435 0.219639 0.398253 0.224037 0.394370 0.227796 0.391023 0.230324 0.388096 0.232704 0.386172 0.234634 0.382659 0.238204 0.378477 0.244005 0.376052 0.248167 0.373292 0.252926 0.369945 0.261102 0.369109 0.263037 0.365911 0.270556
5 0.394307 0.266356 0.397188 0.266435 0.399245 0.266250 0.401352 0.266343 0.402971 0.266634 0.405654 0.267977 0.407716 0.268644 0.410341 0.265755 0.411651 0.263310 0.413401 0.261532 0.417276 0.258648 0.420586 0.255426 0.423586 0.253981 0.425273 0.252759 0.426336 0.252759 0.428458 0.257537 0.429521 0.261199 0.428333 0.262644 0.424148 0.266421 0.419273 0.270755 0.415964 0.273755 0.411526 0.274972 0.405779 0.277194 0.400844 0.280083 0.398219 0.281194 0.396844 0.279528 0.394284 0.276306 0.392643 0.275097 0.393078 0.272398 0.393513 0.268931
5 0.381997 0.263704 0.380539 0.262843 0.378758 0.262551 0.377570 0.262361 0.376922 0.261880 0.376651 0.260921 0.377354 0.259579 0.380052 0.257944 0.382052 0.256310 0.381888 0.254778 0.382268 0.253625 0.383401 0.252856 0.383661 0.250648 0.381724 0.250093 0.379911 0.250648 0.377039 0.254648 0.372664 0.260093 0.371039 0.261866 0.370727 0.263866 0.371289 0.266199 0.373664 0.266977 0.374852 0.267199 0.375477 0.268644 0.376602 0.269310 0.378164 0.270199 0.380849 0.271532
5 0.381969 0.278894 0.384115 0.281134 0.386354 0.283292 0.386961 0.284204 0.389576 0.286778 0.391490 0.288852 0.393635 0.291671 0.394802 0.292833 0.396857 0.293912 0.398677 0.294162 0.399891 0.294407 0.403438 0.294241 0.407169 0.294241 0.408617 0.294324 0.409224 0.295074 0.409411 0.298472 0.409878 0.301463 0.410018 0.303620 0.410297 0.306273 0.410250 0.308181 0.410018 0.310755 0.409411 0.315069 0.408805 0.315481 0.407078 0.314986 0.404742 0.314486 0.402831 0.314157 0.401010 0.313824 0.398677 0.312167 0.394870 0.308935 0.393216 0.306935 0.391815 0.305194 0.390078 0.303426 0.385521 0.298935 0.383568 0.297269 0.382154 0.295569 0.380427 0.293662 0.381174 0.286361
8 0.364060 0.247014 0.364107 0.245106 0.364107 0.244194 0.364667 0.243532 0.365414 0.243199 0.366299 0.243778 0.365729 0.256750 0.365818 0.260537 0.365906 0.266218 0.365911 0.270556 0.365755 0.275111 0.365846 0.277144 0.365966 0.281699 0.365982 0.284167 0.365924 0.286458 0.366208 0.295463 0.366299 0.300606 0.366458 0.307546 0.366328 0.311435 0.366198 0.313796 0.364792 0.307778 0.364190 0.300338 0.363617 0.282500 0.364008 0.280519 0.363919 0.275861 0.363888 0.272162 0.363828 0.258824 0.363695 0.255403
8 0.353081 0.256528 0.353828 0.260833 0.354089 0.262546 0.354714 0.266620 0.355078 0.268889 0.356328 0.275972 0.357292 0.281296 0.359167 0.291759 0.361042 0.300463 0.362135 0.306204 0.362839 0.309352 0.364531 0.316204 0.365469 0.320556 0.365677 0.325093 0.366388 0.332505 0.366995 0.342546 0.367357 0.347708 0.367865 0.351389 0.368516 0.354444 0.370026 0.359074 0.371016 0.362037 0.371875 0.365324 0.373594 0.370509 0.374531 0.374074 0.375651 0.376852 0.376224 0.378657 0.377240 0.379213 0.377188 0.376574 0.377005 0.375741 0.375937 0.373750 0.375365 0.372037 0.374115 0.368056 0.373542 0.366204 0.372995 0.363796 0.371172 0.357731 0.370104 0.354769 0.369453 0.352685 0.369063 0.351019 0.368594 0.346852 0.368464 0.344074 0.367786 0.335602 0.367604 0.333194 0.367370 0.329250 0.367247 0.324731 0.367086 0.320787 0.366536 0.317130 0.366198 0.313796 0.364792 0.307778 0.363021 0.300370 0.361354 0.292870 0.360104 0.285972 0.358828 0.277917 0.357578 0.271481 0.356953 0.268056 0.355599 0.259009 0.354591 0.251912 0.353703 0.247606 0.352492 0.246102 0.351831 0.246634 0.351792 0.247778 0.352357 0.252009 0.352799 0.254375
8 0.375844 0.347981 0.374492 0.344167 0.374237 0.342963 0.373784 0.341847 0.373021 0.340370 0.371901 0.338519 0.371516 0.336125 0.370870 0.333759 0.369742 0.329815 0.368451 0.325727 0.367086 0.320787 0.366536 0.317130 0.366198 0.313796 0.366328 0.311435 0.366594 0.314042 0.367240 0.316046 0.367766 0.316694 0.369112 0.321449 0.370409 0.325287 0.370680 0.326056 0.371490 0.328264 0.372299 0.330185 0.373594 0.334792 0.374557 0.338148 0.375104 0.340185 0.376133 0.343241 0.376620 0.345065 0.377414 0.347727
8 0.385760 0.237440 0.384734 0.243681 0.383911 0.249093 0.383661 0.250648 0.383401 0.252856 0.381997 0.263704 0.380849 0.271532 0.380435 0.277537 0.378555 0.292060 0.377461 0.304255 0.377130 0.307792 0.376477 0.314398 0.376419 0.318750 0.376310 0.323741 0.376518 0.327380 0.377005 0.329722 0.376799 0.333116 0.376396 0.337130 0.376315 0.341005 0.376133 0.343241 0.376620 0.345065 0.377661 0.340065 0.377768 0.336801 0.377984 0.330463 0.378146 0.326046 0.378417 0.320861 0.378607 0.317440 0.378685 0.310745 0.379049 0.307880 0.380427 0.293662 0.381174 0.286361 0.381969 0.278894 0.382052 0.277259 0.382706 0.271153 0.384029 0.264560 0.384945 0.256685 0.385625 0.249843 0.386464 0.246176 0.387219 0.241472 0.387758 0.238495 0.387273 0.237630
16 0.385313 0.229194 0.385711 0.219319 0.387086 0.206981 0.388674 0.197731 0.390555 0.192333 0.391784 0.188347 0.395904 0.182310 0.398870 0.179736 0.402049 0.180380 0.403857 0.181407 0.406388 0.181921 0.410073 0.181921 0.412169 0.180894 0.414844 0.180764 0.415641 0.181537 0.417810 0.181792 0.418099 0.183463 0.417013 0.187833 0.415424 0.194903 0.410763 0.210102 0.407417 0.213222 0.401898 0.217981 0.396964 0.221847 0.391443 0.227051 0.387240 0.229815
6 0.391023 0.230324 0.396667 0.231111 0.401719 0.232083 0.402786 0.232407 0.403529 0.232542 0.407029 0.233431 0.410776 0.234097 0.415964 0.234431 0.418021 0.235000 0.424711 0.236319 0.427333 0.236875 0.429458 0.237319 0.429083 0.239431 0.428708 0.241875 0.428333 0.243542 0.424336 0.242875 0.420711 0.241986 0.415839 0.240875 0.413464 0.240542 0.411089 0.240097 0.408125 0.239444 0.402604 0.238333 0.401797 0.237963 0.400729 0.237685 0.394349 0.236574 0.390052 0.235648 0.386172 0.234634 0.388096 0.232704
5 0.464346 0.218083 0.464940 0.218468 0.465781 0.220704 0.466388 0.222366 0.466479 0.224440 0.466948 0.226597 0.467367 0.228088 0.467599 0.230995 0.468299 0.234810 0.468581 0.236884 0.469419 0.240454 0.469935 0.243356 0.470495 0.245847 0.471193 0.249000 0.471380 0.250491 0.470820 0.251074 0.468802 0.252917 0.467646 0.253398 0.466562 0.254398 0.464297 0.256065 0.460740 0.258375 0.458313 0.260366 0.455781 0.255046 0.453698 0.250741 0.451727 0.246852 0.455164 0.239185 0.458474 0.231079 0.461474 0.223412 0.462536 0.221190
5 0.382052 0.277259 0.383826 0.278088 0.386487 0.279083 0.388633 0.279829 0.390547 0.280829 0.393534 0.281907 0.396099 0.282653 0.397081 0.283731 0.399227 0.285722 0.400768 0.286551 0.402586 0.287218 0.405901 0.287630 0.408188 0.287463 0.410242 0.286801 0.413182 0.285972 0.415234 0.285556 0.416729 0.285556 0.420089 0.286468 0.422935 0.288625 0.426716 0.289125 0.432284 0.288981 0.435958 0.288894 0.438156 0.288454 0.438156 0.287583 0.438099 0.286250 0.437995 0.285139 0.437740 0.282185 0.437576 0.279963 0.437143 0.278037 0.436927 0.276222 0.437362 0.274778 0.437628 0.273625 0.437031 0.271667 0.436354 0.270463 0.435688 0.269884 0.431589 0.270093 0.430599 0.270093 0.429422 0.270264 0.422240 0.271519 0.415964 0.273755 0.411526 0.274972 0.405779 0.277194 0.400844 0.280083 0.398219 0.281194 0.396844 0.279528 0.394284 0.276306 0.392643 0.275097 0.391417 0.274454 0.387885 0.272894 0.385971 0.271981 0.383919 0.271731 0.382706 0.271153
8 0.438063 0.309417 0.440677 0.306528 0.442969 0.304213 0.445365 0.302037 0.447122 0.300532 0.449060 0.299088 0.451745 0.296866 0.454661 0.294583 0.458047 0.291759 0.459805 0.290093 0.462430 0.287759 0.464617 0.286093 0.465208 0.285292 0.465677 0.284051 0.466284 0.283806 0.466427 0.285125 0.465958 0.286370 0.466003 0.290102 0.464654 0.290690 0.461979 0.291944 0.458828 0.293981 0.454062 0.298056 0.449531 0.301389 0.445935 0.304463 0.443742 0.306208 0.441643 0.308606 0.439729 0.310106 0.438094 0.310519
8 0.466427 0.285125 0.465958 0.286370 0.466003 0.290102 0.466948 0.296708 0.467180 0.299194 0.467414 0.301106 0.467599 0.302347 0.467740 0.303097 0.467927 0.305005 0.468161 0.307079 0.468206 0.307824 0.468440 0.309653 0.468768 0.312968 0.469419 0.317699 0.469888 0.320106 0.470495 0.320602 0.470961 0.319773 0.471193 0.318278 0.470727 0.313884 0.470026 0.310231 0.469792 0.308056 0.469654 0.305667 0.469328 0.302681 0.469188 0.301852 0.468906 0.298866 0.468674 0.297037 0.468125 0.293056 0.467500 0.286667 0.466284 0.283806
7 0.473214 0.356546 0.465091 0.357102 0.453281 0.358102 0.441286 0.358991 0.437708 0.359444 0.436911 0.355949 0.436474 0.351194 0.435539 0.341685 0.437344 0.340009 0.438211 0.339111 0.438576 0.336412 0.438255 0.331806 0.438307 0.324861 0.438430 0.314171 0.438094 0.310519 0.440237 0.310319 0.444211 0.309940 0.452745 0.308519 0.457732 0.308264 0.459453 0.308046 0.462990 0.308269 0.468161 0.307079 0.468206 0.307824 0.468440 0.309653 0.468768 0.312968 0.469419 0.317699 0.469888 0.320106 0.470495 0.320602 0.470961 0.319773 0.471276 0.320588 0.471760 0.320245 0.471635 0.320370 0.472089 0.319245 0.472841 0.316139 0.474560 0.310088 0.475102 0.308051 0.477497 0.307843 0.478656 0.310185 0.478906 0.311852 0.478156 0.315407 0.477031 0.320625 0.475844 0.326847 0.474656 0.334843 0.474531 0.339620 0.474781 0.344287 0.474661 0.348056 0.474156 0.352171
8 0.489401 0.273704 0.489922 0.270463 0.490156 0.268750 0.490469 0.266204 0.491094 0.261528 0.491536 0.257963 0.492292 0.251574 0.494177 0.249093 0.494630 0.247537 0.494299 0.246361 0.493544 0.246468 0.492549 0.247593 0.493034 0.245449 0.493154 0.244380 0.493245 0.242773 0.493365 0.241968 0.493576 0.240412 0.493755 0.239398 0.493997 0.238912 0.495081 0.238912 0.495685 0.240255 0.495625 0.242773 0.495414 0.245449 0.494719 0.250056 0.493776 0.256852 0.493073 0.261852 0.492378 0.267102 0.491406 0.272995
8 0.467578 0.275847 0.470234 0.272421 0.472240 0.270231 0.473021 0.269319 0.474453 0.267792 0.475599 0.266403 0.477083 0.264829 0.478568 0.263301 0.480286 0.261125 0.482812 0.258380 0.485234 0.255741 0.486406 0.254444 0.488854 0.252037 0.490156 0.250431 0.492549 0.247593 0.493544 0.246468 0.494299 0.246361 0.494630 0.247537 0.494177 0.249093 0.492292 0.251574 0.490000 0.254181 0.487005 0.257375 0.481120 0.263856 0.479271 0.266125 0.478073 0.267653 0.475156 0.270741 0.474193 0.272037 0.473802 0.272176 0.472708 0.273426 0.471849 0.273981 0.470703 0.275185 0.468542 0.277500 0.467370 0.279106 0.466656 0.277199
5 0.443885 0.191574 0.445151 0.188097 0.445479 0.180134 0.444919 0.169597 0.444031 0.150597 0.443797 0.142630 0.443984 0.141801 0.444732 0.141718 0.445432 0.142051 0.446177 0.140972 0.446971 0.140472 0.448091 0.141551 0.448979 0.141718 0.449771 0.140806 0.451497 0.139727 0.452620 0.139310 0.453878 0.138565 0.455326 0.137653 0.457005 0.137069 0.458125 0.137486 0.458638 0.139310 0.458313 0.145699 0.457987 0.155407 0.457333 0.170093 0.457013 0.177449 0.456826 0.182227 0.454826 0.192667 0.453513 0.202000 0.454951 0.206329 0.457917 0.212500 0.458523 0.218306 0.459193 0.223009 0.458779 0.222944 0.457427 0.223528 0.455234 0.224907 0.452604 0.226574 0.450911 0.228148 0.449531 0.228565 0.448419 0.222366 0.447396 0.218593 0.447664 0.217250 0.448307 0.214861 0.448422 0.212352 0.447396 0.212449 0.446315 0.214560 0.445805 0.208759 0.445664 0.206352 0.445836 0.204810 0.446414 0.202625 0.445620 0.198644 0.444464 0.193759
5 0.479539 0.205111 0.480341 0.182292 0.480669 0.177727 0.482021 0.177227 0.483841 0.178389 0.485148 0.186769 0.486969 0.197389 0.487857 0.205023 0.488789 0.207847 0.488276 0.231574 0.488323 0.235972 0.487948 0.240949 0.487763 0.245514 0.487250 0.250407 0.486406 0.254444 0.485234 0.255741 0.482812 0.258380 0.480286 0.261125 0.478568 0.263301 0.477083 0.264829 0.475599 0.266403 0.474453 0.267792 0.474062 0.263102 0.473667 0.258625 0.473294 0.254310 0.473107 0.249662 0.473388 0.246926 0.474617 0.246060 0.475667 0.245773 0.476794 0.246347 0.477724 0.247565 0.478409 0.248713 0.478732 0.247852 0.477885 0.245199 0.477240 0.243551 0.476432 0.241468 0.476232 0.238384 0.476552 0.234440 0.477036 0.231069 0.477359 0.229208 0.478771 0.224690 0.479578 0.218306 0.479578 0.212213
8 0.378685 0.310745 0.381315 0.315051 0.385896 0.323403 0.390581 0.331190 0.391096 0.332019 0.391305 0.332574 0.392581 0.334843 0.393776 0.337176 0.398031 0.345037 0.402745 0.353319 0.405448 0.358556 0.410828 0.368296 0.412742 0.372116 0.414419 0.376074 0.417391 0.382505 0.419656 0.387306 0.422760 0.394306 0.425747 0.400824 0.428570 0.407926 0.431031 0.413593 0.433049 0.418468 0.434500 0.422625 0.435268 0.422625 0.435427 0.419972 0.435146 0.418611 0.434258 0.416819 0.426878 0.399676 0.422198 0.387199 0.421714 0.386912 0.421148 0.386343 0.419052 0.381319 0.415906 0.374866 0.413161 0.369130 0.405943 0.355579 0.401344 0.347690 0.397430 0.340444 0.394703 0.335264 0.392857 0.332347 0.391427 0.329560 0.387906 0.322931 0.384070 0.316296 0.381771 0.312315 0.380391 0.309907 0.379049 0.307880
5 0.394703 0.335264 0.396781 0.329069 0.399281 0.323069 0.402779 0.318069 0.406091 0.316296 0.408805 0.315481 0.409411 0.315069 0.410018 0.310755 0.410250 0.308181 0.410297 0.306273 0.410018 0.303620 0.411776 0.299190 0.414151 0.295412 0.416401 0.291968 0.419023 0.288639 0.420089 0.286468 0.422935 0.288625 0.426716 0.289125 0.432284 0.288981 0.432385 0.290019 0.439362 0.291380 0.439268 0.291968 0.438706 0.292412 0.438518 0.296412 0.438831 0.302523 0.438643 0.306741 0.438063 0.309417 0.438094 0.310519 0.438430 0.314171 0.438307 0.324861 0.438255 0.331806 0.438576 0.336412 0.438211 0.339111 0.437344 0.340009 0.435539 0.341685 0.433958 0.343176 0.432458 0.346616 0.430771 0.350838 0.427958 0.357394 0.425773 0.362944 0.423273 0.366833 0.421211 0.370389 0.419711 0.371611 0.417776 0.373500 0.415906 0.374866 0.413161 0.369130 0.405943 0.355579 0.401344 0.347690 0.397430 0.340444
5 0.492768 0.303593 0.496169 0.307625 0.497951 0.309736 0.502164 0.315403 0.503729 0.318759 0.505458 0.321736 0.506159 0.323847 0.506591 0.327019 0.506536 0.330282 0.505674 0.332778 0.504810 0.335560 0.504161 0.337384 0.502974 0.338921 0.502271 0.340074 0.501385 0.341870 0.500458 0.343662 0.499974 0.341009 0.498880 0.331824 0.497427 0.322787 0.495737 0.310704 0.495414 0.308843 0.494083 0.307838 0.490534 0.308194
6 0.480130 0.306759 0.480807 0.305556 0.481901 0.303519 0.482865 0.301806 0.483763 0.299421 0.484609 0.297407 0.485026 0.296019 0.486737 0.294000 0.487924 0.291954 0.488411 0.291148 0.489422 0.291148 0.490432 0.289847 0.490539 0.288856 0.491646 0.287282 0.493453 0.284468 0.494188 0.284569 0.494810 0.285472 0.495883 0.285773 0.496448 0.288287 0.496109 0.290194 0.496391 0.291903 0.496562 0.294412 0.495714 0.295921 0.495091 0.297227 0.494133 0.299838 0.492768 0.303593 0.490534 0.308194 0.488477 0.313218 0.486094 0.319306 0.483826 0.314403 0.482516 0.311972
5 0.415906 0.374866 0.418281 0.376384 0.422841 0.377606 0.428654 0.379718 0.426716 0.370833 0.426654 0.368611 0.428029 0.367833 0.428466 0.368833 0.429529 0.375940 0.430526 0.375051 0.431214 0.376384 0.432276 0.380384 0.438398 0.383162 0.440148 0.384495 0.441273 0.385037 0.443273 0.384829 0.446352 0.385167 0.448010 0.385514 0.450893 0.385690 0.455206 0.385606 0.460143 0.383940 0.467578 0.380606 0.469328 0.379940 0.473214 0.356546 0.465091 0.357102 0.453281 0.358102 0.441286 0.358991 0.437708 0.359444 0.436911 0.355949 0.436474 0.351194 0.435539 0.341685 0.433958 0.343176 0.432458 0.346616 0.430771 0.350838 0.427958 0.357394 0.425773 0.362944 0.423273 0.366833 0.421211 0.370389 0.419711 0.371611 0.417776 0.373500
8 0.392581 0.334843 0.391849 0.340694 0.391536 0.342639 0.390755 0.349630 0.390052 0.356852 0.389505 0.361250 0.389036 0.364444 0.388828 0.365926 0.388724 0.367639 0.388568 0.368657 0.388333 0.370185 0.387943 0.373565 0.386927 0.366435 0.387500 0.362870 0.387734 0.361528 0.388151 0.357407 0.388802 0.351667 0.389453 0.345787 0.389792 0.343889 0.389974 0.341204 0.390130 0.338241 0.390286 0.335556 0.390599 0.333519 0.391096 0.332019 0.391305 0.332574
8 0.379031 0.385741 0.381560 0.391704 0.382083 0.393639 0.382771 0.395074 0.383125 0.396019 0.383898 0.397296 0.384828 0.397366 0.385674 0.397796 0.387086 0.398014 0.388701 0.398657 0.389909 0.399162 0.392813 0.400306 0.394549 0.401023 0.397885 0.403014 0.400234 0.404032 0.403583 0.406116 0.405721 0.407477 0.407940 0.408912 0.409836 0.410134 0.412297 0.411495 0.416047 0.414218 0.419677 0.416731 0.421977 0.418236 0.420208 0.415787 0.416354 0.411759 0.414112 0.409486 0.412862 0.408338 0.407820 0.405255 0.403141 0.402315 0.398997 0.400611 0.397357 0.399546 0.395596 0.398657 0.394023 0.397796 0.392693 0.397009 0.391232 0.396435 0.389154 0.395634 0.386878 0.394829 0.385430 0.394389 0.384701 0.394111 0.383971 0.391843 0.382932 0.389407 0.382125 0.388190 0.381599 0.386468 0.380995 0.384676 0.379302 0.383815 0.378190 0.383250
8 0.389862 0.405384 0.392365 0.408042 0.395083 0.410829 0.396932 0.412625 0.398953 0.414611 0.400940 0.415972 0.402406 0.417273 0.403490 0.417824 0.405404 0.418949 0.406589 0.419815 0.407878 0.421301 0.409169 0.422296 0.410911 0.423472 0.412167 0.424588 0.414258 0.426074 0.414885 0.426569 0.415932 0.427255 0.417151 0.428370 0.419104 0.429792 0.419872 0.430292 0.419594 0.428306 0.420010 0.427375 0.419104 0.426259 0.417570 0.425144 0.416419 0.424278 0.414711 0.423287 0.412096 0.421301 0.410781 0.420463 0.409245 0.419259 0.408401 0.418454 0.407635 0.417833 0.405057 0.416245 0.402013 0.414157 0.399513 0.411884 0.397419 0.409963 0.395536 0.408042 0.393029 0.405745 0.391911 0.404384 0.390518 0.403269 0.389576 0.402463 0.388182 0.401347 0.386359 0.400236 0.388013 0.404468 0.388716 0.404366
8 0.433880 0.433102 0.433060 0.431667 0.431526 0.429806 0.430620 0.429000 0.429505 0.427759 0.427971 0.425963 0.426854 0.424662 0.425565 0.422991 0.424448 0.421750 0.423055 0.419644 0.421977 0.418236 0.420208 0.415787 0.416354 0.411759 0.414112 0.409486 0.412862 0.408338 0.408307 0.403472 0.405328 0.400620 0.400471 0.396889 0.398086 0.395750 0.396159 0.394639 0.389297 0.389491 0.387195 0.388620 0.386336 0.388296 0.385508 0.387583 0.384206 0.387120 0.380995 0.384676 0.379302 0.383815 0.378190 0.383250 0.375206 0.381676 0.371023 0.379468 0.367242 0.378968 0.362992 0.379468 0.359404 0.380213 0.355385 0.382449 0.350721 0.386106 0.346661 0.389838 0.339893 0.397880 0.329089 0.410046 0.321404 0.418491 0.314216 0.425264 0.310469 0.428486 0.306969 0.430704 0.301099 0.434597 0.296349 0.436815 0.293164 0.438370 0.287477 0.440264 0.282729 0.441481 0.273982 0.441921 0.273732 0.440148 0.274354 0.438819 0.276482 0.439032 0.281854 0.438148 0.286352 0.437375 0.288789 0.436481 0.293349 0.434597 0.299599 0.432148 0.302971 0.429819 0.307781 0.426486 0.312594 0.422153 0.317716 0.417380 0.322466 0.412042 0.328341 0.405602 0.333214 0.399606 0.337333 0.395384 0.344583 0.387389 0.350956 0.381167 0.355641 0.377394 0.358766 0.375838 0.363453 0.375278 0.366766 0.375389 0.370576 0.375611 0.372448 0.376944 0.376224 0.378657 0.377240 0.379213 0.378297 0.379713 0.381237 0.381519 0.385714 0.384389 0.387909 0.385718 0.388505 0.386259 0.389617 0.386870 0.396250 0.391250 0.397708 0.392130 0.401953 0.395000 0.403021 0.396620 0.404974 0.397917 0.408109 0.400264 0.410167 0.402199 0.411862 0.403995 0.412385 0.404352 0.415047 0.407292 0.415654 0.407940 0.417023 0.409514 0.418935 0.411380 0.422245 0.415380 0.425365 0.418935 0.429117 0.423380 0.430680 0.424931 0.433305 0.428264 0.434802 0.430375 0.436055 0.432037 0.436680 0.432931
5 0.473568 0.388843 0.476422 0.387477 0.477682 0.387065 0.478896 0.386898 0.480247 0.387065 0.479734 0.388806 0.479734 0.391213 0.479828 0.395690 0.480294 0.402329 0.480388 0.404153 0.480854 0.409051 0.480948 0.415273 0.481276 0.418343 0.481836 0.420583 0.483003 0.427884 0.483982 0.439417 0.480948 0.436681 0.477167 0.433528 0.473013 0.431616 0.469833 0.430931 0.470174 0.428218 0.471643 0.410542 0.471755 0.402102 0.472604 0.394569
7 0.478698 0.356157 0.479323 0.349940 0.479844 0.346065 0.479297 0.342407 0.479323 0.339278 0.480510 0.335167 0.482385 0.329167 0.484531 0.323056 0.485635 0.325282 0.487917 0.330093 0.490190 0.335120 0.492917 0.341157 0.495693 0.346653 0.497844 0.351463 0.498490 0.353796 0.496250 0.353796 0.494844 0.353889 0.494245 0.354037 0.492240 0.354204 0.491445 0.354370 0.489346 0.354616 0.487664 0.354861 0.486359 0.355116 0.484354 0.355616 0.483560 0.355616 0.482203 0.355782 0.479872 0.355935
6 0.434216 0.188968 0.434927 0.193532 0.436016 0.194574 0.437102 0.200227 0.438552 0.209435 0.440732 0.219611 0.443052 0.230329 0.443797 0.232986 0.445172 0.239185 0.445875 0.242259 0.446737 0.243889 0.448016 0.246315 0.448891 0.248093 0.450010 0.249931 0.450260 0.251019 0.452120 0.253810 0.454865 0.259833 0.455630 0.261769 0.459969 0.270551 0.460685 0.271894 0.463997 0.279968 0.464721 0.280611 0.465115 0.281949 0.466284 0.283806 0.467500 0.286667 0.472359 0.297125 0.472901 0.297819 0.473112 0.298676 0.473906 0.300787 0.474818 0.302731 0.475010 0.303444 0.475583 0.304194 0.475826 0.305106 0.477497 0.307843 0.478656 0.310185 0.478906 0.311852 0.481396 0.316694 0.481956 0.317560 0.483292 0.320000 0.484531 0.323056 0.485635 0.325282 0.487917 0.330093 0.490190 0.335120 0.492917 0.341157 0.495693 0.346653 0.497844 0.351463 0.498490 0.353796 0.499474 0.356301 0.499844 0.357222 0.500844 0.358380 0.502169 0.356889 0.502680 0.355444 0.502560 0.354532 0.501797 0.352824 0.501234 0.351852 0.500776 0.351185 0.496781 0.342579 0.493273 0.334907 0.488646 0.324491 0.487021 0.321282 0.486094 0.319306 0.483826 0.314403 0.482516 0.311972 0.480130 0.306759 0.477995 0.302917 0.475078 0.296065 0.474482 0.294694 0.472997 0.291685 0.472164 0.289926 0.470633 0.286718 0.469909 0.284500 0.468008 0.280583 0.467370 0.279106 0.466656 0.277199 0.465771 0.276120 0.462310 0.268051 0.461508 0.266690 0.458313 0.260366 0.455781 0.255046 0.453698 0.250741 0.451727 0.246852 0.450547 0.244722 0.449680 0.243171 0.448250 0.239606 0.447727 0.238023 0.446148 0.232074 0.445078 0.228102 0.444260 0.225245 0.443005 0.218671 0.441904 0.213065 0.439818 0.204167 0.438391 0.198065 0.437089 0.193759 0.436914 0.191704 0.435987 0.187903 0.435742 0.187116 0.434857 0.186829 0.434253 0.187838
6 0.478906 0.311852 0.478156 0.315407 0.477031 0.320625 0.475844 0.326847 0.474656 0.334843 0.474531 0.339620 0.474781 0.344287 0.474661 0.348056 0.474156 0.352171 0.473214 0.356546 0.469328 0.379940 0.467518 0.389847 0.465708 0.397181 0.463448 0.409435 0.461745 0.417222 0.460971 0.420852 0.460253 0.424569 0.459729 0.428292 0.464409 0.429926 0.466331 0.418273 0.467969 0.403407 0.468422 0.403509 0.467742 0.414056 0.467008 0.421389 0.466049 0.430630 0.469833 0.430931 0.470174 0.428218 0.471643 0.410542 0.471755 0.402102 0.472604 0.394569 0.473568 0.388843 0.474466 0.385278 0.474844 0.382782 0.475385 0.379421 0.475708 0.377130 0.478698 0.356157 0.479323 0.349940 0.479844 0.346065 0.479297 0.342407 0.479323 0.339278 0.480510 0.335167 0.482385 0.329167 0.484531 0.323056
5 0.507643 0.346903 0.508661 0.349463 0.508943 0.351546 0.509266 0.355491 0.509549 0.358500 0.509469 0.361296 0.510034 0.363306 0.510276 0.364667 0.509831 0.365815 0.509388 0.366889 0.509227 0.368398 0.508984 0.369259 0.508865 0.371051 0.508865 0.372556 0.509227 0.373917 0.510437 0.374778 0.510880 0.376356 0.511445 0.377287 0.510680 0.378222 0.510154 0.381306 0.509469 0.384245 0.507865 0.391852 0.507812 0.388287 0.507703 0.379551 0.507526 0.374167 0.507422 0.369583 0.507370 0.363426 0.507318 0.358106 0.507505 0.356361 0.507737 0.352051
5 0.508943 0.351546 0.509427 0.350231 0.510417 0.347824 0.511068 0.345926 0.511380 0.344028 0.511406 0.342639 0.511328 0.339815 0.511536 0.338750 0.511745 0.338704 0.512214 0.339074 0.512500 0.338981 0.513333 0.337593 0.513854 0.337685 0.514193 0.338333 0.514401 0.340139 0.514922 0.342593 0.515208 0.343981 0.515365 0.345602 0.515651 0.347407 0.516224 0.348287 0.516979 0.347593 0.517448 0.347176 0.517969 0.347176 0.518125 0.347963 0.518021 0.348472 0.517682 0.349306 0.517474 0.350231 0.517292 0.351250 0.517057 0.352176 0.516719 0.353426 0.515677 0.355046 0.515026 0.356019 0.514766 0.356481 0.513724 0.357917 0.513229 0.358102 0.512760 0.359120 0.512422 0.360370 0.513125 0.361991 0.514583 0.366528 0.516484 0.373935 0.517891 0.377963 0.518151 0.380046 0.517891 0.382176 0.518542 0.384259 0.518750 0.385833 0.517552 0.388981 0.516484 0.391481 0.515677 0.394537 0.515339 0.396481 0.514740 0.400602 0.513828 0.403843 0.513229 0.406065 0.511849 0.412407 0.510208 0.417593 0.509193 0.421435 0.507682 0.429491 0.506484 0.434861 0.505885 0.436713 0.504479 0.441991 0.502604 0.448426 0.500651 0.455324 0.493255 0.449583 0.494922 0.443333 0.498021 0.434028 0.498776 0.431204 0.499583 0.427778 0.500651 0.423148 0.501901 0.417037 0.503203 0.410972 0.504714 0.406065 0.505625 0.402500 0.506815 0.396569 0.507865 0.391852 0.509469 0.384245 0.510154 0.381306 0.510680 0.378222 0.511445 0.377287 0.510880 0.376356 0.510437 0.374778 0.509227 0.373917 0.508865 0.372556 0.508865 0.371051 0.508984 0.369259 0.509227 0.368398 0.509388 0.366889 0.509831 0.365815 0.510276 0.364667 0.510034 0.363306 0.509469 0.361296 0.509549 0.358500 0.509266 0.355491
6 0.510000 0.462574 0.513128 0.460333 0.514576 0.459171 0.514901 0.457847 0.514807 0.453861 0.514760 0.451704 0.514247 0.449384 0.515206 0.444727 0.515437 0.440579 0.515672 0.438921 0.516044 0.436014 0.516091 0.433278 0.516138 0.430542 0.516232 0.428051 0.516279 0.426639 0.516326 0.423403 0.516419 0.421662 0.516510 0.420083 0.516604 0.418759 0.517211 0.416764 0.518005 0.415440 0.518753 0.414528 0.519919 0.414690 0.520711 0.416519 0.521227 0.418343 0.521271 0.420250 0.521271 0.422991 0.521505 0.426389 0.521180 0.435102 0.520945 0.443648 0.520013 0.445556 0.519638 0.448958 0.519779 0.451116 0.520104 0.454019 0.519078 0.462398 0.518331 0.465472 0.516693 0.466713 0.514784 0.467792
8 0.488383 0.516120 0.488469 0.513444 0.488635 0.511065 0.488385 0.504074 0.488299 0.501398 0.488299 0.499171 0.488216 0.496792 0.488133 0.493815 0.487799 0.490097 0.487799 0.488019 0.487464 0.480583 0.487135 0.471111 0.487047 0.458870 0.487047 0.457681 0.487130 0.455454 0.487047 0.449505 0.486719 0.445278 0.486589 0.441250 0.486461 0.433593 0.486224 0.429028 0.486042 0.424227 0.485708 0.415898 0.485708 0.413667 0.486544 0.413519 0.487214 0.414412 0.487716 0.416343 0.488133 0.429727 0.488333 0.435231 0.488552 0.438796 0.488635 0.443852 0.488719 0.450097 0.488724 0.452963 0.488635 0.455750 0.488490 0.459620 0.488818 0.465593 0.489237 0.486338 0.489490 0.489917 0.489388 0.493370 0.489807 0.504819 0.489807 0.511509 0.489807 0.516866
5 0.393776 0.337176 0.391849 0.340694 0.391536 0.342639 0.390755 0.349630 0.390052 0.356852 0.389505 0.361250 0.389036 0.364444 0.392318 0.369583 0.394896 0.372593 0.397526 0.375741 0.398906 0.376713 0.400443 0.377917 0.402656 0.379630 0.404219 0.381713 0.405000 0.382500 0.406276 0.382639 0.407422 0.381713 0.408359 0.381528 0.410195 0.378796 0.410195 0.378796 0.411445 0.378222 0.412615 0.377505 0.413622 0.376713 0.414419 0.376074 0.412742 0.372116 0.410828 0.368296 0.405448 0.358556 0.402745 0.353319 0.398031 0.345037
8 0.540690 0.515491 0.543870 0.513176 0.547268 0.509833 0.551388 0.505463 0.553411 0.502639 0.556232 0.499810 0.556719 0.499259 0.557005 0.498796 0.558240 0.497472 0.560469 0.495417 0.561508 0.493514 0.560786 0.492097 0.559846 0.491843 0.558073 0.493843 0.554630 0.497829 0.549945 0.502292 0.543589 0.508833 0.538987 0.513148
5 0.571052 0.530236 0.571750 0.531287 0.573109 0.532588 0.574190 0.533704 0.574260 0.534449 0.572099 0.536125 0.570216 0.537361 0.569555 0.538602 0.568542 0.540463 0.566286 0.544616 0.564599 0.547727 0.558536 0.543505 0.553789 0.540282 0.551979 0.539949 0.551352 0.534727 0.564034 0.538727 0.566161 0.538287 0.566661 0.536731 0.566286 0.535176 0.565411 0.534727 0.558789 0.533620 0.551148 0.531282 0.552586 0.528722 0.554549 0.524542 0.556771 0.520472 0.559914 0.520847 0.558471 0.517449 0.560367 0.513731 0.563724 0.509352 0.564891 0.512389 0.565901 0.515116 0.566786 0.517625 0.567755 0.521569 0.568682 0.524583 0.569370 0.527306 0.570135 0.529745 0.570820 0.530176
5 0.555208 0.566713 0.555977 0.564597 0.557430 0.562014 0.558398 0.559431 0.559164 0.557713 0.560294 0.555347 0.562391 0.550611 0.563682 0.548319 0.564599 0.547727 0.566286 0.544616 0.568542 0.540463 0.569555 0.538602 0.570216 0.537361 0.572099 0.536125 0.574260 0.534449 0.576750 0.532685 0.579453 0.531037 0.580906 0.529602 0.581914 0.529458 0.582479 0.530102 0.582318 0.530963 0.580865 0.531468 0.579734 0.532255 0.579453 0.532972 0.581229 0.532468 0.582076 0.531898 0.582760 0.531824 0.583125 0.532398 0.582883 0.533329 0.580945 0.536486 0.579091 0.538852 0.577396 0.541005 0.575823 0.544157 0.574451 0.545380 0.573766 0.546810 0.573404 0.548606 0.572474 0.551759 0.570781 0.556134 0.568482 0.561227 0.566464 0.565528 0.564852 0.568755 0.563510 0.571769
8 0.488635 0.443852 0.489922 0.444167 0.491557 0.446352 0.493255 0.449583 0.500651 0.455324 0.501953 0.456134 0.503654 0.458093 0.510000 0.462574 0.514784 0.467792 0.516776 0.470060 0.519089 0.473273 0.519687 0.474074 0.521112 0.477000 0.522341 0.478926 0.523281 0.481241 0.524076 0.484324 0.524089 0.486620 0.523359 0.487037 0.522630 0.485736 0.521979 0.483296 0.521331 0.480981 0.519883 0.479181 0.517786 0.475583 0.516198 0.473398 0.514534 0.471602 0.510341 0.468644 0.507708 0.466250 0.505424 0.464273 0.504268 0.462602 0.503328 0.460162 0.500081 0.457528 0.498406 0.456102 0.492583 0.451639 0.488719 0.450097
8 0.505424 0.464273 0.502099 0.462861 0.498930 0.460940 0.490596 0.456662 0.488635 0.455750 0.488490 0.459620 0.489750 0.459537 0.493065 0.460949 0.498617 0.463602 0.503211 0.466468 0.504115 0.467222 0.507289 0.470296 0.509010 0.471991 0.509638 0.472477 0.510448 0.473042 0.511797 0.473810 0.513362 0.474685 0.514336 0.475347 0.515417 0.475694 0.516797 0.476806 0.519883 0.479181 0.517786 0.475583 0.516198 0.473398 0.514534 0.471602 0.510341 0.468644 0.507708 0.466250
8 0.525443 0.525463 0.530065 0.527032 0.534359 0.528694 0.537625 0.529690 0.542898 0.531264 0.547286 0.532843 0.549948 0.533921 0.551352 0.534727 0.564034 0.538727 0.566161 0.538287 0.566661 0.536731 0.566286 0.535176 0.565411 0.534727 0.558789 0.533620 0.551148 0.531282 0.549695 0.530292 0.544813 0.529356 0.539586 0.527366 0.529646 0.523963 0.525911 0.522884 0.524687 0.525046
5 0.496909 0.517537 0.500224 0.515046 0.502276 0.514218 0.503771 0.513551 0.505143 0.512745 0.508089 0.511079 0.509815 0.510912 0.512497 0.509778 0.519732 0.507213 0.521224 0.507222 0.523385 0.506991 0.524714 0.507269 0.525206 0.508889 0.525628 0.510282 0.526016 0.511338 0.522776 0.513546 0.522578 0.511227 0.522253 0.511227 0.518240 0.511477 0.515813 0.511644 0.512872 0.512389 0.510948 0.513644 0.510005 0.513824 0.508471 0.514505 0.506901 0.515500 0.504810 0.516431 0.502651 0.517486 0.501674 0.517981
8 0.501953 0.456134 0.502870 0.453736 0.507461 0.437704 0.510107 0.429352 0.511419 0.424056 0.512500 0.420213 0.513146 0.415412 0.513229 0.406065 0.513828 0.403843 0.514740 0.400602 0.514768 0.405523 0.514768 0.409079 0.514813 0.413389 0.514266 0.418694 0.513471 0.423477 0.512284 0.427606 0.511401 0.429551 0.510047 0.434694 0.506500 0.447889 0.503654 0.457347 0.503654 0.458093
8 0.532333 0.461597 0.531846 0.455551 0.530875 0.443361 0.529487 0.435519 0.528740 0.430208 0.527318 0.423241 0.526615 0.418889 0.525312 0.411389 0.524633 0.407306 0.523372 0.401167 0.522813 0.398926 0.522253 0.396190 0.521458 0.393287 0.520805 0.390463 0.520151 0.387810 0.518151 0.380046 0.517891 0.377963 0.516484 0.373935 0.514583 0.366528 0.513125 0.361991 0.512422 0.360370 0.512760 0.359120 0.513229 0.358102 0.513724 0.357917 0.514878 0.361176 0.516279 0.366653 0.517586 0.370468 0.518612 0.373954 0.519313 0.376523 0.521133 0.382995 0.521875 0.387315 0.524352 0.397519 0.524974 0.400231 0.525753 0.405069 0.526826 0.409051 0.527667 0.413532 0.528880 0.422037 0.530372 0.430870 0.530620 0.434347 0.531674 0.441722 0.533943 0.460912 0.533081 0.461981
8 0.561346 0.499204 0.560469 0.495417 0.561508 0.493514 0.560786 0.492097 0.559846 0.491843 0.558385 0.489074 0.555130 0.482963 0.553961 0.482069 0.553961 0.480134 0.554294 0.478056 0.553208 0.468537 0.551768 0.457852 0.549789 0.442583 0.547302 0.423296 0.545552 0.409838 0.544026 0.394870 0.543914 0.391755 0.544703 0.391454 0.545156 0.391755 0.545552 0.394167 0.548997 0.420685 0.551880 0.443491 0.554083 0.461069 0.554763 0.467495 0.555893 0.478347 0.556232 0.480056 0.558492 0.483769 0.559948 0.485694 0.563068 0.491102 0.564990 0.494519 0.567193 0.498940 0.568016 0.500481 0.564943 0.500245 0.563635 0.499319 0.562393 0.498968
8 0.560706 0.470634 0.563242 0.461130 0.565188 0.453255 0.567995 0.442407 0.571234 0.429736 0.574427 0.417454 0.575232 0.413514 0.574690 0.411019 0.575339 0.408042 0.575878 0.407079 0.577984 0.405162 0.579120 0.403431 0.580253 0.402954 0.581008 0.404681 0.581224 0.406310 0.580956 0.407847 0.579930 0.409866 0.578633 0.411782 0.577445 0.415912 0.573664 0.430023 0.571667 0.437319 0.569292 0.448264 0.567130 0.457384 0.564214 0.468616 0.561893 0.475528 0.560255 0.482236 0.559948 0.485694 0.558492 0.483769 0.558516 0.478912
8 0.504448 0.541819 0.506570 0.539931 0.508383 0.538046 0.510445 0.536491 0.512258 0.535046 0.515193 0.532046 0.518818 0.528380 0.520818 0.526157 0.522003 0.524384 0.523747 0.522185 0.526555 0.518056 0.528716 0.515079 0.531091 0.510954 0.534188 0.505611 0.535893 0.503037 0.537148 0.500509 0.538151 0.499764 0.539156 0.500208 0.540076 0.501398 0.534052 0.511213 0.532299 0.513931 0.528034 0.519880 0.525911 0.522884 0.524687 0.525046 0.518818 0.531157 0.515005 0.535491 0.512320 0.538380 0.509195 0.540931 0.507195 0.542708 0.504260 0.544931
8 0.479911 0.606204 0.480229 0.610708 0.480479 0.616657 0.480313 0.622903 0.479227 0.632120 0.478388 0.636282 0.478724 0.639407 0.478891 0.641935 0.479141 0.647884 0.479727 0.651602 0.480146 0.656356 0.480648 0.662157 0.481148 0.670037 0.480898 0.673310 0.479979 0.673310 0.479643 0.671079 0.479057 0.666171 0.478724 0.660819 0.478221 0.654574 0.477635 0.647583 0.477302 0.642676 0.477219 0.640301 0.476966 0.637324 0.476883 0.635690 0.477385 0.631972 0.478138 0.625282 0.478891 0.619926 0.479057 0.615616 0.479227 0.612792 0.479227 0.609370 0.478891 0.606245
5 0.554974 0.567222 0.554091 0.568843 0.552865 0.571343 0.547362 0.583704 0.550349 0.579722 0.552076 0.578227 0.552914 0.577815 0.553615 0.579056 0.552867 0.580551 0.550487 0.584949 0.548201 0.589347 0.547547 0.590343 0.547828 0.591171 0.550721 0.588435 0.552914 0.586606 0.554362 0.585944 0.555247 0.586773 0.555576 0.588102 0.555341 0.589014 0.556135 0.589431 0.557674 0.585611 0.562063 0.575491 0.563229 0.572685 0.561633 0.571380 0.559102 0.569583
5 0.558398 0.559431 0.557891 0.559259 0.556693 0.559259 0.555443 0.559398 0.553201 0.560028 0.552328 0.558046 0.551875 0.557616 0.552120 0.555824 0.552456 0.552699 0.552622 0.548833 0.552120 0.542440 0.556224 0.544167 0.559841 0.546375 0.563682 0.548319 0.562391 0.550611 0.560294 0.555347 0.559164 0.557713
5 0.520180 0.618639 0.529354 0.649727 0.530799 0.655380 0.534372 0.652343 0.535432 0.651287 0.536359 0.650681 0.542227 0.645602 0.545773 0.642222 0.546409 0.641699 0.548339 0.640361 0.551687 0.637671 0.554224 0.635079 0.555234 0.632773 0.554945 0.627968 0.551956 0.621546 0.551146 0.621546 0.550391 0.620106 0.549687 0.617606 0.550013 0.614250 0.550661 0.610694 0.551354 0.604444 0.549643 0.606977 0.548635 0.609056 0.548273 0.610560 0.548232 0.612644 0.547143 0.610778 0.546174 0.608051 0.545247 0.605972 0.544279 0.603176 0.543151 0.600306 0.542253 0.598736 0.541229 0.596116 0.538604 0.592782 0.537315 0.590917 0.535141 0.591958 0.532214 0.592847 0.528951 0.592699 0.526693 0.591958 0.523346 0.589727 0.521841 0.588537 0.518997 0.585861 0.517073 0.583185 0.515151 0.579912 0.513896 0.576792 0.512727 0.578398 0.513089 0.580968 0.513521 0.583537 0.511643 0.587264 0.509401 0.590222 0.509237 0.593764 0.513089 0.596894 0.514841 0.600319 0.515768 0.602093 0.516099 0.605806 0.516099 0.607597 0.516099 0.611606 0.518117 0.619306 0.518492 0.616528 0.519242 0.612866 0.520242 0.611421 0.521242 0.611421 0.521992 0.612088 0.521867 0.613755 0.521055 0.616528
8 0.478424 0.603588 0.478516 0.601958 0.478409 0.598218 0.477891 0.594491 0.477549 0.590801 0.477477 0.586944 0.476320 0.569593 0.475708 0.563944 0.475115 0.558088 0.474198 0.551176 0.473440 0.546375 0.474359 0.544935 0.475331 0.547722 0.476034 0.551370 0.476573 0.555690 0.477112 0.562407 0.477544 0.565097 0.477948 0.567116 0.478956 0.586213 0.478896 0.590343 0.479596 0.596106 0.479922 0.600042 0.479870 0.603458
5 0.467255 0.608032 0.466961 0.611944 0.466151 0.616074 0.465232 0.622310 0.464854 0.626343 0.464586 0.630954 0.464422 0.634986 0.464596 0.639301 0.465432 0.632167 0.466854 0.628000 0.468193 0.623838 0.469281 0.621310 0.471706 0.617741 0.475385 0.612685 0.477393 0.610602 0.479227 0.609370 0.478891 0.606245 0.475302 0.606685 0.471578 0.607648
5 0.465232 0.610375 0.463570 0.623741 0.463279 0.632477 0.462701 0.643787 0.462052 0.652528 0.461833 0.660495 0.461471 0.668204 0.461039 0.669620 0.459305 0.673088 0.456846 0.672190 0.455328 0.672319 0.454750 0.674245 0.452508 0.666921 0.450268 0.659083 0.449328 0.654583 0.450122 0.652014 0.451062 0.649569 0.453232 0.642889 0.453810 0.639032 0.454245 0.636593 0.455833 0.632866 0.456557 0.631963 0.458654 0.625023 0.461182 0.619241 0.463859 0.613074
8 0.520607 0.649852 0.530086 0.666856 0.534622 0.675306 0.538943 0.683847 0.540156 0.686991 0.536130 0.680255 0.530326 0.671995 0.522583 0.660468 0.520102 0.656667 0.520534 0.653579
8 0.519813 0.643685 0.524005 0.649468 0.529427 0.659366 0.533979 0.669005 0.536221 0.672602 0.539620 0.680056 0.542148 0.685194 0.544464 0.689694 0.548005 0.697019 0.550753 0.702417 0.551474 0.703829 0.552003 0.705889 0.547260 0.699005 0.540156 0.686991 0.538943 0.683847 0.534622 0.675306 0.530086 0.666856 0.520607 0.649852
5 0.550753 0.702417 0.548005 0.697019 0.544464 0.689694 0.542148 0.685194 0.539620 0.680056 0.537388 0.672856 0.530799 0.655380 0.534372 0.652343 0.534260 0.652972 0.535307 0.653204 0.535961 0.652856 0.540003 0.662875 0.543234 0.673116 0.545185 0.678125 0.550857 0.693394 0.554794 0.703833 0.555003 0.707264 0.553745 0.709157 0.551711 0.709329 0.552487 0.707954 0.551474 0.703829
5 0.606656 0.687866 0.606823 0.683407 0.604898 0.682366 0.603979 0.680880 0.603643 0.678500 0.602807 0.673444 0.600130 0.668093 0.600883 0.667347 0.602807 0.670171 0.602641 0.663926 0.603310 0.657384 0.604229 0.652625 0.607073 0.649653 0.612260 0.648315 0.613096 0.649949 0.615354 0.650245 0.615018 0.676417 0.622547 0.668685 0.626060 0.665861 0.626979 0.665116 0.629070 0.666009 0.628904 0.667792 0.627984 0.667644 0.626396 0.672255 0.624638 0.679394 0.623133 0.681028 0.620122 0.681176 0.617279 0.682366 0.617026 0.686231 0.616107 0.693667 0.614768 0.694708 0.610503 0.696491 0.610503 0.692921 0.610419 0.691731 0.608997 0.691287 0.606487 0.692329
16 0.445815 0.641074 0.445255 0.633310 0.444919 0.625546 0.444807 0.616986 0.444583 0.607032 0.448151 0.611759 0.450630 0.615593 0.449846 0.618977 0.448727 0.623954 0.447047 0.634704
16 0.451638 0.620171 0.453193 0.627949 0.454245 0.636593 0.453810 0.639032 0.453232 0.642889 0.451062 0.649569 0.450122 0.652014 0.449328 0.654583 0.448279 0.651028 0.446935 0.646449 0.447607 0.640079 0.449174 0.629727 0.450406 0.623157
5 0.470938 0.456852 0.472318 0.467676 0.479008 0.476134 0.485701 0.483870 0.487799 0.488019 0.487464 0.480583 0.487135 0.471111 0.487047 0.458870 0.478755 0.457838
8 0.430680 0.424931 0.432401 0.425222 0.433589 0.426282 0.435370 0.427815 0.437799 0.428870 0.439529 0.429639 0.441927 0.430648 0.447198 0.433671 0.450706 0.435690 0.457836 0.439241 0.459346 0.440106 0.462964 0.442602 0.464044 0.443079 0.465341 0.443560 0.469174 0.446056 0.477112 0.450954 0.485000 0.454259 0.487130 0.455454 0.487047 0.457681 0.481594 0.455560 0.479273 0.454505 0.475547 0.452870 0.470026 0.449491 0.468852 0.448935 0.465125 0.446921 0.461344 0.444231 0.458299 0.442755 0.455167 0.440162 0.446096 0.435843 0.438320 0.431523 0.434802 0.430375 0.433305 0.428264
8 0.486719 0.445278 0.484440 0.442144 0.482005 0.440699 0.476693 0.436477 0.472945 0.434144 0.469633 0.432921 0.467633 0.432921 0.465698 0.432699 0.463505 0.431560 0.458266 0.430120 0.452112 0.427144 0.448602 0.426375 0.443904 0.425514 0.439961 0.425704 0.436042 0.425370 0.432401 0.425222 0.430680 0.424931 0.429117 0.423380 0.433049 0.423019 0.434500 0.422625 0.435268 0.422625 0.439151 0.422921 0.445576 0.423208 0.448815 0.424199 0.451641 0.425204 0.454703 0.426185 0.457997 0.427431 0.459729 0.428292 0.464409 0.429926 0.466049 0.430630 0.469833 0.430931 0.473013 0.431616 0.477167 0.433528 0.480948 0.436681 0.483982 0.439417 0.486589 0.441250
5 0.441927 0.430648 0.444773 0.429574 0.448893 0.428546 0.451641 0.428676 0.458266 0.430120 0.463505 0.431560 0.464076 0.434074 0.463786 0.436773 0.463714 0.439213 0.463208 0.439083 0.462964 0.442602 0.459346 0.440106 0.457836 0.439241 0.450706 0.435690 0.447198 0.433671
8 0.423469 0.441190 0.424641 0.446060 0.425607 0.448782 0.426568 0.452491 0.427648 0.455755 0.429214 0.461606 0.430615 0.466148 0.431552 0.469255 0.431990 0.471032 0.432490 0.473032 0.434115 0.478144 0.435049 0.480472 0.435102 0.482056 0.437370 0.484648 0.437154 0.482634 0.435318 0.476199 0.434560 0.473991 0.433750 0.471208 0.432456 0.466986 0.429430 0.456329 0.427628 0.449444 0.426500 0.446361 0.425393 0.439870
8 0.433750 0.471208 0.436859 0.472551 0.441211 0.475528 0.448990 0.480880 0.452836 0.483407 0.456516 0.485639 0.460698 0.488315 0.461534 0.490843 0.457437 0.488907 0.451164 0.484745 0.443802 0.480731 0.437698 0.477162 0.435318 0.476199 0.434560 0.473991
8 0.452786 0.518366 0.453956 0.516435 0.456969 0.514796 0.458641 0.514352 0.460651 0.514074 0.468260 0.510782 0.470133 0.509653 0.472880 0.510042 0.473096 0.508241 0.474195 0.507843 0.474484 0.511699 0.473029 0.511972 0.469346 0.513162 0.463659 0.515542 0.461068 0.516731 0.458641 0.517324 0.455714 0.518662 0.453372 0.520000
16 0.443352 0.655806 0.441385 0.646014 0.438966 0.634144 0.437320 0.627435 0.432677 0.608338 0.432096 0.606273 0.434612 0.603176 0.437109 0.602731 0.439839 0.603176 0.442120 0.605440 0.443016 0.612606 0.442904 0.622759 0.443576 0.628731 0.443911 0.634903 0.444695 0.641074 0.445255 0.644458 0.444471 0.650431
8 0.402474 0.452194 0.403068 0.456194 0.403404 0.458870 0.404156 0.461398 0.404992 0.465565 0.406331 0.470171 0.407669 0.473741 0.410177 0.480880 0.410979 0.483352 0.411445 0.484759 0.412240 0.486833 0.413107 0.489056 0.414773 0.494093 0.416862 0.500324 0.418958 0.504694 0.420766 0.508676 0.421271 0.509704 0.425318 0.517458 0.427576 0.521324 0.430169 0.525639 0.432677 0.528019 0.437698 0.528019 0.434938 0.524894 0.430586 0.520731 0.426154 0.515079 0.422977 0.509134 0.419880 0.502144 0.418375 0.497981 0.417216 0.494412 0.415995 0.491458 0.413568 0.484815 0.413107 0.483556 0.409594 0.475227 0.408172 0.470620 0.406164 0.463630 0.405159 0.459171 0.404909 0.456644 0.403896 0.451764
5 0.443594 0.559125 0.446641 0.553218 0.447828 0.551551 0.450888 0.553773 0.453951 0.553995 0.456451 0.552218 0.457513 0.552995 0.458451 0.556662 0.459073 0.559435 0.460510 0.561213 0.463299 0.561199 0.464010 0.562546 0.463125 0.565935 0.462708 0.568102 0.461940 0.570403 0.460484 0.577769 0.457461 0.588319 0.455833 0.594398 0.454701 0.589648 0.451888 0.586097 0.447891 0.583319 0.445016 0.580764 0.443091 0.579051 0.443258 0.571912 0.443344 0.567454
8 0.483333 0.515000 0.488383 0.516120 0.489807 0.516866 0.492318 0.517269 0.496909 0.517537 0.501674 0.517981 0.509279 0.518694 0.510529 0.518838 0.512062 0.519051 0.513898 0.519940 0.516781 0.520843 0.517484 0.520935 0.520182 0.521514 0.523747 0.522185 0.522003 0.524384 0.515565 0.522708 0.513698 0.522361 0.502708 0.520833 0.498023 0.521227 0.496646 0.521315 0.492060 0.520917 0.490490 0.520917 0.487154 0.519560 0.483966 0.518338 0.482734 0.517037
8 0.405935 0.451153 0.406875 0.450278 0.409341 0.455361 0.412651 0.460356 0.417026 0.468245 0.420711 0.474352 0.423711 0.477907 0.426648 0.482019 0.428646 0.483352 0.428021 0.485241 0.425211 0.484463 0.421648 0.479796 0.419023 0.476241 0.416214 0.471690 0.409529 0.459912 0.407529 0.456028
8 0.423505 0.466218 0.424951 0.468144 0.427266 0.471611 0.429362 0.474824 0.431023 0.476884 0.432253 0.478681 0.435102 0.482056 0.437370 0.484648 0.439628 0.486907 0.442807 0.488963 0.445917 0.491148 0.448953 0.493463 0.451844 0.495773 0.457987 0.500014 0.460260 0.501435 0.461820 0.501944 0.464568 0.503616 0.466135 0.504227 0.468060 0.505264 0.471435 0.507213 0.473096 0.508241 0.472880 0.510042 0.470133 0.509653 0.461479 0.504588 0.460026 0.503843 0.454406 0.500366 0.448591 0.497060 0.445844 0.495130 0.439792 0.490046 0.437385 0.488579 0.434133 0.484977 0.429505 0.479065 0.425023 0.471870 0.421266 0.467500 0.420781 0.464120
5 0.415857 0.525704 0.422474 0.526681 0.426490 0.527421 0.428245 0.528167 0.432677 0.528019 0.437698 0.528019 0.441211 0.528759 0.442760 0.527593 0.443930 0.527491 0.445367 0.527380 0.448021 0.527222 0.449818 0.527269 0.451458 0.526852 0.452753 0.528019 0.456432 0.529356 0.456852 0.531287 0.457370 0.533796 0.452219 0.534829 0.447375 0.535218 0.444122 0.536116 0.439497 0.536889 0.437612 0.534111 0.435271 0.532926 0.431172 0.532477 0.424898 0.531884 0.420846 0.531102
5 0.420404 0.497972 0.417216 0.494412 0.418375 0.497981 0.419880 0.502144 0.422977 0.509134 0.426154 0.515079 0.430586 0.520731 0.434938 0.524894 0.437698 0.528019 0.441211 0.528759 0.439081 0.524560 0.437266 0.519213 0.434893 0.516565 0.432521 0.513787 0.428583 0.507787 0.426771 0.504676 0.425148 0.503454 0.423464 0.501250 0.422148 0.500014
5 0.434893 0.516565 0.436451 0.513255 0.439081 0.511231 0.442581 0.507898 0.444638 0.507944 0.448099 0.507713 0.450990 0.508486 0.454893 0.510542 0.457714 0.512213 0.458641 0.514352 0.456969 0.514796 0.452326 0.510954 0.449250 0.510185 0.453956 0.516435 0.452786 0.518366 0.447089 0.510375 0.445091 0.510569 0.442823 0.511338 0.440826 0.512870 0.438826 0.514505 0.438341 0.516329 0.437266 0.519213
5 0.437370 0.484648 0.437154 0.482634 0.435318 0.476199 0.437698 0.477162 0.443802 0.480731 0.451164 0.484745 0.457437 0.488907 0.460781 0.498574 0.460260 0.501435 0.457987 0.500014 0.451844 0.495773 0.448953 0.493463 0.445917 0.491148 0.442807 0.488963 0.439628 0.486907
5 0.427628 0.449444 0.430815 0.450019 0.435049 0.450593 0.439367 0.451236 0.444818 0.451898 0.448404 0.459616 0.449323 0.461995 0.454008 0.478352 0.456516 0.485639 0.452836 0.483407 0.448990 0.480880 0.441211 0.475528 0.436859 0.472551 0.433750 0.471208 0.432456 0.466986 0.429430 0.456329
5 0.446807 0.452583 0.449940 0.453065 0.455341 0.454023 0.458266 0.454130 0.458682 0.454736 0.462424 0.464681 0.464154 0.468519 0.468388 0.479301 0.469281 0.481625 0.469930 0.483111 0.469661 0.484074 0.470255 0.485606 0.472604 0.494861 0.471521 0.494347 0.466026 0.491519 0.462286 0.488907 0.457687 0.477907 0.453003 0.466606 0.451581 0.463926
5 0.366328 0.311435 0.366594 0.314042 0.367240 0.316046 0.367766 0.316694 0.369245 0.316435 0.371396 0.316264 0.373896 0.315472 0.376477 0.314398 0.377130 0.307792 0.376047 0.305593 0.372760 0.299444 0.370833 0.296204 0.366458 0.307546
5 0.385625 0.249843 0.388435 0.248019 0.392214 0.246481 0.396318 0.245523 0.399448 0.244509 0.399448 0.246440 0.398870 0.249907 0.397560 0.253634 0.396773 0.256333 0.394742 0.260958 0.393302 0.264944 0.393005 0.266356 0.391156 0.265616 0.388240 0.264560 0.385810 0.264560 0.384029 0.264560 0.384945 0.256685
5 0.408125 0.239444 0.407992 0.242343 0.407724 0.244745 0.407182 0.249162 0.405888 0.257514 0.404753 0.263657 0.404159 0.265481 0.402971 0.266634 0.401352 0.266343 0.399245 0.266250 0.397188 0.266435 0.394307 0.266356 0.394669 0.265329 0.395464 0.263144 0.396628 0.259546 0.398211 0.254792 0.399872 0.250935 0.400742 0.246310 0.400964 0.242315 0.401797 0.237963 0.402604 0.238333
5 0.561083 0.588352 0.563164 0.584824 0.566273 0.579685 0.568643 0.576264 0.569151 0.575366 0.570177 0.572745 0.571333 0.572356 0.572635 0.573259 0.575815 0.575699 0.578128 0.577500 0.582177 0.580583 0.585792 0.584824 0.586370 0.585852 0.587815 0.589324 0.589190 0.595620 0.590201 0.601657 0.592443 0.609116 0.593383 0.612583 0.594466 0.617981 0.595406 0.623509 0.596396 0.630088 0.596982 0.636926 0.596224 0.639894 0.595724 0.641977 0.595724 0.647926 0.595557 0.655366 0.595391 0.661162 0.596057 0.667111 0.596396 0.671713 0.597148 0.673796 0.598065 0.674694 0.597482 0.676176 0.594466 0.677370 0.592544 0.676625 0.591458 0.677370 0.589370 0.679903 0.587859 0.680194 0.587859 0.681532 0.586521 0.684954 0.585104 0.684065 0.584180 0.684500 0.582344 0.686736 0.581505 0.687329 0.579914 0.686444 0.578245 0.686287 0.577737 0.687190 0.577240 0.691352 0.575648 0.694319 0.574224 0.695361 0.574984 0.687778 0.573711 0.670231 0.574495 0.669884 0.575935 0.669417 0.576914 0.670463 0.577044 0.672093 0.577438 0.673486 0.580117 0.673602 0.580247 0.672792 0.579398 0.672093 0.578026 0.671977 0.577503 0.669769 0.576065 0.667676 0.574036 0.668139 0.572974 0.638106 0.572057 0.623685 0.571716 0.622505 0.567206 0.621157 0.560070 0.616259 0.558133 0.617981 0.558430 0.623829 0.558430 0.630204 0.555234 0.632773 0.554945 0.627968 0.551956 0.621546 0.552552 0.619722 0.552813 0.614630 0.553307 0.608796 0.553740 0.605606 0.554167 0.599861 0.555341 0.597310 0.556977 0.594324 0.558609 0.592333 0.559823 0.590593
5 0.407992 0.242343 0.411089 0.240097 0.413464 0.240542 0.415839 0.240875 0.420711 0.241986 0.421023 0.244431 0.421523 0.246426 0.420628 0.250120 0.420414 0.248009 0.419172 0.247912 0.418846 0.245514 0.417875 0.244361 0.416740 0.246282 0.414688 0.250407 0.411396 0.256458 0.409560 0.259431 0.407776 0.261162 0.404753 0.263657 0.405888 0.257514 0.407182 0.249162 0.407724 0.244745
6 0.404753 0.263657 0.407776 0.261162 0.409560 0.259431 0.411396 0.256458 0.414688 0.250407 0.416740 0.246282 0.417875 0.244361 0.418846 0.245514 0.419172 0.247912 0.420414 0.248009 0.420628 0.250120 0.419711 0.252616 0.417276 0.258648 0.413401 0.261532 0.411651 0.263310 0.410341 0.265755 0.407716 0.268644 0.405654 0.267977 0.402971 0.266634 0.404159 0.265481
6 0.365182 0.230694 0.365008 0.226986 0.365440 0.225449 0.366466 0.225065 0.374836 0.226792 0.385313 0.229194 0.387240 0.229815 0.385839 0.231366 0.382883 0.234315 0.379221 0.233509
