8 0.463185 0.381694 0.467474 0.393032 0.470367 0.400472 0.472719 0.414157 0.471729 0.432903 0.472120 0.434940 0.470372 0.438847 0.469742 0.436653 0.470315 0.433759 0.470193 0.430921 0.470781 0.414282 0.469281 0.404796 0.467643 0.399903 0.462286 0.384787 0.462586 0.382431
8 0.549135 0.315134 0.560148 0.302190 0.565516 0.296051 0.566635 0.291903 0.568318 0.291986 0.568831 0.293977 0.568503 0.296796 0.567195 0.298125 0.552029 0.315468
5 0.541862 0.733273 0.540870 0.732093 0.539542 0.734718 0.536560 0.734773 0.533698 0.737343 0.529599 0.737130 0.529026 0.734824 0.532974 0.731181 0.530724 0.731546 0.523914 0.731815 0.529964 0.744009 0.541721 0.741083
5 0.522799 0.729421 0.527826 0.729606 0.531523 0.728866 0.535742 0.727384 0.538935 0.726181 0.541018 0.724810 0.540565 0.719046 0.520102 0.724005
8 0.549497 0.482810 0.550773 0.481931 0.551966 0.481481 0.555836 0.484769 0.560263 0.489912 0.569503 0.504167 0.571000 0.501875 0.562529 0.489477 0.557451 0.482231 0.553745 0.479130 0.550641 0.477519 0.550674 0.479625
8 0.573867 0.506787 0.577773 0.512389 0.583029 0.525028 0.584422 0.530236 0.586815 0.540593 0.589919 0.554102 0.589438 0.556083 0.588141 0.555977 0.588021 0.553352 0.580388 0.524338 0.577633 0.518574 0.573555 0.510764
8 0.579328 0.587931 0.576927 0.599491 0.572919 0.620671 0.567312 0.641398 0.570620 0.639176 0.573039 0.633583 0.573120 0.629782 0.573885 0.630069 0.577516 0.611065 0.579615 0.600236 0.582789 0.584597
8 0.382339 0.229787 0.394542 0.267514 0.405714 0.300722 0.406703 0.297083 0.396312 0.264213 0.383648 0.227685 0.382570 0.227741
8 0.625833 0.775537 0.628253 0.778694 0.641604 0.764708 0.646807 0.758616 0.673680 0.730310 0.676362 0.727954 0.680896 0.722625 0.678771 0.719713 0.675492 0.723241 0.672737 0.726157 0.648773 0.751449 0.641414 0.759505
8 0.577161 0.613009 0.577799 0.615917 0.578312 0.621384 0.578937 0.629255 0.579430 0.638144 0.579352 0.647125 0.579065 0.647819 0.578909 0.649255 0.577734 0.649306 0.577086 0.648468 0.577372 0.637954 0.576984 0.631894 0.577271 0.631060 0.577164 0.630458 0.576695 0.630227 0.575680 0.620690
8 0.583948 0.483611 0.585510 0.487130 0.586984 0.489995 0.587839 0.494926 0.589099 0.499986 0.592581 0.516440 0.592964 0.520528 0.592057 0.520468 0.591292 0.520282 0.589583 0.521644 0.589680 0.523875 0.588013 0.521477 0.587919 0.518736 0.585911 0.504718 0.583297 0.494843 0.583813 0.488866 0.582411 0.484306
8 0.621177 0.514620 0.598526 0.504134 0.608339 0.512412 0.622422 0.518917 0.639260 0.527843 0.639750 0.525861 0.639331 0.523319
8 0.466010 0.700157 0.467414 0.708319 0.469760 0.734583 0.471076 0.745500 0.472581 0.765370 0.470383 0.766713 0.469659 0.765477 0.467135 0.734153 0.463859 0.704718
7 0.573815 0.776833 0.566930 0.797162 0.562680 0.817060 0.563831 0.818171 0.569620 0.804417 0.571919 0.806894 0.572997 0.798963 0.576510 0.779028
8 0.460786 0.664731 0.467375 0.675394 0.473755 0.685620 0.482646 0.699069 0.493464 0.716889 0.493544 0.719523 0.489297 0.713273 0.481094 0.700449 0.476945 0.694296 0.469141 0.682176 0.465885 0.677264 0.458216 0.663935 0.458896 0.662079 0.459940 0.664671
5 0.596758 0.669079 0.594844 0.667315 0.587188 0.661759 0.581797 0.658750 0.576042 0.655509 0.572344 0.654213 0.571273 0.655088 0.571958 0.675528 0.575964 0.680000 0.579089 0.679977 0.591461 0.680250 0.597102 0.680606
5 0.596198 0.683120 0.578151 0.682199 0.577042 0.682296 0.583187 0.690815 0.587672 0.689245 0.593641 0.688097 0.596617 0.688440 0.596719 0.684537
7 0.565271 0.757653 0.570836 0.764681 0.572370 0.771773 0.565714 0.792361 0.561341 0.787528 0.560813 0.782028 0.560703 0.774616 0.561578 0.764810 0.563344 0.762370 0.563940 0.760306
8 0.579284 0.777856 0.580357 0.770639 0.582831 0.758690 0.586005 0.735125 0.584557 0.734213 0.583065 0.734875 0.580172 0.748815 0.580125 0.755120 0.577510 0.770556
8 0.582831 0.758690 0.580357 0.770639 0.580779 0.781176 0.580779 0.785574 0.580917 0.800514 0.583440 0.786162
5 0.604576 0.985611 0.604487 0.980639 0.607193 0.969352 0.610320 0.968773 0.614521 0.979477 0.614195 0.982130 0.610516 0.992264
5 0.592865 0.976852 0.598005 0.973773 0.602344 0.972329 0.602375 0.975167 0.601833 0.978111 0.600568 0.980310 0.604576 0.985611 0.604487 0.980639 0.607193 0.969352 0.606073 0.955745 0.606539 0.951597 0.606727 0.949773 0.603693 0.947282 0.597299 0.947032 0.588620 0.947449 0.590018 0.968356 0.591232 0.977648
5 0.566328 0.588769 0.568073 0.582134 0.569471 0.578616 0.563716 0.576685 0.560945 0.572347 0.559237 0.564060 0.552701 0.562028 0.541734 0.556028 0.542154 0.561500 0.547398 0.568315 0.549247 0.567694 0.550745 0.570361 0.550396 0.573583 0.547385 0.576472 0.551273 0.579259 0.555552 0.585097 0.557104 0.584764 0.559729 0.589315
6 0.433063 0.731940 0.434271 0.745278 0.435766 0.748218 0.437823 0.748361 0.445365 0.738894 0.444719 0.730005 0.443792 0.730218 0.440924 0.726273
2 0.599169 0.650245 0.600000 0.652778 0.600417 0.655602 0.601792 0.663801 0.605784 0.684884 0.607294 0.694644 0.614974 0.737606 0.617596 0.739676 0.617971 0.738352 0.611294 0.702259 0.607258 0.680741 0.604862 0.666611 0.601586 0.647083 0.600839 0.646338 0.599721 0.647083
2 0.611294 0.702259 0.623776 0.728296 0.631607 0.743560 0.630258 0.745579 0.630581 0.747208 0.632094 0.748551 0.632956 0.750560 0.633844 0.750477 0.633143 0.746245 0.633096 0.742426 0.634622 0.740153 0.623237 0.717449 0.621672 0.714375 0.611086 0.693065 0.610224 0.689704 0.610224 0.686537 0.608818 0.682889 0.607258 0.680741
2 0.641604 0.764708 0.649945 0.794750 0.651289 0.799329 0.645760 0.805806 0.643703 0.801148 0.639224 0.795120 0.632839 0.773889
2 0.607258 0.680741 0.608818 0.682889 0.610224 0.686537 0.610224 0.689704 0.611086 0.693065 0.621672 0.714375 0.622750 0.708616 0.623865 0.703329 0.617448 0.683009 0.615448 0.677370
2 0.502604 0.370972 0.504664 0.368648 0.509508 0.362167 0.516417 0.385648 0.504250 0.384037 0.504273 0.376028
2 0.520250 0.364074 0.521687 0.366444 0.524542 0.369171 0.526094 0.371787 0.525547 0.381329 0.524609 0.385171 0.522708 0.386236 0.516448 0.373773 0.514792 0.372773 0.517424 0.368319
2 0.516198 0.333343 0.524284 0.329949 0.526523 0.329546 0.528620 0.333917 0.530937 0.342824 0.525857 0.350190 0.525013 0.349120 0.525539 0.346833 0.524422 0.342551 0.521357 0.342495 0.521529 0.340630 0.524180 0.339148 0.523414 0.336787 0.518984 0.339269 0.515078 0.340134
2 0.400703 0.384954 0.399474 0.391514 0.396409 0.412958 0.396125 0.419338 0.394674 0.425866 0.391729 0.449097 0.390747 0.455824 0.391237 0.457065 0.394411 0.456509 0.397859 0.453847 0.400336 0.447028 0.400760 0.438019 0.401490 0.435519 0.402253 0.411065 0.402979 0.410005 0.403656 0.400329 0.404125 0.390190
2 0.472339 0.471380 0.474466 0.476648 0.475599 0.479722 0.480323 0.501190 0.484234 0.503713 0.484750 0.500264 0.481508 0.490222 0.478581 0.473861 0.475417 0.470833
2 0.477883 0.470264 0.481544 0.468097 0.484680 0.464685 0.486701 0.462681 0.489591 0.475921 0.490294 0.480801 0.488695 0.483708 0.487727 0.487435 0.488398 0.492741 0.485273 0.493296 0.484750 0.500264 0.481508 0.490222 0.478581 0.473861
2 0.455263 0.509551 0.455315 0.512231 0.454482 0.522028 0.454375 0.528222 0.453990 0.537648 0.453641 0.551157 0.454404 0.556801 0.455263 0.564343 0.455263 0.571889 0.456534 0.575838 0.456339 0.566704 0.456930 0.559759 0.458708 0.545755 0.460216 0.538653 0.460036 0.537370 0.460820 0.534907 0.460419 0.525514 0.458430 0.523722 0.455729 0.536968 0.455891 0.522375 0.456755 0.508935
9 0.543161 0.589250 0.541388 0.589319 0.537237 0.589981 0.533049 0.591315 0.527052 0.595648 0.523365 0.601315 0.522927 0.605421 0.523552 0.611866 0.525391 0.618269 0.525807 0.619981 0.526677 0.622528 0.528240 0.625750 0.527740 0.628306 0.528240 0.630634 0.529740 0.629972 0.531674 0.635745 0.533049 0.635523 0.535612 0.637523 0.537487 0.637412 0.540422 0.640412 0.547982 0.642079 0.548482 0.641079 0.549044 0.640856 0.549732 0.642079 0.554471 0.643292 0.556875 0.643472 0.557854 0.642412 0.559229 0.642301 0.560182 0.643565 0.562891 0.643704 0.562667 0.641301 0.569635 0.632778 0.572919 0.620671 0.571974 0.619639 0.570477 0.619639 0.570727 0.616417 0.569664 0.615977 0.568701 0.616481 0.565781 0.621944 0.563883 0.626852 0.563906 0.628333 0.561172 0.634213 0.560018 0.631917 0.563190 0.623361 0.565104 0.619208 0.567786 0.614074 0.568701 0.611944 0.568852 0.604088 0.567349 0.602236 0.564146 0.606634 0.563596 0.605569 0.563612 0.604185 0.569977 0.596759 0.569602 0.595204 0.568227 0.593981 0.568039 0.590204 0.563602 0.593093 0.559729 0.589315 0.557104 0.584764 0.552419 0.585542 0.547294 0.588204
2 0.509388 0.608801 0.512201 0.613708 0.520526 0.628343 0.525391 0.618269 0.523552 0.611866 0.522927 0.605421 0.523365 0.601315 0.527052 0.595648 0.533049 0.591315 0.537237 0.589981 0.541154 0.583454 0.540221 0.559560 0.533219 0.551593 0.531354 0.551593 0.530419 0.549190 0.524167 0.542301 0.523607 0.544375 0.529253 0.550102 0.528786 0.553088 0.529065 0.556157 0.529112 0.559310 0.527432 0.560306 0.525099 0.562213 0.522906 0.565449 0.521552 0.563292 0.518240 0.567356 0.516651 0.565120 0.503536 0.578560 0.496255 0.586690 0.503958 0.599551
10 0.511859 0.667894 0.506951 0.669519 0.501948 0.673644 0.501315 0.675032 0.503122 0.680981 0.502732 0.682907 0.503516 0.687569 0.504089 0.689764 0.505745 0.693889 0.509271 0.693407 0.510266 0.695977 0.513128 0.694745 0.514966 0.692606 0.517044 0.692444 0.511953 0.671338 0.513458 0.670375 0.515146 0.670481 0.514904 0.668606
2 0.498245 0.645204 0.510297 0.655218 0.512031 0.665787 0.504169 0.664130 0.500719 0.658181 0.498591 0.654278
2 0.466313 0.594352 0.470896 0.597130 0.475945 0.602560 0.481128 0.602722 0.484893 0.608023 0.484292 0.615468 0.483659 0.617292 0.483026 0.622648 0.481008 0.626505 0.480404 0.625005 0.480466 0.624199 0.481219 0.623449 0.481310 0.618685 0.480526 0.618468 0.480344 0.616380 0.479531 0.616060 0.476940 0.619431 0.475523 0.618685 0.467419 0.607329 0.466365 0.605130 0.465911 0.599722 0.467237 0.598005 0.466664 0.597472 0.464495 0.599505 0.465099 0.600954 0.464315 0.601972 0.463018 0.599398
2 0.484292 0.615468 0.483659 0.617292 0.483026 0.622648 0.481008 0.626505 0.487484 0.634912 0.488089 0.634968 0.488391 0.633306 0.492482 0.638903 0.492276 0.624306 0.486974 0.618843
2 0.493706 0.581921 0.493302 0.586296 0.493706 0.591676 0.493516 0.600046 0.493437 0.603287 0.492734 0.615384 0.492578 0.618255 0.492276 0.624306 0.492482 0.638903 0.492451 0.641528 0.492651 0.661259 0.492695 0.664213 0.492612 0.667736 0.493133 0.701116 0.493464 0.716889 0.493544 0.719523 0.493956 0.732500 0.494721 0.744806 0.496174 0.758574 0.497182 0.755130 0.498552 0.755417 0.497182 0.739352 0.496617 0.731824 0.495789 0.706898 0.495023 0.672477 0.494896 0.664444 0.494818 0.662176 0.494909 0.643579 0.494865 0.640083 0.494313 0.628662 0.494979 0.621532 0.494948 0.617782 0.495279 0.608102 0.495690 0.603847 0.495872 0.600699 0.496370 0.591287 0.496255 0.586690 0.495742 0.581181
2 0.493831 0.360032 0.492232 0.358745 0.489133 0.370130 0.486594 0.381046 0.480542 0.405139 0.476508 0.417907 0.471729 0.432903 0.472120 0.434940 0.470372 0.438847 0.471620 0.442384 0.474148 0.435852 0.476229 0.435102 0.478156 0.436227 0.479935 0.441852 0.484469 0.437907 0.487922 0.417255 0.492693 0.383278 0.493846 0.375829 0.495732 0.368380 0.495732 0.365699 0.495914 0.363190 0.497057 0.360773 0.498573 0.361551 0.500240 0.360806 0.502635 0.358259 0.505630 0.349972 0.505372 0.348907 0.500792 0.344977 0.496727 0.351574 0.495099 0.354407 0.495008 0.359176
2 0.498232 0.425528 0.500409 0.414630 0.501174 0.412690 0.501565 0.411347 0.504195 0.412829 0.503138 0.420968 0.499828 0.429875 0.497852 0.438116 0.496602 0.446769 0.493974 0.448634 0.496812 0.432847
2 0.486943 0.435222 0.491292 0.423093 0.490797 0.411657 0.492411 0.413231 0.492854 0.423977 0.493833 0.424403 0.492297 0.430778 0.490432 0.437523 0.484430 0.453690 0.479695 0.467477 0.477604 0.468653 0.476490 0.467412 0.476490 0.464685 0.484438 0.442995
2 0.496589 0.485616 0.500823 0.494935 0.509336 0.511431 0.518594 0.526019 0.521086 0.530315 0.523776 0.535454 0.523091 0.538032 0.524167 0.542301 0.523607 0.544375 0.525461 0.546236 0.524445 0.547921 0.523719 0.551509 0.527432 0.560306 0.525099 0.562213 0.523885 0.564093 0.520990 0.556810 0.515958 0.551718 0.512703 0.544273 0.507823 0.535755 0.503453 0.526060 0.495948 0.512306 0.492464 0.504745 0.490128 0.497495 0.490753 0.495324 0.493159 0.494333 0.495008 0.492843 0.494833 0.488755
2 0.442138 0.338954 0.441891 0.336736 0.438797 0.335218 0.437589 0.336722 0.436315 0.340319 0.435263 0.343269 0.434445 0.343801 0.432547 0.346116 0.429479 0.361435 0.428154 0.368347 0.428604 0.369523 0.429198 0.369403 0.431602 0.381111 0.431263 0.400208 0.433180 0.406181 0.434812 0.414139 0.436214 0.426843 0.433039 0.435051 0.431482 0.440787 0.433956 0.441509 0.433859 0.450722 0.435667 0.451722 0.435846 0.441917 0.436331 0.439940 0.440156 0.439194 0.440966 0.416352 0.440581 0.412208 0.439292 0.407991 0.438768 0.399806 0.438477 0.390347 0.438073 0.386171 0.436570 0.379856 0.441013 0.370986 0.441013 0.370986 0.444031 0.371657 0.445635 0.377111 0.449260 0.387833 0.452594 0.399162 0.456505 0.411995 0.454388 0.416208 0.454677 0.418264 0.451935 0.430171 0.450188 0.441648 0.448680 0.461625 0.447294 0.463019 0.447297 0.463917 0.448529 0.464384 0.448503 0.469338 0.447292 0.486806 0.446646 0.514741 0.447167 0.519694 0.445917 0.521824 0.445943 0.526361 0.448052 0.530806 0.447583 0.535019 0.446125 0.538167 0.446073 0.543259 0.444974 0.541898 0.447341 0.551037 0.449091 0.551736 0.450117 0.553773 0.452797 0.563620 0.452190 0.552167 0.452013 0.545986 0.452065 0.540431 0.452323 0.527444 0.453372 0.510162 0.453937 0.489653 0.450393 0.487699 0.448951 0.486704 0.448997 0.483301 0.450625 0.482968 0.454036 0.485634 0.454560 0.464935 0.455781 0.456880 0.457419 0.448079 0.459581 0.441940 0.460591 0.442190 0.461268 0.443106 0.463247 0.449532 0.462917 0.450019 0.463247 0.451574 0.463820 0.451194 0.466109 0.458856 0.467526 0.456981 0.465357 0.451676 0.464695 0.450394 0.465417 0.448838 0.464273 0.438236 0.463458 0.430023 0.462956 0.423333 0.461786 0.418278 0.460698 0.409356 0.460615 0.402069 0.459193 0.398056 0.455930 0.382889 0.454258 0.373074 0.453917 0.367102 0.451266 0.361106 0.448070 0.355106 0.444245 0.350551 0.444695 0.348144 0.443833 0.344884
2 0.475945 0.950741 0.474891 0.950634 0.474078 0.952616 0.473776 0.956685 0.473656 0.960222 0.481380 0.999963 0.487151 1.000000 0.487151 1.000000 0.487151 1.000000 0.487583 0.995412 0.485680 0.989042 0.484784 0.988843 0.482432 0.989440 0.480305 0.984463 0.480641 0.983069 0.481536 0.982074 0.485568 0.977894 0.484357 0.963602 0.482701 0.945495 0.480698 0.939917 0.478755 0.942759 0.476380 0.943204
2 0.456826 0.864815 0.460018 0.874458 0.464943 0.890889 0.464846 0.898000 0.461112 0.898912 0.456073 0.868958
2 0.492859 0.845097 0.496812 0.902324 0.494937 0.904657 0.490003 0.901880 0.489315 0.897551 0.493500 0.898884 0.490904 0.850431
2 0.483208 0.775639 0.486891 0.803648 0.487771 0.810194 0.488615 0.818333 0.487982 0.819296 0.486112 0.814426 0.482703 0.826755 0.481836 0.827056 0.478521 0.797866 0.483859 0.796755 0.483573 0.794671 0.479771 0.796153 0.479042 0.792356 0.477818 0.791338 0.475828 0.772412 0.479266 0.770981 0.479820 0.774995 0.481273 0.775995
2 0.419258 0.442231 0.417727 0.445889 0.417404 0.452773 0.419258 0.459727 0.421385 0.466694 0.423112 0.484361 0.424841 0.494824 0.427164 0.502120 0.429268 0.512583 0.432023 0.518824 0.433156 0.524199 0.435049 0.527657 0.436971 0.534042 0.436276 0.538528 0.435573 0.543843 0.440625 0.554486 0.441878 0.554338 0.445810 0.563556 0.445477 0.565935 0.449573 0.574560 0.455430 0.587944 0.456958 0.586648 0.454703 0.577009 0.452307 0.570986 0.449677 0.568856 0.448034 0.562208 0.448526 0.556500 0.446891 0.554204 0.445424 0.551977 0.444172 0.546273 0.441872 0.542056 0.432823 0.510130 0.430646 0.503894 0.426260 0.480875 0.421206 0.449264
2 0.412680 0.350023 0.410909 0.353028 0.409323 0.353306 0.409242 0.355255 0.411380 0.355667 0.409036 0.361870 0.408828 0.374231 0.408542 0.380472 0.409159 0.395546 0.412102 0.408829 0.416320 0.427208 0.418622 0.438708 0.419258 0.442231 0.421206 0.449264 0.426260 0.480875 0.430646 0.503894 0.432823 0.510130 0.441872 0.542056 0.444172 0.546273 0.445424 0.551977 0.446891 0.554204 0.448526 0.556500 0.448034 0.562208 0.449677 0.568856 0.452307 0.570986 0.451979 0.567889 0.449198 0.556843 0.447341 0.551037 0.444083 0.538565 0.437062 0.517481 0.433716 0.506440 0.429721 0.483634 0.424076 0.455167 0.422341 0.446634 0.420727 0.439676 0.420081 0.433079 0.414185 0.404639 0.413016 0.396824 0.412935 0.393667 0.412055 0.371120 0.412055 0.357139
2 0.428102 0.417259 0.425318 0.421421 0.423953 0.422324 0.422299 0.425551 0.423995 0.429639 0.424398 0.432792 0.421734 0.437810 0.420417 0.436528 0.420727 0.439676 0.422341 0.446634 0.423430 0.452153 0.425648 0.450722 0.429682 0.438745 0.433393 0.427269 0.431417 0.413505 0.429964 0.415222
2 0.519404 0.356477 0.527633 0.367491 0.530737 0.372801 0.536990 0.384042 0.540617 0.390306 0.544065 0.396134 0.548872 0.404319 0.550924 0.407620 0.551656 0.409250 0.553479 0.412690 0.553333 0.413727 0.552646 0.415157 0.550482 0.413486 0.541661 0.399417 0.533240 0.383917 0.530052 0.378894 0.524542 0.369171 0.521687 0.366444 0.519000 0.362167 0.517956 0.357954
2 0.437589 0.336722 0.438797 0.335218 0.443437 0.334644 0.442917 0.338255 0.447719 0.341014 0.450799 0.344583 0.452432 0.342509 0.452104 0.339685 0.449771 0.331389 0.452245 0.323009 0.451219 0.320273 0.448419 0.314796 0.445617 0.315125 0.443612 0.312722 0.442352 0.313551 0.440904 0.318116 0.440810 0.322264 0.439924 0.324505 0.435117 0.330477 0.433391 0.332968 0.434464 0.336199
2 0.483833 0.508269 0.472380 0.501454 0.464695 0.507944 0.462315 0.513106 0.460862 0.518130 0.460216 0.521644 0.460419 0.525514 0.462919 0.524940 0.463000 0.522213 0.463281 0.516477 0.482805 0.520852
2 0.458833 0.803236 0.461854 0.803190 0.469068 0.799671 0.478521 0.797866 0.483859 0.796755 0.483573 0.794671 0.479771 0.796153 0.479042 0.792356 0.477818 0.791338 0.468547 0.795597 0.458391 0.799810
2 0.506404 0.758444 0.502370 0.765329 0.500083 0.771884 0.501297 0.774620 0.500784 0.777773 0.501109 0.778685 0.504938 0.781588 0.507505 0.783579 0.505404 0.786653 0.505169 0.789056 0.507924 0.791046 0.511984 0.791380 0.513339 0.793537 0.515997 0.793537 0.518938 0.796356 0.520385 0.800921 0.521411 0.807310 0.524586 0.810380 0.525193 0.808639 0.525240 0.805153 0.523885 0.802500 0.524026 0.800093 0.523839 0.794866 0.521924 0.786981 0.518518 0.764417 0.516745 0.757444 0.515531 0.755620 0.510336 0.755250
2 0.476359 0.878093 0.473466 0.889130 0.470432 0.895856 0.470073 0.897606 0.468846 0.903069 0.468234 0.904759 0.468305 0.909903 0.467049 0.915606 0.467573 0.924773 0.468445 0.925463 0.468617 0.922176 0.471846 0.912495 0.473201 0.908190 0.476672 0.896944 0.477667 0.893519 0.486096 0.867912 0.490904 0.850431 0.492859 0.845097 0.494599 0.841750 0.497914 0.838398 0.497003 0.836292 0.494599 0.834806 0.493555 0.831338 0.493380 0.829292 0.490208 0.829606 0.487628 0.837106 0.484466 0.847144
2 0.423490 0.518250 0.425219 0.516426 0.426948 0.519593 0.429594 0.523912 0.430026 0.525931 0.431430 0.526310 0.432130 0.525065 0.433156 0.524199 0.435049 0.527657 0.436971 0.534042 0.436276 0.538528 0.435573 0.543843
2 0.439326 0.524264 0.444083 0.538565 0.444974 0.541898 0.446073 0.543259 0.446125 0.538167 0.447583 0.535019 0.448052 0.530806 0.445943 0.526361 0.445917 0.521824 0.447167 0.519694 0.446646 0.514741 0.445292 0.513954 0.442792 0.513352 0.442740 0.509463 0.440812 0.508722 0.439693 0.511500 0.439198 0.518537
2 0.520935 0.314449 0.516198 0.321745 0.513513 0.325546 0.517034 0.327343 0.519823 0.329639 0.524284 0.329949 0.527143 0.328028 0.526724 0.320278 0.527352 0.319347 0.530107 0.314889 0.531794 0.311681 0.532909 0.309079 0.533258 0.307032 0.530922 0.308088 0.531013 0.310671 0.529375 0.313523 0.525784 0.315134 0.525052 0.314454 0.522786 0.315384
2 0.516333 0.904593 0.510339 0.905741 0.507693 0.906801 0.502672 0.909199 0.497216 0.912079 0.491060 0.916208 0.490510 0.920843 0.490966 0.924796 0.491096 0.926093 0.491557 0.931009 0.494273 0.940370 0.496331 0.944208 0.496646 0.946810 0.495706 0.953694 0.494937 0.955556 0.492849 0.958718 0.493161 0.963546 0.495182 0.967759 0.507474 0.955620 0.508417 0.946509 0.507544 0.944713 0.507195 0.941551 0.507615 0.937458 0.511831 0.935042 0.513609 0.938949 0.513260 0.944713 0.512005 0.951407 0.517273 0.945019 0.515609 0.935389 0.516096 0.934708 0.514849 0.920583 0.516229 0.917213 0.520659 0.920824 0.520841 0.919759 0.519331 0.914995 0.517641 0.909343
2 0.514883 0.408514 0.512148 0.408236 0.508268 0.414301 0.505430 0.418144 0.503138 0.420968 0.499828 0.429875 0.503477 0.427352 0.508687 0.420440 0.513117 0.413102 0.514214 0.412644 0.521813 0.413218 0.524219 0.412824 0.523068 0.408713
2 0.577930 0.608431 0.590812 0.618968 0.592688 0.620343 0.595633 0.623403 0.597047 0.622597 0.598133 0.623991 0.616898 0.640856 0.635260 0.655894 0.635188 0.658852 0.630852 0.666819 0.630070 0.669769 0.632102 0.671565 0.634396 0.673787 0.634995 0.674852 0.634526 0.676519 0.635151 0.677954 0.637438 0.678954 0.639865 0.671236 0.640844 0.671569 0.640284 0.677296 0.640271 0.684963 0.641628 0.739167 0.641685 0.747407 0.639630 0.746491 0.637620 0.742819 0.635872 0.740222 0.634622 0.740153 0.633096 0.742426 0.633143 0.746245 0.633844 0.750477 0.632956 0.750560 0.619935 0.741514 0.614974 0.737606 0.595930 0.719231 0.593404 0.717065 0.589552 0.712806 0.588664 0.716870 0.599747 0.727144 0.614974 0.742120 0.619844 0.746389 0.621370 0.747306 0.626609 0.751056 0.636271 0.758028 0.641414 0.759505 0.642523 0.758273 0.644203 0.748815 0.643648 0.736537 0.642734 0.681667 0.642203 0.669875 0.643375 0.664222 0.646094 0.663843 0.646354 0.662333 0.646146 0.660028 0.646484 0.658750 0.645297 0.658370 0.639573 0.655051 0.635143 0.651514 0.632510 0.649708 0.604867 0.626306 0.593432 0.616574 0.591406 0.615519 0.580807 0.606778 0.578677 0.604778
2 0.417513 0.286736 0.417721 0.285120 0.419570 0.285120 0.420930 0.285176 0.421427 0.286755 0.424547 0.304093 0.425898 0.314458 0.425719 0.318023 0.426760 0.318852 0.428685 0.331394 0.429193 0.334537 0.424990 0.331139 0.419388 0.291977 0.417896 0.290069
2 0.417917 0.295991 0.417445 0.298907 0.416745 0.299741 0.416846 0.302102 0.417159 0.305852 0.416846 0.309509 0.415779 0.311412 0.416406 0.319375 0.417292 0.315009 0.418859 0.313648 0.420185 0.314579 0.420987 0.317426 0.417693 0.325324 0.424990 0.331139 0.419799 0.294968
2 0.417875 0.358694 0.419549 0.355815 0.416904 0.345255 0.414531 0.341176 0.413227 0.337889 0.416729 0.328481 0.425443 0.336019 0.429479 0.361435 0.428154 0.368347 0.428604 0.369523 0.429198 0.369403 0.431602 0.381111 0.431263 0.400208 0.433180 0.406181 0.434812 0.414139 0.436214 0.426843 0.433039 0.435051 0.433914 0.429162 0.433393 0.427269 0.431417 0.413505 0.429484 0.410824 0.427974 0.411495 0.427216 0.410824 0.425057 0.394792 0.424398 0.389551 0.423833 0.387616 0.421115 0.377801
2 0.441013 0.370986 0.436570 0.379856 0.438073 0.386171 0.438477 0.390347 0.442958 0.387278 0.445875 0.391019 0.449260 0.387833 0.445635 0.377111 0.444031 0.371657
2 0.459724 0.329000 0.457747 0.339546 0.458107 0.342264 0.458716 0.343125 0.458919 0.349370 0.460193 0.353981 0.461534 0.353875 0.461953 0.358769 0.466833 0.358241 0.468888 0.353009 0.468497 0.352361 0.467195 0.355968 0.466651 0.357361 0.463344 0.357588 0.463578 0.356477 0.465896 0.351898 0.466049 0.348977 0.465062 0.345972 0.467094 0.343935 0.466755 0.342171 0.465505 0.340644 0.464669 0.343241 0.462456 0.340370 0.460375 0.331898 0.460583 0.328287
2 0.577815 0.718472 0.577763 0.715463 0.576513 0.710694 0.576172 0.706898 0.579115 0.708190 0.580216 0.712106 0.585555 0.723819 0.587427 0.726843 0.597190 0.745745 0.607961 0.768750 0.615812 0.786681 0.617794 0.791472 0.619570 0.797472 0.621107 0.803685 0.622312 0.812954 0.626844 0.816917 0.631219 0.822792 0.629469 0.825144 0.621346 0.816898 0.620354 0.814866 0.620432 0.811394 0.617318 0.799287 0.615206 0.793769 0.612995 0.789037 0.609888 0.782477 0.607219 0.775324 0.595930 0.751273 0.588182 0.735282 0.584302 0.728106
2 0.587672 0.689245 0.586552 0.691981 0.589398 0.694306 0.588865 0.698870 0.588630 0.701417 0.587719 0.705421 0.587453 0.709148 0.587219 0.711509 0.586544 0.714977 0.585555 0.723819 0.587427 0.726843 0.588721 0.719218 0.588664 0.716870 0.589552 0.712806 0.592758 0.694634 0.590378 0.690569
2 0.560130 0.786023 0.561341 0.787528 0.565714 0.792361 0.566930 0.797162 0.562680 0.817060 0.554008 0.860968 0.552951 0.856935 0.548732 0.839477 0.547237 0.829542 0.550128 0.812991 0.550734 0.806597 0.553055 0.809329 0.553836 0.806815 0.551456 0.804028 0.551794 0.800139 0.554044 0.799806 0.554482 0.795806 0.555576 0.781671 0.557573 0.783111
2 0.571919 0.806894 0.569620 0.804417 0.563831 0.818171 0.562680 0.817060 0.556437 0.848394 0.573341 0.808551
2 0.575138 0.801759 0.573815 0.805972 0.575107 0.807958 0.576529 0.809245 0.555568 0.852861 0.554008 0.860968 0.555513 0.866954 0.566685 0.843153 0.569862 0.836079 0.580193 0.808551
2 0.538896 0.878519 0.535068 0.888306 0.527833 0.911537 0.521229 0.930106 0.517273 0.945019 0.522372 0.939931 0.526349 0.927287 0.528193 0.926981 0.533667 0.904852 0.537435 0.891403 0.540677 0.883037 0.539846 0.881231
2 0.497003 0.836292 0.497914 0.838398 0.496667 0.839593 0.497891 0.848463 0.500409 0.866801 0.504331 0.871944 0.506245 0.872278 0.505357 0.866468 0.506151 0.863065 0.505125 0.854602 0.503677 0.852694 0.502930 0.847056 0.501747 0.842889 0.501224 0.839088 0.502318 0.836019 0.498846 0.833634
2 0.514729 0.842106 0.515591 0.839653 0.519052 0.844514 0.522466 0.846458 0.521773 0.852236 0.516930 0.859921 0.512815 0.855208 0.514872 0.849014 0.513862 0.846903
2 0.456255 0.779597 0.458391 0.799810 0.458833 0.803236 0.460589 0.815370 0.463628 0.834472 0.461292 0.835338 0.458862 0.823912 0.455945 0.799912 0.453396 0.779968
2 0.491044 0.735111 0.491099 0.732231 0.492448 0.730505 0.493956 0.732500 0.494721 0.744806 0.496174 0.758574 0.497182 0.755130 0.498552 0.755417 0.502938 0.756731 0.503044 0.758861 0.495677 0.764676 0.492464 0.755236 0.492073 0.754727 0.491240 0.755653
2 0.491240 0.755653 0.491839 0.757551 0.494534 0.765269 0.485398 0.771963 0.485747 0.774005 0.486758 0.774440 0.495406 0.767782 0.498948 0.777273 0.499625 0.776394 0.496378 0.766778 0.497823 0.765528 0.500083 0.771884 0.501297 0.774620 0.500784 0.777773 0.501109 0.778685 0.502320 0.779532 0.502216 0.781148 0.501240 0.782569 0.501276 0.788273 0.500323 0.795329 0.494154 0.790454 0.489432 0.788806 0.488625 0.797556 0.483141 0.768065 0.484263 0.768065 0.492211 0.763546
15 0.459883 0.223083 0.460810 0.229106 0.460568 0.233551 0.461133 0.238861 0.473638 0.245347 0.485839 0.253588 0.504888 0.262787 0.510883 0.266009 0.513076 0.267750 0.529341 0.277037 0.536422 0.264579 0.525122 0.258042 0.518813 0.254324 0.516758 0.252833 0.511654 0.250546 0.502227 0.244912 0.482018 0.233546
5 0.414531 0.341176 0.413331 0.342704 0.412680 0.350023 0.412055 0.357139 0.412055 0.371120 0.417875 0.358694 0.419549 0.355815 0.416904 0.345255
1 0.484234 0.503713 0.469766 0.494833 0.466638 0.492759 0.461680 0.489787 0.456031 0.486505 0.454036 0.485634 0.450625 0.482968 0.448997 0.483301 0.448951 0.486704 0.450393 0.487699 0.453937 0.489653 0.455797 0.491005 0.465099 0.496245 0.472380 0.501454 0.483833 0.508269
15 0.516716 0.298042 0.502474 0.322130 0.502448 0.324398 0.498542 0.330463 0.496174 0.332116 0.494182 0.337838 0.491758 0.343481 0.488687 0.348898 0.485914 0.353060 0.487448 0.357153 0.490456 0.357514 0.492232 0.358745 0.493831 0.360032 0.495008 0.359176 0.495099 0.354407 0.496727 0.351574 0.500792 0.344977 0.503279 0.340963 0.504328 0.338819 0.516198 0.321745 0.520935 0.314449 0.522711 0.311713 0.534471 0.290968 0.539180 0.282426 0.546648 0.269310 0.561023 0.243255 0.559576 0.238449 0.556919 0.232477 0.555495 0.230431 0.554445 0.231056 0.554586 0.233407 0.541443 0.256708 0.536422 0.264579 0.529341 0.277037
5 0.438143 0.265250 0.438701 0.268347 0.440758 0.277519 0.441141 0.287005 0.438484 0.304139 0.434812 0.319199 0.431828 0.324222 0.431909 0.327157 0.428685 0.331394 0.426760 0.318852 0.425719 0.318023 0.425898 0.314458 0.427594 0.310500 0.428466 0.305301 0.429971 0.289606
5 0.402133 0.234435 0.401247 0.239810 0.404716 0.247699 0.409716 0.256093 0.414089 0.260083 0.418216 0.263301 0.419148 0.266083 0.419755 0.268227 0.421260 0.268449 0.423247 0.272458 0.423036 0.273806 0.424333 0.277338 0.429997 0.260727 0.429961 0.254412 0.424279 0.246292 0.412599 0.235440 0.407896 0.235509 0.406049 0.232843 0.404133 0.231852
5 0.398260 0.512009 0.402138 0.542468 0.403635 0.539310 0.405206 0.538255 0.407888 0.538690 0.409596 0.542037 0.410331 0.547056 0.409318 0.550898 0.407156 0.553810 0.403951 0.554741 0.412221 0.618685 0.416151 0.634796 0.417302 0.630583 0.418208 0.632134 0.418555 0.635421 0.420435 0.633389 0.420841 0.637185 0.421484 0.637833 0.435159 0.619472 0.442005 0.612685 0.442729 0.607009 0.429987 0.599981 0.429802 0.597824 0.430500 0.596500 0.442336 0.603801 0.441703 0.597259 0.431281 0.569782 0.403031 0.509370 0.401112 0.511412
5 0.405883 0.392838 0.404125 0.390190 0.403656 0.400329 0.402979 0.410005 0.402253 0.411065 0.401490 0.435519 0.400760 0.438019 0.400336 0.447028 0.397859 0.453847 0.394411 0.456509 0.391237 0.457065 0.396167 0.493866 0.398380 0.494537 0.398867 0.491176 0.402052 0.487046 0.404214 0.487144 0.404214 0.485319 0.406914 0.483306 0.408857 0.487528 0.410315 0.486856 0.413609 0.496935 0.423490 0.518250 0.425219 0.516426 0.426948 0.519593 0.429594 0.523912 0.430026 0.525931 0.431430 0.526310 0.432130 0.525065 0.433156 0.524199 0.432023 0.518824 0.429268 0.512583 0.427164 0.502120 0.424841 0.494824 0.423112 0.484361 0.421385 0.466694 0.415878 0.477352 0.412367 0.477546 0.412367 0.475528 0.414203 0.461606 0.413500 0.461514 0.412583 0.460361 0.411396 0.457671 0.411070 0.457958 0.410964 0.459782 0.409667 0.459403 0.409560 0.456810 0.406102 0.456231 0.405995 0.454986 0.406589 0.453931 0.408750 0.454120 0.409128 0.452681 0.410370 0.453546 0.411664 0.453639 0.412042 0.456134 0.413122 0.459403 0.413878 0.455560 0.414904 0.455755 0.415120 0.452106 0.411826 0.448167 0.409018 0.436074 0.407237 0.436551 0.406859 0.435208 0.407021 0.433769 0.404698 0.431755 0.404698 0.429931 0.405724 0.427625 0.407453 0.420616 0.407398 0.419657 0.407831 0.418023 0.409612 0.414856 0.410206 0.412264 0.409828 0.409287 0.407560 0.406023
5 0.377128 0.348921 0.400703 0.384954 0.399474 0.391514 0.396409 0.412958 0.396125 0.419338 0.394674 0.425866 0.391729 0.449097 0.390935 0.454495 0.383773 0.401310
5 0.375164 0.335130 0.406161 0.384787 0.404797 0.370713 0.405953 0.363773 0.406604 0.350153 0.407977 0.340769 0.406747 0.339097 0.404508 0.326505 0.401977 0.318153 0.401833 0.309153 0.399880 0.297458 0.398651 0.295662 0.398000 0.289875 0.399591 0.289750 0.400458 0.288847 0.399159 0.282421 0.397062 0.282551 0.396628 0.276384 0.395544 0.272528 0.395471 0.270213 0.394542 0.267514 0.394315 0.266616 0.373495 0.264560 0.367568 0.265329 0.369013 0.285509 0.372555 0.313523
1 0.539076 0.410662 0.539318 0.409806 0.544951 0.413130 0.555768 0.418375 0.560776 0.419111 0.579818 0.434093 0.570862 0.430426 0.564609 0.429421 0.557026 0.425120 0.543891 0.418375
15 0.623750 0.519630 0.624323 0.523231 0.628099 0.537403 0.637714 0.568833 0.650086 0.610287 0.653398 0.621815 0.663607 0.655574 0.666109 0.659444 0.674297 0.656579 0.675305 0.651773 0.655870 0.588292 0.636930 0.526551
15 0.616172 0.460787 0.612034 0.461093 0.611440 0.462454 0.609070 0.461245 0.616484 0.483796 0.615372 0.484560 0.624281 0.516102 0.635549 0.521514 0.623799 0.483213
15 0.599859 0.431375 0.599349 0.433148 0.601745 0.440278 0.609424 0.444120 0.608133 0.447634 0.602943 0.445046 0.606016 0.455324 0.612034 0.458366 0.612057 0.459306 0.616016 0.459120 0.609862 0.437074
1 0.581862 0.429875 0.581643 0.433310 0.579818 0.434093 0.592885 0.440894 0.599622 0.443333 0.608133 0.447634 0.609424 0.444120 0.601745 0.440278 0.590182 0.434870 0.585867 0.432648
1 0.539896 0.550597 0.541388 0.589319 0.543161 0.589250 0.542154 0.561500 0.541315 0.550116
1 0.671031 0.870491 0.680047 0.891940 0.691716 0.919241 0.705484 0.950769 0.711831 0.965454 0.715391 0.973218 0.714888 0.976194 0.713156 0.975519 0.690932 0.923958 0.675091 0.885102
1 0.622203 0.591278 0.639797 0.630111 0.651000 0.654088 0.650393 0.655667 0.648758 0.657407 0.648151 0.657241 0.646659 0.654255 0.636672 0.630273 0.621036 0.597727 0.618229 0.588889
1 0.462370 0.319384 0.464190 0.321463 0.467982 0.329565 0.477260 0.347852 0.481615 0.356602 0.487867 0.368218 0.486130 0.372019 0.479797 0.359037 0.475203 0.350218 0.461648 0.322968 0.461568 0.320458
1 0.635143 0.651514 0.637484 0.651486 0.640341 0.652296 0.646659 0.654255 0.648151 0.657241 0.648758 0.657407 0.650393 0.655667 0.674885 0.663296 0.675427 0.664639 0.674917 0.668440 0.645297 0.658370 0.639573 0.655051
1 0.639797 0.630111 0.638617 0.600991 0.638302 0.595597 0.637641 0.573986 0.634518 0.573875 0.635755 0.592667 0.635617 0.597394 0.637078 0.624083
1 0.610367 0.567657 0.635617 0.597394 0.635755 0.592667 0.610602 0.562963
1 0.518594 0.526019 0.529115 0.532407 0.559247 0.549343 0.578930 0.561958 0.604948 0.577519 0.626089 0.590931 0.625807 0.592782 0.624521 0.592782 0.615737 0.587398 0.588958 0.570667 0.567346 0.557829 0.555979 0.550514 0.528724 0.535278 0.521086 0.530315
1 0.587839 0.494926 0.598526 0.504134 0.622844 0.524713 0.622143 0.528111 0.589099 0.499986
1 0.560081 0.466727 0.562310 0.468495 0.572924 0.489565 0.584833 0.513968 0.585586 0.519269 0.584260 0.520875 0.583086 0.520500 0.582120 0.516162 0.571122 0.493343 0.559706 0.469324
1 0.547427 0.487199 0.561872 0.514977 0.564625 0.520611 0.562604 0.522722 0.560966 0.519005 0.546083 0.490495
1 0.514680 0.452130 0.515534 0.458366 0.518987 0.468157 0.524599 0.483838 0.525750 0.484704 0.527701 0.489106 0.528432 0.488736 0.528328 0.485819 0.519997 0.462954 0.515742 0.451116
1 0.512078 0.444310 0.511776 0.446505 0.514867 0.473407 0.515815 0.481968 0.517924 0.481644 0.518224 0.478593 0.516870 0.468630 0.514680 0.452130 0.514237 0.447083 0.512990 0.444259
1 0.525911 0.425648 0.530443 0.439389 0.531977 0.440324 0.540336 0.459370 0.539250 0.460227 0.537534 0.458139 0.531990 0.448014 0.531628 0.444426 0.528977 0.439819 0.527289 0.432750 0.525299 0.426644
1 0.547187 0.440343 0.546875 0.441500 0.547505 0.442616 0.547292 0.443704 0.578638 0.464023 0.615089 0.488579 0.615372 0.484560 0.606862 0.478898 0.577070 0.459731 0.561807 0.449361
1 0.540245 0.430213 0.588932 0.461157 0.587872 0.465222 0.544560 0.437509
1 0.539922 0.427986 0.542263 0.427056 0.558438 0.436093 0.574292 0.445889 0.591000 0.456426 0.589740 0.459829 0.568503 0.445806 0.541107 0.429542
1 0.589617 0.447065 0.588328 0.447995 0.590102 0.448495 0.589820 0.451148 0.597497 0.455389 0.611440 0.462454 0.612034 0.461093 0.612034 0.458366
1 0.564609 0.429421 0.570862 0.430426 0.579818 0.434093 0.592885 0.440894 0.596958 0.444981 0.596839 0.446273 0.591997 0.445125 0.589859 0.443694
1 0.542589 0.422606 0.541122 0.423968 0.539076 0.420171 0.538229 0.422106 0.539922 0.427986 0.542263 0.427056 0.558438 0.436093 0.588932 0.452153 0.589820 0.451148 0.590102 0.448495 0.588328 0.447995 0.572758 0.438671 0.562995 0.434296 0.548917 0.426769
1 0.543891 0.418375 0.543685 0.420227 0.542279 0.421245 0.556823 0.429278 0.569047 0.436523 0.588328 0.447995 0.589617 0.447065 0.589859 0.443694 0.564609 0.429421 0.557026 0.425120
1 0.521198 0.393468 0.529839 0.408625 0.536737 0.422324 0.540245 0.430213 0.547505 0.442616 0.547102 0.444981 0.545893 0.445630 0.544682 0.443838 0.534271 0.424676 0.527083 0.407917 0.523747 0.402245
1 0.521198 0.393468 0.529839 0.408625 0.536737 0.422324 0.538229 0.422106 0.539076 0.420171 0.529638 0.399880 0.516448 0.373773 0.514792 0.372773
1 0.593266 0.418472 0.597706 0.418949 0.606701 0.422296 0.624932 0.430477 0.624271 0.434440 0.607258 0.426139 0.599414 0.422912
1 0.616268 0.435144 0.632042 0.446426 0.646292 0.451940 0.647341 0.449931 0.647057 0.447278 0.634271 0.442403
1 0.601518 0.428806 0.614125 0.438426 0.609862 0.437074 0.599859 0.431375 0.584495 0.426120 0.570599 0.422130 0.564995 0.418315 0.568497 0.417491 0.584073 0.422218
1 0.551656 0.409250 0.581862 0.429875 0.581643 0.433310 0.579818 0.434093 0.560776 0.419111 0.553333 0.413727 0.553479 0.412690
1 0.569005 0.403611 0.580909 0.410213 0.593266 0.418472 0.606648 0.428111 0.616268 0.435144 0.632042 0.446426 0.631555 0.450250 0.628576 0.449380 0.601518 0.428806 0.586721 0.418213 0.573620 0.409028 0.568750 0.406662 0.563427 0.405708 0.550924 0.407620 0.548872 0.404319 0.564867 0.402560
1 0.569766 0.401884 0.573227 0.403083 0.578628 0.406685 0.587240 0.406537 0.595385 0.406611 0.601378 0.407060 0.607161 0.408713 0.619359 0.415241 0.638734 0.426269 0.639156 0.427921 0.638268 0.430097 0.629870 0.425444 0.607414 0.412838 0.601969 0.410815 0.580909 0.410213 0.569005 0.403611
1 0.536906 0.375546 0.558432 0.398204 0.557271 0.400833 0.538276 0.381398
1 0.535667 0.371125 0.537378 0.372843 0.540333 0.375852 0.541469 0.376838 0.544440 0.380120 0.545458 0.381458 0.549125 0.384968 0.549966 0.385981 0.553531 0.389579 0.555977 0.392269 0.559479 0.396042 0.561807 0.398056 0.560036 0.400231 0.558432 0.398204 0.536906 0.375546
1 0.558438 0.392630 0.560089 0.390634 0.580828 0.393171 0.608617 0.400019 0.608172 0.402889 0.588424 0.399153
1 0.555977 0.392269 0.558438 0.392630 0.588424 0.399153 0.587068 0.402259 0.559393 0.395727
1 0.549966 0.385981 0.568977 0.388125 0.578711 0.388338 0.589589 0.390426 0.593656 0.392139 0.592935 0.394931 0.580828 0.393171 0.560089 0.390634 0.553531 0.389579
1 0.545458 0.381458 0.576432 0.384139 0.598294 0.385403 0.598779 0.387333 0.598656 0.388843 0.578125 0.387333 0.549125 0.384968
1 0.541469 0.376838 0.554995 0.377273 0.574206 0.378181 0.587250 0.378796 0.591190 0.380194 0.592099 0.381231 0.591812 0.383829 0.575797 0.381884 0.544440 0.380120
1 0.537378 0.372843 0.556466 0.369773 0.565849 0.367861 0.571122 0.368940 0.613536 0.384681 0.613536 0.388713 0.592099 0.381231 0.591190 0.380194 0.568172 0.372102 0.555966 0.373282 0.540333 0.375852
1 0.504328 0.338819 0.521198 0.393468 0.528401 0.418194 0.533206 0.433745 0.537367 0.447662 0.532612 0.439120 0.532237 0.437287 0.524219 0.412824 0.516417 0.385648 0.503279 0.340963
1 0.533495 0.364778 0.587615 0.352718 0.588031 0.354949 0.587544 0.356181 0.534555 0.368088
1 0.531911 0.358907 0.549732 0.350074 0.576083 0.336634 0.577326 0.337306 0.577435 0.340190 0.576409 0.341245 0.532937 0.362366
5 0.600518 0.858509 0.612385 0.843894 0.611216 0.840370 0.616552 0.834259 0.617987 0.837551 0.629469 0.825144 0.631219 0.822792 0.635909 0.817843 0.651289 0.799329 0.649945 0.794750 0.654021 0.790023 0.655888 0.789435 0.656674 0.791630 0.656763 0.793185 0.663273 0.786597 0.664448 0.784023 0.666854 0.783361 0.668398 0.788912 0.669302 0.792875 0.670417 0.792713 0.671859 0.793731 0.672857 0.795713 0.672948 0.798019 0.671260 0.801176 0.674003 0.818444 0.675771 0.818120 0.676555 0.820713 0.678065 0.824185 0.677987 0.827148 0.676633 0.828259 0.677958 0.835991 0.670414 0.845255 0.665336 0.850662 0.653398 0.862181 0.640414 0.877157 0.624914 0.895648 0.620031 0.900736 0.616966 0.904181 0.595638 0.933699 0.582807 0.951042 0.567906 0.966995 0.566872 0.967472 0.555133 0.979588 0.540211 0.995412 0.535620 0.999986 0.532789 1.000000 0.487151 1.000000 0.487583 0.995412 0.485680 0.989042 0.484784 0.988843 0.482432 0.989440 0.480305 0.984463 0.480641 0.983069 0.481536 0.982074 0.485568 0.977894 0.489151 0.974310 0.488143 0.970926 0.490828 0.967866 0.492604 0.966069 0.493854 0.965551 0.494750 0.968338 0.495182 0.967759 0.507474 0.955620 0.512005 0.951407 0.517273 0.945019 0.531365 0.931111 0.531141 0.928921 0.536292 0.923347 0.537188 0.924542 0.552047 0.907880 0.554628 0.905463 0.572458 0.885926 0.571227 0.882741 0.576714 0.876769 0.578169 0.880352 0.583656 0.874380 0.589927 0.868009 0.598102 0.863630
15 0.539180 0.282426 0.546060 0.285769 0.547115 0.286412 0.550362 0.289167 0.552906 0.289167 0.554232 0.274727 0.553779 0.268528 0.548724 0.269889 0.546648 0.269310
2 0.494792 0.534426 0.492805 0.553319 0.492536 0.570310 0.493706 0.581921 0.495742 0.581181 0.496255 0.586690 0.501810 0.580653 0.498250 0.556995 0.499935 0.554773 0.498563 0.551329 0.498000 0.544444 0.496437 0.542667
2 0.558388 0.452449 0.565003 0.460167 0.571482 0.467764 0.572724 0.469602 0.573482 0.470583 0.575203 0.474134 0.576789 0.474870 0.577891 0.477810 0.578789 0.478792 0.580234 0.480019 0.583948 0.483611 0.582411 0.484306 0.582440 0.484181 0.580167 0.486264 0.578924 0.486389 0.577685 0.485162 0.573964 0.480995 0.572172 0.478301 0.570792 0.477319 0.569414 0.475361 0.568312 0.473398 0.566383 0.472542 0.565487 0.471440 0.564453 0.469481 0.563073 0.467764 0.560081 0.466727 0.560042 0.466662 0.559409 0.461199 0.561276 0.461468 0.561427 0.459912 0.557781 0.456593
2 0.600130 0.577662 0.611719 0.584907 0.616766 0.599005 0.625924 0.625204 0.628995 0.629708 0.629724 0.636884 0.627737 0.639403 0.625172 0.640829 0.623026 0.638343 0.616018 0.625032 0.613336 0.619097 0.609323 0.608389 0.606805 0.599847 0.603818 0.590801
2 0.609167 0.580185 0.610227 0.572634 0.610367 0.567657 0.610602 0.562963 0.610987 0.560505 0.607432 0.555361 0.605969 0.551023 0.603875 0.551764 0.603310 0.553190 0.602057 0.556167 0.601990 0.557370 0.602896 0.559352 0.603070 0.561708 0.602792 0.569454 0.602049 0.573514 0.604948 0.577519
2 0.496104 0.482250 0.504961 0.482616 0.509138 0.482560 0.515815 0.481968 0.517924 0.481644 0.521458 0.482231 0.524599 0.483838 0.525750 0.484704 0.527701 0.489106 0.529253 0.492935 0.528458 0.500069 0.523185 0.500486 0.521924 0.498907 0.520711 0.498741 0.518984 0.501231 0.516979 0.501315 0.514271 0.500486 0.512451 0.496667 0.500823 0.494935 0.496589 0.485616
8 0.419258 0.442231 0.418622 0.438708 0.416568 0.439171 0.415891 0.445287 0.415120 0.452106 0.414904 0.455755 0.414203 0.461606 0.412367 0.475528 0.412367 0.477546 0.415878 0.477352 0.421385 0.466694 0.420135 0.462731 0.415141 0.473185 0.416914 0.460657 0.417404 0.452773 0.417727 0.445889
1 0.492651 0.661259 0.472156 0.656926 0.455362 0.653616 0.443542 0.650176 0.435964 0.647954 0.427815 0.645796 0.427971 0.648884 0.435919 0.650463 0.443505 0.652829 0.455562 0.655917 0.461174 0.657704 0.471953 0.659769 0.492695 0.664213
1 0.417693 0.325324 0.436315 0.340319 0.435263 0.343269 0.434445 0.343801 0.416729 0.328481
1 0.527323 0.774403 0.551456 0.804028 0.553836 0.806815 0.553055 0.809329 0.550734 0.806597 0.527232 0.776921 0.526990 0.775208
1 0.494818 0.662176 0.514753 0.666301 0.517576 0.666676 0.527302 0.669398 0.543651 0.670764 0.546474 0.671431 0.558039 0.675269 0.560172 0.675968 0.569557 0.679468 0.573617 0.679926 0.579089 0.679977 0.591461 0.680250 0.597917 0.680620 0.597893 0.683352 0.596198 0.683120 0.589375 0.682662 0.578151 0.682199 0.571979 0.682616 0.566599 0.680755 0.559607 0.678347 0.556714 0.677435 0.544034 0.673287 0.534206 0.672236 0.528763 0.672111 0.523044 0.670681 0.511859 0.667894 0.497148 0.665046 0.494896 0.664444
2 0.551487 0.500833 0.555945 0.516472 0.546044 0.502694 0.546135 0.506500 0.554211 0.518981 0.555898 0.520801 0.556771 0.519463 0.558536 0.525153 0.542453 0.507306 0.541826 0.502093 0.542081 0.500093 0.546083 0.490495
2 0.456979 0.667454 0.457659 0.684931 0.457333 0.691565 0.456167 0.706250 0.453833 0.711894 0.450331 0.714051 0.448185 0.713884 0.447813 0.710481 0.449305 0.708324 0.450753 0.701690 0.450286 0.697375 0.452060 0.693639 0.453180 0.687088 0.453227 0.676713 0.453833 0.662940 0.456305 0.662194
2 0.559195 0.718069 0.563674 0.736213 0.564586 0.739083 0.567940 0.751671 0.568672 0.756028 0.570094 0.758407 0.570836 0.764681 0.572370 0.771773 0.573815 0.776833 0.576901 0.779259 0.577602 0.776856 0.575440 0.768926 0.573000 0.761116 0.570740 0.755588 0.568763 0.750713 0.564810 0.736157 0.564086 0.733574 0.563539 0.728718 0.560284 0.718444
2 0.415891 0.445287 0.415081 0.444875 0.414849 0.442875 0.414352 0.439819 0.414977 0.437324 0.414964 0.433671 0.414286 0.429273 0.413167 0.427657 0.410615 0.428398 0.410641 0.430296 0.409831 0.430731 0.407021 0.433769 0.406859 0.435208 0.407237 0.436551 0.409018 0.436074 0.411826 0.448167 0.415120 0.452106
2 0.462047 0.268412 0.461766 0.262273 0.462068 0.253727 0.459083 0.250856 0.456138 0.250069 0.453482 0.250292 0.452029 0.248856 0.451667 0.250292 0.451987 0.260472 0.452836 0.266208 0.454206 0.271014 0.456016 0.279838 0.459026 0.295898 0.457352 0.303778 0.451219 0.320273 0.452245 0.323009 0.449771 0.331389 0.452104 0.339685 0.452432 0.342509 0.453948 0.362227 0.453917 0.367102 0.454258 0.373074 0.455930 0.382889 0.459193 0.398056 0.460615 0.402069 0.460698 0.409356 0.461786 0.418278 0.462956 0.423333 0.463458 0.430023 0.464273 0.438236 0.466292 0.445630 0.468102 0.456431 0.468659 0.458097 0.470151 0.461398 0.471404 0.466755 0.471818 0.469769 0.477604 0.468653 0.476490 0.467412 0.476490 0.464685 0.477846 0.461102 0.475755 0.453815 0.472995 0.451435 0.472659 0.446829 0.471620 0.442384 0.470372 0.438847 0.469742 0.436653 0.469146 0.429431 0.467055 0.419171 0.466638 0.412778 0.464630 0.396269 0.464464 0.391065 0.462286 0.384787 0.462586 0.382431 0.463185 0.381694 0.458773 0.353889 0.457018 0.348389 0.456935 0.337981 0.456185 0.328398 0.456307 0.318606 0.458328 0.313958 0.462286 0.304819 0.463794 0.298870 0.463625 0.288315 0.463292 0.277310
15 0.454797 0.726356 0.454057 0.772912 0.451122 0.774171 0.447875 0.774565 0.446299 0.776079 0.445289 0.779106 0.445417 0.784264 0.444052 0.784769 0.443682 0.775769 0.445365 0.738894 0.444719 0.730005 0.447391 0.728407 0.447766 0.722764 0.451091 0.724602 0.447633 0.745903 0.448005 0.747000 0.449982 0.747218 0.452820 0.725921
2 0.604247 0.612139 0.602349 0.613208 0.598047 0.609398 0.596641 0.609630 0.594557 0.611713 0.594974 0.612546 0.599479 0.616435 0.602187 0.617963 0.603542 0.622500 0.605026 0.622639 0.606068 0.625324 0.607708 0.626111 0.607786 0.624907 0.605781 0.621435 0.605755 0.618426 0.607161 0.617083 0.609193 0.617407 0.610286 0.623287 0.611094 0.624676 0.614688 0.625602 0.615000 0.623750 0.612760 0.620185 0.610885 0.620139 0.610078 0.614722 0.608672 0.613056 0.606016 0.611667
1 0.588792 0.482838 0.589539 0.484954 0.587896 0.486519 0.581359 0.477560 0.577490 0.472583 0.571591 0.466227 0.566885 0.460829 0.568135 0.459449 0.578977 0.471523
8 0.457070 0.727611 0.457070 0.759449 0.456516 0.773278 0.454057 0.772912 0.454797 0.726356
2 0.502130 0.631435 0.507312 0.642417 0.509120 0.645097 0.510820 0.648926 0.511940 0.653968 0.515690 0.656981 0.519089 0.660231 0.521745 0.656111 0.523464 0.654815 0.526510 0.654769 0.526328 0.653194 0.524661 0.652639 0.525885 0.651204 0.527448 0.648657 0.526589 0.648287 0.524974 0.650370 0.523047 0.651250 0.520026 0.650694 0.518437 0.649213 0.519089 0.645046 0.520443 0.642500 0.516281 0.639912 0.506279 0.633657
2 0.604862 0.666611 0.610096 0.664505 0.614135 0.661032 0.617589 0.657935 0.623294 0.659130 0.630852 0.666819 0.630070 0.669769 0.626271 0.669352 0.625099 0.670694 0.624109 0.674907 0.624292 0.677824 0.623198 0.680417 0.620203 0.680606 0.617448 0.683009 0.615448 0.677370 0.607258 0.680741
2 0.569669 0.536741 0.571870 0.521713 0.573555 0.510764 0.573867 0.506787 0.574370 0.503569 0.571000 0.501875 0.569503 0.504167 0.567956 0.508875 0.567070 0.508444 0.565820 0.503213 0.564164 0.505435 0.562633 0.509380 0.561872 0.514977 0.564625 0.520611 0.562604 0.522722 0.560966 0.519005 0.559531 0.521347 0.562154 0.528310 0.567195 0.534338
2 0.545174 0.523787 0.544721 0.519880 0.543464 0.517153 0.542453 0.507306 0.558536 0.525153 0.562154 0.528310 0.567195 0.534338 0.569669 0.536741 0.588883 0.558199 0.593336 0.562782 0.599273 0.569764 0.602049 0.573514 0.604948 0.577519 0.578930 0.561958 0.567802 0.547116 0.552122 0.530190
2 0.529253 0.492935 0.539266 0.503819 0.541294 0.519898 0.539846 0.517741 0.529859 0.506870 0.529719 0.501065 0.528458 0.500069 0.528458 0.500069
2 0.623865 0.703329 0.624125 0.700227 0.625609 0.698792 0.628214 0.692449 0.630115 0.691523 0.632901 0.687218 0.633109 0.681523 0.633510 0.678421 0.635151 0.677954 0.637438 0.678954 0.638734 0.674727 0.640284 0.677296 0.640271 0.684963 0.638039 0.684264 0.636685 0.681477 0.635508 0.681694 0.631794 0.691931 0.629555 0.694620 0.626039 0.701282 0.625484 0.707736 0.623724 0.711977 0.623237 0.717449 0.621672 0.714375 0.622750 0.708616
2 0.523185 0.500486 0.521924 0.498907 0.520711 0.498741 0.518984 0.501231 0.516979 0.501315 0.514271 0.500486 0.512451 0.496667 0.500823 0.494935 0.509336 0.511431 0.516336 0.513153 0.521367 0.517412 0.523708 0.515546 0.525563 0.508306 0.526813 0.509736 0.527297 0.512102 0.528305 0.511458 0.528305 0.510310 0.527339 0.507301 0.526047 0.505361 0.526328 0.503213
2 0.504961 0.480676 0.501943 0.478130 0.504049 0.471833 0.506471 0.469333 0.507732 0.470231 0.511255 0.474088 0.512992 0.475954 0.515479 0.478616 0.515815 0.481968 0.509138 0.482560 0.506404 0.482704
2 0.537031 0.443032 0.539680 0.443157 0.544682 0.443838 0.545893 0.445630 0.547102 0.444981 0.550581 0.446468 0.553049 0.449574 0.557781 0.456593 0.561427 0.459912 0.561276 0.461468 0.559409 0.461199 0.553201 0.456056 0.550458 0.451236 0.540576 0.452199 0.538016 0.446787
2 0.550773 0.462079 0.550357 0.471361 0.550638 0.476338 0.550641 0.477519 0.550674 0.479625 0.549497 0.482810 0.548935 0.484574 0.547427 0.487199 0.546083 0.490495 0.542081 0.500093 0.541826 0.502093 0.542453 0.507306 0.543464 0.517153 0.544721 0.519880 0.545174 0.523787 0.549284 0.530074 0.554052 0.539569 0.557940 0.546042 0.557497 0.548269 0.555703 0.547407 0.552341 0.541037 0.543797 0.526736 0.543143 0.524287 0.541583 0.522106 0.539266 0.503819 0.539109 0.498176 0.540513 0.494144 0.544195 0.486403 0.545807 0.483884 0.546901 0.481338 0.549193 0.477102 0.548435 0.472986 0.548469 0.464519 0.547805 0.462051 0.548349 0.460880 0.549672 0.460764
2 0.579352 0.647125 0.579065 0.647819 0.578909 0.649255 0.577734 0.649306 0.577656 0.650231 0.579036 0.651065 0.578932 0.653981 0.579375 0.654167 0.580000 0.651389 0.584115 0.652593 0.584010 0.655231 0.584557 0.655231 0.585313 0.652824 0.589036 0.653704 0.589792 0.655093 0.590339 0.654306 0.594167 0.655231 0.594479 0.656667 0.595026 0.657315 0.594115 0.660046 0.594917 0.660597 0.595648 0.659361 0.595927 0.656944 0.595823 0.655208 0.597497 0.655949 0.598828 0.656250 0.598906 0.659120 0.599714 0.658843 0.600026 0.657546 0.599922 0.655833 0.600417 0.655602 0.600000 0.652778 0.598958 0.652731 0.598958 0.654259 0.597531 0.653986 0.595888 0.653824 0.595677 0.652477 0.595237 0.651458 0.594089 0.651481 0.594062 0.653056 0.590599 0.652593 0.590237 0.649792 0.589221 0.650440 0.589065 0.652060 0.587529 0.651505 0.585625 0.651157 0.585495 0.649028 0.584193 0.648704 0.583906 0.650417 0.580651 0.649769 0.580573 0.648009 0.580156 0.646806
2 0.581643 0.603491 0.583307 0.604199 0.585224 0.603023 0.585747 0.601657 0.590279 0.599491 0.591221 0.601347 0.591779 0.606491 0.590943 0.611574 0.591789 0.612356 0.591406 0.615519 0.593432 0.616574 0.593396 0.614157 0.595893 0.601287 0.594846 0.598185 0.594917 0.595523 0.593521 0.592486 0.592859 0.592116 0.590315 0.594037 0.584633 0.596699 0.584180 0.595769 0.583273 0.595523 0.580656 0.598065 0.580552 0.600542
2 0.602336 0.651731 0.604862 0.666611 0.610096 0.664505 0.614135 0.661032 0.611391 0.650736 0.608682 0.648495 0.604810 0.648829
2 0.579151 0.633551 0.579430 0.638144 0.579393 0.640866 0.583427 0.649398 0.584193 0.648704 0.588146 0.645602 0.589255 0.634657 0.582497 0.631329 0.580320 0.628819 0.578937 0.629255
2 0.555133 0.979588 0.551875 0.996944 0.560982 0.998162 0.566872 0.967472
2 0.455654 0.235079 0.456138 0.250069 0.453482 0.250292 0.452029 0.248856 0.451667 0.250292 0.451987 0.260472 0.452836 0.266208 0.454206 0.271014 0.450737 0.270801 0.447714 0.272736 0.442227 0.268505 0.442469 0.264417 0.446057 0.264130 0.445576 0.258250 0.444404 0.256028 0.443234 0.250648 0.448680 0.234870 0.451302 0.236306
2 0.462068 0.253727 0.461133 0.238861 0.473638 0.245347 0.475286 0.246481 0.468391 0.247472 0.467203 0.248403 0.465984 0.252245 0.466786 0.253921 0.470935 0.256769 0.476862 0.255778 0.477872 0.259620 0.485839 0.253588 0.504888 0.262787 0.492263 0.271403 0.490143 0.269907 0.487529 0.273560 0.484495 0.275634 0.480714 0.278454 0.479034 0.273394 0.474880 0.275384 0.471799 0.275634 0.466807 0.274639 0.462047 0.268412 0.461766 0.262273
5 0.456016 0.279838 0.454797 0.284417 0.451724 0.295991 0.450437 0.301384 0.442068 0.312810 0.437370 0.319625 0.430240 0.332106 0.432130 0.334120 0.433391 0.332968 0.435117 0.330477 0.439924 0.324505 0.440810 0.322264 0.440904 0.318116 0.442352 0.313551 0.443612 0.312722 0.445617 0.315125 0.453083 0.305606 0.455945 0.298023 0.457781 0.289384
5 0.463625 0.288315 0.479034 0.273394 0.480714 0.278454 0.478102 0.278537 0.477495 0.280194 0.478552 0.281097 0.472523 0.289296 0.463794 0.298870
6 0.534372 0.239028 0.542328 0.232759 0.543740 0.205315 0.544245 0.197602 0.535859 0.197088
6 0.541784 0.244060 0.541443 0.256708 0.536422 0.264579 0.532940 0.262523 0.533529 0.250810
6 0.554232 0.274727 0.552906 0.289167 0.550362 0.289167 0.547115 0.286412 0.546784 0.287588 0.546125 0.288519 0.551526 0.309736 0.553281 0.310278 0.560148 0.302190 0.560326 0.296778
5 0.465719 0.371968 0.475203 0.350218 0.479797 0.359037 0.478586 0.363505 0.474836 0.371537 0.468299 0.381505
5 0.485273 0.493296 0.484750 0.500264 0.484234 0.503713 0.483833 0.508269 0.482805 0.520852 0.483112 0.545060 0.483674 0.561056 0.482422 0.597963 0.491875 0.599722 0.492536 0.570310 0.492805 0.553319 0.494792 0.534426 0.495948 0.512306 0.492464 0.504745 0.490128 0.497495 0.490477 0.496120 0.488880 0.495958 0.488398 0.492741
5 0.482865 0.523519 0.472177 0.533866 0.467578 0.541611 0.467424 0.555093 0.483036 0.538542
5 0.483036 0.538542 0.483112 0.545060 0.474138 0.555958 0.466875 0.565921 0.465461 0.566671 0.467424 0.555093
5 0.557690 0.695819 0.545529 0.697333 0.526208 0.699769 0.518141 0.700847 0.509396 0.702259 0.504409 0.703620 0.503747 0.712176 0.504898 0.719306 0.517206 0.718185 0.542786 0.713755 0.560010 0.709523 0.567604 0.703264
5 0.588182 0.735282 0.595930 0.751273 0.607219 0.775324 0.609888 0.782477 0.606344 0.797394 0.604117 0.805824 0.600242 0.820245 0.594510 0.842477 0.589508 0.859750 0.587451 0.870005 0.582529 0.869569 0.579422 0.860463 0.567526 0.846412 0.568008 0.843468 0.569862 0.836079 0.582047 0.803523 0.580917 0.800514 0.583440 0.786162 0.586753 0.769403 0.586659 0.753718 0.587125 0.744653
5 0.504448 0.791074 0.503159 0.791880 0.499091 0.819824 0.499560 0.822602 0.489820 0.824361 0.489326 0.825704 0.494523 0.829329 0.498846 0.833634 0.506005 0.838537 0.513323 0.839602 0.514729 0.842106 0.515591 0.839653 0.519052 0.844514 0.522466 0.846458 0.523583 0.847755 0.523922 0.849606 0.525380 0.849185 0.525555 0.846134 0.526599 0.838935 0.527643 0.834213 0.531417 0.818241 0.524586 0.810380 0.521411 0.807310 0.511984 0.797500
5 0.533036 0.841463 0.534003 0.844116 0.534122 0.850856 0.535263 0.860343 0.536505 0.870894 0.537469 0.874542 0.539846 0.881231 0.542680 0.878449 0.544242 0.877620 0.545117 0.875204 0.550268 0.871028 0.555453 0.868130 0.555513 0.866954 0.552951 0.856935 0.548732 0.839477 0.547237 0.829542 0.550128 0.812991 0.548805 0.810083 0.546747 0.810639 0.538240 0.829171
5 0.556172 0.716176 0.558833 0.725968 0.562333 0.734676 0.562604 0.747051 0.559437 0.777023 0.558245 0.777167 0.554479 0.774199 0.556641 0.752815 0.558245 0.739796 0.555245 0.732861 0.550992 0.717111
5 0.559607 0.678347 0.560521 0.678657 0.569870 0.690833 0.570026 0.695880 0.569443 0.695870 0.562370 0.695741 0.557266 0.687407
5 0.588721 0.719218 0.587427 0.726843 0.597190 0.745745 0.607961 0.768750 0.618958 0.783023 0.621659 0.786815 0.627052 0.794315 0.635070 0.806162 0.639062 0.814051 0.645760 0.805806 0.643703 0.801148 0.639224 0.795120 0.628253 0.778694 0.625833 0.775537 0.618453 0.763829 0.617984 0.763227 0.612344 0.755231 0.597206 0.731949
5 0.597206 0.731949 0.612344 0.755231 0.614974 0.742120 0.599747 0.727144
5 0.646094 0.663843 0.668711 0.686282 0.691385 0.708537 0.698161 0.715972 0.696404 0.742292 0.680896 0.722625 0.678771 0.719713 0.669063 0.709431 0.642734 0.681667 0.642203 0.669875 0.643375 0.664222
5 0.597831 0.633417 0.598133 0.623991 0.616898 0.640856 0.635260 0.655894 0.635188 0.658852 0.630852 0.666819
5 0.509336 0.511431 0.518594 0.526019 0.529115 0.532407 0.528818 0.523690 0.522891 0.518546 0.516336 0.513153
5 0.449271 0.426852 0.451615 0.414907 0.450182 0.414954 0.445990 0.435926 0.443906 0.439491 0.444646 0.415009 0.452594 0.399162 0.456505 0.411995
5 0.433807 0.451972 0.435974 0.453829 0.436427 0.456556 0.441203 0.464366 0.444266 0.469370 0.442023 0.470944 0.440065 0.478250 0.438010 0.491023 0.437404 0.501231 0.434370 0.484801
5 0.448503 0.469338 0.447146 0.469940 0.444266 0.469370 0.442023 0.470944 0.440065 0.478250 0.438010 0.491023 0.437404 0.501231 0.436458 0.515417 0.437062 0.517481 0.439326 0.524264 0.439198 0.518537 0.439693 0.511500 0.440812 0.508722 0.442740 0.509463 0.442792 0.513352 0.445292 0.513954 0.446646 0.514741 0.447292 0.486806
5 0.463000 0.522213 0.462919 0.524940 0.462404 0.533111 0.462628 0.537583 0.461935 0.539190 0.460216 0.538653 0.458708 0.545755 0.456930 0.559759 0.456339 0.566704 0.456534 0.575838 0.461628 0.585537 0.463161 0.587546 0.463799 0.588148 0.465461 0.566671 0.467424 0.555093 0.467578 0.541611 0.469898 0.522389 0.468643 0.519537 0.466693 0.518606 0.464008 0.519907
5 0.465461 0.566671 0.467526 0.572130 0.474271 0.573162 0.474557 0.568579 0.474687 0.564551 0.475911 0.564782 0.475781 0.568394 0.476198 0.574181 0.481120 0.578241 0.483099 0.578935 0.483674 0.561056 0.475729 0.554028 0.474138 0.555958 0.466875 0.565921
5 0.529115 0.532407 0.528818 0.523690 0.530323 0.518343 0.542505 0.526088 0.544521 0.531755 0.550289 0.540000 0.550573 0.544519
5 0.533219 0.551593 0.531354 0.551593 0.530419 0.549190 0.528698 0.547361 0.528885 0.542190 0.528724 0.535278 0.555979 0.550514 0.563852 0.555491 0.565479 0.560690 0.559237 0.564060 0.552701 0.562028 0.541734 0.556028 0.541315 0.550116 0.539896 0.550597 0.540047 0.555120 0.535677 0.553676
5 0.609070 0.461245 0.616484 0.483796 0.615372 0.484560 0.608698 0.480093 0.602578 0.462315
5 0.620122 0.942088 0.621935 0.943639 0.623747 0.946801 0.624375 0.949093 0.624724 0.951384 0.624758 0.954176 0.624026 0.956903 0.623328 0.957769 0.621794 0.958949 0.620471 0.959319 0.618693 0.958884 0.617333 0.958204 0.615521 0.955847 0.614299 0.953306 0.613464 0.946431 0.613987 0.942894 0.614927 0.938931 0.617182 0.940810
5 0.620471 0.932051 0.624654 0.935208 0.627060 0.939361 0.627891 0.943333 0.629518 0.943866 0.629924 0.939491 0.630237 0.937361 0.630831 0.932759 0.630776 0.929736 0.630323 0.924588 0.631081 0.923306 0.631440 0.915324 0.631919 0.910981 0.634281 0.903199 0.635411 0.902338 0.636177 0.897940 0.639141 0.894157 0.638758 0.887653 0.640414 0.877157 0.624914 0.895648 0.625841 0.895648 0.623271 0.905880 0.622453 0.915727 0.621521 0.923542
5 0.680044 0.962727 0.678411 0.963009 0.667409 0.966014 0.666224 0.966111 0.671039 0.986611 0.692836 0.988269 0.696802 0.988023 0.695169 0.978315 0.688122 0.959727
5 0.617240 0.966667 0.621195 0.970597 0.624930 0.969602 0.626878 0.971546 0.626701 0.976486 0.625526 0.992046 0.623026 0.991977 0.622505 1.000000 0.622505 1.000000 0.622505 1.000000 0.616909 1.000000 0.615820 0.997620 0.616815 0.981125
5 0.585781 0.980218 0.586948 0.980898 0.587732 0.984273 0.588755 0.985824 0.590232 0.988718 0.594841 0.987699 0.604182 0.987968 0.604576 0.985611 0.600568 0.980310 0.601833 0.978111 0.602375 0.975167 0.602344 0.972329 0.598005 0.973773 0.592865 0.976852
5 0.580898 0.981588 0.573740 0.978620 0.568745 0.977208 0.566977 0.977194 0.567880 0.985176 0.567943 0.999963 0.575185 1.000000 0.591430 1.000000 0.587026 0.992398 0.581193 0.990593 0.579917 0.985644
5 0.567526 0.846412 0.579422 0.860463 0.582529 0.869569 0.587451 0.870005 0.587560 0.870440 0.583656 0.874380 0.578169 0.880352 0.576714 0.876769 0.571227 0.882741 0.572458 0.885926 0.561422 0.898046 0.559930 0.896472 0.559445 0.883204 0.559042 0.867713 0.565901 0.852944
5 0.502672 0.909199 0.507693 0.906801 0.510339 0.905741 0.514177 0.896588 0.507177 0.840995 0.502930 0.847056 0.503677 0.852694 0.505125 0.854602 0.506151 0.863065 0.505357 0.866468 0.506245 0.872278 0.504331 0.871944 0.500409 0.866801 0.497891 0.848463 0.496724 0.865144
2 0.482018 0.233546 0.502227 0.244912 0.511654 0.250546 0.512576 0.244625 0.511203 0.237884 0.506281 0.232074 0.500271 0.227986 0.492284 0.228491
2 0.483380 0.296231 0.480005 0.299556 0.474042 0.308324 0.497049 0.318611 0.500911 0.319444 0.502500 0.320185 0.502474 0.322130 0.510258 0.308986 0.498490 0.303551
2 0.495023 0.672477 0.495789 0.706898 0.500594 0.715231 0.510461 0.735616 0.515784 0.748532 0.517237 0.748537 0.517211 0.750852 0.520292 0.759088 0.541896 0.769134 0.529964 0.744009 0.523914 0.731815 0.522799 0.729421 0.517206 0.718185 0.504898 0.719306 0.503747 0.712176 0.504409 0.703620 0.509396 0.702259 0.499437 0.679736 0.498880 0.679907 0.497943 0.679398 0.498073 0.676481 0.496648 0.673903
2 0.454401 0.619167 0.460625 0.632069 0.460221 0.648338 0.461169 0.653037 0.461146 0.654769 0.455362 0.653616 0.455292 0.650514 0.454206 0.646602 0.454240 0.643819 0.455109 0.641412 0.455049 0.632032 0.453000 0.633218 0.452219 0.626491 0.453104 0.624361 0.452505 0.621769
5 0.521924 0.786981 0.523839 0.794866 0.524026 0.800093 0.523885 0.802500 0.525240 0.805153 0.525193 0.808639 0.524586 0.810380 0.531417 0.818241 0.527643 0.834213 0.535052 0.836667 0.538240 0.829171 0.546747 0.810639 0.548805 0.810083 0.550128 0.812991 0.550734 0.806597 0.540268 0.793454 0.525380 0.790218
5 0.521924 0.786981 0.525380 0.790218 0.540268 0.793454 0.527232 0.776921 0.526990 0.775208 0.527323 0.774403 0.543646 0.794458 0.551956 0.798685 0.551794 0.800139 0.554044 0.799806 0.554482 0.795806 0.556042 0.776255 0.531549 0.767593 0.522865 0.765148
5 0.556042 0.776255 0.554479 0.774199 0.541896 0.769134 0.520292 0.759088 0.516745 0.757444 0.518518 0.764417 0.521924 0.786981 0.522865 0.765148 0.531549 0.767593
5 0.486891 0.803648 0.488625 0.797556 0.489432 0.788806 0.494154 0.790454 0.500323 0.795329 0.497818 0.811120 0.497089 0.810056 0.496151 0.801815 0.496672 0.799269 0.496151 0.798944 0.495656 0.801398 0.496125 0.807417 0.496542 0.811398 0.497479 0.813991 0.495995 0.820366 0.490289 0.821625 0.488206 0.821213 0.487685 0.823296 0.488023 0.825519 0.489326 0.825704 0.491232 0.827005 0.490208 0.829606 0.481719 0.847454 0.474904 0.861727 0.473456 0.863384 0.471742 0.862736 0.468513 0.857491 0.468216 0.852884 0.471891 0.848389 0.473969 0.844366 0.475867 0.846833 0.478857 0.836898 0.479992 0.833815 0.482229 0.829106 0.482703 0.826755 0.486112 0.814426 0.487982 0.819296 0.488615 0.818333 0.487771 0.810194
5 0.477667 0.893519 0.480831 0.930875 0.489297 0.930463 0.490497 0.925676 0.490966 0.924796 0.490510 0.920843 0.485190 0.870671
5 0.485703 0.945491 0.487294 0.940120 0.488310 0.938361 0.489768 0.930630 0.491096 0.926093 0.491557 0.931009 0.493466 0.957843 0.492849 0.958718 0.493161 0.963546 0.493953 0.965222 0.493854 0.965551 0.492604 0.966069
5 0.472068 0.831144 0.481836 0.827056 0.478521 0.797866 0.469068 0.799671
5 0.468547 0.795597 0.477818 0.791338 0.475828 0.772412 0.466646 0.776375
5 0.466289 0.768847 0.470383 0.766713 0.469659 0.765477 0.467135 0.734153 0.465070 0.731560 0.462318 0.730310
5 0.422484 0.643435 0.422810 0.650986 0.425563 0.682681 0.427151 0.690810 0.426544 0.695870 0.426682 0.704088 0.427943 0.710394 0.430370 0.713875 0.431258 0.722259 0.430464 0.728148 0.431258 0.732130 0.433063 0.731940 0.439424 0.727319 0.439099 0.724412 0.436721 0.664958 0.431776 0.658981 0.427247 0.656412 0.424029 0.651185 0.423234 0.643134
5 0.422661 0.639444 0.421484 0.637833 0.420841 0.637185 0.420435 0.633389 0.418555 0.635421 0.418208 0.632134 0.417302 0.630583 0.416151 0.634796 0.416839 0.641556 0.421089 0.658653 0.424576 0.684931 0.426544 0.695870 0.427151 0.690810 0.425563 0.682681 0.422810 0.650986 0.420094 0.647014 0.419206 0.639384 0.419672 0.637060 0.420607 0.639130 0.422471 0.641292
5 0.443505 0.652829 0.440956 0.652074 0.444078 0.721384 0.439099 0.724412 0.439424 0.727319 0.440924 0.726273 0.443792 0.730218 0.444719 0.730005 0.447391 0.728407 0.447766 0.722764 0.446365 0.702102
5 0.442729 0.607009 0.450711 0.611431 0.454401 0.619167 0.452505 0.621769 0.453104 0.624361 0.452219 0.626491 0.453000 0.633218 0.455049 0.632032 0.455109 0.641412 0.454240 0.643819 0.454206 0.646602 0.455292 0.650514 0.455362 0.653616 0.443542 0.650176 0.443229 0.644051 0.443234 0.633940
5 0.464464 0.391065 0.464630 0.396269 0.466638 0.412778 0.467055 0.419171 0.469146 0.429431 0.470193 0.430921 0.470781 0.414282 0.469281 0.404796 0.467643 0.399903
5 0.458773 0.353889 0.463185 0.381694 0.467474 0.393032 0.470885 0.394491 0.468299 0.381505 0.465719 0.371968 0.461953 0.358769 0.461534 0.353875
5 0.560943 0.330662 0.565865 0.323421 0.568484 0.320407 0.569253 0.320407 0.569656 0.326505 0.571833 0.338838 0.568323 0.340630
5 0.559237 0.564060 0.565479 0.560690 0.563852 0.555491 0.567346 0.557829 0.578482 0.564472 0.579776 0.572454 0.579716 0.574491 0.577065 0.574435 0.576432 0.572778 0.572154 0.573259 0.571130 0.575403 0.569471 0.578616 0.563716 0.576685 0.560945 0.572347
5 0.695677 0.860463 0.686458 0.846759 0.677958 0.835991 0.670414 0.845255 0.701125 0.892546 0.706466 0.899949 0.711456 0.897120 0.713768 0.885810
5 0.474401 0.936528 0.473620 0.936944 0.472839 0.939444 0.472500 0.939630 0.472422 0.941157 0.473307 0.942083 0.473464 0.944676 0.472917 0.946806 0.472917 0.948241 0.472604 0.948519 0.472240 0.945694 0.472682 0.944769 0.472578 0.943519 0.471667 0.942176 0.471693 0.940417 0.472526 0.938519 0.472552 0.937639 0.472161 0.936898 0.472188 0.935463 0.474271 0.935417 0.472661 0.921602 0.472760 0.915278 0.471846 0.912495 0.468617 0.922176 0.469708 0.925028 0.470372 0.934028 0.471154 0.941259 0.469888 0.942546 0.473656 0.960222 0.473776 0.956685 0.474078 0.952616 0.474891 0.950634 0.475945 0.950741
5 0.447766 0.722764 0.443505 0.652829 0.455562 0.655917 0.456305 0.662194 0.453833 0.662940 0.453227 0.676713 0.453180 0.687088 0.452060 0.693639 0.450286 0.697375 0.450753 0.701690 0.449305 0.708324 0.447813 0.710481 0.448185 0.713884 0.450331 0.714051 0.453833 0.711894 0.456167 0.706250 0.457333 0.691565 0.457659 0.684931 0.456979 0.667454 0.457552 0.667917 0.458177 0.667454 0.458216 0.663935 0.465885 0.677264 0.469141 0.682176 0.470680 0.692065 0.465750 0.698931 0.465057 0.688537 0.462674 0.688005 0.463398 0.701875 0.461104 0.709736 0.461708 0.710528 0.461104 0.713824 0.460984 0.716694 0.461227 0.722069 0.462112 0.722500 0.461708 0.719847 0.461870 0.713537 0.463201 0.707014 0.463859 0.704718 0.467135 0.734153 0.465070 0.731560 0.462318 0.730310
5 0.472922 0.734190 0.471026 0.734694 0.469760 0.734583 0.467414 0.708319 0.466010 0.700157 0.471148 0.693602 0.472922 0.699616 0.473247 0.705505 0.477307 0.733468
5 0.483982 0.737449 0.483375 0.737032 0.482068 0.728486 0.474414 0.696792 0.473435 0.688745 0.476945 0.694296 0.481094 0.700449 0.489297 0.713273 0.493544 0.719523 0.493956 0.732500 0.492448 0.730505 0.491099 0.732231 0.491044 0.735111
5 0.477346 0.691088 0.481773 0.690671 0.484742 0.689745 0.485706 0.687940 0.486979 0.687870 0.493133 0.701116 0.493464 0.716889
2 0.471953 0.659769 0.472828 0.671009 0.473755 0.685620 0.467375 0.675394 0.465260 0.658426
2 0.469141 0.682176 0.470680 0.692065 0.472922 0.699616 0.473247 0.705505 0.477307 0.733468 0.481182 0.753713 0.480807 0.755204 0.481508 0.761097 0.482302 0.761926 0.482443 0.763088 0.482490 0.765824 0.483141 0.768065 0.484263 0.768065 0.485474 0.766491 0.485615 0.764829 0.487716 0.763171 0.487529 0.760431 0.486596 0.752468 0.483888 0.741847 0.484682 0.738861 0.483982 0.737449 0.483375 0.737032 0.482068 0.728486 0.474414 0.696792 0.473435 0.688745
2 0.471820 0.311671 0.465370 0.321338 0.466242 0.324870 0.466870 0.324560 0.467182 0.327287 0.467982 0.329565 0.470146 0.332125 0.472656 0.331750 0.473773 0.334602 0.474964 0.334644 0.479469 0.339319 0.479784 0.341824 0.480953 0.344093 0.482487 0.344880 0.484482 0.343329 0.485263 0.343917 0.485594 0.346111 0.487221 0.345153 0.487885 0.346005 0.488687 0.348898 0.491758 0.343481 0.494182 0.337838 0.493167 0.335245 0.487125 0.331769 0.486878 0.330190 0.487286 0.328398 0.486505 0.327194 0.485276 0.326593 0.484766 0.324213 0.483378 0.320991 0.481060 0.318676 0.477883 0.318579 0.474836 0.319417 0.473927 0.318120 0.473299 0.314093
2 0.456185 0.328398 0.458937 0.326167 0.461648 0.322968 0.461568 0.320458 0.462370 0.319384 0.464190 0.321463 0.465370 0.321338 0.471820 0.311671 0.480005 0.299556 0.483380 0.296231 0.485490 0.288361 0.487086 0.288306 0.488383 0.286111 0.481966 0.279685 0.478552 0.281097 0.472523 0.289296 0.472406 0.291491 0.464534 0.303361 0.458328 0.313958 0.456307 0.318606
2 0.492263 0.271403 0.500216 0.278097 0.504221 0.275060 0.505690 0.275431 0.507005 0.275000 0.510883 0.266009 0.504888 0.262787
2 0.521174 0.249579 0.518813 0.254324 0.525122 0.258042 0.533529 0.250810 0.541784 0.244060 0.547721 0.234847 0.553747 0.221833 0.553115 0.218241 0.551969 0.217815 0.544315 0.230991 0.542328 0.232759 0.534372 0.239028
2 0.580898 0.981588 0.579917 0.985644 0.581193 0.990593 0.587026 0.992398 0.591430 1.000000 0.591430 1.000000 0.616909 1.000000 0.616909 1.000000 0.615820 0.997620 0.612958 0.995745 0.610516 0.992264 0.604576 0.985611 0.604182 0.987968 0.594841 0.987699 0.590232 0.988718 0.588755 0.985824 0.587732 0.984273 0.586948 0.980898 0.585781 0.980218 0.582260 0.979287 0.581320 0.980093
2 0.595638 0.933699 0.603693 0.947282 0.606727 0.949773 0.608268 0.940065 0.609388 0.936329 0.601034 0.926125
2 0.408070 0.280574 0.409375 0.278954 0.411013 0.277935 0.414818 0.286181 0.416273 0.286731 0.417513 0.286736 0.417721 0.285120 0.419570 0.285120 0.420273 0.281972 0.421784 0.278958 0.424333 0.277338 0.423036 0.273806 0.423247 0.272458 0.421260 0.268449 0.419755 0.268227 0.418711 0.269106 0.417771 0.271370 0.418346 0.273824 0.415768 0.274009 0.415638 0.271926 0.414440 0.270352 0.412799 0.268269 0.411784 0.269981 0.410013 0.271787 0.409102 0.273917 0.408919 0.277713 0.407044 0.278500 0.407201 0.280444
2 0.558995 0.307491 0.564333 0.307301 0.570953 0.311097 0.569779 0.313565 0.568818 0.315843 0.564760 0.317931 0.552029 0.315468
2 0.585164 0.358190 0.590563 0.375884 0.577276 0.370963 0.574047 0.359153 0.584844 0.356852
2 0.454044 0.282009 0.446180 0.288653 0.440391 0.291759 0.438484 0.304139 0.446120 0.299792 0.451724 0.295991 0.454797 0.284417
15 0.469070 0.164255 0.464971 0.185968 0.463341 0.191481 0.462221 0.202264 0.460133 0.209551 0.454688 0.222389 0.448680 0.234870 0.443234 0.250648 0.438143 0.265250 0.429971 0.289606 0.426422 0.300523 0.424547 0.304093 0.421427 0.286755 0.424333 0.277338 0.429997 0.260727 0.429961 0.254412 0.430026 0.251319 0.438901 0.234264 0.451648 0.199157 0.457336 0.182722 0.460456 0.167171
2 0.410279 0.300708 0.409159 0.293486 0.409206 0.282949 0.409719 0.282037 0.410513 0.282287 0.410792 0.286852 0.412049 0.289796 0.412393 0.293394 0.413268 0.297296 0.413966 0.298597 0.414594 0.300708 0.414523 0.305787 0.412940 0.311991 0.412753 0.316884 0.411448 0.320245 0.411214 0.323995 0.409539 0.327606 0.409354 0.331944 0.409693 0.335093 0.410471 0.335694 0.409849 0.339120 0.407977 0.340769 0.406604 0.350153 0.405953 0.363773 0.404797 0.370713 0.406161 0.384787 0.405883 0.392838 0.407560 0.406023 0.409828 0.409287 0.410206 0.412264 0.409612 0.414856 0.410841 0.419884 0.409831 0.430731 0.410641 0.430296 0.410615 0.428398 0.413167 0.427657 0.414286 0.429273 0.414964 0.433671 0.414977 0.437324 0.414352 0.439819 0.414849 0.442875 0.415081 0.444875 0.415891 0.445287 0.416568 0.439171 0.418622 0.438708 0.416320 0.427208 0.412102 0.408829 0.409159 0.395546 0.408542 0.380472 0.408828 0.374231 0.409036 0.361870 0.411380 0.355667 0.409242 0.355255 0.409323 0.353306 0.410909 0.353028 0.412680 0.350023 0.413331 0.342704 0.414531 0.341176 0.413227 0.337889 0.413359 0.332009 0.415544 0.322704 0.416406 0.319375 0.415779 0.311412 0.416846 0.309509 0.417159 0.305852 0.416846 0.302102 0.416745 0.299741 0.417445 0.298907 0.417917 0.295991 0.417992 0.291875 0.416273 0.286731 0.414818 0.286181 0.411013 0.277935 0.409375 0.278954 0.408070 0.280574 0.406927 0.282750 0.406667 0.287565 0.406977 0.292889 0.407523 0.302523
2 0.460133 0.209551 0.454688 0.222389 0.454930 0.226046 0.455654 0.235079 0.456138 0.250069 0.459083 0.250856 0.462068 0.253727 0.461133 0.238861 0.460568 0.233551 0.460810 0.229106 0.459883 0.223083 0.468664 0.227227 0.468393 0.218606 0.467549 0.216356 0.462273 0.208750
2 0.475286 0.246481 0.468391 0.247472 0.467203 0.248403 0.465984 0.252245 0.466786 0.253921 0.470935 0.256769 0.476862 0.255778 0.477872 0.259620 0.485839 0.253588
2 0.478552 0.281097 0.481966 0.279685 0.488383 0.286111 0.490190 0.291231 0.494529 0.289074 0.494857 0.287579 0.495930 0.286583 0.496771 0.284593 0.497563 0.284509 0.499057 0.288491 0.500596 0.288329 0.500596 0.286667 0.500130 0.285421 0.500365 0.284181 0.501297 0.283264 0.501951 0.280278 0.501250 0.278949 0.500216 0.278097 0.492263 0.271403 0.490143 0.269907 0.487529 0.273560 0.484495 0.275634 0.480714 0.278454 0.478102 0.278537 0.477495 0.280194
1 0.482703 0.826755 0.482229 0.829106 0.479992 0.833815 0.478857 0.836898 0.473685 0.836620 0.470846 0.836731 0.464005 0.841273 0.455612 0.844301 0.454385 0.843139 0.452424 0.837273 0.449763 0.818139 0.445417 0.784264 0.445289 0.779106 0.446299 0.776079 0.447875 0.774565 0.451122 0.774171 0.456516 0.773278 0.466289 0.768847 0.470383 0.766713 0.472581 0.765370 0.477143 0.764454 0.482443 0.763088 0.482490 0.765824 0.479927 0.768005 0.479266 0.770981 0.466646 0.776375 0.456255 0.779597 0.453396 0.779968 0.449161 0.779356 0.448802 0.781662 0.450188 0.792537 0.451943 0.808398 0.455268 0.835676 0.456492 0.837481 0.463628 0.834472 0.472068 0.831144
10 0.567906 0.966995 0.568560 0.968824 0.568232 0.973134 0.568745 0.977208 0.573740 0.978620 0.574253 0.975958 0.578099 0.972856 0.576844 0.969694 0.577576 0.968083 0.579635 0.967958 0.583331 0.973907 0.586958 0.974773 0.588208 0.972481 0.588870 0.969384 0.588456 0.965727 0.587271 0.964051 0.582771 0.961759 0.582807 0.951042
7 0.626701 0.976486 0.625526 0.992046 0.623026 0.991977 0.622505 1.000000 0.644203 1.000000 0.635091 0.984375
2 0.616164 0.906426 0.621521 0.923542 0.620471 0.932051 0.618169 0.932296 0.616706 0.933352 0.614961 0.936079 0.609865 0.914769
2 0.548471 0.320051 0.548854 0.328069 0.549414 0.336245 0.552706 0.339051 0.560521 0.344583 0.568323 0.340630 0.560943 0.330662 0.556174 0.325426
7 0.574177 0.523148 0.581690 0.529519 0.588021 0.553352 0.588141 0.555977 0.589438 0.556083 0.588883 0.558199 0.569669 0.536741 0.571870 0.521713
15 0.535068 0.888306 0.529510 0.900736 0.523531 0.911366 0.517641 0.909343 0.516333 0.904593 0.510339 0.905741 0.514177 0.896588 0.519901 0.882704 0.526094 0.873407 0.534635 0.865245 0.536505 0.870894 0.533643 0.872394 0.528401 0.877380 0.529997 0.881935 0.531836 0.878829 0.537469 0.874542 0.538896 0.878519
5 0.614370 0.938185 0.613010 0.943699 0.613010 0.948227 0.613497 0.953866 0.615031 0.957028 0.617193 0.959505 0.620331 0.960685 0.623643 0.959194 0.624969 0.955972 0.625490 0.952255 0.625003 0.948162 0.623781 0.945250 0.621482 0.941843 0.623677 0.942597 0.626781 0.942833 0.627891 0.943333 0.629518 0.943866 0.629518 0.943866 0.632255 0.944708 0.638966 0.960537 0.641307 0.964671 0.642427 0.966060 0.649328 0.965551 0.656492 0.966366 0.663570 0.966551 0.667284 0.986509 0.668372 0.990444 0.662669 0.990282 0.650398 0.989954 0.643479 0.988806 0.635091 0.984375 0.626701 0.976486 0.626878 0.971546 0.624841 0.969449 0.621195 0.970597 0.606073 0.955745 0.606539 0.951597 0.608268 0.940065 0.609388 0.936329
6 0.435919 0.650463 0.436721 0.664958 0.439099 0.724412 0.444078 0.721384 0.440956 0.652074
6 0.435159 0.619472 0.435177 0.629486 0.435964 0.647954 0.440755 0.649319 0.440161 0.631843 0.437234 0.628310 0.437198 0.625458 0.439674 0.624778 0.439289 0.615417
6 0.429297 0.453255 0.431354 0.452977 0.432031 0.452190 0.433807 0.451972 0.434370 0.484801 0.434766 0.509861 0.433716 0.506440 0.429721 0.483634
6 0.470846 0.836731 0.470805 0.843125 0.471891 0.848389 0.468216 0.852884 0.468513 0.857491 0.471742 0.862736 0.468854 0.872069 0.467529 0.860602 0.465924 0.839963
6 0.465586 0.833690 0.471060 0.831523 0.469068 0.799671 0.463438 0.802361
2 0.646807 0.758616 0.641604 0.764708 0.649945 0.794750 0.654021 0.790023 0.654057 0.787750 0.664448 0.784023 0.666854 0.783361 0.669747 0.781810 0.677708 0.783472 0.682708 0.783056 0.684490 0.777986 0.688393 0.777727 0.690057 0.773356 0.689839 0.764361 0.679792 0.754981
2 0.549732 0.350074 0.549701 0.340005 0.549414 0.336245 0.548854 0.328069 0.548255 0.316944 0.546055 0.309815 0.544328 0.310315 0.542367 0.313551 0.542898 0.331356 0.543247 0.333278 0.543115 0.353375
2 0.665336 0.850662 0.671031 0.870491 0.675091 0.885102 0.689185 0.936463 0.698922 0.971500 0.706622 0.999894 0.700771 1.000000 0.695695 1.000000 0.692836 0.988269 0.696802 0.988023 0.695169 0.978315 0.688122 0.959727 0.684974 0.961037 0.674427 0.923185 0.664458 0.886537 0.656716 0.859009
1 0.527375 0.447824 0.545807 0.483884 0.544195 0.486403 0.525966 0.450583 0.517661 0.435477 0.513971 0.428769 0.514065 0.425491 0.515078 0.424815 0.520891 0.434838
2 0.423490 0.518250 0.413609 0.496935 0.410315 0.486856 0.408857 0.487528 0.406914 0.483306 0.404214 0.485319 0.404214 0.487144 0.402052 0.487046 0.398867 0.491176 0.398380 0.494537 0.396167 0.493866 0.396521 0.499431 0.398187 0.498597 0.400453 0.503273 0.397224 0.505356 0.398260 0.512009 0.401112 0.511412 0.403031 0.509370 0.431281 0.569782 0.441703 0.597259 0.448750 0.607616 0.450711 0.611431 0.461703 0.634338 0.463794 0.632403 0.465383 0.633296 0.466385 0.636417 0.465549 0.638944 0.466052 0.643407 0.472156 0.656926 0.490977 0.660954 0.487214 0.649056 0.484117 0.649505 0.472956 0.626907 0.471539 0.623315 0.455430 0.587944 0.449573 0.574560 0.445477 0.565935 0.445810 0.563556 0.441878 0.554338 0.440625 0.554486
2 0.474094 0.660273 0.491406 0.663935 0.492612 0.667736 0.493133 0.701116 0.481414 0.675931
2 0.535339 0.340333 0.534190 0.341019 0.531536 0.344699 0.533419 0.349407 0.532164 0.353065 0.531911 0.358907 0.541471 0.354120 0.540148 0.349903 0.543125 0.350880 0.543229 0.348843 0.540112 0.346745 0.537602 0.345134 0.538125 0.343458 0.537185 0.341597
6 0.328174 0.261130 0.356083 0.305519 0.375164 0.335130 0.406161 0.384787 0.405883 0.392838 0.375638 0.346620 0.354125 0.313519 0.323432 0.265833 0.326000 0.260440
6 0.414185 0.404639 0.425318 0.421421 0.428102 0.417259 0.418622 0.401699 0.417331 0.401625 0.415596 0.397611 0.412935 0.393667 0.413016 0.396824
7 0.438477 0.390347 0.442958 0.387278 0.445875 0.391019 0.444901 0.406569 0.443547 0.452333 0.442477 0.458528 0.439917 0.454889 0.437503 0.452208 0.435667 0.451722 0.435846 0.441917 0.436331 0.439940 0.440156 0.439194 0.440966 0.416352 0.440581 0.412208 0.439292 0.407991 0.438768 0.399806
7 0.451935 0.430171 0.446240 0.439977 0.443924 0.452356 0.443799 0.455250 0.443888 0.459912 0.445305 0.461787 0.447294 0.463019 0.448680 0.461625 0.450188 0.441648
7 0.455997 0.480491 0.456031 0.486505 0.461680 0.489787 0.469815 0.474491 0.469607 0.471718 0.468044 0.471250 0.466872 0.468241 0.466146 0.465088 0.461875 0.468931 0.458357 0.475602
7 0.461268 0.443106 0.459385 0.445208 0.458583 0.447199 0.457083 0.460639 0.456422 0.466037 0.456143 0.474463 0.460466 0.466218 0.465346 0.462315 0.468659 0.458097 0.468102 0.456431 0.466292 0.445630 0.464273 0.438236 0.465417 0.448838 0.464695 0.450394 0.465357 0.451676 0.467526 0.456981 0.466109 0.458856 0.463820 0.451194 0.463247 0.451574 0.462917 0.450019 0.463247 0.449532
7 0.472557 0.400551 0.476508 0.417907 0.480542 0.405139 0.486594 0.381046 0.475427 0.379306 0.473549 0.392565 0.474836 0.393870 0.474174 0.397769
7 0.492693 0.383278 0.487922 0.417255 0.484469 0.437907 0.486943 0.435222 0.491292 0.423093 0.490797 0.411657 0.492411 0.413231 0.492854 0.423977 0.493833 0.424403 0.492297 0.430778 0.494375 0.429704 0.496273 0.427991 0.498232 0.425528 0.500409 0.414630 0.491982 0.395236 0.492190 0.393153 0.492893 0.393199 0.501174 0.412690 0.501565 0.411347 0.504195 0.412829 0.503138 0.420968 0.505430 0.418144 0.508268 0.414301 0.512148 0.408236 0.514883 0.408514 0.516706 0.392079 0.516458 0.385787 0.494591 0.382565 0.493602 0.384000
7 0.514214 0.412644 0.511953 0.430380 0.511198 0.434829 0.510076 0.442810 0.509529 0.447028 0.508906 0.452875 0.508302 0.457694 0.507852 0.460481 0.506917 0.464713 0.506471 0.469333 0.504049 0.471833 0.501943 0.478130 0.504961 0.480676 0.504961 0.482616 0.496104 0.482250 0.495430 0.479935 0.494544 0.479704 0.494128 0.478222 0.492826 0.478454 0.492253 0.479560 0.491729 0.479083 0.492044 0.475569 0.495638 0.476542 0.499333 0.474181 0.499047 0.472838 0.498161 0.473023 0.495661 0.474968 0.492279 0.473810 0.492878 0.470338 0.494102 0.470292 0.499672 0.461630 0.499961 0.456681 0.499805 0.452972 0.498424 0.447097 0.496602 0.446769 0.497852 0.438116 0.499828 0.429875 0.503477 0.427352 0.508687 0.420440 0.513117 0.413102
7 0.490432 0.437523 0.493089 0.436134 0.496812 0.432847 0.493974 0.448634 0.489643 0.454870 0.488227 0.458509 0.486208 0.461028 0.484430 0.453690
7 0.588792 0.482838 0.593831 0.480597 0.616359 0.510083 0.616826 0.505917 0.616258 0.501338 0.615057 0.497449 0.616128 0.496569 0.621177 0.514620 0.598526 0.504134 0.587839 0.494926 0.586984 0.489995 0.591307 0.495778 0.592557 0.494856 0.592297 0.492778 0.588367 0.488602 0.587896 0.486519 0.589539 0.484954
7 0.589099 0.499986 0.622143 0.528111 0.622844 0.524713 0.608339 0.512412 0.622422 0.518917 0.625805 0.531005 0.626956 0.538005 0.630023 0.546685 0.636927 0.573935 0.634518 0.573875 0.635755 0.592667 0.610602 0.562963 0.610987 0.560505 0.607432 0.555361 0.605969 0.551023 0.603875 0.551764 0.603310 0.553190 0.598055 0.542347 0.598508 0.540856 0.593799 0.525921 0.609628 0.542407 0.610604 0.540981 0.610396 0.538315 0.592964 0.520528 0.592581 0.516440
7 0.610367 0.567657 0.619563 0.586741 0.626089 0.590931 0.625807 0.592782 0.624521 0.592782 0.622203 0.591278 0.624453 0.596296 0.632505 0.593667
7 0.634219 0.625139 0.636672 0.630273 0.637484 0.651486 0.635143 0.651514 0.632510 0.649708 0.633578 0.648690 0.633266 0.646282 0.631182 0.642486 0.629724 0.636884 0.628995 0.629708
7 0.644914 0.609796 0.639141 0.613843 0.639797 0.630111 0.651000 0.654088 0.650393 0.655667 0.660708 0.658861 0.649208 0.622097
7 0.662161 0.664074 0.646484 0.658750 0.646146 0.660028 0.646354 0.662333 0.646094 0.663843 0.668711 0.686282
7 0.642734 0.681667 0.643648 0.736537 0.646232 0.734028 0.669063 0.709431
7 0.625484 0.707736 0.634622 0.740153 0.635872 0.740222 0.637620 0.742819 0.641628 0.739167 0.640271 0.684963 0.638039 0.684264 0.636685 0.681477 0.635508 0.681694 0.631794 0.691931 0.629555 0.694620 0.626039 0.701282
7 0.617448 0.683009 0.623865 0.703329 0.624125 0.700227 0.625609 0.698792 0.628214 0.692449 0.630115 0.691523 0.632901 0.687218 0.633109 0.681523 0.633510 0.678421 0.635151 0.677954 0.634526 0.676519 0.634995 0.674852 0.634396 0.673787 0.632102 0.671565 0.630070 0.669769 0.626271 0.669352 0.625099 0.670694 0.624109 0.674907 0.624292 0.677824 0.623198 0.680417 0.620203 0.680606
7 0.596617 0.688440 0.601513 0.683481 0.607294 0.694644 0.614974 0.737606 0.595930 0.719231 0.596208 0.707097 0.598057 0.702838 0.598057 0.700153 0.597562 0.698208 0.596599 0.698440
7 0.617794 0.791472 0.619570 0.797472 0.621107 0.803685 0.622312 0.812954 0.626844 0.816917 0.631219 0.822792 0.635909 0.817843 0.631557 0.806356 0.629792 0.802315 0.627052 0.794315 0.621659 0.786815
7 0.604117 0.805824 0.615206 0.793769 0.617318 0.799287 0.620432 0.811394 0.620354 0.814866 0.621346 0.816898 0.629469 0.825144 0.617987 0.837551 0.616552 0.834259 0.611216 0.840370 0.612385 0.843894 0.600518 0.858509 0.594510 0.842477 0.600242 0.820245
7 0.657708 0.897727 0.662344 0.929028 0.675786 0.936722 0.663073 0.891245
7 0.662245 0.932676 0.667409 0.966014 0.678411 0.963009 0.677872 0.951926 0.677359 0.944157 0.675852 0.940565
7 0.641477 0.929394 0.654367 0.924718 0.663570 0.966551 0.656492 0.966366 0.654924 0.962213 0.654716 0.959056 0.653844 0.957690 0.652693 0.957440 0.650286 0.960227 0.649208 0.963394 0.649328 0.965551 0.642427 0.966060 0.641307 0.964671 0.638966 0.960537 0.629924 0.939491 0.630237 0.937361 0.633437 0.934120 0.637031 0.935185 0.640391 0.933056
7 0.662245 0.932676 0.667409 0.966014 0.666224 0.966111 0.658880 0.931620
7 0.666854 0.783361 0.669747 0.781810 0.677708 0.783472 0.682708 0.783056 0.688984 0.819630 0.695677 0.860463 0.686458 0.846759 0.677958 0.835991 0.676633 0.828259 0.677987 0.827148 0.678065 0.824185 0.676555 0.820713 0.675771 0.818120 0.674003 0.818444 0.671260 0.801176 0.672948 0.798019 0.672857 0.795713 0.671859 0.793731 0.670417 0.792713 0.669302 0.792875 0.668398 0.788912
7 0.665336 0.850662 0.671031 0.870491 0.680047 0.891940 0.691716 0.919241 0.705484 0.950769 0.711831 0.965454 0.708625 0.941440 0.701125 0.892546 0.670414 0.845255
7 0.675091 0.885102 0.689185 0.936463 0.698922 0.971500 0.706622 0.999894 0.713401 1.000000 0.716216 1.000000 0.713156 0.975519 0.690932 0.923958
7 0.672016 0.990583 0.691245 0.991819 0.693229 1.000000 0.684565 1.000000 0.673763 1.000000
8 0.448750 0.607616 0.430500 0.596500 0.429802 0.597824 0.429987 0.599981 0.450711 0.611431
8 0.474687 0.564551 0.474557 0.568579 0.474271 0.573162 0.475208 0.590569 0.475833 0.595708 0.487448 0.611403 0.492578 0.618255 0.492734 0.615384 0.488776 0.609782 0.479635 0.597375 0.477266 0.593162 0.476198 0.574181 0.475781 0.568394 0.475911 0.564782
8 0.447341 0.551037 0.449198 0.556843 0.451979 0.567889 0.455813 0.579324 0.459185 0.585968 0.461628 0.585537 0.456534 0.575838 0.454094 0.568444 0.450117 0.553773 0.449091 0.551736
8 0.534206 0.672236 0.547055 0.683657 0.550820 0.687620 0.553865 0.689764 0.556125 0.691856 0.561005 0.695657 0.564349 0.698389 0.569320 0.701657 0.576281 0.704926 0.579115 0.708190 0.567604 0.703264 0.557690 0.695819 0.552901 0.691801 0.548260 0.687944 0.541479 0.681889 0.532591 0.675088 0.530271 0.672194
7 0.653398 0.862181 0.640414 0.877157 0.638758 0.887653 0.639141 0.894157 0.636177 0.897940 0.635411 0.902338 0.634281 0.903199 0.631919 0.910981 0.631440 0.915324 0.631081 0.923306 0.630323 0.924588 0.630776 0.929736 0.652708 0.903704 0.663750 0.890449 0.663628 0.888514
8 0.495677 0.764676 0.503044 0.758861 0.503904 0.758722 0.504164 0.757611 0.505518 0.755852 0.514242 0.748491 0.517237 0.748537 0.517211 0.750852 0.515805 0.751593 0.510336 0.755250 0.506404 0.758444 0.496378 0.766778
8 0.658018 0.927657 0.661482 0.928583 0.662344 0.929028 0.675786 0.936722 0.678534 0.941606 0.679018 0.946310 0.680044 0.962727 0.678411 0.963009 0.677872 0.951926 0.677359 0.944157 0.675852 0.940565 0.662245 0.932676 0.658880 0.931620
8 0.652708 0.903704 0.657263 0.923630 0.658018 0.927657 0.658880 0.931620 0.666224 0.966111 0.672016 0.990583 0.673763 1.000000 0.673763 1.000000 0.673763 1.000000 0.670695 1.000000 0.668372 0.990444 0.663570 0.966551 0.654367 0.924718 0.651917 0.913778 0.651042 0.905833
8 0.453872 0.844194 0.457883 0.856963 0.458964 0.863097 0.460286 0.865394 0.464932 0.881083 0.470073 0.897606 0.468846 0.903069 0.464943 0.890889 0.460018 0.874458 0.456826 0.864815 0.452164 0.848046 0.450070 0.840370 0.449771 0.837315 0.448685 0.831106 0.450495 0.830681 0.451216 0.836676 0.452211 0.840856
8 0.575026 0.652037 0.576901 0.652963 0.579375 0.654167 0.587214 0.658657 0.589714 0.660741 0.589766 0.661898 0.591354 0.662963 0.592526 0.663194 0.594818 0.664861 0.598333 0.667222 0.602839 0.672315 0.602891 0.674398 0.602031 0.674769 0.601302 0.673519 0.594844 0.667315 0.587188 0.661759 0.581797 0.658750 0.576042 0.655509 0.572344 0.654213
8 0.560018 0.631917 0.563190 0.623361 0.565104 0.619208 0.567786 0.614074 0.568701 0.611944 0.572628 0.603472 0.573956 0.600556 0.575599 0.597917 0.576693 0.597870 0.576927 0.599491 0.574737 0.603380 0.573070 0.607454 0.568701 0.616481 0.565781 0.621944 0.563883 0.626852 0.563906 0.628333 0.561172 0.634213
8 0.461268 0.443106 0.459385 0.445208 0.458583 0.447199 0.457083 0.460639 0.456422 0.466037 0.456143 0.474463 0.455997 0.480491 0.456031 0.486505 0.454036 0.485634 0.454560 0.464935 0.455781 0.456880 0.457419 0.448079 0.459581 0.441940 0.460591 0.442190
8 0.453937 0.489653 0.453372 0.510162 0.452323 0.527444 0.452065 0.540431 0.452013 0.545986 0.452190 0.552167 0.453779 0.564208 0.454094 0.568444 0.455263 0.571889 0.455263 0.564343 0.454404 0.556801 0.453641 0.551157 0.453990 0.537648 0.454375 0.528222 0.454482 0.522028 0.455315 0.512231 0.455263 0.509551 0.455797 0.491005
